Timer (generate): 1ms real	0ms user	0ms sys
[ 0 0 0 0 0 0 0 0 0 0 ]
[ 0 0 0 0 0 0 0 0 0 1 ]
[ 0 0 0 0 0 0 0 0 1 1 ]
[ 0 0 0 0 0 0 0 1 1 1 ]
[ 0 0 0 0 0 0 1 1 1 1 ]
[ 0 0 0 0 0 1 1 1 1 1 ]
[ 0 0 0 0 1 1 1 1 1 1 ]
[ 0 0 0 1 1 1 1 1 1 1 ]
[ 0 0 1 1 1 1 1 1 1 1 ]
[ 0 1 1 1 1 1 1 1 1 1 ]
[ 1 1 1 1 1 1 1 1 1 1 ]
[ 1 1 1 1 1 1 1 1 1 2 ]
[ 1 1 1 1 1 1 1 1 2 2 ]
[ 1 1 1 1 1 1 1 2 2 2 ]
[ 1 1 1 1 1 1 2 2 2 2 ]
[ 1 1 1 1 1 2 2 2 2 2 ]
[ 1 1 1 1 2 2 2 2 2 2 ]
[ 1 1 1 2 2 2 2 2 2 2 ]
[ 1 1 2 2 2 2 2 2 2 2 ]
[ 1 2 2 2 2 2 2 2 2 2 ]

Timer (sort): 0ms real	0ms user	0ms sys
The output is sorted!
[ 0 0 0 0 0 0 0 0 0 0 ]
[ 0 0 0 0 0 0 0 0 0 1 ]
[ 0 0 0 0 0 0 0 0 1 1 ]
[ 0 0 0 0 0 0 0 1 1 1 ]
[ 0 0 0 0 0 0 1 1 1 1 ]
[ 0 0 0 0 0 1 1 1 1 1 ]
[ 0 0 0 0 1 1 1 1 1 1 ]
[ 0 0 0 1 1 1 1 1 1 1 ]
[ 0 0 1 1 1 1 1 1 1 1 ]
[ 0 1 1 1 1 1 1 1 1 1 ]
[ 1 1 1 1 1 1 1 1 1 1 ]
[ 1 1 1 1 1 1 1 1 1 2 ]
[ 1 1 1 1 1 1 1 1 2 2 ]
[ 1 1 1 1 1 1 1 2 2 2 ]
[ 1 1 1 1 1 1 2 2 2 2 ]
[ 1 1 1 1 1 2 2 2 2 2 ]
[ 1 1 1 1 2 2 2 2 2 2 ]
[ 1 1 1 2 2 2 2 2 2 2 ]
[ 1 1 2 2 2 2 2 2 2 2 ]
[ 1 2 2 2 2 2 2 2 2 2 ]

Timer (generate): 0ms real	0ms user	0ms sys
[ 0 0 0 0 0 0 0 0 0 0 ]
[ 0 0 0 0 0 0 0 0 0 1 ]
[ 0 0 0 0 0 0 0 0 1 1 ]
[ 0 0 0 0 0 0 0 1 1 1 ]
[ 0 0 0 0 0 0 1 1 1 1 ]
[ 0 0 0 0 0 1 1 1 1 1 ]
[ 0 0 0 0 1 1 1 1 1 1 ]
[ 0 0 0 1 1 1 1 1 1 1 ]
[ 0 0 1 1 1 1 1 1 1 1 ]
[ 0 1 1 1 1 1 1 1 1 1 ]
[ 1 1 1 1 1 1 1 1 1 1 ]
[ 1 1 1 1 1 1 1 1 1 2 ]
[ 1 1 1 1 1 1 1 1 2 2 ]
[ 1 1 1 1 1 1 1 2 2 2 ]
[ 1 1 1 1 1 1 2 2 2 2 ]
[ 1 1 1 1 1 2 2 2 2 2 ]
[ 1 1 1 1 2 2 2 2 2 2 ]
[ 1 1 1 2 2 2 2 2 2 2 ]
[ 1 1 2 2 2 2 2 2 2 2 ]
[ 1 2 2 2 2 2 2 2 2 2 ]

Timer (sort): 0ms real	0ms user	0ms sys
The output is sorted!
[ 0 0 0 0 0 0 0 0 0 0 ]
[ 0 0 0 0 0 0 0 0 0 1 ]
[ 0 0 0 0 0 0 0 0 1 1 ]
[ 0 0 0 0 0 0 0 1 1 1 ]
[ 0 0 0 0 0 0 1 1 1 1 ]
[ 0 0 0 0 0 1 1 1 1 1 ]
[ 0 0 0 0 1 1 1 1 1 1 ]
[ 0 0 0 1 1 1 1 1 1 1 ]
[ 0 0 1 1 1 1 1 1 1 1 ]
[ 0 1 1 1 1 1 1 1 1 1 ]
[ 1 1 1 1 1 1 1 1 1 1 ]
[ 1 1 1 1 1 1 1 1 1 2 ]
[ 1 1 1 1 1 1 1 1 2 2 ]
[ 1 1 1 1 1 1 1 2 2 2 ]
[ 1 1 1 1 1 1 2 2 2 2 ]
[ 1 1 1 1 1 2 2 2 2 2 ]
[ 1 1 1 1 2 2 2 2 2 2 ]
[ 1 1 1 2 2 2 2 2 2 2 ]
[ 1 1 2 2 2 2 2 2 2 2 ]
[ 1 2 2 2 2 2 2 2 2 2 ]

Timer (generate): 1ms real	0ms user	0ms sys
[ 0 0 0 0 0 0 0 0 0 0 ]
[ 0 0 0 0 0 0 0 0 0 1 ]
[ 0 0 0 0 0 0 0 0 1 1 ]
[ 0 0 0 0 0 0 0 1 1 1 ]
[ 0 0 0 0 0 0 1 1 1 1 ]
[ 0 0 0 0 0 1 1 1 1 1 ]
[ 0 0 0 0 1 1 1 1 1 1 ]
[ 0 0 0 1 1 1 1 1 1 1 ]
[ 0 0 1 1 1 1 1 1 1 1 ]
[ 0 1 1 1 1 1 1 1 1 1 ]
[ 1 1 1 1 1 1 1 1 1 1 ]
[ 1 1 1 1 1 1 1 1 1 2 ]
[ 1 1 1 1 1 1 1 1 2 2 ]
[ 1 1 1 1 1 1 1 2 2 2 ]
[ 1 1 1 1 1 1 2 2 2 2 ]
[ 1 1 1 1 1 2 2 2 2 2 ]
[ 1 1 1 1 2 2 2 2 2 2 ]
[ 1 1 1 2 2 2 2 2 2 2 ]
[ 1 1 2 2 2 2 2 2 2 2 ]
[ 1 2 2 2 2 2 2 2 2 2 ]

Timer (sort): 1ms real	0ms user	0ms sys
The output is sorted!
[ 0 0 0 0 0 0 0 0 0 0 ]
[ 0 0 0 0 0 0 0 0 0 1 ]
[ 0 0 0 0 0 0 0 0 1 1 ]
[ 0 0 0 0 0 0 0 1 1 1 ]
[ 0 0 0 0 0 0 1 1 1 1 ]
[ 0 0 0 0 0 1 1 1 1 1 ]
[ 0 0 0 0 1 1 1 1 1 1 ]
[ 0 0 0 1 1 1 1 1 1 1 ]
[ 0 0 1 1 1 1 1 1 1 1 ]
[ 0 1 1 1 1 1 1 1 1 1 ]
[ 1 1 1 1 1 1 1 1 1 1 ]
[ 1 1 1 1 1 1 1 1 1 2 ]
[ 1 1 1 1 1 1 1 1 2 2 ]
[ 1 1 1 1 1 1 1 2 2 2 ]
[ 1 1 1 1 1 1 2 2 2 2 ]
[ 1 1 1 1 1 2 2 2 2 2 ]
[ 1 1 1 1 2 2 2 2 2 2 ]
[ 1 1 1 2 2 2 2 2 2 2 ]
[ 1 1 2 2 2 2 2 2 2 2 ]
[ 1 2 2 2 2 2 2 2 2 2 ]

Timer (generate): 0ms real	0ms user	0ms sys
[ 0 0 0 0 0 0 0 0 0 0 ]
[ 0 0 0 0 0 0 0 0 0 1 ]
[ 0 0 0 0 0 0 0 0 1 1 ]
[ 0 0 0 0 0 0 0 1 1 1 ]
[ 0 0 0 0 0 0 1 1 1 1 ]
[ 0 0 0 0 0 1 1 1 1 1 ]
[ 0 0 0 0 1 1 1 1 1 1 ]
[ 0 0 0 1 1 1 1 1 1 1 ]
[ 0 0 1 1 1 1 1 1 1 1 ]
[ 0 1 1 1 1 1 1 1 1 1 ]
[ 1 1 1 1 1 1 1 1 1 1 ]
[ 1 1 1 1 1 1 1 1 1 2 ]
[ 1 1 1 1 1 1 1 1 2 2 ]
[ 1 1 1 1 1 1 1 2 2 2 ]
[ 1 1 1 1 1 1 2 2 2 2 ]
[ 1 1 1 1 1 2 2 2 2 2 ]
[ 1 1 1 1 2 2 2 2 2 2 ]
[ 1 1 1 2 2 2 2 2 2 2 ]
[ 1 1 2 2 2 2 2 2 2 2 ]
[ 1 2 2 2 2 2 2 2 2 2 ]

Timer (sort): 0ms real	0ms user	0ms sys
The output is sorted!
[ 0 0 0 0 0 0 0 0 0 0 ]
[ 0 0 0 0 0 0 0 0 0 1 ]
[ 0 0 0 0 0 0 0 0 1 1 ]
[ 0 0 0 0 0 0 0 1 1 1 ]
[ 0 0 0 0 0 0 1 1 1 1 ]
[ 0 0 0 0 0 1 1 1 1 1 ]
[ 0 0 0 0 1 1 1 1 1 1 ]
[ 0 0 0 1 1 1 1 1 1 1 ]
[ 0 0 1 1 1 1 1 1 1 1 ]
[ 0 1 1 1 1 1 1 1 1 1 ]
[ 1 1 1 1 1 1 1 1 1 1 ]
[ 1 1 1 1 1 1 1 1 1 2 ]
[ 1 1 1 1 1 1 1 1 2 2 ]
[ 1 1 1 1 1 1 1 2 2 2 ]
[ 1 1 1 1 1 1 2 2 2 2 ]
[ 1 1 1 1 1 2 2 2 2 2 ]
[ 1 1 1 1 2 2 2 2 2 2 ]
[ 1 1 1 2 2 2 2 2 2 2 ]
[ 1 1 2 2 2 2 2 2 2 2 ]
[ 1 2 2 2 2 2 2 2 2 2 ]

Timer (generate): 0ms real	0ms user	0ms sys
[ 0 0 0 0 0 0 0 0 0 0 ]
[ 0 0 0 0 0 0 0 0 0 1 ]
[ 0 0 0 0 0 0 0 0 1 1 ]
[ 0 0 0 0 0 0 0 1 1 1 ]
[ 0 0 0 0 0 0 1 1 1 1 ]
[ 0 0 0 0 0 1 1 1 1 1 ]
[ 0 0 0 0 1 1 1 1 1 1 ]
[ 0 0 0 1 1 1 1 1 1 1 ]
[ 0 0 1 1 1 1 1 1 1 1 ]
[ 0 1 1 1 1 1 1 1 1 1 ]
[ 1 1 1 1 1 1 1 1 1 1 ]
[ 1 1 1 1 1 1 1 1 1 2 ]
[ 1 1 1 1 1 1 1 1 2 2 ]
[ 1 1 1 1 1 1 1 2 2 2 ]
[ 1 1 1 1 1 1 2 2 2 2 ]
[ 1 1 1 1 1 2 2 2 2 2 ]
[ 1 1 1 1 2 2 2 2 2 2 ]
[ 1 1 1 2 2 2 2 2 2 2 ]
[ 1 1 2 2 2 2 2 2 2 2 ]
[ 1 2 2 2 2 2 2 2 2 2 ]

Timer (sort): 0ms real	0ms user	0ms sys
The output is sorted!
[ 0 0 0 0 0 0 0 0 0 0 ]
[ 0 0 0 0 0 0 0 0 0 1 ]
[ 0 0 0 0 0 0 0 0 1 1 ]
[ 0 0 0 0 0 0 0 1 1 1 ]
[ 0 0 0 0 0 0 1 1 1 1 ]
[ 0 0 0 0 0 1 1 1 1 1 ]
[ 0 0 0 0 1 1 1 1 1 1 ]
[ 0 0 0 1 1 1 1 1 1 1 ]
[ 0 0 1 1 1 1 1 1 1 1 ]
[ 0 1 1 1 1 1 1 1 1 1 ]
[ 1 1 1 1 1 1 1 1 1 1 ]
[ 1 1 1 1 1 1 1 1 1 2 ]
[ 1 1 1 1 1 1 1 1 2 2 ]
[ 1 1 1 1 1 1 1 2 2 2 ]
[ 1 1 1 1 1 1 2 2 2 2 ]
[ 1 1 1 1 1 2 2 2 2 2 ]
[ 1 1 1 1 2 2 2 2 2 2 ]
[ 1 1 1 2 2 2 2 2 2 2 ]
[ 1 1 2 2 2 2 2 2 2 2 ]
[ 1 2 2 2 2 2 2 2 2 2 ]

Timer (generate): 0ms real	0ms user	0ms sys
[ 0 0 0 0 0 0 0 0 0 0 ]
[ 0 0 0 0 0 0 0 0 0 1 ]
[ 0 0 0 0 0 0 0 0 1 1 ]
[ 0 0 0 0 0 0 0 1 1 1 ]
[ 0 0 0 0 0 0 1 1 1 1 ]
[ 0 0 0 0 0 1 1 1 1 1 ]
[ 0 0 0 0 1 1 1 1 1 1 ]
[ 0 0 0 1 1 1 1 1 1 1 ]
[ 0 0 1 1 1 1 1 1 1 1 ]
[ 0 1 1 1 1 1 1 1 1 1 ]
[ 1 1 1 1 1 1 1 1 1 1 ]
[ 1 1 1 1 1 1 1 1 1 2 ]
[ 1 1 1 1 1 1 1 1 2 2 ]
[ 1 1 1 1 1 1 1 2 2 2 ]
[ 1 1 1 1 1 1 2 2 2 2 ]
[ 1 1 1 1 1 2 2 2 2 2 ]
[ 1 1 1 1 2 2 2 2 2 2 ]
[ 1 1 1 2 2 2 2 2 2 2 ]
[ 1 1 2 2 2 2 2 2 2 2 ]
[ 1 2 2 2 2 2 2 2 2 2 ]

Timer (sort): 0ms real	0ms user	0ms sys
The output is sorted!
[ 0 0 0 0 0 0 0 0 0 0 ]
[ 0 0 0 0 0 0 0 0 0 1 ]
[ 0 0 0 0 0 0 0 0 1 1 ]
[ 0 0 0 0 0 0 0 1 1 1 ]
[ 0 0 0 0 0 0 1 1 1 1 ]
[ 0 0 0 0 0 1 1 1 1 1 ]
[ 0 0 0 0 1 1 1 1 1 1 ]
[ 0 0 0 1 1 1 1 1 1 1 ]
[ 0 0 1 1 1 1 1 1 1 1 ]
[ 0 1 1 1 1 1 1 1 1 1 ]
[ 1 1 1 1 1 1 1 1 1 1 ]
[ 1 1 1 1 1 1 1 1 1 2 ]
[ 1 1 1 1 1 1 1 1 2 2 ]
[ 1 1 1 1 1 1 1 2 2 2 ]
[ 1 1 1 1 1 1 2 2 2 2 ]
[ 1 1 1 1 1 2 2 2 2 2 ]
[ 1 1 1 1 2 2 2 2 2 2 ]
[ 1 1 1 2 2 2 2 2 2 2 ]
[ 1 1 2 2 2 2 2 2 2 2 ]
[ 1 2 2 2 2 2 2 2 2 2 ]

Timer (generate): 1ms real	0ms user	0ms sys
[ 0 0 0 0 0 0 0 0 0 0 ]
[ 0 0 0 0 0 0 0 0 0 1 ]
[ 0 0 0 0 0 0 0 0 1 1 ]
[ 0 0 0 0 0 0 0 1 1 1 ]
[ 0 0 0 0 0 0 1 1 1 1 ]
[ 0 0 0 0 0 1 1 1 1 1 ]
[ 0 0 0 0 1 1 1 1 1 1 ]
[ 0 0 0 1 1 1 1 1 1 1 ]
[ 0 0 1 1 1 1 1 1 1 1 ]
[ 0 1 1 1 1 1 1 1 1 1 ]
[ 1 1 1 1 1 1 1 1 1 1 ]
[ 1 1 1 1 1 1 1 1 1 2 ]
[ 1 1 1 1 1 1 1 1 2 2 ]
[ 1 1 1 1 1 1 1 2 2 2 ]
[ 1 1 1 1 1 1 2 2 2 2 ]
[ 1 1 1 1 1 2 2 2 2 2 ]
[ 1 1 1 1 2 2 2 2 2 2 ]
[ 1 1 1 2 2 2 2 2 2 2 ]
[ 1 1 2 2 2 2 2 2 2 2 ]
[ 1 2 2 2 2 2 2 2 2 2 ]

Timer (sort): 0ms real	0ms user	0ms sys
The output is sorted!
[ 0 0 0 0 0 0 0 0 0 0 ]
[ 0 0 0 0 0 0 0 0 0 1 ]
[ 0 0 0 0 0 0 0 0 1 1 ]
[ 0 0 0 0 0 0 0 1 1 1 ]
[ 0 0 0 0 0 0 1 1 1 1 ]
[ 0 0 0 0 0 1 1 1 1 1 ]
[ 0 0 0 0 1 1 1 1 1 1 ]
[ 0 0 0 1 1 1 1 1 1 1 ]
[ 0 0 1 1 1 1 1 1 1 1 ]
[ 0 1 1 1 1 1 1 1 1 1 ]
[ 1 1 1 1 1 1 1 1 1 1 ]
[ 1 1 1 1 1 1 1 1 1 2 ]
[ 1 1 1 1 1 1 1 1 2 2 ]
[ 1 1 1 1 1 1 1 2 2 2 ]
[ 1 1 1 1 1 1 2 2 2 2 ]
[ 1 1 1 1 1 2 2 2 2 2 ]
[ 1 1 1 1 2 2 2 2 2 2 ]
[ 1 1 1 2 2 2 2 2 2 2 ]
[ 1 1 2 2 2 2 2 2 2 2 ]
[ 1 2 2 2 2 2 2 2 2 2 ]

Timer (generate): 1ms real	0ms user	0ms sys
[ 0 0 0 0 0 0 0 0 0 0 ]
[ 0 0 0 0 0 0 0 0 0 1 ]
[ 0 0 0 0 0 0 0 0 1 1 ]
[ 0 0 0 0 0 0 0 1 1 1 ]
[ 0 0 0 0 0 0 1 1 1 1 ]
[ 0 0 0 0 0 1 1 1 1 1 ]
[ 0 0 0 0 1 1 1 1 1 1 ]
[ 0 0 0 1 1 1 1 1 1 1 ]
[ 0 0 1 1 1 1 1 1 1 1 ]
[ 0 1 1 1 1 1 1 1 1 1 ]
[ 1 1 1 1 1 1 1 1 1 1 ]
[ 1 1 1 1 1 1 1 1 1 2 ]
[ 1 1 1 1 1 1 1 1 2 2 ]
[ 1 1 1 1 1 1 1 2 2 2 ]
[ 1 1 1 1 1 1 2 2 2 2 ]
[ 1 1 1 1 1 2 2 2 2 2 ]
[ 1 1 1 1 2 2 2 2 2 2 ]
[ 1 1 1 2 2 2 2 2 2 2 ]
[ 1 1 2 2 2 2 2 2 2 2 ]
[ 1 2 2 2 2 2 2 2 2 2 ]

Timer (sort): 0ms real	0ms user	0ms sys
The output is sorted!
[ 0 0 0 0 0 0 0 0 0 0 ]
[ 0 0 0 0 0 0 0 0 0 1 ]
[ 0 0 0 0 0 0 0 0 1 1 ]
[ 0 0 0 0 0 0 0 1 1 1 ]
[ 0 0 0 0 0 0 1 1 1 1 ]
[ 0 0 0 0 0 1 1 1 1 1 ]
[ 0 0 0 0 1 1 1 1 1 1 ]
[ 0 0 0 1 1 1 1 1 1 1 ]
[ 0 0 1 1 1 1 1 1 1 1 ]
[ 0 1 1 1 1 1 1 1 1 1 ]
[ 1 1 1 1 1 1 1 1 1 1 ]
[ 1 1 1 1 1 1 1 1 1 2 ]
[ 1 1 1 1 1 1 1 1 2 2 ]
[ 1 1 1 1 1 1 1 2 2 2 ]
[ 1 1 1 1 1 1 2 2 2 2 ]
[ 1 1 1 1 1 2 2 2 2 2 ]
[ 1 1 1 1 2 2 2 2 2 2 ]
[ 1 1 1 2 2 2 2 2 2 2 ]
[ 1 1 2 2 2 2 2 2 2 2 ]
[ 1 2 2 2 2 2 2 2 2 2 ]

Timer (generate): 1ms real	0ms user	0ms sys
[ 0 0 0 0 0 0 0 0 0 0 ]
[ 0 0 0 0 0 0 0 0 0 1 ]
[ 0 0 0 0 0 0 0 0 1 1 ]
[ 0 0 0 0 0 0 0 1 1 1 ]
[ 0 0 0 0 0 0 1 1 1 1 ]
[ 0 0 0 0 0 1 1 1 1 1 ]
[ 0 0 0 0 1 1 1 1 1 1 ]
[ 0 0 0 1 1 1 1 1 1 1 ]
[ 0 0 1 1 1 1 1 1 1 1 ]
[ 0 1 1 1 1 1 1 1 1 1 ]
[ 1 1 1 1 1 1 1 1 1 1 ]
[ 1 1 1 1 1 1 1 1 1 2 ]
[ 1 1 1 1 1 1 1 1 2 2 ]
[ 1 1 1 1 1 1 1 2 2 2 ]
[ 1 1 1 1 1 1 2 2 2 2 ]
[ 1 1 1 1 1 2 2 2 2 2 ]
[ 1 1 1 1 2 2 2 2 2 2 ]
[ 1 1 1 2 2 2 2 2 2 2 ]
[ 1 1 2 2 2 2 2 2 2 2 ]
[ 1 2 2 2 2 2 2 2 2 2 ]

Timer (sort): 0ms real	0ms user	0ms sys
The output is sorted!
[ 0 0 0 0 0 0 0 0 0 0 ]
[ 0 0 0 0 0 0 0 0 0 1 ]
[ 0 0 0 0 0 0 0 0 1 1 ]
[ 0 0 0 0 0 0 0 1 1 1 ]
[ 0 0 0 0 0 0 1 1 1 1 ]
[ 0 0 0 0 0 1 1 1 1 1 ]
[ 0 0 0 0 1 1 1 1 1 1 ]
[ 0 0 0 1 1 1 1 1 1 1 ]
[ 0 0 1 1 1 1 1 1 1 1 ]
[ 0 1 1 1 1 1 1 1 1 1 ]
[ 1 1 1 1 1 1 1 1 1 1 ]
[ 1 1 1 1 1 1 1 1 1 2 ]
[ 1 1 1 1 1 1 1 1 2 2 ]
[ 1 1 1 1 1 1 1 2 2 2 ]
[ 1 1 1 1 1 1 2 2 2 2 ]
[ 1 1 1 1 1 2 2 2 2 2 ]
[ 1 1 1 1 2 2 2 2 2 2 ]
[ 1 1 1 2 2 2 2 2 2 2 ]
[ 1 1 2 2 2 2 2 2 2 2 ]
[ 1 2 2 2 2 2 2 2 2 2 ]

Timer (generate): 0ms real	0ms user	0ms sys
[ 0 0 0 0 0 0 0 0 0 0 ]
[ 0 0 0 0 0 0 0 0 0 1 ]
[ 0 0 0 0 0 0 0 0 1 1 ]
[ 0 0 0 0 0 0 0 1 1 1 ]
[ 0 0 0 0 0 0 1 1 1 1 ]
[ 0 0 0 0 0 1 1 1 1 1 ]
[ 0 0 0 0 1 1 1 1 1 1 ]
[ 0 0 0 1 1 1 1 1 1 1 ]
[ 0 0 1 1 1 1 1 1 1 1 ]
[ 0 1 1 1 1 1 1 1 1 1 ]
[ 1 1 1 1 1 1 1 1 1 1 ]
[ 1 1 1 1 1 1 1 1 1 2 ]
[ 1 1 1 1 1 1 1 1 2 2 ]
[ 1 1 1 1 1 1 1 2 2 2 ]
[ 1 1 1 1 1 1 2 2 2 2 ]
[ 1 1 1 1 1 2 2 2 2 2 ]
[ 1 1 1 1 2 2 2 2 2 2 ]
[ 1 1 1 2 2 2 2 2 2 2 ]
[ 1 1 2 2 2 2 2 2 2 2 ]
[ 1 2 2 2 2 2 2 2 2 2 ]

Timer (sort): 0ms real	0ms user	0ms sys
The output is sorted!
[ 0 0 0 0 0 0 0 0 0 0 ]
[ 0 0 0 0 0 0 0 0 0 1 ]
[ 0 0 0 0 0 0 0 0 1 1 ]
[ 0 0 0 0 0 0 0 1 1 1 ]
[ 0 0 0 0 0 0 1 1 1 1 ]
[ 0 0 0 0 0 1 1 1 1 1 ]
[ 0 0 0 0 1 1 1 1 1 1 ]
[ 0 0 0 1 1 1 1 1 1 1 ]
[ 0 0 1 1 1 1 1 1 1 1 ]
[ 0 1 1 1 1 1 1 1 1 1 ]
[ 1 1 1 1 1 1 1 1 1 1 ]
[ 1 1 1 1 1 1 1 1 1 2 ]
[ 1 1 1 1 1 1 1 1 2 2 ]
[ 1 1 1 1 1 1 1 2 2 2 ]
[ 1 1 1 1 1 1 2 2 2 2 ]
[ 1 1 1 1 1 2 2 2 2 2 ]
[ 1 1 1 1 2 2 2 2 2 2 ]
[ 1 1 1 2 2 2 2 2 2 2 ]
[ 1 1 2 2 2 2 2 2 2 2 ]
[ 1 2 2 2 2 2 2 2 2 2 ]

