Timer (generate): 26ms real	20ms user	0ms sys
[ 50000 50000 50000 50000 50000 50000 50000 50000 50000 50000 ]
[ 49999 50000 50000 50000 50000 50000 50000 50000 50000 50000 ]
[ 49999 49999 50000 50000 50000 50000 50000 50000 50000 50000 ]
[ 49999 49999 49999 50000 50000 50000 50000 50000 50000 50000 ]
[ 49999 49999 49999 49999 50000 50000 50000 50000 50000 50000 ]
[ 49999 49999 49999 49999 49999 50000 50000 50000 50000 50000 ]
[ 49999 49999 49999 49999 49999 49999 50000 50000 50000 50000 ]
[ 49999 49999 49999 49999 49999 49999 49999 50000 50000 50000 ]
[ 49999 49999 49999 49999 49999 49999 49999 49999 50000 50000 ]
[ 49999 49999 49999 49999 49999 49999 49999 49999 49999 50000 ]
[ 49999 49999 49999 49999 49999 49999 49999 49999 49999 49999 ]
[ 49998 49999 49999 49999 49999 49999 49999 49999 49999 49999 ]
[ 49998 49998 49999 49999 49999 49999 49999 49999 49999 49999 ]
[ 49998 49998 49998 49999 49999 49999 49999 49999 49999 49999 ]
[ 49998 49998 49998 49998 49999 49999 49999 49999 49999 49999 ]
[ 49998 49998 49998 49998 49998 49999 49999 49999 49999 49999 ]
[ 49998 49998 49998 49998 49998 49998 49999 49999 49999 49999 ]
[ 49998 49998 49998 49998 49998 49998 49998 49999 49999 49999 ]
[ 49998 49998 49998 49998 49998 49998 49998 49998 49999 49999 ]
[ 49998 49998 49998 49998 49998 49998 49998 49998 49998 49999 ]

Timer (sort): 253921ms real	253920ms user	0ms sys
The output is sorted!
[ 0 0 0 0 0 0 0 0 0 1 ]
[ 0 0 0 0 0 0 0 0 1 1 ]
[ 0 0 0 0 0 0 0 1 1 1 ]
[ 0 0 0 0 0 0 1 1 1 1 ]
[ 0 0 0 0 0 1 1 1 1 1 ]
[ 0 0 0 0 1 1 1 1 1 1 ]
[ 0 0 0 1 1 1 1 1 1 1 ]
[ 0 0 1 1 1 1 1 1 1 1 ]
[ 0 1 1 1 1 1 1 1 1 1 ]
[ 1 1 1 1 1 1 1 1 1 1 ]
[ 1 1 1 1 1 1 1 1 1 2 ]
[ 1 1 1 1 1 1 1 1 2 2 ]
[ 1 1 1 1 1 1 1 2 2 2 ]
[ 1 1 1 1 1 1 2 2 2 2 ]
[ 1 1 1 1 1 2 2 2 2 2 ]
[ 1 1 1 1 2 2 2 2 2 2 ]
[ 1 1 1 2 2 2 2 2 2 2 ]
[ 1 1 2 2 2 2 2 2 2 2 ]
[ 1 2 2 2 2 2 2 2 2 2 ]
[ 2 2 2 2 2 2 2 2 2 2 ]

Timer (generate): 23ms real	10ms user	0ms sys
[ 50000 50000 50000 50000 50000 50000 50000 50000 50000 50000 ]
[ 49999 50000 50000 50000 50000 50000 50000 50000 50000 50000 ]
[ 49999 49999 50000 50000 50000 50000 50000 50000 50000 50000 ]
[ 49999 49999 49999 50000 50000 50000 50000 50000 50000 50000 ]
[ 49999 49999 49999 49999 50000 50000 50000 50000 50000 50000 ]
[ 49999 49999 49999 49999 49999 50000 50000 50000 50000 50000 ]
[ 49999 49999 49999 49999 49999 49999 50000 50000 50000 50000 ]
[ 49999 49999 49999 49999 49999 49999 49999 50000 50000 50000 ]
[ 49999 49999 49999 49999 49999 49999 49999 49999 50000 50000 ]
[ 49999 49999 49999 49999 49999 49999 49999 49999 49999 50000 ]
[ 49999 49999 49999 49999 49999 49999 49999 49999 49999 49999 ]
[ 49998 49999 49999 49999 49999 49999 49999 49999 49999 49999 ]
[ 49998 49998 49999 49999 49999 49999 49999 49999 49999 49999 ]
[ 49998 49998 49998 49999 49999 49999 49999 49999 49999 49999 ]
[ 49998 49998 49998 49998 49999 49999 49999 49999 49999 49999 ]
[ 49998 49998 49998 49998 49998 49999 49999 49999 49999 49999 ]
[ 49998 49998 49998 49998 49998 49998 49999 49999 49999 49999 ]
[ 49998 49998 49998 49998 49998 49998 49998 49999 49999 49999 ]
[ 49998 49998 49998 49998 49998 49998 49998 49998 49999 49999 ]
[ 49998 49998 49998 49998 49998 49998 49998 49998 49998 49999 ]

Timer (sort): 261972ms real	261970ms user	0ms sys
The output is sorted!
[ 0 0 0 0 0 0 0 0 0 1 ]
[ 0 0 0 0 0 0 0 0 1 1 ]
[ 0 0 0 0 0 0 0 1 1 1 ]
[ 0 0 0 0 0 0 1 1 1 1 ]
[ 0 0 0 0 0 1 1 1 1 1 ]
[ 0 0 0 0 1 1 1 1 1 1 ]
[ 0 0 0 1 1 1 1 1 1 1 ]
[ 0 0 1 1 1 1 1 1 1 1 ]
[ 0 1 1 1 1 1 1 1 1 1 ]
[ 1 1 1 1 1 1 1 1 1 1 ]
[ 1 1 1 1 1 1 1 1 1 2 ]
[ 1 1 1 1 1 1 1 1 2 2 ]
[ 1 1 1 1 1 1 1 2 2 2 ]
[ 1 1 1 1 1 1 2 2 2 2 ]
[ 1 1 1 1 1 2 2 2 2 2 ]
[ 1 1 1 1 2 2 2 2 2 2 ]
[ 1 1 1 2 2 2 2 2 2 2 ]
[ 1 1 2 2 2 2 2 2 2 2 ]
[ 1 2 2 2 2 2 2 2 2 2 ]
[ 2 2 2 2 2 2 2 2 2 2 ]

Timer (generate): 24ms real	20ms user	0ms sys
[ 50000 50000 50000 50000 50000 50000 50000 50000 50000 50000 ]
[ 49999 50000 50000 50000 50000 50000 50000 50000 50000 50000 ]
[ 49999 49999 50000 50000 50000 50000 50000 50000 50000 50000 ]
[ 49999 49999 49999 50000 50000 50000 50000 50000 50000 50000 ]
[ 49999 49999 49999 49999 50000 50000 50000 50000 50000 50000 ]
[ 49999 49999 49999 49999 49999 50000 50000 50000 50000 50000 ]
[ 49999 49999 49999 49999 49999 49999 50000 50000 50000 50000 ]
[ 49999 49999 49999 49999 49999 49999 49999 50000 50000 50000 ]
[ 49999 49999 49999 49999 49999 49999 49999 49999 50000 50000 ]
[ 49999 49999 49999 49999 49999 49999 49999 49999 49999 50000 ]
[ 49999 49999 49999 49999 49999 49999 49999 49999 49999 49999 ]
[ 49998 49999 49999 49999 49999 49999 49999 49999 49999 49999 ]
[ 49998 49998 49999 49999 49999 49999 49999 49999 49999 49999 ]
[ 49998 49998 49998 49999 49999 49999 49999 49999 49999 49999 ]
[ 49998 49998 49998 49998 49999 49999 49999 49999 49999 49999 ]
[ 49998 49998 49998 49998 49998 49999 49999 49999 49999 49999 ]
[ 49998 49998 49998 49998 49998 49998 49999 49999 49999 49999 ]
[ 49998 49998 49998 49998 49998 49998 49998 49999 49999 49999 ]
[ 49998 49998 49998 49998 49998 49998 49998 49998 49999 49999 ]
[ 49998 49998 49998 49998 49998 49998 49998 49998 49998 49999 ]

Timer (sort): 257963ms real	257960ms user	0ms sys
The output is sorted!
[ 0 0 0 0 0 0 0 0 0 1 ]
[ 0 0 0 0 0 0 0 0 1 1 ]
[ 0 0 0 0 0 0 0 1 1 1 ]
[ 0 0 0 0 0 0 1 1 1 1 ]
[ 0 0 0 0 0 1 1 1 1 1 ]
[ 0 0 0 0 1 1 1 1 1 1 ]
[ 0 0 0 1 1 1 1 1 1 1 ]
[ 0 0 1 1 1 1 1 1 1 1 ]
[ 0 1 1 1 1 1 1 1 1 1 ]
[ 1 1 1 1 1 1 1 1 1 1 ]
[ 1 1 1 1 1 1 1 1 1 2 ]
[ 1 1 1 1 1 1 1 1 2 2 ]
[ 1 1 1 1 1 1 1 2 2 2 ]
[ 1 1 1 1 1 1 2 2 2 2 ]
[ 1 1 1 1 1 2 2 2 2 2 ]
[ 1 1 1 1 2 2 2 2 2 2 ]
[ 1 1 1 2 2 2 2 2 2 2 ]
[ 1 1 2 2 2 2 2 2 2 2 ]
[ 1 2 2 2 2 2 2 2 2 2 ]
[ 2 2 2 2 2 2 2 2 2 2 ]

Timer (generate): 21ms real	20ms user	0ms sys
[ 50000 50000 50000 50000 50000 50000 50000 50000 50000 50000 ]
[ 49999 50000 50000 50000 50000 50000 50000 50000 50000 50000 ]
[ 49999 49999 50000 50000 50000 50000 50000 50000 50000 50000 ]
[ 49999 49999 49999 50000 50000 50000 50000 50000 50000 50000 ]
[ 49999 49999 49999 49999 50000 50000 50000 50000 50000 50000 ]
[ 49999 49999 49999 49999 49999 50000 50000 50000 50000 50000 ]
[ 49999 49999 49999 49999 49999 49999 50000 50000 50000 50000 ]
[ 49999 49999 49999 49999 49999 49999 49999 50000 50000 50000 ]
[ 49999 49999 49999 49999 49999 49999 49999 49999 50000 50000 ]
[ 49999 49999 49999 49999 49999 49999 49999 49999 49999 50000 ]
[ 49999 49999 49999 49999 49999 49999 49999 49999 49999 49999 ]
[ 49998 49999 49999 49999 49999 49999 49999 49999 49999 49999 ]
[ 49998 49998 49999 49999 49999 49999 49999 49999 49999 49999 ]
[ 49998 49998 49998 49999 49999 49999 49999 49999 49999 49999 ]
[ 49998 49998 49998 49998 49999 49999 49999 49999 49999 49999 ]
[ 49998 49998 49998 49998 49998 49999 49999 49999 49999 49999 ]
[ 49998 49998 49998 49998 49998 49998 49999 49999 49999 49999 ]
[ 49998 49998 49998 49998 49998 49998 49998 49999 49999 49999 ]
[ 49998 49998 49998 49998 49998 49998 49998 49998 49999 49999 ]
[ 49998 49998 49998 49998 49998 49998 49998 49998 49998 49999 ]

Timer (sort): 265788ms real	265790ms user	0ms sys
The output is sorted!
[ 0 0 0 0 0 0 0 0 0 1 ]
[ 0 0 0 0 0 0 0 0 1 1 ]
[ 0 0 0 0 0 0 0 1 1 1 ]
[ 0 0 0 0 0 0 1 1 1 1 ]
[ 0 0 0 0 0 1 1 1 1 1 ]
[ 0 0 0 0 1 1 1 1 1 1 ]
[ 0 0 0 1 1 1 1 1 1 1 ]
[ 0 0 1 1 1 1 1 1 1 1 ]
[ 0 1 1 1 1 1 1 1 1 1 ]
[ 1 1 1 1 1 1 1 1 1 1 ]
[ 1 1 1 1 1 1 1 1 1 2 ]
[ 1 1 1 1 1 1 1 1 2 2 ]
[ 1 1 1 1 1 1 1 2 2 2 ]
[ 1 1 1 1 1 1 2 2 2 2 ]
[ 1 1 1 1 1 2 2 2 2 2 ]
[ 1 1 1 1 2 2 2 2 2 2 ]
[ 1 1 1 2 2 2 2 2 2 2 ]
[ 1 1 2 2 2 2 2 2 2 2 ]
[ 1 2 2 2 2 2 2 2 2 2 ]
[ 2 2 2 2 2 2 2 2 2 2 ]

Timer (generate): 26ms real	10ms user	10ms sys
[ 50000 50000 50000 50000 50000 50000 50000 50000 50000 50000 ]
[ 49999 50000 50000 50000 50000 50000 50000 50000 50000 50000 ]
[ 49999 49999 50000 50000 50000 50000 50000 50000 50000 50000 ]
[ 49999 49999 49999 50000 50000 50000 50000 50000 50000 50000 ]
[ 49999 49999 49999 49999 50000 50000 50000 50000 50000 50000 ]
[ 49999 49999 49999 49999 49999 50000 50000 50000 50000 50000 ]
[ 49999 49999 49999 49999 49999 49999 50000 50000 50000 50000 ]
[ 49999 49999 49999 49999 49999 49999 49999 50000 50000 50000 ]
[ 49999 49999 49999 49999 49999 49999 49999 49999 50000 50000 ]
[ 49999 49999 49999 49999 49999 49999 49999 49999 49999 50000 ]
[ 49999 49999 49999 49999 49999 49999 49999 49999 49999 49999 ]
[ 49998 49999 49999 49999 49999 49999 49999 49999 49999 49999 ]
[ 49998 49998 49999 49999 49999 49999 49999 49999 49999 49999 ]
[ 49998 49998 49998 49999 49999 49999 49999 49999 49999 49999 ]
[ 49998 49998 49998 49998 49999 49999 49999 49999 49999 49999 ]
[ 49998 49998 49998 49998 49998 49999 49999 49999 49999 49999 ]
[ 49998 49998 49998 49998 49998 49998 49999 49999 49999 49999 ]
[ 49998 49998 49998 49998 49998 49998 49998 49999 49999 49999 ]
[ 49998 49998 49998 49998 49998 49998 49998 49998 49999 49999 ]
[ 49998 49998 49998 49998 49998 49998 49998 49998 49998 49999 ]

Timer (sort): 263908ms real	263910ms user	0ms sys
The output is sorted!
[ 0 0 0 0 0 0 0 0 0 1 ]
[ 0 0 0 0 0 0 0 0 1 1 ]
[ 0 0 0 0 0 0 0 1 1 1 ]
[ 0 0 0 0 0 0 1 1 1 1 ]
[ 0 0 0 0 0 1 1 1 1 1 ]
[ 0 0 0 0 1 1 1 1 1 1 ]
[ 0 0 0 1 1 1 1 1 1 1 ]
[ 0 0 1 1 1 1 1 1 1 1 ]
[ 0 1 1 1 1 1 1 1 1 1 ]
[ 1 1 1 1 1 1 1 1 1 1 ]
[ 1 1 1 1 1 1 1 1 1 2 ]
[ 1 1 1 1 1 1 1 1 2 2 ]
[ 1 1 1 1 1 1 1 2 2 2 ]
[ 1 1 1 1 1 1 2 2 2 2 ]
[ 1 1 1 1 1 2 2 2 2 2 ]
[ 1 1 1 1 2 2 2 2 2 2 ]
[ 1 1 1 2 2 2 2 2 2 2 ]
[ 1 1 2 2 2 2 2 2 2 2 ]
[ 1 2 2 2 2 2 2 2 2 2 ]
[ 2 2 2 2 2 2 2 2 2 2 ]

Timer (generate): 21ms real	10ms user	10ms sys
[ 50000 50000 50000 50000 50000 50000 50000 50000 50000 50000 ]
[ 49999 50000 50000 50000 50000 50000 50000 50000 50000 50000 ]
[ 49999 49999 50000 50000 50000 50000 50000 50000 50000 50000 ]
[ 49999 49999 49999 50000 50000 50000 50000 50000 50000 50000 ]
[ 49999 49999 49999 49999 50000 50000 50000 50000 50000 50000 ]
[ 49999 49999 49999 49999 49999 50000 50000 50000 50000 50000 ]
[ 49999 49999 49999 49999 49999 49999 50000 50000 50000 50000 ]
[ 49999 49999 49999 49999 49999 49999 49999 50000 50000 50000 ]
[ 49999 49999 49999 49999 49999 49999 49999 49999 50000 50000 ]
[ 49999 49999 49999 49999 49999 49999 49999 49999 49999 50000 ]
[ 49999 49999 49999 49999 49999 49999 49999 49999 49999 49999 ]
[ 49998 49999 49999 49999 49999 49999 49999 49999 49999 49999 ]
[ 49998 49998 49999 49999 49999 49999 49999 49999 49999 49999 ]
[ 49998 49998 49998 49999 49999 49999 49999 49999 49999 49999 ]
[ 49998 49998 49998 49998 49999 49999 49999 49999 49999 49999 ]
[ 49998 49998 49998 49998 49998 49999 49999 49999 49999 49999 ]
[ 49998 49998 49998 49998 49998 49998 49999 49999 49999 49999 ]
[ 49998 49998 49998 49998 49998 49998 49998 49999 49999 49999 ]
[ 49998 49998 49998 49998 49998 49998 49998 49998 49999 49999 ]
[ 49998 49998 49998 49998 49998 49998 49998 49998 49998 49999 ]

Timer (sort): 262257ms real	262250ms user	0ms sys
The output is sorted!
[ 0 0 0 0 0 0 0 0 0 1 ]
[ 0 0 0 0 0 0 0 0 1 1 ]
[ 0 0 0 0 0 0 0 1 1 1 ]
[ 0 0 0 0 0 0 1 1 1 1 ]
[ 0 0 0 0 0 1 1 1 1 1 ]
[ 0 0 0 0 1 1 1 1 1 1 ]
[ 0 0 0 1 1 1 1 1 1 1 ]
[ 0 0 1 1 1 1 1 1 1 1 ]
[ 0 1 1 1 1 1 1 1 1 1 ]
[ 1 1 1 1 1 1 1 1 1 1 ]
[ 1 1 1 1 1 1 1 1 1 2 ]
[ 1 1 1 1 1 1 1 1 2 2 ]
[ 1 1 1 1 1 1 1 2 2 2 ]
[ 1 1 1 1 1 1 2 2 2 2 ]
[ 1 1 1 1 1 2 2 2 2 2 ]
[ 1 1 1 1 2 2 2 2 2 2 ]
[ 1 1 1 2 2 2 2 2 2 2 ]
[ 1 1 2 2 2 2 2 2 2 2 ]
[ 1 2 2 2 2 2 2 2 2 2 ]
[ 2 2 2 2 2 2 2 2 2 2 ]

Timer (generate): 29ms real	0ms user	10ms sys
[ 50000 50000 50000 50000 50000 50000 50000 50000 50000 50000 ]
[ 49999 50000 50000 50000 50000 50000 50000 50000 50000 50000 ]
[ 49999 49999 50000 50000 50000 50000 50000 50000 50000 50000 ]
[ 49999 49999 49999 50000 50000 50000 50000 50000 50000 50000 ]
[ 49999 49999 49999 49999 50000 50000 50000 50000 50000 50000 ]
[ 49999 49999 49999 49999 49999 50000 50000 50000 50000 50000 ]
[ 49999 49999 49999 49999 49999 49999 50000 50000 50000 50000 ]
[ 49999 49999 49999 49999 49999 49999 49999 50000 50000 50000 ]
[ 49999 49999 49999 49999 49999 49999 49999 49999 50000 50000 ]
[ 49999 49999 49999 49999 49999 49999 49999 49999 49999 50000 ]
[ 49999 49999 49999 49999 49999 49999 49999 49999 49999 49999 ]
[ 49998 49999 49999 49999 49999 49999 49999 49999 49999 49999 ]
[ 49998 49998 49999 49999 49999 49999 49999 49999 49999 49999 ]
[ 49998 49998 49998 49999 49999 49999 49999 49999 49999 49999 ]
[ 49998 49998 49998 49998 49999 49999 49999 49999 49999 49999 ]
[ 49998 49998 49998 49998 49998 49999 49999 49999 49999 49999 ]
[ 49998 49998 49998 49998 49998 49998 49999 49999 49999 49999 ]
[ 49998 49998 49998 49998 49998 49998 49998 49999 49999 49999 ]
[ 49998 49998 49998 49998 49998 49998 49998 49998 49999 49999 ]
[ 49998 49998 49998 49998 49998 49998 49998 49998 49998 49999 ]

Timer (sort): 277136ms real	277130ms user	0ms sys
The output is sorted!
[ 0 0 0 0 0 0 0 0 0 1 ]
[ 0 0 0 0 0 0 0 0 1 1 ]
[ 0 0 0 0 0 0 0 1 1 1 ]
[ 0 0 0 0 0 0 1 1 1 1 ]
[ 0 0 0 0 0 1 1 1 1 1 ]
[ 0 0 0 0 1 1 1 1 1 1 ]
[ 0 0 0 1 1 1 1 1 1 1 ]
[ 0 0 1 1 1 1 1 1 1 1 ]
[ 0 1 1 1 1 1 1 1 1 1 ]
[ 1 1 1 1 1 1 1 1 1 1 ]
[ 1 1 1 1 1 1 1 1 1 2 ]
[ 1 1 1 1 1 1 1 1 2 2 ]
[ 1 1 1 1 1 1 1 2 2 2 ]
[ 1 1 1 1 1 1 2 2 2 2 ]
[ 1 1 1 1 1 2 2 2 2 2 ]
[ 1 1 1 1 2 2 2 2 2 2 ]
[ 1 1 1 2 2 2 2 2 2 2 ]
[ 1 1 2 2 2 2 2 2 2 2 ]
[ 1 2 2 2 2 2 2 2 2 2 ]
[ 2 2 2 2 2 2 2 2 2 2 ]

Timer (generate): 23ms real	10ms user	10ms sys
[ 50000 50000 50000 50000 50000 50000 50000 50000 50000 50000 ]
[ 49999 50000 50000 50000 50000 50000 50000 50000 50000 50000 ]
[ 49999 49999 50000 50000 50000 50000 50000 50000 50000 50000 ]
[ 49999 49999 49999 50000 50000 50000 50000 50000 50000 50000 ]
[ 49999 49999 49999 49999 50000 50000 50000 50000 50000 50000 ]
[ 49999 49999 49999 49999 49999 50000 50000 50000 50000 50000 ]
[ 49999 49999 49999 49999 49999 49999 50000 50000 50000 50000 ]
[ 49999 49999 49999 49999 49999 49999 49999 50000 50000 50000 ]
[ 49999 49999 49999 49999 49999 49999 49999 49999 50000 50000 ]
[ 49999 49999 49999 49999 49999 49999 49999 49999 49999 50000 ]
[ 49999 49999 49999 49999 49999 49999 49999 49999 49999 49999 ]
[ 49998 49999 49999 49999 49999 49999 49999 49999 49999 49999 ]
[ 49998 49998 49999 49999 49999 49999 49999 49999 49999 49999 ]
[ 49998 49998 49998 49999 49999 49999 49999 49999 49999 49999 ]
[ 49998 49998 49998 49998 49999 49999 49999 49999 49999 49999 ]
[ 49998 49998 49998 49998 49998 49999 49999 49999 49999 49999 ]
[ 49998 49998 49998 49998 49998 49998 49999 49999 49999 49999 ]
[ 49998 49998 49998 49998 49998 49998 49998 49999 49999 49999 ]
[ 49998 49998 49998 49998 49998 49998 49998 49998 49999 49999 ]
[ 49998 49998 49998 49998 49998 49998 49998 49998 49998 49999 ]

Timer (sort): 279189ms real	279190ms user	0ms sys
The output is sorted!
[ 0 0 0 0 0 0 0 0 0 1 ]
[ 0 0 0 0 0 0 0 0 1 1 ]
[ 0 0 0 0 0 0 0 1 1 1 ]
[ 0 0 0 0 0 0 1 1 1 1 ]
[ 0 0 0 0 0 1 1 1 1 1 ]
[ 0 0 0 0 1 1 1 1 1 1 ]
[ 0 0 0 1 1 1 1 1 1 1 ]
[ 0 0 1 1 1 1 1 1 1 1 ]
[ 0 1 1 1 1 1 1 1 1 1 ]
[ 1 1 1 1 1 1 1 1 1 1 ]
[ 1 1 1 1 1 1 1 1 1 2 ]
[ 1 1 1 1 1 1 1 1 2 2 ]
[ 1 1 1 1 1 1 1 2 2 2 ]
[ 1 1 1 1 1 1 2 2 2 2 ]
[ 1 1 1 1 1 2 2 2 2 2 ]
[ 1 1 1 1 2 2 2 2 2 2 ]
[ 1 1 1 2 2 2 2 2 2 2 ]
[ 1 1 2 2 2 2 2 2 2 2 ]
[ 1 2 2 2 2 2 2 2 2 2 ]
[ 2 2 2 2 2 2 2 2 2 2 ]

Timer (generate): 22ms real	20ms user	0ms sys
[ 50000 50000 50000 50000 50000 50000 50000 50000 50000 50000 ]
[ 49999 50000 50000 50000 50000 50000 50000 50000 50000 50000 ]
[ 49999 49999 50000 50000 50000 50000 50000 50000 50000 50000 ]
[ 49999 49999 49999 50000 50000 50000 50000 50000 50000 50000 ]
[ 49999 49999 49999 49999 50000 50000 50000 50000 50000 50000 ]
[ 49999 49999 49999 49999 49999 50000 50000 50000 50000 50000 ]
[ 49999 49999 49999 49999 49999 49999 50000 50000 50000 50000 ]
[ 49999 49999 49999 49999 49999 49999 49999 50000 50000 50000 ]
[ 49999 49999 49999 49999 49999 49999 49999 49999 50000 50000 ]
[ 49999 49999 49999 49999 49999 49999 49999 49999 49999 50000 ]
[ 49999 49999 49999 49999 49999 49999 49999 49999 49999 49999 ]
[ 49998 49999 49999 49999 49999 49999 49999 49999 49999 49999 ]
[ 49998 49998 49999 49999 49999 49999 49999 49999 49999 49999 ]
[ 49998 49998 49998 49999 49999 49999 49999 49999 49999 49999 ]
[ 49998 49998 49998 49998 49999 49999 49999 49999 49999 49999 ]
[ 49998 49998 49998 49998 49998 49999 49999 49999 49999 49999 ]
[ 49998 49998 49998 49998 49998 49998 49999 49999 49999 49999 ]
[ 49998 49998 49998 49998 49998 49998 49998 49999 49999 49999 ]
[ 49998 49998 49998 49998 49998 49998 49998 49998 49999 49999 ]
[ 49998 49998 49998 49998 49998 49998 49998 49998 49998 49999 ]

Timer (sort): 278077ms real	278070ms user	0ms sys
The output is sorted!
[ 0 0 0 0 0 0 0 0 0 1 ]
[ 0 0 0 0 0 0 0 0 1 1 ]
[ 0 0 0 0 0 0 0 1 1 1 ]
[ 0 0 0 0 0 0 1 1 1 1 ]
[ 0 0 0 0 0 1 1 1 1 1 ]
[ 0 0 0 0 1 1 1 1 1 1 ]
[ 0 0 0 1 1 1 1 1 1 1 ]
[ 0 0 1 1 1 1 1 1 1 1 ]
[ 0 1 1 1 1 1 1 1 1 1 ]
[ 1 1 1 1 1 1 1 1 1 1 ]
[ 1 1 1 1 1 1 1 1 1 2 ]
[ 1 1 1 1 1 1 1 1 2 2 ]
[ 1 1 1 1 1 1 1 2 2 2 ]
[ 1 1 1 1 1 1 2 2 2 2 ]
[ 1 1 1 1 1 2 2 2 2 2 ]
[ 1 1 1 1 2 2 2 2 2 2 ]
[ 1 1 1 2 2 2 2 2 2 2 ]
[ 1 1 2 2 2 2 2 2 2 2 ]
[ 1 2 2 2 2 2 2 2 2 2 ]
[ 2 2 2 2 2 2 2 2 2 2 ]

Timer (generate): 67ms real	10ms user	40ms sys
[ 50000 50000 50000 50000 50000 50000 50000 50000 50000 50000 ]
[ 49999 50000 50000 50000 50000 50000 50000 50000 50000 50000 ]
[ 49999 49999 50000 50000 50000 50000 50000 50000 50000 50000 ]
[ 49999 49999 49999 50000 50000 50000 50000 50000 50000 50000 ]
[ 49999 49999 49999 49999 50000 50000 50000 50000 50000 50000 ]
[ 49999 49999 49999 49999 49999 50000 50000 50000 50000 50000 ]
[ 49999 49999 49999 49999 49999 49999 50000 50000 50000 50000 ]
[ 49999 49999 49999 49999 49999 49999 49999 50000 50000 50000 ]
[ 49999 49999 49999 49999 49999 49999 49999 49999 50000 50000 ]
[ 49999 49999 49999 49999 49999 49999 49999 49999 49999 50000 ]
[ 49999 49999 49999 49999 49999 49999 49999 49999 49999 49999 ]
[ 49998 49999 49999 49999 49999 49999 49999 49999 49999 49999 ]
[ 49998 49998 49999 49999 49999 49999 49999 49999 49999 49999 ]
[ 49998 49998 49998 49999 49999 49999 49999 49999 49999 49999 ]
[ 49998 49998 49998 49998 49999 49999 49999 49999 49999 49999 ]
[ 49998 49998 49998 49998 49998 49999 49999 49999 49999 49999 ]
[ 49998 49998 49998 49998 49998 49998 49999 49999 49999 49999 ]
[ 49998 49998 49998 49998 49998 49998 49998 49999 49999 49999 ]
[ 49998 49998 49998 49998 49998 49998 49998 49998 49999 49999 ]
[ 49998 49998 49998 49998 49998 49998 49998 49998 49998 49999 ]

Timer (sort): 284569ms real	284560ms user	10ms sys
The output is sorted!
[ 0 0 0 0 0 0 0 0 0 1 ]
[ 0 0 0 0 0 0 0 0 1 1 ]
[ 0 0 0 0 0 0 0 1 1 1 ]
[ 0 0 0 0 0 0 1 1 1 1 ]
[ 0 0 0 0 0 1 1 1 1 1 ]
[ 0 0 0 0 1 1 1 1 1 1 ]
[ 0 0 0 1 1 1 1 1 1 1 ]
[ 0 0 1 1 1 1 1 1 1 1 ]
[ 0 1 1 1 1 1 1 1 1 1 ]
[ 1 1 1 1 1 1 1 1 1 1 ]
[ 1 1 1 1 1 1 1 1 1 2 ]
[ 1 1 1 1 1 1 1 1 2 2 ]
[ 1 1 1 1 1 1 1 2 2 2 ]
[ 1 1 1 1 1 1 2 2 2 2 ]
[ 1 1 1 1 1 2 2 2 2 2 ]
[ 1 1 1 1 2 2 2 2 2 2 ]
[ 1 1 1 2 2 2 2 2 2 2 ]
[ 1 1 2 2 2 2 2 2 2 2 ]
[ 1 2 2 2 2 2 2 2 2 2 ]
[ 2 2 2 2 2 2 2 2 2 2 ]

