Timer (generate): 4ms real	0ms user	0ms sys
[ 10000 10000 10000 10000 10000 10000 10000 10000 10000 10000 ]
[ 9999 10000 10000 10000 10000 10000 10000 10000 10000 10000 ]
[ 9999 9999 10000 10000 10000 10000 10000 10000 10000 10000 ]
[ 9999 9999 9999 10000 10000 10000 10000 10000 10000 10000 ]
[ 9999 9999 9999 9999 10000 10000 10000 10000 10000 10000 ]
[ 9999 9999 9999 9999 9999 10000 10000 10000 10000 10000 ]
[ 9999 9999 9999 9999 9999 9999 10000 10000 10000 10000 ]
[ 9999 9999 9999 9999 9999 9999 9999 10000 10000 10000 ]
[ 9999 9999 9999 9999 9999 9999 9999 9999 10000 10000 ]
[ 9999 9999 9999 9999 9999 9999 9999 9999 9999 10000 ]
[ 9999 9999 9999 9999 9999 9999 9999 9999 9999 9999 ]
[ 9998 9999 9999 9999 9999 9999 9999 9999 9999 9999 ]
[ 9998 9998 9999 9999 9999 9999 9999 9999 9999 9999 ]
[ 9998 9998 9998 9999 9999 9999 9999 9999 9999 9999 ]
[ 9998 9998 9998 9998 9999 9999 9999 9999 9999 9999 ]
[ 9998 9998 9998 9998 9998 9999 9999 9999 9999 9999 ]
[ 9998 9998 9998 9998 9998 9998 9999 9999 9999 9999 ]
[ 9998 9998 9998 9998 9998 9998 9998 9999 9999 9999 ]
[ 9998 9998 9998 9998 9998 9998 9998 9998 9999 9999 ]
[ 9998 9998 9998 9998 9998 9998 9998 9998 9998 9999 ]

Timer (sort): 10392ms real	10390ms user	0ms sys
The output is sorted!
[ 0 0 0 0 0 0 0 0 0 1 ]
[ 0 0 0 0 0 0 0 0 1 1 ]
[ 0 0 0 0 0 0 0 1 1 1 ]
[ 0 0 0 0 0 0 1 1 1 1 ]
[ 0 0 0 0 0 1 1 1 1 1 ]
[ 0 0 0 0 1 1 1 1 1 1 ]
[ 0 0 0 1 1 1 1 1 1 1 ]
[ 0 0 1 1 1 1 1 1 1 1 ]
[ 0 1 1 1 1 1 1 1 1 1 ]
[ 1 1 1 1 1 1 1 1 1 1 ]
[ 1 1 1 1 1 1 1 1 1 2 ]
[ 1 1 1 1 1 1 1 1 2 2 ]
[ 1 1 1 1 1 1 1 2 2 2 ]
[ 1 1 1 1 1 1 2 2 2 2 ]
[ 1 1 1 1 1 2 2 2 2 2 ]
[ 1 1 1 1 2 2 2 2 2 2 ]
[ 1 1 1 2 2 2 2 2 2 2 ]
[ 1 1 2 2 2 2 2 2 2 2 ]
[ 1 2 2 2 2 2 2 2 2 2 ]
[ 2 2 2 2 2 2 2 2 2 2 ]

Timer (generate): 5ms real	0ms user	0ms sys
[ 10000 10000 10000 10000 10000 10000 10000 10000 10000 10000 ]
[ 9999 10000 10000 10000 10000 10000 10000 10000 10000 10000 ]
[ 9999 9999 10000 10000 10000 10000 10000 10000 10000 10000 ]
[ 9999 9999 9999 10000 10000 10000 10000 10000 10000 10000 ]
[ 9999 9999 9999 9999 10000 10000 10000 10000 10000 10000 ]
[ 9999 9999 9999 9999 9999 10000 10000 10000 10000 10000 ]
[ 9999 9999 9999 9999 9999 9999 10000 10000 10000 10000 ]
[ 9999 9999 9999 9999 9999 9999 9999 10000 10000 10000 ]
[ 9999 9999 9999 9999 9999 9999 9999 9999 10000 10000 ]
[ 9999 9999 9999 9999 9999 9999 9999 9999 9999 10000 ]
[ 9999 9999 9999 9999 9999 9999 9999 9999 9999 9999 ]
[ 9998 9999 9999 9999 9999 9999 9999 9999 9999 9999 ]
[ 9998 9998 9999 9999 9999 9999 9999 9999 9999 9999 ]
[ 9998 9998 9998 9999 9999 9999 9999 9999 9999 9999 ]
[ 9998 9998 9998 9998 9999 9999 9999 9999 9999 9999 ]
[ 9998 9998 9998 9998 9998 9999 9999 9999 9999 9999 ]
[ 9998 9998 9998 9998 9998 9998 9999 9999 9999 9999 ]
[ 9998 9998 9998 9998 9998 9998 9998 9999 9999 9999 ]
[ 9998 9998 9998 9998 9998 9998 9998 9998 9999 9999 ]
[ 9998 9998 9998 9998 9998 9998 9998 9998 9998 9999 ]

Timer (sort): 10006ms real	10010ms user	0ms sys
The output is sorted!
[ 0 0 0 0 0 0 0 0 0 1 ]
[ 0 0 0 0 0 0 0 0 1 1 ]
[ 0 0 0 0 0 0 0 1 1 1 ]
[ 0 0 0 0 0 0 1 1 1 1 ]
[ 0 0 0 0 0 1 1 1 1 1 ]
[ 0 0 0 0 1 1 1 1 1 1 ]
[ 0 0 0 1 1 1 1 1 1 1 ]
[ 0 0 1 1 1 1 1 1 1 1 ]
[ 0 1 1 1 1 1 1 1 1 1 ]
[ 1 1 1 1 1 1 1 1 1 1 ]
[ 1 1 1 1 1 1 1 1 1 2 ]
[ 1 1 1 1 1 1 1 1 2 2 ]
[ 1 1 1 1 1 1 1 2 2 2 ]
[ 1 1 1 1 1 1 2 2 2 2 ]
[ 1 1 1 1 1 2 2 2 2 2 ]
[ 1 1 1 1 2 2 2 2 2 2 ]
[ 1 1 1 2 2 2 2 2 2 2 ]
[ 1 1 2 2 2 2 2 2 2 2 ]
[ 1 2 2 2 2 2 2 2 2 2 ]
[ 2 2 2 2 2 2 2 2 2 2 ]

Timer (generate): 5ms real	0ms user	0ms sys
[ 10000 10000 10000 10000 10000 10000 10000 10000 10000 10000 ]
[ 9999 10000 10000 10000 10000 10000 10000 10000 10000 10000 ]
[ 9999 9999 10000 10000 10000 10000 10000 10000 10000 10000 ]
[ 9999 9999 9999 10000 10000 10000 10000 10000 10000 10000 ]
[ 9999 9999 9999 9999 10000 10000 10000 10000 10000 10000 ]
[ 9999 9999 9999 9999 9999 10000 10000 10000 10000 10000 ]
[ 9999 9999 9999 9999 9999 9999 10000 10000 10000 10000 ]
[ 9999 9999 9999 9999 9999 9999 9999 10000 10000 10000 ]
[ 9999 9999 9999 9999 9999 9999 9999 9999 10000 10000 ]
[ 9999 9999 9999 9999 9999 9999 9999 9999 9999 10000 ]
[ 9999 9999 9999 9999 9999 9999 9999 9999 9999 9999 ]
[ 9998 9999 9999 9999 9999 9999 9999 9999 9999 9999 ]
[ 9998 9998 9999 9999 9999 9999 9999 9999 9999 9999 ]
[ 9998 9998 9998 9999 9999 9999 9999 9999 9999 9999 ]
[ 9998 9998 9998 9998 9999 9999 9999 9999 9999 9999 ]
[ 9998 9998 9998 9998 9998 9999 9999 9999 9999 9999 ]
[ 9998 9998 9998 9998 9998 9998 9999 9999 9999 9999 ]
[ 9998 9998 9998 9998 9998 9998 9998 9999 9999 9999 ]
[ 9998 9998 9998 9998 9998 9998 9998 9998 9999 9999 ]
[ 9998 9998 9998 9998 9998 9998 9998 9998 9998 9999 ]

Timer (sort): 9896ms real	9900ms user	0ms sys
The output is sorted!
[ 0 0 0 0 0 0 0 0 0 1 ]
[ 0 0 0 0 0 0 0 0 1 1 ]
[ 0 0 0 0 0 0 0 1 1 1 ]
[ 0 0 0 0 0 0 1 1 1 1 ]
[ 0 0 0 0 0 1 1 1 1 1 ]
[ 0 0 0 0 1 1 1 1 1 1 ]
[ 0 0 0 1 1 1 1 1 1 1 ]
[ 0 0 1 1 1 1 1 1 1 1 ]
[ 0 1 1 1 1 1 1 1 1 1 ]
[ 1 1 1 1 1 1 1 1 1 1 ]
[ 1 1 1 1 1 1 1 1 1 2 ]
[ 1 1 1 1 1 1 1 1 2 2 ]
[ 1 1 1 1 1 1 1 2 2 2 ]
[ 1 1 1 1 1 1 2 2 2 2 ]
[ 1 1 1 1 1 2 2 2 2 2 ]
[ 1 1 1 1 2 2 2 2 2 2 ]
[ 1 1 1 2 2 2 2 2 2 2 ]
[ 1 1 2 2 2 2 2 2 2 2 ]
[ 1 2 2 2 2 2 2 2 2 2 ]
[ 2 2 2 2 2 2 2 2 2 2 ]

Timer (generate): 7ms real	0ms user	0ms sys
[ 10000 10000 10000 10000 10000 10000 10000 10000 10000 10000 ]
[ 9999 10000 10000 10000 10000 10000 10000 10000 10000 10000 ]
[ 9999 9999 10000 10000 10000 10000 10000 10000 10000 10000 ]
[ 9999 9999 9999 10000 10000 10000 10000 10000 10000 10000 ]
[ 9999 9999 9999 9999 10000 10000 10000 10000 10000 10000 ]
[ 9999 9999 9999 9999 9999 10000 10000 10000 10000 10000 ]
[ 9999 9999 9999 9999 9999 9999 10000 10000 10000 10000 ]
[ 9999 9999 9999 9999 9999 9999 9999 10000 10000 10000 ]
[ 9999 9999 9999 9999 9999 9999 9999 9999 10000 10000 ]
[ 9999 9999 9999 9999 9999 9999 9999 9999 9999 10000 ]
[ 9999 9999 9999 9999 9999 9999 9999 9999 9999 9999 ]
[ 9998 9999 9999 9999 9999 9999 9999 9999 9999 9999 ]
[ 9998 9998 9999 9999 9999 9999 9999 9999 9999 9999 ]
[ 9998 9998 9998 9999 9999 9999 9999 9999 9999 9999 ]
[ 9998 9998 9998 9998 9999 9999 9999 9999 9999 9999 ]
[ 9998 9998 9998 9998 9998 9999 9999 9999 9999 9999 ]
[ 9998 9998 9998 9998 9998 9998 9999 9999 9999 9999 ]
[ 9998 9998 9998 9998 9998 9998 9998 9999 9999 9999 ]
[ 9998 9998 9998 9998 9998 9998 9998 9998 9999 9999 ]
[ 9998 9998 9998 9998 9998 9998 9998 9998 9998 9999 ]

Timer (sort): 10117ms real	10110ms user	0ms sys
The output is sorted!
[ 0 0 0 0 0 0 0 0 0 1 ]
[ 0 0 0 0 0 0 0 0 1 1 ]
[ 0 0 0 0 0 0 0 1 1 1 ]
[ 0 0 0 0 0 0 1 1 1 1 ]
[ 0 0 0 0 0 1 1 1 1 1 ]
[ 0 0 0 0 1 1 1 1 1 1 ]
[ 0 0 0 1 1 1 1 1 1 1 ]
[ 0 0 1 1 1 1 1 1 1 1 ]
[ 0 1 1 1 1 1 1 1 1 1 ]
[ 1 1 1 1 1 1 1 1 1 1 ]
[ 1 1 1 1 1 1 1 1 1 2 ]
[ 1 1 1 1 1 1 1 1 2 2 ]
[ 1 1 1 1 1 1 1 2 2 2 ]
[ 1 1 1 1 1 1 2 2 2 2 ]
[ 1 1 1 1 1 2 2 2 2 2 ]
[ 1 1 1 1 2 2 2 2 2 2 ]
[ 1 1 1 2 2 2 2 2 2 2 ]
[ 1 1 2 2 2 2 2 2 2 2 ]
[ 1 2 2 2 2 2 2 2 2 2 ]
[ 2 2 2 2 2 2 2 2 2 2 ]

Timer (generate): 4ms real	0ms user	0ms sys
[ 10000 10000 10000 10000 10000 10000 10000 10000 10000 10000 ]
[ 9999 10000 10000 10000 10000 10000 10000 10000 10000 10000 ]
[ 9999 9999 10000 10000 10000 10000 10000 10000 10000 10000 ]
[ 9999 9999 9999 10000 10000 10000 10000 10000 10000 10000 ]
[ 9999 9999 9999 9999 10000 10000 10000 10000 10000 10000 ]
[ 9999 9999 9999 9999 9999 10000 10000 10000 10000 10000 ]
[ 9999 9999 9999 9999 9999 9999 10000 10000 10000 10000 ]
[ 9999 9999 9999 9999 9999 9999 9999 10000 10000 10000 ]
[ 9999 9999 9999 9999 9999 9999 9999 9999 10000 10000 ]
[ 9999 9999 9999 9999 9999 9999 9999 9999 9999 10000 ]
[ 9999 9999 9999 9999 9999 9999 9999 9999 9999 9999 ]
[ 9998 9999 9999 9999 9999 9999 9999 9999 9999 9999 ]
[ 9998 9998 9999 9999 9999 9999 9999 9999 9999 9999 ]
[ 9998 9998 9998 9999 9999 9999 9999 9999 9999 9999 ]
[ 9998 9998 9998 9998 9999 9999 9999 9999 9999 9999 ]
[ 9998 9998 9998 9998 9998 9999 9999 9999 9999 9999 ]
[ 9998 9998 9998 9998 9998 9998 9999 9999 9999 9999 ]
[ 9998 9998 9998 9998 9998 9998 9998 9999 9999 9999 ]
[ 9998 9998 9998 9998 9998 9998 9998 9998 9999 9999 ]
[ 9998 9998 9998 9998 9998 9998 9998 9998 9998 9999 ]

Timer (sort): 9738ms real	9730ms user	0ms sys
The output is sorted!
[ 0 0 0 0 0 0 0 0 0 1 ]
[ 0 0 0 0 0 0 0 0 1 1 ]
[ 0 0 0 0 0 0 0 1 1 1 ]
[ 0 0 0 0 0 0 1 1 1 1 ]
[ 0 0 0 0 0 1 1 1 1 1 ]
[ 0 0 0 0 1 1 1 1 1 1 ]
[ 0 0 0 1 1 1 1 1 1 1 ]
[ 0 0 1 1 1 1 1 1 1 1 ]
[ 0 1 1 1 1 1 1 1 1 1 ]
[ 1 1 1 1 1 1 1 1 1 1 ]
[ 1 1 1 1 1 1 1 1 1 2 ]
[ 1 1 1 1 1 1 1 1 2 2 ]
[ 1 1 1 1 1 1 1 2 2 2 ]
[ 1 1 1 1 1 1 2 2 2 2 ]
[ 1 1 1 1 1 2 2 2 2 2 ]
[ 1 1 1 1 2 2 2 2 2 2 ]
[ 1 1 1 2 2 2 2 2 2 2 ]
[ 1 1 2 2 2 2 2 2 2 2 ]
[ 1 2 2 2 2 2 2 2 2 2 ]
[ 2 2 2 2 2 2 2 2 2 2 ]

Timer (generate): 4ms real	0ms user	0ms sys
[ 10000 10000 10000 10000 10000 10000 10000 10000 10000 10000 ]
[ 9999 10000 10000 10000 10000 10000 10000 10000 10000 10000 ]
[ 9999 9999 10000 10000 10000 10000 10000 10000 10000 10000 ]
[ 9999 9999 9999 10000 10000 10000 10000 10000 10000 10000 ]
[ 9999 9999 9999 9999 10000 10000 10000 10000 10000 10000 ]
[ 9999 9999 9999 9999 9999 10000 10000 10000 10000 10000 ]
[ 9999 9999 9999 9999 9999 9999 10000 10000 10000 10000 ]
[ 9999 9999 9999 9999 9999 9999 9999 10000 10000 10000 ]
[ 9999 9999 9999 9999 9999 9999 9999 9999 10000 10000 ]
[ 9999 9999 9999 9999 9999 9999 9999 9999 9999 10000 ]
[ 9999 9999 9999 9999 9999 9999 9999 9999 9999 9999 ]
[ 9998 9999 9999 9999 9999 9999 9999 9999 9999 9999 ]
[ 9998 9998 9999 9999 9999 9999 9999 9999 9999 9999 ]
[ 9998 9998 9998 9999 9999 9999 9999 9999 9999 9999 ]
[ 9998 9998 9998 9998 9999 9999 9999 9999 9999 9999 ]
[ 9998 9998 9998 9998 9998 9999 9999 9999 9999 9999 ]
[ 9998 9998 9998 9998 9998 9998 9999 9999 9999 9999 ]
[ 9998 9998 9998 9998 9998 9998 9998 9999 9999 9999 ]
[ 9998 9998 9998 9998 9998 9998 9998 9998 9999 9999 ]
[ 9998 9998 9998 9998 9998 9998 9998 9998 9998 9999 ]

Timer (sort): 10455ms real	10460ms user	0ms sys
The output is sorted!
[ 0 0 0 0 0 0 0 0 0 1 ]
[ 0 0 0 0 0 0 0 0 1 1 ]
[ 0 0 0 0 0 0 0 1 1 1 ]
[ 0 0 0 0 0 0 1 1 1 1 ]
[ 0 0 0 0 0 1 1 1 1 1 ]
[ 0 0 0 0 1 1 1 1 1 1 ]
[ 0 0 0 1 1 1 1 1 1 1 ]
[ 0 0 1 1 1 1 1 1 1 1 ]
[ 0 1 1 1 1 1 1 1 1 1 ]
[ 1 1 1 1 1 1 1 1 1 1 ]
[ 1 1 1 1 1 1 1 1 1 2 ]
[ 1 1 1 1 1 1 1 1 2 2 ]
[ 1 1 1 1 1 1 1 2 2 2 ]
[ 1 1 1 1 1 1 2 2 2 2 ]
[ 1 1 1 1 1 2 2 2 2 2 ]
[ 1 1 1 1 2 2 2 2 2 2 ]
[ 1 1 1 2 2 2 2 2 2 2 ]
[ 1 1 2 2 2 2 2 2 2 2 ]
[ 1 2 2 2 2 2 2 2 2 2 ]
[ 2 2 2 2 2 2 2 2 2 2 ]

Timer (generate): 5ms real	0ms user	0ms sys
[ 10000 10000 10000 10000 10000 10000 10000 10000 10000 10000 ]
[ 9999 10000 10000 10000 10000 10000 10000 10000 10000 10000 ]
[ 9999 9999 10000 10000 10000 10000 10000 10000 10000 10000 ]
[ 9999 9999 9999 10000 10000 10000 10000 10000 10000 10000 ]
[ 9999 9999 9999 9999 10000 10000 10000 10000 10000 10000 ]
[ 9999 9999 9999 9999 9999 10000 10000 10000 10000 10000 ]
[ 9999 9999 9999 9999 9999 9999 10000 10000 10000 10000 ]
[ 9999 9999 9999 9999 9999 9999 9999 10000 10000 10000 ]
[ 9999 9999 9999 9999 9999 9999 9999 9999 10000 10000 ]
[ 9999 9999 9999 9999 9999 9999 9999 9999 9999 10000 ]
[ 9999 9999 9999 9999 9999 9999 9999 9999 9999 9999 ]
[ 9998 9999 9999 9999 9999 9999 9999 9999 9999 9999 ]
[ 9998 9998 9999 9999 9999 9999 9999 9999 9999 9999 ]
[ 9998 9998 9998 9999 9999 9999 9999 9999 9999 9999 ]
[ 9998 9998 9998 9998 9999 9999 9999 9999 9999 9999 ]
[ 9998 9998 9998 9998 9998 9999 9999 9999 9999 9999 ]
[ 9998 9998 9998 9998 9998 9998 9999 9999 9999 9999 ]
[ 9998 9998 9998 9998 9998 9998 9998 9999 9999 9999 ]
[ 9998 9998 9998 9998 9998 9998 9998 9998 9999 9999 ]
[ 9998 9998 9998 9998 9998 9998 9998 9998 9998 9999 ]

Timer (sort): 10810ms real	10810ms user	0ms sys
The output is sorted!
[ 0 0 0 0 0 0 0 0 0 1 ]
[ 0 0 0 0 0 0 0 0 1 1 ]
[ 0 0 0 0 0 0 0 1 1 1 ]
[ 0 0 0 0 0 0 1 1 1 1 ]
[ 0 0 0 0 0 1 1 1 1 1 ]
[ 0 0 0 0 1 1 1 1 1 1 ]
[ 0 0 0 1 1 1 1 1 1 1 ]
[ 0 0 1 1 1 1 1 1 1 1 ]
[ 0 1 1 1 1 1 1 1 1 1 ]
[ 1 1 1 1 1 1 1 1 1 1 ]
[ 1 1 1 1 1 1 1 1 1 2 ]
[ 1 1 1 1 1 1 1 1 2 2 ]
[ 1 1 1 1 1 1 1 2 2 2 ]
[ 1 1 1 1 1 1 2 2 2 2 ]
[ 1 1 1 1 1 2 2 2 2 2 ]
[ 1 1 1 1 2 2 2 2 2 2 ]
[ 1 1 1 2 2 2 2 2 2 2 ]
[ 1 1 2 2 2 2 2 2 2 2 ]
[ 1 2 2 2 2 2 2 2 2 2 ]
[ 2 2 2 2 2 2 2 2 2 2 ]

Timer (generate): 4ms real	0ms user	0ms sys
[ 10000 10000 10000 10000 10000 10000 10000 10000 10000 10000 ]
[ 9999 10000 10000 10000 10000 10000 10000 10000 10000 10000 ]
[ 9999 9999 10000 10000 10000 10000 10000 10000 10000 10000 ]
[ 9999 9999 9999 10000 10000 10000 10000 10000 10000 10000 ]
[ 9999 9999 9999 9999 10000 10000 10000 10000 10000 10000 ]
[ 9999 9999 9999 9999 9999 10000 10000 10000 10000 10000 ]
[ 9999 9999 9999 9999 9999 9999 10000 10000 10000 10000 ]
[ 9999 9999 9999 9999 9999 9999 9999 10000 10000 10000 ]
[ 9999 9999 9999 9999 9999 9999 9999 9999 10000 10000 ]
[ 9999 9999 9999 9999 9999 9999 9999 9999 9999 10000 ]
[ 9999 9999 9999 9999 9999 9999 9999 9999 9999 9999 ]
[ 9998 9999 9999 9999 9999 9999 9999 9999 9999 9999 ]
[ 9998 9998 9999 9999 9999 9999 9999 9999 9999 9999 ]
[ 9998 9998 9998 9999 9999 9999 9999 9999 9999 9999 ]
[ 9998 9998 9998 9998 9999 9999 9999 9999 9999 9999 ]
[ 9998 9998 9998 9998 9998 9999 9999 9999 9999 9999 ]
[ 9998 9998 9998 9998 9998 9998 9999 9999 9999 9999 ]
[ 9998 9998 9998 9998 9998 9998 9998 9999 9999 9999 ]
[ 9998 9998 9998 9998 9998 9998 9998 9998 9999 9999 ]
[ 9998 9998 9998 9998 9998 9998 9998 9998 9998 9999 ]

Timer (sort): 10270ms real	10270ms user	0ms sys
The output is sorted!
[ 0 0 0 0 0 0 0 0 0 1 ]
[ 0 0 0 0 0 0 0 0 1 1 ]
[ 0 0 0 0 0 0 0 1 1 1 ]
[ 0 0 0 0 0 0 1 1 1 1 ]
[ 0 0 0 0 0 1 1 1 1 1 ]
[ 0 0 0 0 1 1 1 1 1 1 ]
[ 0 0 0 1 1 1 1 1 1 1 ]
[ 0 0 1 1 1 1 1 1 1 1 ]
[ 0 1 1 1 1 1 1 1 1 1 ]
[ 1 1 1 1 1 1 1 1 1 1 ]
[ 1 1 1 1 1 1 1 1 1 2 ]
[ 1 1 1 1 1 1 1 1 2 2 ]
[ 1 1 1 1 1 1 1 2 2 2 ]
[ 1 1 1 1 1 1 2 2 2 2 ]
[ 1 1 1 1 1 2 2 2 2 2 ]
[ 1 1 1 1 2 2 2 2 2 2 ]
[ 1 1 1 2 2 2 2 2 2 2 ]
[ 1 1 2 2 2 2 2 2 2 2 ]
[ 1 2 2 2 2 2 2 2 2 2 ]
[ 2 2 2 2 2 2 2 2 2 2 ]

Timer (generate): 5ms real	0ms user	0ms sys
[ 10000 10000 10000 10000 10000 10000 10000 10000 10000 10000 ]
[ 9999 10000 10000 10000 10000 10000 10000 10000 10000 10000 ]
[ 9999 9999 10000 10000 10000 10000 10000 10000 10000 10000 ]
[ 9999 9999 9999 10000 10000 10000 10000 10000 10000 10000 ]
[ 9999 9999 9999 9999 10000 10000 10000 10000 10000 10000 ]
[ 9999 9999 9999 9999 9999 10000 10000 10000 10000 10000 ]
[ 9999 9999 9999 9999 9999 9999 10000 10000 10000 10000 ]
[ 9999 9999 9999 9999 9999 9999 9999 10000 10000 10000 ]
[ 9999 9999 9999 9999 9999 9999 9999 9999 10000 10000 ]
[ 9999 9999 9999 9999 9999 9999 9999 9999 9999 10000 ]
[ 9999 9999 9999 9999 9999 9999 9999 9999 9999 9999 ]
[ 9998 9999 9999 9999 9999 9999 9999 9999 9999 9999 ]
[ 9998 9998 9999 9999 9999 9999 9999 9999 9999 9999 ]
[ 9998 9998 9998 9999 9999 9999 9999 9999 9999 9999 ]
[ 9998 9998 9998 9998 9999 9999 9999 9999 9999 9999 ]
[ 9998 9998 9998 9998 9998 9999 9999 9999 9999 9999 ]
[ 9998 9998 9998 9998 9998 9998 9999 9999 9999 9999 ]
[ 9998 9998 9998 9998 9998 9998 9998 9999 9999 9999 ]
[ 9998 9998 9998 9998 9998 9998 9998 9998 9999 9999 ]
[ 9998 9998 9998 9998 9998 9998 9998 9998 9998 9999 ]

Timer (sort): 10531ms real	10530ms user	0ms sys
The output is sorted!
[ 0 0 0 0 0 0 0 0 0 1 ]
[ 0 0 0 0 0 0 0 0 1 1 ]
[ 0 0 0 0 0 0 0 1 1 1 ]
[ 0 0 0 0 0 0 1 1 1 1 ]
[ 0 0 0 0 0 1 1 1 1 1 ]
[ 0 0 0 0 1 1 1 1 1 1 ]
[ 0 0 0 1 1 1 1 1 1 1 ]
[ 0 0 1 1 1 1 1 1 1 1 ]
[ 0 1 1 1 1 1 1 1 1 1 ]
[ 1 1 1 1 1 1 1 1 1 1 ]
[ 1 1 1 1 1 1 1 1 1 2 ]
[ 1 1 1 1 1 1 1 1 2 2 ]
[ 1 1 1 1 1 1 1 2 2 2 ]
[ 1 1 1 1 1 1 2 2 2 2 ]
[ 1 1 1 1 1 2 2 2 2 2 ]
[ 1 1 1 1 2 2 2 2 2 2 ]
[ 1 1 1 2 2 2 2 2 2 2 ]
[ 1 1 2 2 2 2 2 2 2 2 ]
[ 1 2 2 2 2 2 2 2 2 2 ]
[ 2 2 2 2 2 2 2 2 2 2 ]

Timer (generate): 5ms real	0ms user	0ms sys
[ 10000 10000 10000 10000 10000 10000 10000 10000 10000 10000 ]
[ 9999 10000 10000 10000 10000 10000 10000 10000 10000 10000 ]
[ 9999 9999 10000 10000 10000 10000 10000 10000 10000 10000 ]
[ 9999 9999 9999 10000 10000 10000 10000 10000 10000 10000 ]
[ 9999 9999 9999 9999 10000 10000 10000 10000 10000 10000 ]
[ 9999 9999 9999 9999 9999 10000 10000 10000 10000 10000 ]
[ 9999 9999 9999 9999 9999 9999 10000 10000 10000 10000 ]
[ 9999 9999 9999 9999 9999 9999 9999 10000 10000 10000 ]
[ 9999 9999 9999 9999 9999 9999 9999 9999 10000 10000 ]
[ 9999 9999 9999 9999 9999 9999 9999 9999 9999 10000 ]
[ 9999 9999 9999 9999 9999 9999 9999 9999 9999 9999 ]
[ 9998 9999 9999 9999 9999 9999 9999 9999 9999 9999 ]
[ 9998 9998 9999 9999 9999 9999 9999 9999 9999 9999 ]
[ 9998 9998 9998 9999 9999 9999 9999 9999 9999 9999 ]
[ 9998 9998 9998 9998 9999 9999 9999 9999 9999 9999 ]
[ 9998 9998 9998 9998 9998 9999 9999 9999 9999 9999 ]
[ 9998 9998 9998 9998 9998 9998 9999 9999 9999 9999 ]
[ 9998 9998 9998 9998 9998 9998 9998 9999 9999 9999 ]
[ 9998 9998 9998 9998 9998 9998 9998 9998 9999 9999 ]
[ 9998 9998 9998 9998 9998 9998 9998 9998 9998 9999 ]

Timer (sort): 11848ms real	11850ms user	0ms sys
The output is sorted!
[ 0 0 0 0 0 0 0 0 0 1 ]
[ 0 0 0 0 0 0 0 0 1 1 ]
[ 0 0 0 0 0 0 0 1 1 1 ]
[ 0 0 0 0 0 0 1 1 1 1 ]
[ 0 0 0 0 0 1 1 1 1 1 ]
[ 0 0 0 0 1 1 1 1 1 1 ]
[ 0 0 0 1 1 1 1 1 1 1 ]
[ 0 0 1 1 1 1 1 1 1 1 ]
[ 0 1 1 1 1 1 1 1 1 1 ]
[ 1 1 1 1 1 1 1 1 1 1 ]
[ 1 1 1 1 1 1 1 1 1 2 ]
[ 1 1 1 1 1 1 1 1 2 2 ]
[ 1 1 1 1 1 1 1 2 2 2 ]
[ 1 1 1 1 1 1 2 2 2 2 ]
[ 1 1 1 1 1 2 2 2 2 2 ]
[ 1 1 1 1 2 2 2 2 2 2 ]
[ 1 1 1 2 2 2 2 2 2 2 ]
[ 1 1 2 2 2 2 2 2 2 2 ]
[ 1 2 2 2 2 2 2 2 2 2 ]
[ 2 2 2 2 2 2 2 2 2 2 ]

