Timer (generate): 1ms real	0ms user	0ms sys
[ 400 400 400 400 400 400 400 400 400 400 400 400 400 400 400 400 400 400 400 400 400 400 400 400 400 ]
[ 399 400 400 400 400 400 400 400 400 400 400 400 400 400 400 400 400 400 400 400 400 400 400 400 400 ]
[ 399 399 400 400 400 400 400 400 400 400 400 400 400 400 400 400 400 400 400 400 400 400 400 400 400 ]
[ 399 399 399 400 400 400 400 400 400 400 400 400 400 400 400 400 400 400 400 400 400 400 400 400 400 ]
[ 399 399 399 399 400 400 400 400 400 400 400 400 400 400 400 400 400 400 400 400 400 400 400 400 400 ]
[ 399 399 399 399 399 400 400 400 400 400 400 400 400 400 400 400 400 400 400 400 400 400 400 400 400 ]
[ 399 399 399 399 399 399 400 400 400 400 400 400 400 400 400 400 400 400 400 400 400 400 400 400 400 ]
[ 399 399 399 399 399 399 399 400 400 400 400 400 400 400 400 400 400 400 400 400 400 400 400 400 400 ]
[ 399 399 399 399 399 399 399 399 400 400 400 400 400 400 400 400 400 400 400 400 400 400 400 400 400 ]
[ 399 399 399 399 399 399 399 399 399 400 400 400 400 400 400 400 400 400 400 400 400 400 400 400 400 ]
[ 399 399 399 399 399 399 399 399 399 399 400 400 400 400 400 400 400 400 400 400 400 400 400 400 400 ]
[ 399 399 399 399 399 399 399 399 399 399 399 400 400 400 400 400 400 400 400 400 400 400 400 400 400 ]
[ 399 399 399 399 399 399 399 399 399 399 399 399 400 400 400 400 400 400 400 400 400 400 400 400 400 ]
[ 399 399 399 399 399 399 399 399 399 399 399 399 399 400 400 400 400 400 400 400 400 400 400 400 400 ]
[ 399 399 399 399 399 399 399 399 399 399 399 399 399 399 400 400 400 400 400 400 400 400 400 400 400 ]
[ 399 399 399 399 399 399 399 399 399 399 399 399 399 399 399 400 400 400 400 400 400 400 400 400 400 ]
[ 399 399 399 399 399 399 399 399 399 399 399 399 399 399 399 399 400 400 400 400 400 400 400 400 400 ]
[ 399 399 399 399 399 399 399 399 399 399 399 399 399 399 399 399 399 400 400 400 400 400 400 400 400 ]
[ 399 399 399 399 399 399 399 399 399 399 399 399 399 399 399 399 399 399 400 400 400 400 400 400 400 ]
[ 399 399 399 399 399 399 399 399 399 399 399 399 399 399 399 399 399 399 399 400 400 400 400 400 400 ]

Timer (sort): 118ms real	110ms user	10ms sys
The output is sorted!
[ 0 0 0 0 0 0 0 0 0 0 0 0 0 0 0 0 0 0 0 0 0 0 0 0 1 ]
[ 0 0 0 0 0 0 0 0 0 0 0 0 0 0 0 0 0 0 0 0 0 0 0 1 1 ]
[ 0 0 0 0 0 0 0 0 0 0 0 0 0 0 0 0 0 0 0 0 0 0 1 1 1 ]
[ 0 0 0 0 0 0 0 0 0 0 0 0 0 0 0 0 0 0 0 0 0 1 1 1 1 ]
[ 0 0 0 0 0 0 0 0 0 0 0 0 0 0 0 0 0 0 0 0 1 1 1 1 1 ]
[ 0 0 0 0 0 0 0 0 0 0 0 0 0 0 0 0 0 0 0 1 1 1 1 1 1 ]
[ 0 0 0 0 0 0 0 0 0 0 0 0 0 0 0 0 0 0 1 1 1 1 1 1 1 ]
[ 0 0 0 0 0 0 0 0 0 0 0 0 0 0 0 0 0 1 1 1 1 1 1 1 1 ]
[ 0 0 0 0 0 0 0 0 0 0 0 0 0 0 0 0 1 1 1 1 1 1 1 1 1 ]
[ 0 0 0 0 0 0 0 0 0 0 0 0 0 0 0 1 1 1 1 1 1 1 1 1 1 ]
[ 0 0 0 0 0 0 0 0 0 0 0 0 0 0 1 1 1 1 1 1 1 1 1 1 1 ]
[ 0 0 0 0 0 0 0 0 0 0 0 0 0 1 1 1 1 1 1 1 1 1 1 1 1 ]
[ 0 0 0 0 0 0 0 0 0 0 0 0 1 1 1 1 1 1 1 1 1 1 1 1 1 ]
[ 0 0 0 0 0 0 0 0 0 0 0 1 1 1 1 1 1 1 1 1 1 1 1 1 1 ]
[ 0 0 0 0 0 0 0 0 0 0 1 1 1 1 1 1 1 1 1 1 1 1 1 1 1 ]
[ 0 0 0 0 0 0 0 0 0 1 1 1 1 1 1 1 1 1 1 1 1 1 1 1 1 ]
[ 0 0 0 0 0 0 0 0 1 1 1 1 1 1 1 1 1 1 1 1 1 1 1 1 1 ]
[ 0 0 0 0 0 0 0 1 1 1 1 1 1 1 1 1 1 1 1 1 1 1 1 1 1 ]
[ 0 0 0 0 0 0 1 1 1 1 1 1 1 1 1 1 1 1 1 1 1 1 1 1 1 ]
[ 0 0 0 0 0 1 1 1 1 1 1 1 1 1 1 1 1 1 1 1 1 1 1 1 1 ]

Timer (generate): 1ms real	0ms user	0ms sys
[ 400 400 400 400 400 400 400 400 400 400 400 400 400 400 400 400 400 400 400 400 400 400 400 400 400 ]
[ 399 400 400 400 400 400 400 400 400 400 400 400 400 400 400 400 400 400 400 400 400 400 400 400 400 ]
[ 399 399 400 400 400 400 400 400 400 400 400 400 400 400 400 400 400 400 400 400 400 400 400 400 400 ]
[ 399 399 399 400 400 400 400 400 400 400 400 400 400 400 400 400 400 400 400 400 400 400 400 400 400 ]
[ 399 399 399 399 400 400 400 400 400 400 400 400 400 400 400 400 400 400 400 400 400 400 400 400 400 ]
[ 399 399 399 399 399 400 400 400 400 400 400 400 400 400 400 400 400 400 400 400 400 400 400 400 400 ]
[ 399 399 399 399 399 399 400 400 400 400 400 400 400 400 400 400 400 400 400 400 400 400 400 400 400 ]
[ 399 399 399 399 399 399 399 400 400 400 400 400 400 400 400 400 400 400 400 400 400 400 400 400 400 ]
[ 399 399 399 399 399 399 399 399 400 400 400 400 400 400 400 400 400 400 400 400 400 400 400 400 400 ]
[ 399 399 399 399 399 399 399 399 399 400 400 400 400 400 400 400 400 400 400 400 400 400 400 400 400 ]
[ 399 399 399 399 399 399 399 399 399 399 400 400 400 400 400 400 400 400 400 400 400 400 400 400 400 ]
[ 399 399 399 399 399 399 399 399 399 399 399 400 400 400 400 400 400 400 400 400 400 400 400 400 400 ]
[ 399 399 399 399 399 399 399 399 399 399 399 399 400 400 400 400 400 400 400 400 400 400 400 400 400 ]
[ 399 399 399 399 399 399 399 399 399 399 399 399 399 400 400 400 400 400 400 400 400 400 400 400 400 ]
[ 399 399 399 399 399 399 399 399 399 399 399 399 399 399 400 400 400 400 400 400 400 400 400 400 400 ]
[ 399 399 399 399 399 399 399 399 399 399 399 399 399 399 399 400 400 400 400 400 400 400 400 400 400 ]
[ 399 399 399 399 399 399 399 399 399 399 399 399 399 399 399 399 400 400 400 400 400 400 400 400 400 ]
[ 399 399 399 399 399 399 399 399 399 399 399 399 399 399 399 399 399 400 400 400 400 400 400 400 400 ]
[ 399 399 399 399 399 399 399 399 399 399 399 399 399 399 399 399 399 399 400 400 400 400 400 400 400 ]
[ 399 399 399 399 399 399 399 399 399 399 399 399 399 399 399 399 399 399 399 400 400 400 400 400 400 ]

Timer (sort): 151ms real	140ms user	0ms sys
The output is sorted!
[ 0 0 0 0 0 0 0 0 0 0 0 0 0 0 0 0 0 0 0 0 0 0 0 0 1 ]
[ 0 0 0 0 0 0 0 0 0 0 0 0 0 0 0 0 0 0 0 0 0 0 0 1 1 ]
[ 0 0 0 0 0 0 0 0 0 0 0 0 0 0 0 0 0 0 0 0 0 0 1 1 1 ]
[ 0 0 0 0 0 0 0 0 0 0 0 0 0 0 0 0 0 0 0 0 0 1 1 1 1 ]
[ 0 0 0 0 0 0 0 0 0 0 0 0 0 0 0 0 0 0 0 0 1 1 1 1 1 ]
[ 0 0 0 0 0 0 0 0 0 0 0 0 0 0 0 0 0 0 0 1 1 1 1 1 1 ]
[ 0 0 0 0 0 0 0 0 0 0 0 0 0 0 0 0 0 0 1 1 1 1 1 1 1 ]
[ 0 0 0 0 0 0 0 0 0 0 0 0 0 0 0 0 0 1 1 1 1 1 1 1 1 ]
[ 0 0 0 0 0 0 0 0 0 0 0 0 0 0 0 0 1 1 1 1 1 1 1 1 1 ]
[ 0 0 0 0 0 0 0 0 0 0 0 0 0 0 0 1 1 1 1 1 1 1 1 1 1 ]
[ 0 0 0 0 0 0 0 0 0 0 0 0 0 0 1 1 1 1 1 1 1 1 1 1 1 ]
[ 0 0 0 0 0 0 0 0 0 0 0 0 0 1 1 1 1 1 1 1 1 1 1 1 1 ]
[ 0 0 0 0 0 0 0 0 0 0 0 0 1 1 1 1 1 1 1 1 1 1 1 1 1 ]
[ 0 0 0 0 0 0 0 0 0 0 0 1 1 1 1 1 1 1 1 1 1 1 1 1 1 ]
[ 0 0 0 0 0 0 0 0 0 0 1 1 1 1 1 1 1 1 1 1 1 1 1 1 1 ]
[ 0 0 0 0 0 0 0 0 0 1 1 1 1 1 1 1 1 1 1 1 1 1 1 1 1 ]
[ 0 0 0 0 0 0 0 0 1 1 1 1 1 1 1 1 1 1 1 1 1 1 1 1 1 ]
[ 0 0 0 0 0 0 0 1 1 1 1 1 1 1 1 1 1 1 1 1 1 1 1 1 1 ]
[ 0 0 0 0 0 0 1 1 1 1 1 1 1 1 1 1 1 1 1 1 1 1 1 1 1 ]
[ 0 0 0 0 0 1 1 1 1 1 1 1 1 1 1 1 1 1 1 1 1 1 1 1 1 ]

Timer (generate): 1ms real	0ms user	0ms sys
[ 400 400 400 400 400 400 400 400 400 400 400 400 400 400 400 400 400 400 400 400 400 400 400 400 400 ]
[ 399 400 400 400 400 400 400 400 400 400 400 400 400 400 400 400 400 400 400 400 400 400 400 400 400 ]
[ 399 399 400 400 400 400 400 400 400 400 400 400 400 400 400 400 400 400 400 400 400 400 400 400 400 ]
[ 399 399 399 400 400 400 400 400 400 400 400 400 400 400 400 400 400 400 400 400 400 400 400 400 400 ]
[ 399 399 399 399 400 400 400 400 400 400 400 400 400 400 400 400 400 400 400 400 400 400 400 400 400 ]
[ 399 399 399 399 399 400 400 400 400 400 400 400 400 400 400 400 400 400 400 400 400 400 400 400 400 ]
[ 399 399 399 399 399 399 400 400 400 400 400 400 400 400 400 400 400 400 400 400 400 400 400 400 400 ]
[ 399 399 399 399 399 399 399 400 400 400 400 400 400 400 400 400 400 400 400 400 400 400 400 400 400 ]
[ 399 399 399 399 399 399 399 399 400 400 400 400 400 400 400 400 400 400 400 400 400 400 400 400 400 ]
[ 399 399 399 399 399 399 399 399 399 400 400 400 400 400 400 400 400 400 400 400 400 400 400 400 400 ]
[ 399 399 399 399 399 399 399 399 399 399 400 400 400 400 400 400 400 400 400 400 400 400 400 400 400 ]
[ 399 399 399 399 399 399 399 399 399 399 399 400 400 400 400 400 400 400 400 400 400 400 400 400 400 ]
[ 399 399 399 399 399 399 399 399 399 399 399 399 400 400 400 400 400 400 400 400 400 400 400 400 400 ]
[ 399 399 399 399 399 399 399 399 399 399 399 399 399 400 400 400 400 400 400 400 400 400 400 400 400 ]
[ 399 399 399 399 399 399 399 399 399 399 399 399 399 399 400 400 400 400 400 400 400 400 400 400 400 ]
[ 399 399 399 399 399 399 399 399 399 399 399 399 399 399 399 400 400 400 400 400 400 400 400 400 400 ]
[ 399 399 399 399 399 399 399 399 399 399 399 399 399 399 399 399 400 400 400 400 400 400 400 400 400 ]
[ 399 399 399 399 399 399 399 399 399 399 399 399 399 399 399 399 399 400 400 400 400 400 400 400 400 ]
[ 399 399 399 399 399 399 399 399 399 399 399 399 399 399 399 399 399 399 400 400 400 400 400 400 400 ]
[ 399 399 399 399 399 399 399 399 399 399 399 399 399 399 399 399 399 399 399 400 400 400 400 400 400 ]

Timer (sort): 133ms real	130ms user	0ms sys
The output is sorted!
[ 0 0 0 0 0 0 0 0 0 0 0 0 0 0 0 0 0 0 0 0 0 0 0 0 1 ]
[ 0 0 0 0 0 0 0 0 0 0 0 0 0 0 0 0 0 0 0 0 0 0 0 1 1 ]
[ 0 0 0 0 0 0 0 0 0 0 0 0 0 0 0 0 0 0 0 0 0 0 1 1 1 ]
[ 0 0 0 0 0 0 0 0 0 0 0 0 0 0 0 0 0 0 0 0 0 1 1 1 1 ]
[ 0 0 0 0 0 0 0 0 0 0 0 0 0 0 0 0 0 0 0 0 1 1 1 1 1 ]
[ 0 0 0 0 0 0 0 0 0 0 0 0 0 0 0 0 0 0 0 1 1 1 1 1 1 ]
[ 0 0 0 0 0 0 0 0 0 0 0 0 0 0 0 0 0 0 1 1 1 1 1 1 1 ]
[ 0 0 0 0 0 0 0 0 0 0 0 0 0 0 0 0 0 1 1 1 1 1 1 1 1 ]
[ 0 0 0 0 0 0 0 0 0 0 0 0 0 0 0 0 1 1 1 1 1 1 1 1 1 ]
[ 0 0 0 0 0 0 0 0 0 0 0 0 0 0 0 1 1 1 1 1 1 1 1 1 1 ]
[ 0 0 0 0 0 0 0 0 0 0 0 0 0 0 1 1 1 1 1 1 1 1 1 1 1 ]
[ 0 0 0 0 0 0 0 0 0 0 0 0 0 1 1 1 1 1 1 1 1 1 1 1 1 ]
[ 0 0 0 0 0 0 0 0 0 0 0 0 1 1 1 1 1 1 1 1 1 1 1 1 1 ]
[ 0 0 0 0 0 0 0 0 0 0 0 1 1 1 1 1 1 1 1 1 1 1 1 1 1 ]
[ 0 0 0 0 0 0 0 0 0 0 1 1 1 1 1 1 1 1 1 1 1 1 1 1 1 ]
[ 0 0 0 0 0 0 0 0 0 1 1 1 1 1 1 1 1 1 1 1 1 1 1 1 1 ]
[ 0 0 0 0 0 0 0 0 1 1 1 1 1 1 1 1 1 1 1 1 1 1 1 1 1 ]
[ 0 0 0 0 0 0 0 1 1 1 1 1 1 1 1 1 1 1 1 1 1 1 1 1 1 ]
[ 0 0 0 0 0 0 1 1 1 1 1 1 1 1 1 1 1 1 1 1 1 1 1 1 1 ]
[ 0 0 0 0 0 1 1 1 1 1 1 1 1 1 1 1 1 1 1 1 1 1 1 1 1 ]

Timer (generate): 1ms real	0ms user	0ms sys
[ 400 400 400 400 400 400 400 400 400 400 400 400 400 400 400 400 400 400 400 400 400 400 400 400 400 ]
[ 399 400 400 400 400 400 400 400 400 400 400 400 400 400 400 400 400 400 400 400 400 400 400 400 400 ]
[ 399 399 400 400 400 400 400 400 400 400 400 400 400 400 400 400 400 400 400 400 400 400 400 400 400 ]
[ 399 399 399 400 400 400 400 400 400 400 400 400 400 400 400 400 400 400 400 400 400 400 400 400 400 ]
[ 399 399 399 399 400 400 400 400 400 400 400 400 400 400 400 400 400 400 400 400 400 400 400 400 400 ]
[ 399 399 399 399 399 400 400 400 400 400 400 400 400 400 400 400 400 400 400 400 400 400 400 400 400 ]
[ 399 399 399 399 399 399 400 400 400 400 400 400 400 400 400 400 400 400 400 400 400 400 400 400 400 ]
[ 399 399 399 399 399 399 399 400 400 400 400 400 400 400 400 400 400 400 400 400 400 400 400 400 400 ]
[ 399 399 399 399 399 399 399 399 400 400 400 400 400 400 400 400 400 400 400 400 400 400 400 400 400 ]
[ 399 399 399 399 399 399 399 399 399 400 400 400 400 400 400 400 400 400 400 400 400 400 400 400 400 ]
[ 399 399 399 399 399 399 399 399 399 399 400 400 400 400 400 400 400 400 400 400 400 400 400 400 400 ]
[ 399 399 399 399 399 399 399 399 399 399 399 400 400 400 400 400 400 400 400 400 400 400 400 400 400 ]
[ 399 399 399 399 399 399 399 399 399 399 399 399 400 400 400 400 400 400 400 400 400 400 400 400 400 ]
[ 399 399 399 399 399 399 399 399 399 399 399 399 399 400 400 400 400 400 400 400 400 400 400 400 400 ]
[ 399 399 399 399 399 399 399 399 399 399 399 399 399 399 400 400 400 400 400 400 400 400 400 400 400 ]
[ 399 399 399 399 399 399 399 399 399 399 399 399 399 399 399 400 400 400 400 400 400 400 400 400 400 ]
[ 399 399 399 399 399 399 399 399 399 399 399 399 399 399 399 399 400 400 400 400 400 400 400 400 400 ]
[ 399 399 399 399 399 399 399 399 399 399 399 399 399 399 399 399 399 400 400 400 400 400 400 400 400 ]
[ 399 399 399 399 399 399 399 399 399 399 399 399 399 399 399 399 399 399 400 400 400 400 400 400 400 ]
[ 399 399 399 399 399 399 399 399 399 399 399 399 399 399 399 399 399 399 399 400 400 400 400 400 400 ]

Timer (sort): 135ms real	130ms user	0ms sys
The output is sorted!
[ 0 0 0 0 0 0 0 0 0 0 0 0 0 0 0 0 0 0 0 0 0 0 0 0 1 ]
[ 0 0 0 0 0 0 0 0 0 0 0 0 0 0 0 0 0 0 0 0 0 0 0 1 1 ]
[ 0 0 0 0 0 0 0 0 0 0 0 0 0 0 0 0 0 0 0 0 0 0 1 1 1 ]
[ 0 0 0 0 0 0 0 0 0 0 0 0 0 0 0 0 0 0 0 0 0 1 1 1 1 ]
[ 0 0 0 0 0 0 0 0 0 0 0 0 0 0 0 0 0 0 0 0 1 1 1 1 1 ]
[ 0 0 0 0 0 0 0 0 0 0 0 0 0 0 0 0 0 0 0 1 1 1 1 1 1 ]
[ 0 0 0 0 0 0 0 0 0 0 0 0 0 0 0 0 0 0 1 1 1 1 1 1 1 ]
[ 0 0 0 0 0 0 0 0 0 0 0 0 0 0 0 0 0 1 1 1 1 1 1 1 1 ]
[ 0 0 0 0 0 0 0 0 0 0 0 0 0 0 0 0 1 1 1 1 1 1 1 1 1 ]
[ 0 0 0 0 0 0 0 0 0 0 0 0 0 0 0 1 1 1 1 1 1 1 1 1 1 ]
[ 0 0 0 0 0 0 0 0 0 0 0 0 0 0 1 1 1 1 1 1 1 1 1 1 1 ]
[ 0 0 0 0 0 0 0 0 0 0 0 0 0 1 1 1 1 1 1 1 1 1 1 1 1 ]
[ 0 0 0 0 0 0 0 0 0 0 0 0 1 1 1 1 1 1 1 1 1 1 1 1 1 ]
[ 0 0 0 0 0 0 0 0 0 0 0 1 1 1 1 1 1 1 1 1 1 1 1 1 1 ]
[ 0 0 0 0 0 0 0 0 0 0 1 1 1 1 1 1 1 1 1 1 1 1 1 1 1 ]
[ 0 0 0 0 0 0 0 0 0 1 1 1 1 1 1 1 1 1 1 1 1 1 1 1 1 ]
[ 0 0 0 0 0 0 0 0 1 1 1 1 1 1 1 1 1 1 1 1 1 1 1 1 1 ]
[ 0 0 0 0 0 0 0 1 1 1 1 1 1 1 1 1 1 1 1 1 1 1 1 1 1 ]
[ 0 0 0 0 0 0 1 1 1 1 1 1 1 1 1 1 1 1 1 1 1 1 1 1 1 ]
[ 0 0 0 0 0 1 1 1 1 1 1 1 1 1 1 1 1 1 1 1 1 1 1 1 1 ]

Timer (generate): 1ms real	0ms user	0ms sys
[ 400 400 400 400 400 400 400 400 400 400 400 400 400 400 400 400 400 400 400 400 400 400 400 400 400 ]
[ 399 400 400 400 400 400 400 400 400 400 400 400 400 400 400 400 400 400 400 400 400 400 400 400 400 ]
[ 399 399 400 400 400 400 400 400 400 400 400 400 400 400 400 400 400 400 400 400 400 400 400 400 400 ]
[ 399 399 399 400 400 400 400 400 400 400 400 400 400 400 400 400 400 400 400 400 400 400 400 400 400 ]
[ 399 399 399 399 400 400 400 400 400 400 400 400 400 400 400 400 400 400 400 400 400 400 400 400 400 ]
[ 399 399 399 399 399 400 400 400 400 400 400 400 400 400 400 400 400 400 400 400 400 400 400 400 400 ]
[ 399 399 399 399 399 399 400 400 400 400 400 400 400 400 400 400 400 400 400 400 400 400 400 400 400 ]
[ 399 399 399 399 399 399 399 400 400 400 400 400 400 400 400 400 400 400 400 400 400 400 400 400 400 ]
[ 399 399 399 399 399 399 399 399 400 400 400 400 400 400 400 400 400 400 400 400 400 400 400 400 400 ]
[ 399 399 399 399 399 399 399 399 399 400 400 400 400 400 400 400 400 400 400 400 400 400 400 400 400 ]
[ 399 399 399 399 399 399 399 399 399 399 400 400 400 400 400 400 400 400 400 400 400 400 400 400 400 ]
[ 399 399 399 399 399 399 399 399 399 399 399 400 400 400 400 400 400 400 400 400 400 400 400 400 400 ]
[ 399 399 399 399 399 399 399 399 399 399 399 399 400 400 400 400 400 400 400 400 400 400 400 400 400 ]
[ 399 399 399 399 399 399 399 399 399 399 399 399 399 400 400 400 400 400 400 400 400 400 400 400 400 ]
[ 399 399 399 399 399 399 399 399 399 399 399 399 399 399 400 400 400 400 400 400 400 400 400 400 400 ]
[ 399 399 399 399 399 399 399 399 399 399 399 399 399 399 399 400 400 400 400 400 400 400 400 400 400 ]
[ 399 399 399 399 399 399 399 399 399 399 399 399 399 399 399 399 400 400 400 400 400 400 400 400 400 ]
[ 399 399 399 399 399 399 399 399 399 399 399 399 399 399 399 399 399 400 400 400 400 400 400 400 400 ]
[ 399 399 399 399 399 399 399 399 399 399 399 399 399 399 399 399 399 399 400 400 400 400 400 400 400 ]
[ 399 399 399 399 399 399 399 399 399 399 399 399 399 399 399 399 399 399 399 400 400 400 400 400 400 ]

Timer (sort): 119ms real	120ms user	0ms sys
The output is sorted!
[ 0 0 0 0 0 0 0 0 0 0 0 0 0 0 0 0 0 0 0 0 0 0 0 0 1 ]
[ 0 0 0 0 0 0 0 0 0 0 0 0 0 0 0 0 0 0 0 0 0 0 0 1 1 ]
[ 0 0 0 0 0 0 0 0 0 0 0 0 0 0 0 0 0 0 0 0 0 0 1 1 1 ]
[ 0 0 0 0 0 0 0 0 0 0 0 0 0 0 0 0 0 0 0 0 0 1 1 1 1 ]
[ 0 0 0 0 0 0 0 0 0 0 0 0 0 0 0 0 0 0 0 0 1 1 1 1 1 ]
[ 0 0 0 0 0 0 0 0 0 0 0 0 0 0 0 0 0 0 0 1 1 1 1 1 1 ]
[ 0 0 0 0 0 0 0 0 0 0 0 0 0 0 0 0 0 0 1 1 1 1 1 1 1 ]
[ 0 0 0 0 0 0 0 0 0 0 0 0 0 0 0 0 0 1 1 1 1 1 1 1 1 ]
[ 0 0 0 0 0 0 0 0 0 0 0 0 0 0 0 0 1 1 1 1 1 1 1 1 1 ]
[ 0 0 0 0 0 0 0 0 0 0 0 0 0 0 0 1 1 1 1 1 1 1 1 1 1 ]
[ 0 0 0 0 0 0 0 0 0 0 0 0 0 0 1 1 1 1 1 1 1 1 1 1 1 ]
[ 0 0 0 0 0 0 0 0 0 0 0 0 0 1 1 1 1 1 1 1 1 1 1 1 1 ]
[ 0 0 0 0 0 0 0 0 0 0 0 0 1 1 1 1 1 1 1 1 1 1 1 1 1 ]
[ 0 0 0 0 0 0 0 0 0 0 0 1 1 1 1 1 1 1 1 1 1 1 1 1 1 ]
[ 0 0 0 0 0 0 0 0 0 0 1 1 1 1 1 1 1 1 1 1 1 1 1 1 1 ]
[ 0 0 0 0 0 0 0 0 0 1 1 1 1 1 1 1 1 1 1 1 1 1 1 1 1 ]
[ 0 0 0 0 0 0 0 0 1 1 1 1 1 1 1 1 1 1 1 1 1 1 1 1 1 ]
[ 0 0 0 0 0 0 0 1 1 1 1 1 1 1 1 1 1 1 1 1 1 1 1 1 1 ]
[ 0 0 0 0 0 0 1 1 1 1 1 1 1 1 1 1 1 1 1 1 1 1 1 1 1 ]
[ 0 0 0 0 0 1 1 1 1 1 1 1 1 1 1 1 1 1 1 1 1 1 1 1 1 ]

Timer (generate): 2ms real	0ms user	0ms sys
[ 400 400 400 400 400 400 400 400 400 400 400 400 400 400 400 400 400 400 400 400 400 400 400 400 400 ]
[ 399 400 400 400 400 400 400 400 400 400 400 400 400 400 400 400 400 400 400 400 400 400 400 400 400 ]
[ 399 399 400 400 400 400 400 400 400 400 400 400 400 400 400 400 400 400 400 400 400 400 400 400 400 ]
[ 399 399 399 400 400 400 400 400 400 400 400 400 400 400 400 400 400 400 400 400 400 400 400 400 400 ]
[ 399 399 399 399 400 400 400 400 400 400 400 400 400 400 400 400 400 400 400 400 400 400 400 400 400 ]
[ 399 399 399 399 399 400 400 400 400 400 400 400 400 400 400 400 400 400 400 400 400 400 400 400 400 ]
[ 399 399 399 399 399 399 400 400 400 400 400 400 400 400 400 400 400 400 400 400 400 400 400 400 400 ]
[ 399 399 399 399 399 399 399 400 400 400 400 400 400 400 400 400 400 400 400 400 400 400 400 400 400 ]
[ 399 399 399 399 399 399 399 399 400 400 400 400 400 400 400 400 400 400 400 400 400 400 400 400 400 ]
[ 399 399 399 399 399 399 399 399 399 400 400 400 400 400 400 400 400 400 400 400 400 400 400 400 400 ]
[ 399 399 399 399 399 399 399 399 399 399 400 400 400 400 400 400 400 400 400 400 400 400 400 400 400 ]
[ 399 399 399 399 399 399 399 399 399 399 399 400 400 400 400 400 400 400 400 400 400 400 400 400 400 ]
[ 399 399 399 399 399 399 399 399 399 399 399 399 400 400 400 400 400 400 400 400 400 400 400 400 400 ]
[ 399 399 399 399 399 399 399 399 399 399 399 399 399 400 400 400 400 400 400 400 400 400 400 400 400 ]
[ 399 399 399 399 399 399 399 399 399 399 399 399 399 399 400 400 400 400 400 400 400 400 400 400 400 ]
[ 399 399 399 399 399 399 399 399 399 399 399 399 399 399 399 400 400 400 400 400 400 400 400 400 400 ]
[ 399 399 399 399 399 399 399 399 399 399 399 399 399 399 399 399 400 400 400 400 400 400 400 400 400 ]
[ 399 399 399 399 399 399 399 399 399 399 399 399 399 399 399 399 399 400 400 400 400 400 400 400 400 ]
[ 399 399 399 399 399 399 399 399 399 399 399 399 399 399 399 399 399 399 400 400 400 400 400 400 400 ]
[ 399 399 399 399 399 399 399 399 399 399 399 399 399 399 399 399 399 399 399 400 400 400 400 400 400 ]

Timer (sort): 133ms real	130ms user	0ms sys
The output is sorted!
[ 0 0 0 0 0 0 0 0 0 0 0 0 0 0 0 0 0 0 0 0 0 0 0 0 1 ]
[ 0 0 0 0 0 0 0 0 0 0 0 0 0 0 0 0 0 0 0 0 0 0 0 1 1 ]
[ 0 0 0 0 0 0 0 0 0 0 0 0 0 0 0 0 0 0 0 0 0 0 1 1 1 ]
[ 0 0 0 0 0 0 0 0 0 0 0 0 0 0 0 0 0 0 0 0 0 1 1 1 1 ]
[ 0 0 0 0 0 0 0 0 0 0 0 0 0 0 0 0 0 0 0 0 1 1 1 1 1 ]
[ 0 0 0 0 0 0 0 0 0 0 0 0 0 0 0 0 0 0 0 1 1 1 1 1 1 ]
[ 0 0 0 0 0 0 0 0 0 0 0 0 0 0 0 0 0 0 1 1 1 1 1 1 1 ]
[ 0 0 0 0 0 0 0 0 0 0 0 0 0 0 0 0 0 1 1 1 1 1 1 1 1 ]
[ 0 0 0 0 0 0 0 0 0 0 0 0 0 0 0 0 1 1 1 1 1 1 1 1 1 ]
[ 0 0 0 0 0 0 0 0 0 0 0 0 0 0 0 1 1 1 1 1 1 1 1 1 1 ]
[ 0 0 0 0 0 0 0 0 0 0 0 0 0 0 1 1 1 1 1 1 1 1 1 1 1 ]
[ 0 0 0 0 0 0 0 0 0 0 0 0 0 1 1 1 1 1 1 1 1 1 1 1 1 ]
[ 0 0 0 0 0 0 0 0 0 0 0 0 1 1 1 1 1 1 1 1 1 1 1 1 1 ]
[ 0 0 0 0 0 0 0 0 0 0 0 1 1 1 1 1 1 1 1 1 1 1 1 1 1 ]
[ 0 0 0 0 0 0 0 0 0 0 1 1 1 1 1 1 1 1 1 1 1 1 1 1 1 ]
[ 0 0 0 0 0 0 0 0 0 1 1 1 1 1 1 1 1 1 1 1 1 1 1 1 1 ]
[ 0 0 0 0 0 0 0 0 1 1 1 1 1 1 1 1 1 1 1 1 1 1 1 1 1 ]
[ 0 0 0 0 0 0 0 1 1 1 1 1 1 1 1 1 1 1 1 1 1 1 1 1 1 ]
[ 0 0 0 0 0 0 1 1 1 1 1 1 1 1 1 1 1 1 1 1 1 1 1 1 1 ]
[ 0 0 0 0 0 1 1 1 1 1 1 1 1 1 1 1 1 1 1 1 1 1 1 1 1 ]

Timer (generate): 1ms real	0ms user	0ms sys
[ 400 400 400 400 400 400 400 400 400 400 400 400 400 400 400 400 400 400 400 400 400 400 400 400 400 ]
[ 399 400 400 400 400 400 400 400 400 400 400 400 400 400 400 400 400 400 400 400 400 400 400 400 400 ]
[ 399 399 400 400 400 400 400 400 400 400 400 400 400 400 400 400 400 400 400 400 400 400 400 400 400 ]
[ 399 399 399 400 400 400 400 400 400 400 400 400 400 400 400 400 400 400 400 400 400 400 400 400 400 ]
[ 399 399 399 399 400 400 400 400 400 400 400 400 400 400 400 400 400 400 400 400 400 400 400 400 400 ]
[ 399 399 399 399 399 400 400 400 400 400 400 400 400 400 400 400 400 400 400 400 400 400 400 400 400 ]
[ 399 399 399 399 399 399 400 400 400 400 400 400 400 400 400 400 400 400 400 400 400 400 400 400 400 ]
[ 399 399 399 399 399 399 399 400 400 400 400 400 400 400 400 400 400 400 400 400 400 400 400 400 400 ]
[ 399 399 399 399 399 399 399 399 400 400 400 400 400 400 400 400 400 400 400 400 400 400 400 400 400 ]
[ 399 399 399 399 399 399 399 399 399 400 400 400 400 400 400 400 400 400 400 400 400 400 400 400 400 ]
[ 399 399 399 399 399 399 399 399 399 399 400 400 400 400 400 400 400 400 400 400 400 400 400 400 400 ]
[ 399 399 399 399 399 399 399 399 399 399 399 400 400 400 400 400 400 400 400 400 400 400 400 400 400 ]
[ 399 399 399 399 399 399 399 399 399 399 399 399 400 400 400 400 400 400 400 400 400 400 400 400 400 ]
[ 399 399 399 399 399 399 399 399 399 399 399 399 399 400 400 400 400 400 400 400 400 400 400 400 400 ]
[ 399 399 399 399 399 399 399 399 399 399 399 399 399 399 400 400 400 400 400 400 400 400 400 400 400 ]
[ 399 399 399 399 399 399 399 399 399 399 399 399 399 399 399 400 400 400 400 400 400 400 400 400 400 ]
[ 399 399 399 399 399 399 399 399 399 399 399 399 399 399 399 399 400 400 400 400 400 400 400 400 400 ]
[ 399 399 399 399 399 399 399 399 399 399 399 399 399 399 399 399 399 400 400 400 400 400 400 400 400 ]
[ 399 399 399 399 399 399 399 399 399 399 399 399 399 399 399 399 399 399 400 400 400 400 400 400 400 ]
[ 399 399 399 399 399 399 399 399 399 399 399 399 399 399 399 399 399 399 399 400 400 400 400 400 400 ]

Timer (sort): 107ms real	110ms user	0ms sys
The output is sorted!
[ 0 0 0 0 0 0 0 0 0 0 0 0 0 0 0 0 0 0 0 0 0 0 0 0 1 ]
[ 0 0 0 0 0 0 0 0 0 0 0 0 0 0 0 0 0 0 0 0 0 0 0 1 1 ]
[ 0 0 0 0 0 0 0 0 0 0 0 0 0 0 0 0 0 0 0 0 0 0 1 1 1 ]
[ 0 0 0 0 0 0 0 0 0 0 0 0 0 0 0 0 0 0 0 0 0 1 1 1 1 ]
[ 0 0 0 0 0 0 0 0 0 0 0 0 0 0 0 0 0 0 0 0 1 1 1 1 1 ]
[ 0 0 0 0 0 0 0 0 0 0 0 0 0 0 0 0 0 0 0 1 1 1 1 1 1 ]
[ 0 0 0 0 0 0 0 0 0 0 0 0 0 0 0 0 0 0 1 1 1 1 1 1 1 ]
[ 0 0 0 0 0 0 0 0 0 0 0 0 0 0 0 0 0 1 1 1 1 1 1 1 1 ]
[ 0 0 0 0 0 0 0 0 0 0 0 0 0 0 0 0 1 1 1 1 1 1 1 1 1 ]
[ 0 0 0 0 0 0 0 0 0 0 0 0 0 0 0 1 1 1 1 1 1 1 1 1 1 ]
[ 0 0 0 0 0 0 0 0 0 0 0 0 0 0 1 1 1 1 1 1 1 1 1 1 1 ]
[ 0 0 0 0 0 0 0 0 0 0 0 0 0 1 1 1 1 1 1 1 1 1 1 1 1 ]
[ 0 0 0 0 0 0 0 0 0 0 0 0 1 1 1 1 1 1 1 1 1 1 1 1 1 ]
[ 0 0 0 0 0 0 0 0 0 0 0 1 1 1 1 1 1 1 1 1 1 1 1 1 1 ]
[ 0 0 0 0 0 0 0 0 0 0 1 1 1 1 1 1 1 1 1 1 1 1 1 1 1 ]
[ 0 0 0 0 0 0 0 0 0 1 1 1 1 1 1 1 1 1 1 1 1 1 1 1 1 ]
[ 0 0 0 0 0 0 0 0 1 1 1 1 1 1 1 1 1 1 1 1 1 1 1 1 1 ]
[ 0 0 0 0 0 0 0 1 1 1 1 1 1 1 1 1 1 1 1 1 1 1 1 1 1 ]
[ 0 0 0 0 0 0 1 1 1 1 1 1 1 1 1 1 1 1 1 1 1 1 1 1 1 ]
[ 0 0 0 0 0 1 1 1 1 1 1 1 1 1 1 1 1 1 1 1 1 1 1 1 1 ]

Timer (generate): 1ms real	0ms user	0ms sys
[ 400 400 400 400 400 400 400 400 400 400 400 400 400 400 400 400 400 400 400 400 400 400 400 400 400 ]
[ 399 400 400 400 400 400 400 400 400 400 400 400 400 400 400 400 400 400 400 400 400 400 400 400 400 ]
[ 399 399 400 400 400 400 400 400 400 400 400 400 400 400 400 400 400 400 400 400 400 400 400 400 400 ]
[ 399 399 399 400 400 400 400 400 400 400 400 400 400 400 400 400 400 400 400 400 400 400 400 400 400 ]
[ 399 399 399 399 400 400 400 400 400 400 400 400 400 400 400 400 400 400 400 400 400 400 400 400 400 ]
[ 399 399 399 399 399 400 400 400 400 400 400 400 400 400 400 400 400 400 400 400 400 400 400 400 400 ]
[ 399 399 399 399 399 399 400 400 400 400 400 400 400 400 400 400 400 400 400 400 400 400 400 400 400 ]
[ 399 399 399 399 399 399 399 400 400 400 400 400 400 400 400 400 400 400 400 400 400 400 400 400 400 ]
[ 399 399 399 399 399 399 399 399 400 400 400 400 400 400 400 400 400 400 400 400 400 400 400 400 400 ]
[ 399 399 399 399 399 399 399 399 399 400 400 400 400 400 400 400 400 400 400 400 400 400 400 400 400 ]
[ 399 399 399 399 399 399 399 399 399 399 400 400 400 400 400 400 400 400 400 400 400 400 400 400 400 ]
[ 399 399 399 399 399 399 399 399 399 399 399 400 400 400 400 400 400 400 400 400 400 400 400 400 400 ]
[ 399 399 399 399 399 399 399 399 399 399 399 399 400 400 400 400 400 400 400 400 400 400 400 400 400 ]
[ 399 399 399 399 399 399 399 399 399 399 399 399 399 400 400 400 400 400 400 400 400 400 400 400 400 ]
[ 399 399 399 399 399 399 399 399 399 399 399 399 399 399 400 400 400 400 400 400 400 400 400 400 400 ]
[ 399 399 399 399 399 399 399 399 399 399 399 399 399 399 399 400 400 400 400 400 400 400 400 400 400 ]
[ 399 399 399 399 399 399 399 399 399 399 399 399 399 399 399 399 400 400 400 400 400 400 400 400 400 ]
[ 399 399 399 399 399 399 399 399 399 399 399 399 399 399 399 399 399 400 400 400 400 400 400 400 400 ]
[ 399 399 399 399 399 399 399 399 399 399 399 399 399 399 399 399 399 399 400 400 400 400 400 400 400 ]
[ 399 399 399 399 399 399 399 399 399 399 399 399 399 399 399 399 399 399 399 400 400 400 400 400 400 ]

Timer (sort): 119ms real	120ms user	0ms sys
The output is sorted!
[ 0 0 0 0 0 0 0 0 0 0 0 0 0 0 0 0 0 0 0 0 0 0 0 0 1 ]
[ 0 0 0 0 0 0 0 0 0 0 0 0 0 0 0 0 0 0 0 0 0 0 0 1 1 ]
[ 0 0 0 0 0 0 0 0 0 0 0 0 0 0 0 0 0 0 0 0 0 0 1 1 1 ]
[ 0 0 0 0 0 0 0 0 0 0 0 0 0 0 0 0 0 0 0 0 0 1 1 1 1 ]
[ 0 0 0 0 0 0 0 0 0 0 0 0 0 0 0 0 0 0 0 0 1 1 1 1 1 ]
[ 0 0 0 0 0 0 0 0 0 0 0 0 0 0 0 0 0 0 0 1 1 1 1 1 1 ]
[ 0 0 0 0 0 0 0 0 0 0 0 0 0 0 0 0 0 0 1 1 1 1 1 1 1 ]
[ 0 0 0 0 0 0 0 0 0 0 0 0 0 0 0 0 0 1 1 1 1 1 1 1 1 ]
[ 0 0 0 0 0 0 0 0 0 0 0 0 0 0 0 0 1 1 1 1 1 1 1 1 1 ]
[ 0 0 0 0 0 0 0 0 0 0 0 0 0 0 0 1 1 1 1 1 1 1 1 1 1 ]
[ 0 0 0 0 0 0 0 0 0 0 0 0 0 0 1 1 1 1 1 1 1 1 1 1 1 ]
[ 0 0 0 0 0 0 0 0 0 0 0 0 0 1 1 1 1 1 1 1 1 1 1 1 1 ]
[ 0 0 0 0 0 0 0 0 0 0 0 0 1 1 1 1 1 1 1 1 1 1 1 1 1 ]
[ 0 0 0 0 0 0 0 0 0 0 0 1 1 1 1 1 1 1 1 1 1 1 1 1 1 ]
[ 0 0 0 0 0 0 0 0 0 0 1 1 1 1 1 1 1 1 1 1 1 1 1 1 1 ]
[ 0 0 0 0 0 0 0 0 0 1 1 1 1 1 1 1 1 1 1 1 1 1 1 1 1 ]
[ 0 0 0 0 0 0 0 0 1 1 1 1 1 1 1 1 1 1 1 1 1 1 1 1 1 ]
[ 0 0 0 0 0 0 0 1 1 1 1 1 1 1 1 1 1 1 1 1 1 1 1 1 1 ]
[ 0 0 0 0 0 0 1 1 1 1 1 1 1 1 1 1 1 1 1 1 1 1 1 1 1 ]
[ 0 0 0 0 0 1 1 1 1 1 1 1 1 1 1 1 1 1 1 1 1 1 1 1 1 ]

Timer (generate): 1ms real	0ms user	0ms sys
[ 400 400 400 400 400 400 400 400 400 400 400 400 400 400 400 400 400 400 400 400 400 400 400 400 400 ]
[ 399 400 400 400 400 400 400 400 400 400 400 400 400 400 400 400 400 400 400 400 400 400 400 400 400 ]
[ 399 399 400 400 400 400 400 400 400 400 400 400 400 400 400 400 400 400 400 400 400 400 400 400 400 ]
[ 399 399 399 400 400 400 400 400 400 400 400 400 400 400 400 400 400 400 400 400 400 400 400 400 400 ]
[ 399 399 399 399 400 400 400 400 400 400 400 400 400 400 400 400 400 400 400 400 400 400 400 400 400 ]
[ 399 399 399 399 399 400 400 400 400 400 400 400 400 400 400 400 400 400 400 400 400 400 400 400 400 ]
[ 399 399 399 399 399 399 400 400 400 400 400 400 400 400 400 400 400 400 400 400 400 400 400 400 400 ]
[ 399 399 399 399 399 399 399 400 400 400 400 400 400 400 400 400 400 400 400 400 400 400 400 400 400 ]
[ 399 399 399 399 399 399 399 399 400 400 400 400 400 400 400 400 400 400 400 400 400 400 400 400 400 ]
[ 399 399 399 399 399 399 399 399 399 400 400 400 400 400 400 400 400 400 400 400 400 400 400 400 400 ]
[ 399 399 399 399 399 399 399 399 399 399 400 400 400 400 400 400 400 400 400 400 400 400 400 400 400 ]
[ 399 399 399 399 399 399 399 399 399 399 399 400 400 400 400 400 400 400 400 400 400 400 400 400 400 ]
[ 399 399 399 399 399 399 399 399 399 399 399 399 400 400 400 400 400 400 400 400 400 400 400 400 400 ]
[ 399 399 399 399 399 399 399 399 399 399 399 399 399 400 400 400 400 400 400 400 400 400 400 400 400 ]
[ 399 399 399 399 399 399 399 399 399 399 399 399 399 399 400 400 400 400 400 400 400 400 400 400 400 ]
[ 399 399 399 399 399 399 399 399 399 399 399 399 399 399 399 400 400 400 400 400 400 400 400 400 400 ]
[ 399 399 399 399 399 399 399 399 399 399 399 399 399 399 399 399 400 400 400 400 400 400 400 400 400 ]
[ 399 399 399 399 399 399 399 399 399 399 399 399 399 399 399 399 399 400 400 400 400 400 400 400 400 ]
[ 399 399 399 399 399 399 399 399 399 399 399 399 399 399 399 399 399 399 400 400 400 400 400 400 400 ]
[ 399 399 399 399 399 399 399 399 399 399 399 399 399 399 399 399 399 399 399 400 400 400 400 400 400 ]

Timer (sort): 125ms real	120ms user	0ms sys
The output is sorted!
[ 0 0 0 0 0 0 0 0 0 0 0 0 0 0 0 0 0 0 0 0 0 0 0 0 1 ]
[ 0 0 0 0 0 0 0 0 0 0 0 0 0 0 0 0 0 0 0 0 0 0 0 1 1 ]
[ 0 0 0 0 0 0 0 0 0 0 0 0 0 0 0 0 0 0 0 0 0 0 1 1 1 ]
[ 0 0 0 0 0 0 0 0 0 0 0 0 0 0 0 0 0 0 0 0 0 1 1 1 1 ]
[ 0 0 0 0 0 0 0 0 0 0 0 0 0 0 0 0 0 0 0 0 1 1 1 1 1 ]
[ 0 0 0 0 0 0 0 0 0 0 0 0 0 0 0 0 0 0 0 1 1 1 1 1 1 ]
[ 0 0 0 0 0 0 0 0 0 0 0 0 0 0 0 0 0 0 1 1 1 1 1 1 1 ]
[ 0 0 0 0 0 0 0 0 0 0 0 0 0 0 0 0 0 1 1 1 1 1 1 1 1 ]
[ 0 0 0 0 0 0 0 0 0 0 0 0 0 0 0 0 1 1 1 1 1 1 1 1 1 ]
[ 0 0 0 0 0 0 0 0 0 0 0 0 0 0 0 1 1 1 1 1 1 1 1 1 1 ]
[ 0 0 0 0 0 0 0 0 0 0 0 0 0 0 1 1 1 1 1 1 1 1 1 1 1 ]
[ 0 0 0 0 0 0 0 0 0 0 0 0 0 1 1 1 1 1 1 1 1 1 1 1 1 ]
[ 0 0 0 0 0 0 0 0 0 0 0 0 1 1 1 1 1 1 1 1 1 1 1 1 1 ]
[ 0 0 0 0 0 0 0 0 0 0 0 1 1 1 1 1 1 1 1 1 1 1 1 1 1 ]
[ 0 0 0 0 0 0 0 0 0 0 1 1 1 1 1 1 1 1 1 1 1 1 1 1 1 ]
[ 0 0 0 0 0 0 0 0 0 1 1 1 1 1 1 1 1 1 1 1 1 1 1 1 1 ]
[ 0 0 0 0 0 0 0 0 1 1 1 1 1 1 1 1 1 1 1 1 1 1 1 1 1 ]
[ 0 0 0 0 0 0 0 1 1 1 1 1 1 1 1 1 1 1 1 1 1 1 1 1 1 ]
[ 0 0 0 0 0 0 1 1 1 1 1 1 1 1 1 1 1 1 1 1 1 1 1 1 1 ]
[ 0 0 0 0 0 1 1 1 1 1 1 1 1 1 1 1 1 1 1 1 1 1 1 1 1 ]

Timer (generate): 1ms real	0ms user	0ms sys
[ 400 400 400 400 400 400 400 400 400 400 400 400 400 400 400 400 400 400 400 400 400 400 400 400 400 ]
[ 399 400 400 400 400 400 400 400 400 400 400 400 400 400 400 400 400 400 400 400 400 400 400 400 400 ]
[ 399 399 400 400 400 400 400 400 400 400 400 400 400 400 400 400 400 400 400 400 400 400 400 400 400 ]
[ 399 399 399 400 400 400 400 400 400 400 400 400 400 400 400 400 400 400 400 400 400 400 400 400 400 ]
[ 399 399 399 399 400 400 400 400 400 400 400 400 400 400 400 400 400 400 400 400 400 400 400 400 400 ]
[ 399 399 399 399 399 400 400 400 400 400 400 400 400 400 400 400 400 400 400 400 400 400 400 400 400 ]
[ 399 399 399 399 399 399 400 400 400 400 400 400 400 400 400 400 400 400 400 400 400 400 400 400 400 ]
[ 399 399 399 399 399 399 399 400 400 400 400 400 400 400 400 400 400 400 400 400 400 400 400 400 400 ]
[ 399 399 399 399 399 399 399 399 400 400 400 400 400 400 400 400 400 400 400 400 400 400 400 400 400 ]
[ 399 399 399 399 399 399 399 399 399 400 400 400 400 400 400 400 400 400 400 400 400 400 400 400 400 ]
[ 399 399 399 399 399 399 399 399 399 399 400 400 400 400 400 400 400 400 400 400 400 400 400 400 400 ]
[ 399 399 399 399 399 399 399 399 399 399 399 400 400 400 400 400 400 400 400 400 400 400 400 400 400 ]
[ 399 399 399 399 399 399 399 399 399 399 399 399 400 400 400 400 400 400 400 400 400 400 400 400 400 ]
[ 399 399 399 399 399 399 399 399 399 399 399 399 399 400 400 400 400 400 400 400 400 400 400 400 400 ]
[ 399 399 399 399 399 399 399 399 399 399 399 399 399 399 400 400 400 400 400 400 400 400 400 400 400 ]
[ 399 399 399 399 399 399 399 399 399 399 399 399 399 399 399 400 400 400 400 400 400 400 400 400 400 ]
[ 399 399 399 399 399 399 399 399 399 399 399 399 399 399 399 399 400 400 400 400 400 400 400 400 400 ]
[ 399 399 399 399 399 399 399 399 399 399 399 399 399 399 399 399 399 400 400 400 400 400 400 400 400 ]
[ 399 399 399 399 399 399 399 399 399 399 399 399 399 399 399 399 399 399 400 400 400 400 400 400 400 ]
[ 399 399 399 399 399 399 399 399 399 399 399 399 399 399 399 399 399 399 399 400 400 400 400 400 400 ]

Timer (sort): 123ms real	120ms user	0ms sys
The output is sorted!
[ 0 0 0 0 0 0 0 0 0 0 0 0 0 0 0 0 0 0 0 0 0 0 0 0 1 ]
[ 0 0 0 0 0 0 0 0 0 0 0 0 0 0 0 0 0 0 0 0 0 0 0 1 1 ]
[ 0 0 0 0 0 0 0 0 0 0 0 0 0 0 0 0 0 0 0 0 0 0 1 1 1 ]
[ 0 0 0 0 0 0 0 0 0 0 0 0 0 0 0 0 0 0 0 0 0 1 1 1 1 ]
[ 0 0 0 0 0 0 0 0 0 0 0 0 0 0 0 0 0 0 0 0 1 1 1 1 1 ]
[ 0 0 0 0 0 0 0 0 0 0 0 0 0 0 0 0 0 0 0 1 1 1 1 1 1 ]
[ 0 0 0 0 0 0 0 0 0 0 0 0 0 0 0 0 0 0 1 1 1 1 1 1 1 ]
[ 0 0 0 0 0 0 0 0 0 0 0 0 0 0 0 0 0 1 1 1 1 1 1 1 1 ]
[ 0 0 0 0 0 0 0 0 0 0 0 0 0 0 0 0 1 1 1 1 1 1 1 1 1 ]
[ 0 0 0 0 0 0 0 0 0 0 0 0 0 0 0 1 1 1 1 1 1 1 1 1 1 ]
[ 0 0 0 0 0 0 0 0 0 0 0 0 0 0 1 1 1 1 1 1 1 1 1 1 1 ]
[ 0 0 0 0 0 0 0 0 0 0 0 0 0 1 1 1 1 1 1 1 1 1 1 1 1 ]
[ 0 0 0 0 0 0 0 0 0 0 0 0 1 1 1 1 1 1 1 1 1 1 1 1 1 ]
[ 0 0 0 0 0 0 0 0 0 0 0 1 1 1 1 1 1 1 1 1 1 1 1 1 1 ]
[ 0 0 0 0 0 0 0 0 0 0 1 1 1 1 1 1 1 1 1 1 1 1 1 1 1 ]
[ 0 0 0 0 0 0 0 0 0 1 1 1 1 1 1 1 1 1 1 1 1 1 1 1 1 ]
[ 0 0 0 0 0 0 0 0 1 1 1 1 1 1 1 1 1 1 1 1 1 1 1 1 1 ]
[ 0 0 0 0 0 0 0 1 1 1 1 1 1 1 1 1 1 1 1 1 1 1 1 1 1 ]
[ 0 0 0 0 0 0 1 1 1 1 1 1 1 1 1 1 1 1 1 1 1 1 1 1 1 ]
[ 0 0 0 0 0 1 1 1 1 1 1 1 1 1 1 1 1 1 1 1 1 1 1 1 1 ]

