Timer (generate): 11ms real	0ms user	0ms sys
[ 25000 25000 25000 25000 25000 25000 25000 25000 25000 25000 ]
[ 24999 25000 25000 25000 25000 25000 25000 25000 25000 25000 ]
[ 24999 24999 25000 25000 25000 25000 25000 25000 25000 25000 ]
[ 24999 24999 24999 25000 25000 25000 25000 25000 25000 25000 ]
[ 24999 24999 24999 24999 25000 25000 25000 25000 25000 25000 ]
[ 24999 24999 24999 24999 24999 25000 25000 25000 25000 25000 ]
[ 24999 24999 24999 24999 24999 24999 25000 25000 25000 25000 ]
[ 24999 24999 24999 24999 24999 24999 24999 25000 25000 25000 ]
[ 24999 24999 24999 24999 24999 24999 24999 24999 25000 25000 ]
[ 24999 24999 24999 24999 24999 24999 24999 24999 24999 25000 ]
[ 24999 24999 24999 24999 24999 24999 24999 24999 24999 24999 ]
[ 24998 24999 24999 24999 24999 24999 24999 24999 24999 24999 ]
[ 24998 24998 24999 24999 24999 24999 24999 24999 24999 24999 ]
[ 24998 24998 24998 24999 24999 24999 24999 24999 24999 24999 ]
[ 24998 24998 24998 24998 24999 24999 24999 24999 24999 24999 ]
[ 24998 24998 24998 24998 24998 24999 24999 24999 24999 24999 ]
[ 24998 24998 24998 24998 24998 24998 24999 24999 24999 24999 ]
[ 24998 24998 24998 24998 24998 24998 24998 24999 24999 24999 ]
[ 24998 24998 24998 24998 24998 24998 24998 24998 24999 24999 ]
[ 24998 24998 24998 24998 24998 24998 24998 24998 24998 24999 ]

Timer (sort): 68896ms real	68890ms user	0ms sys
The output is sorted!
[ 0 0 0 0 0 0 0 0 0 1 ]
[ 0 0 0 0 0 0 0 0 1 1 ]
[ 0 0 0 0 0 0 0 1 1 1 ]
[ 0 0 0 0 0 0 1 1 1 1 ]
[ 0 0 0 0 0 1 1 1 1 1 ]
[ 0 0 0 0 1 1 1 1 1 1 ]
[ 0 0 0 1 1 1 1 1 1 1 ]
[ 0 0 1 1 1 1 1 1 1 1 ]
[ 0 1 1 1 1 1 1 1 1 1 ]
[ 1 1 1 1 1 1 1 1 1 1 ]
[ 1 1 1 1 1 1 1 1 1 2 ]
[ 1 1 1 1 1 1 1 1 2 2 ]
[ 1 1 1 1 1 1 1 2 2 2 ]
[ 1 1 1 1 1 1 2 2 2 2 ]
[ 1 1 1 1 1 2 2 2 2 2 ]
[ 1 1 1 1 2 2 2 2 2 2 ]
[ 1 1 1 2 2 2 2 2 2 2 ]
[ 1 1 2 2 2 2 2 2 2 2 ]
[ 1 2 2 2 2 2 2 2 2 2 ]
[ 2 2 2 2 2 2 2 2 2 2 ]

Timer (generate): 18ms real	10ms user	0ms sys
[ 25000 25000 25000 25000 25000 25000 25000 25000 25000 25000 ]
[ 24999 25000 25000 25000 25000 25000 25000 25000 25000 25000 ]
[ 24999 24999 25000 25000 25000 25000 25000 25000 25000 25000 ]
[ 24999 24999 24999 25000 25000 25000 25000 25000 25000 25000 ]
[ 24999 24999 24999 24999 25000 25000 25000 25000 25000 25000 ]
[ 24999 24999 24999 24999 24999 25000 25000 25000 25000 25000 ]
[ 24999 24999 24999 24999 24999 24999 25000 25000 25000 25000 ]
[ 24999 24999 24999 24999 24999 24999 24999 25000 25000 25000 ]
[ 24999 24999 24999 24999 24999 24999 24999 24999 25000 25000 ]
[ 24999 24999 24999 24999 24999 24999 24999 24999 24999 25000 ]
[ 24999 24999 24999 24999 24999 24999 24999 24999 24999 24999 ]
[ 24998 24999 24999 24999 24999 24999 24999 24999 24999 24999 ]
[ 24998 24998 24999 24999 24999 24999 24999 24999 24999 24999 ]
[ 24998 24998 24998 24999 24999 24999 24999 24999 24999 24999 ]
[ 24998 24998 24998 24998 24999 24999 24999 24999 24999 24999 ]
[ 24998 24998 24998 24998 24998 24999 24999 24999 24999 24999 ]
[ 24998 24998 24998 24998 24998 24998 24999 24999 24999 24999 ]
[ 24998 24998 24998 24998 24998 24998 24998 24999 24999 24999 ]
[ 24998 24998 24998 24998 24998 24998 24998 24998 24999 24999 ]
[ 24998 24998 24998 24998 24998 24998 24998 24998 24998 24999 ]

Timer (sort): 67595ms real	67590ms user	0ms sys
The output is sorted!
[ 0 0 0 0 0 0 0 0 0 1 ]
[ 0 0 0 0 0 0 0 0 1 1 ]
[ 0 0 0 0 0 0 0 1 1 1 ]
[ 0 0 0 0 0 0 1 1 1 1 ]
[ 0 0 0 0 0 1 1 1 1 1 ]
[ 0 0 0 0 1 1 1 1 1 1 ]
[ 0 0 0 1 1 1 1 1 1 1 ]
[ 0 0 1 1 1 1 1 1 1 1 ]
[ 0 1 1 1 1 1 1 1 1 1 ]
[ 1 1 1 1 1 1 1 1 1 1 ]
[ 1 1 1 1 1 1 1 1 1 2 ]
[ 1 1 1 1 1 1 1 1 2 2 ]
[ 1 1 1 1 1 1 1 2 2 2 ]
[ 1 1 1 1 1 1 2 2 2 2 ]
[ 1 1 1 1 1 2 2 2 2 2 ]
[ 1 1 1 1 2 2 2 2 2 2 ]
[ 1 1 1 2 2 2 2 2 2 2 ]
[ 1 1 2 2 2 2 2 2 2 2 ]
[ 1 2 2 2 2 2 2 2 2 2 ]
[ 2 2 2 2 2 2 2 2 2 2 ]

Timer (generate): 11ms real	10ms user	0ms sys
[ 25000 25000 25000 25000 25000 25000 25000 25000 25000 25000 ]
[ 24999 25000 25000 25000 25000 25000 25000 25000 25000 25000 ]
[ 24999 24999 25000 25000 25000 25000 25000 25000 25000 25000 ]
[ 24999 24999 24999 25000 25000 25000 25000 25000 25000 25000 ]
[ 24999 24999 24999 24999 25000 25000 25000 25000 25000 25000 ]
[ 24999 24999 24999 24999 24999 25000 25000 25000 25000 25000 ]
[ 24999 24999 24999 24999 24999 24999 25000 25000 25000 25000 ]
[ 24999 24999 24999 24999 24999 24999 24999 25000 25000 25000 ]
[ 24999 24999 24999 24999 24999 24999 24999 24999 25000 25000 ]
[ 24999 24999 24999 24999 24999 24999 24999 24999 24999 25000 ]
[ 24999 24999 24999 24999 24999 24999 24999 24999 24999 24999 ]
[ 24998 24999 24999 24999 24999 24999 24999 24999 24999 24999 ]
[ 24998 24998 24999 24999 24999 24999 24999 24999 24999 24999 ]
[ 24998 24998 24998 24999 24999 24999 24999 24999 24999 24999 ]
[ 24998 24998 24998 24998 24999 24999 24999 24999 24999 24999 ]
[ 24998 24998 24998 24998 24998 24999 24999 24999 24999 24999 ]
[ 24998 24998 24998 24998 24998 24998 24999 24999 24999 24999 ]
[ 24998 24998 24998 24998 24998 24998 24998 24999 24999 24999 ]
[ 24998 24998 24998 24998 24998 24998 24998 24998 24999 24999 ]
[ 24998 24998 24998 24998 24998 24998 24998 24998 24998 24999 ]

Timer (sort): 70390ms real	70390ms user	0ms sys
The output is sorted!
[ 0 0 0 0 0 0 0 0 0 1 ]
[ 0 0 0 0 0 0 0 0 1 1 ]
[ 0 0 0 0 0 0 0 1 1 1 ]
[ 0 0 0 0 0 0 1 1 1 1 ]
[ 0 0 0 0 0 1 1 1 1 1 ]
[ 0 0 0 0 1 1 1 1 1 1 ]
[ 0 0 0 1 1 1 1 1 1 1 ]
[ 0 0 1 1 1 1 1 1 1 1 ]
[ 0 1 1 1 1 1 1 1 1 1 ]
[ 1 1 1 1 1 1 1 1 1 1 ]
[ 1 1 1 1 1 1 1 1 1 2 ]
[ 1 1 1 1 1 1 1 1 2 2 ]
[ 1 1 1 1 1 1 1 2 2 2 ]
[ 1 1 1 1 1 1 2 2 2 2 ]
[ 1 1 1 1 1 2 2 2 2 2 ]
[ 1 1 1 1 2 2 2 2 2 2 ]
[ 1 1 1 2 2 2 2 2 2 2 ]
[ 1 1 2 2 2 2 2 2 2 2 ]
[ 1 2 2 2 2 2 2 2 2 2 ]
[ 2 2 2 2 2 2 2 2 2 2 ]

Timer (generate): 12ms real	10ms user	0ms sys
[ 25000 25000 25000 25000 25000 25000 25000 25000 25000 25000 ]
[ 24999 25000 25000 25000 25000 25000 25000 25000 25000 25000 ]
[ 24999 24999 25000 25000 25000 25000 25000 25000 25000 25000 ]
[ 24999 24999 24999 25000 25000 25000 25000 25000 25000 25000 ]
[ 24999 24999 24999 24999 25000 25000 25000 25000 25000 25000 ]
[ 24999 24999 24999 24999 24999 25000 25000 25000 25000 25000 ]
[ 24999 24999 24999 24999 24999 24999 25000 25000 25000 25000 ]
[ 24999 24999 24999 24999 24999 24999 24999 25000 25000 25000 ]
[ 24999 24999 24999 24999 24999 24999 24999 24999 25000 25000 ]
[ 24999 24999 24999 24999 24999 24999 24999 24999 24999 25000 ]
[ 24999 24999 24999 24999 24999 24999 24999 24999 24999 24999 ]
[ 24998 24999 24999 24999 24999 24999 24999 24999 24999 24999 ]
[ 24998 24998 24999 24999 24999 24999 24999 24999 24999 24999 ]
[ 24998 24998 24998 24999 24999 24999 24999 24999 24999 24999 ]
[ 24998 24998 24998 24998 24999 24999 24999 24999 24999 24999 ]
[ 24998 24998 24998 24998 24998 24999 24999 24999 24999 24999 ]
[ 24998 24998 24998 24998 24998 24998 24999 24999 24999 24999 ]
[ 24998 24998 24998 24998 24998 24998 24998 24999 24999 24999 ]
[ 24998 24998 24998 24998 24998 24998 24998 24998 24999 24999 ]
[ 24998 24998 24998 24998 24998 24998 24998 24998 24998 24999 ]

Timer (sort): 72152ms real	72150ms user	0ms sys
The output is sorted!
[ 0 0 0 0 0 0 0 0 0 1 ]
[ 0 0 0 0 0 0 0 0 1 1 ]
[ 0 0 0 0 0 0 0 1 1 1 ]
[ 0 0 0 0 0 0 1 1 1 1 ]
[ 0 0 0 0 0 1 1 1 1 1 ]
[ 0 0 0 0 1 1 1 1 1 1 ]
[ 0 0 0 1 1 1 1 1 1 1 ]
[ 0 0 1 1 1 1 1 1 1 1 ]
[ 0 1 1 1 1 1 1 1 1 1 ]
[ 1 1 1 1 1 1 1 1 1 1 ]
[ 1 1 1 1 1 1 1 1 1 2 ]
[ 1 1 1 1 1 1 1 1 2 2 ]
[ 1 1 1 1 1 1 1 2 2 2 ]
[ 1 1 1 1 1 1 2 2 2 2 ]
[ 1 1 1 1 1 2 2 2 2 2 ]
[ 1 1 1 1 2 2 2 2 2 2 ]
[ 1 1 1 2 2 2 2 2 2 2 ]
[ 1 1 2 2 2 2 2 2 2 2 ]
[ 1 2 2 2 2 2 2 2 2 2 ]
[ 2 2 2 2 2 2 2 2 2 2 ]

Timer (generate): 10ms real	10ms user	0ms sys
[ 25000 25000 25000 25000 25000 25000 25000 25000 25000 25000 ]
[ 24999 25000 25000 25000 25000 25000 25000 25000 25000 25000 ]
[ 24999 24999 25000 25000 25000 25000 25000 25000 25000 25000 ]
[ 24999 24999 24999 25000 25000 25000 25000 25000 25000 25000 ]
[ 24999 24999 24999 24999 25000 25000 25000 25000 25000 25000 ]
[ 24999 24999 24999 24999 24999 25000 25000 25000 25000 25000 ]
[ 24999 24999 24999 24999 24999 24999 25000 25000 25000 25000 ]
[ 24999 24999 24999 24999 24999 24999 24999 25000 25000 25000 ]
[ 24999 24999 24999 24999 24999 24999 24999 24999 25000 25000 ]
[ 24999 24999 24999 24999 24999 24999 24999 24999 24999 25000 ]
[ 24999 24999 24999 24999 24999 24999 24999 24999 24999 24999 ]
[ 24998 24999 24999 24999 24999 24999 24999 24999 24999 24999 ]
[ 24998 24998 24999 24999 24999 24999 24999 24999 24999 24999 ]
[ 24998 24998 24998 24999 24999 24999 24999 24999 24999 24999 ]
[ 24998 24998 24998 24998 24999 24999 24999 24999 24999 24999 ]
[ 24998 24998 24998 24998 24998 24999 24999 24999 24999 24999 ]
[ 24998 24998 24998 24998 24998 24998 24999 24999 24999 24999 ]
[ 24998 24998 24998 24998 24998 24998 24998 24999 24999 24999 ]
[ 24998 24998 24998 24998 24998 24998 24998 24998 24999 24999 ]
[ 24998 24998 24998 24998 24998 24998 24998 24998 24998 24999 ]

Timer (sort): 67371ms real	67360ms user	10ms sys
The output is sorted!
[ 0 0 0 0 0 0 0 0 0 1 ]
[ 0 0 0 0 0 0 0 0 1 1 ]
[ 0 0 0 0 0 0 0 1 1 1 ]
[ 0 0 0 0 0 0 1 1 1 1 ]
[ 0 0 0 0 0 1 1 1 1 1 ]
[ 0 0 0 0 1 1 1 1 1 1 ]
[ 0 0 0 1 1 1 1 1 1 1 ]
[ 0 0 1 1 1 1 1 1 1 1 ]
[ 0 1 1 1 1 1 1 1 1 1 ]
[ 1 1 1 1 1 1 1 1 1 1 ]
[ 1 1 1 1 1 1 1 1 1 2 ]
[ 1 1 1 1 1 1 1 1 2 2 ]
[ 1 1 1 1 1 1 1 2 2 2 ]
[ 1 1 1 1 1 1 2 2 2 2 ]
[ 1 1 1 1 1 2 2 2 2 2 ]
[ 1 1 1 1 2 2 2 2 2 2 ]
[ 1 1 1 2 2 2 2 2 2 2 ]
[ 1 1 2 2 2 2 2 2 2 2 ]
[ 1 2 2 2 2 2 2 2 2 2 ]
[ 2 2 2 2 2 2 2 2 2 2 ]

Timer (generate): 12ms real	0ms user	0ms sys
[ 25000 25000 25000 25000 25000 25000 25000 25000 25000 25000 ]
[ 24999 25000 25000 25000 25000 25000 25000 25000 25000 25000 ]
[ 24999 24999 25000 25000 25000 25000 25000 25000 25000 25000 ]
[ 24999 24999 24999 25000 25000 25000 25000 25000 25000 25000 ]
[ 24999 24999 24999 24999 25000 25000 25000 25000 25000 25000 ]
[ 24999 24999 24999 24999 24999 25000 25000 25000 25000 25000 ]
[ 24999 24999 24999 24999 24999 24999 25000 25000 25000 25000 ]
[ 24999 24999 24999 24999 24999 24999 24999 25000 25000 25000 ]
[ 24999 24999 24999 24999 24999 24999 24999 24999 25000 25000 ]
[ 24999 24999 24999 24999 24999 24999 24999 24999 24999 25000 ]
[ 24999 24999 24999 24999 24999 24999 24999 24999 24999 24999 ]
[ 24998 24999 24999 24999 24999 24999 24999 24999 24999 24999 ]
[ 24998 24998 24999 24999 24999 24999 24999 24999 24999 24999 ]
[ 24998 24998 24998 24999 24999 24999 24999 24999 24999 24999 ]
[ 24998 24998 24998 24998 24999 24999 24999 24999 24999 24999 ]
[ 24998 24998 24998 24998 24998 24999 24999 24999 24999 24999 ]
[ 24998 24998 24998 24998 24998 24998 24999 24999 24999 24999 ]
[ 24998 24998 24998 24998 24998 24998 24998 24999 24999 24999 ]
[ 24998 24998 24998 24998 24998 24998 24998 24998 24999 24999 ]
[ 24998 24998 24998 24998 24998 24998 24998 24998 24998 24999 ]

Timer (sort): 67166ms real	67160ms user	0ms sys
The output is sorted!
[ 0 0 0 0 0 0 0 0 0 1 ]
[ 0 0 0 0 0 0 0 0 1 1 ]
[ 0 0 0 0 0 0 0 1 1 1 ]
[ 0 0 0 0 0 0 1 1 1 1 ]
[ 0 0 0 0 0 1 1 1 1 1 ]
[ 0 0 0 0 1 1 1 1 1 1 ]
[ 0 0 0 1 1 1 1 1 1 1 ]
[ 0 0 1 1 1 1 1 1 1 1 ]
[ 0 1 1 1 1 1 1 1 1 1 ]
[ 1 1 1 1 1 1 1 1 1 1 ]
[ 1 1 1 1 1 1 1 1 1 2 ]
[ 1 1 1 1 1 1 1 1 2 2 ]
[ 1 1 1 1 1 1 1 2 2 2 ]
[ 1 1 1 1 1 1 2 2 2 2 ]
[ 1 1 1 1 1 2 2 2 2 2 ]
[ 1 1 1 1 2 2 2 2 2 2 ]
[ 1 1 1 2 2 2 2 2 2 2 ]
[ 1 1 2 2 2 2 2 2 2 2 ]
[ 1 2 2 2 2 2 2 2 2 2 ]
[ 2 2 2 2 2 2 2 2 2 2 ]

Timer (generate): 11ms real	10ms user	0ms sys
[ 25000 25000 25000 25000 25000 25000 25000 25000 25000 25000 ]
[ 24999 25000 25000 25000 25000 25000 25000 25000 25000 25000 ]
[ 24999 24999 25000 25000 25000 25000 25000 25000 25000 25000 ]
[ 24999 24999 24999 25000 25000 25000 25000 25000 25000 25000 ]
[ 24999 24999 24999 24999 25000 25000 25000 25000 25000 25000 ]
[ 24999 24999 24999 24999 24999 25000 25000 25000 25000 25000 ]
[ 24999 24999 24999 24999 24999 24999 25000 25000 25000 25000 ]
[ 24999 24999 24999 24999 24999 24999 24999 25000 25000 25000 ]
[ 24999 24999 24999 24999 24999 24999 24999 24999 25000 25000 ]
[ 24999 24999 24999 24999 24999 24999 24999 24999 24999 25000 ]
[ 24999 24999 24999 24999 24999 24999 24999 24999 24999 24999 ]
[ 24998 24999 24999 24999 24999 24999 24999 24999 24999 24999 ]
[ 24998 24998 24999 24999 24999 24999 24999 24999 24999 24999 ]
[ 24998 24998 24998 24999 24999 24999 24999 24999 24999 24999 ]
[ 24998 24998 24998 24998 24999 24999 24999 24999 24999 24999 ]
[ 24998 24998 24998 24998 24998 24999 24999 24999 24999 24999 ]
[ 24998 24998 24998 24998 24998 24998 24999 24999 24999 24999 ]
[ 24998 24998 24998 24998 24998 24998 24998 24999 24999 24999 ]
[ 24998 24998 24998 24998 24998 24998 24998 24998 24999 24999 ]
[ 24998 24998 24998 24998 24998 24998 24998 24998 24998 24999 ]

Timer (sort): 66079ms real	66080ms user	0ms sys
The output is sorted!
[ 0 0 0 0 0 0 0 0 0 1 ]
[ 0 0 0 0 0 0 0 0 1 1 ]
[ 0 0 0 0 0 0 0 1 1 1 ]
[ 0 0 0 0 0 0 1 1 1 1 ]
[ 0 0 0 0 0 1 1 1 1 1 ]
[ 0 0 0 0 1 1 1 1 1 1 ]
[ 0 0 0 1 1 1 1 1 1 1 ]
[ 0 0 1 1 1 1 1 1 1 1 ]
[ 0 1 1 1 1 1 1 1 1 1 ]
[ 1 1 1 1 1 1 1 1 1 1 ]
[ 1 1 1 1 1 1 1 1 1 2 ]
[ 1 1 1 1 1 1 1 1 2 2 ]
[ 1 1 1 1 1 1 1 2 2 2 ]
[ 1 1 1 1 1 1 2 2 2 2 ]
[ 1 1 1 1 1 2 2 2 2 2 ]
[ 1 1 1 1 2 2 2 2 2 2 ]
[ 1 1 1 2 2 2 2 2 2 2 ]
[ 1 1 2 2 2 2 2 2 2 2 ]
[ 1 2 2 2 2 2 2 2 2 2 ]
[ 2 2 2 2 2 2 2 2 2 2 ]

Timer (generate): 11ms real	10ms user	0ms sys
[ 25000 25000 25000 25000 25000 25000 25000 25000 25000 25000 ]
[ 24999 25000 25000 25000 25000 25000 25000 25000 25000 25000 ]
[ 24999 24999 25000 25000 25000 25000 25000 25000 25000 25000 ]
[ 24999 24999 24999 25000 25000 25000 25000 25000 25000 25000 ]
[ 24999 24999 24999 24999 25000 25000 25000 25000 25000 25000 ]
[ 24999 24999 24999 24999 24999 25000 25000 25000 25000 25000 ]
[ 24999 24999 24999 24999 24999 24999 25000 25000 25000 25000 ]
[ 24999 24999 24999 24999 24999 24999 24999 25000 25000 25000 ]
[ 24999 24999 24999 24999 24999 24999 24999 24999 25000 25000 ]
[ 24999 24999 24999 24999 24999 24999 24999 24999 24999 25000 ]
[ 24999 24999 24999 24999 24999 24999 24999 24999 24999 24999 ]
[ 24998 24999 24999 24999 24999 24999 24999 24999 24999 24999 ]
[ 24998 24998 24999 24999 24999 24999 24999 24999 24999 24999 ]
[ 24998 24998 24998 24999 24999 24999 24999 24999 24999 24999 ]
[ 24998 24998 24998 24998 24999 24999 24999 24999 24999 24999 ]
[ 24998 24998 24998 24998 24998 24999 24999 24999 24999 24999 ]
[ 24998 24998 24998 24998 24998 24998 24999 24999 24999 24999 ]
[ 24998 24998 24998 24998 24998 24998 24998 24999 24999 24999 ]
[ 24998 24998 24998 24998 24998 24998 24998 24998 24999 24999 ]
[ 24998 24998 24998 24998 24998 24998 24998 24998 24998 24999 ]

Timer (sort): 66220ms real	66220ms user	0ms sys
The output is sorted!
[ 0 0 0 0 0 0 0 0 0 1 ]
[ 0 0 0 0 0 0 0 0 1 1 ]
[ 0 0 0 0 0 0 0 1 1 1 ]
[ 0 0 0 0 0 0 1 1 1 1 ]
[ 0 0 0 0 0 1 1 1 1 1 ]
[ 0 0 0 0 1 1 1 1 1 1 ]
[ 0 0 0 1 1 1 1 1 1 1 ]
[ 0 0 1 1 1 1 1 1 1 1 ]
[ 0 1 1 1 1 1 1 1 1 1 ]
[ 1 1 1 1 1 1 1 1 1 1 ]
[ 1 1 1 1 1 1 1 1 1 2 ]
[ 1 1 1 1 1 1 1 1 2 2 ]
[ 1 1 1 1 1 1 1 2 2 2 ]
[ 1 1 1 1 1 1 2 2 2 2 ]
[ 1 1 1 1 1 2 2 2 2 2 ]
[ 1 1 1 1 2 2 2 2 2 2 ]
[ 1 1 1 2 2 2 2 2 2 2 ]
[ 1 1 2 2 2 2 2 2 2 2 ]
[ 1 2 2 2 2 2 2 2 2 2 ]
[ 2 2 2 2 2 2 2 2 2 2 ]

Timer (generate): 12ms real	10ms user	0ms sys
[ 25000 25000 25000 25000 25000 25000 25000 25000 25000 25000 ]
[ 24999 25000 25000 25000 25000 25000 25000 25000 25000 25000 ]
[ 24999 24999 25000 25000 25000 25000 25000 25000 25000 25000 ]
[ 24999 24999 24999 25000 25000 25000 25000 25000 25000 25000 ]
[ 24999 24999 24999 24999 25000 25000 25000 25000 25000 25000 ]
[ 24999 24999 24999 24999 24999 25000 25000 25000 25000 25000 ]
[ 24999 24999 24999 24999 24999 24999 25000 25000 25000 25000 ]
[ 24999 24999 24999 24999 24999 24999 24999 25000 25000 25000 ]
[ 24999 24999 24999 24999 24999 24999 24999 24999 25000 25000 ]
[ 24999 24999 24999 24999 24999 24999 24999 24999 24999 25000 ]
[ 24999 24999 24999 24999 24999 24999 24999 24999 24999 24999 ]
[ 24998 24999 24999 24999 24999 24999 24999 24999 24999 24999 ]
[ 24998 24998 24999 24999 24999 24999 24999 24999 24999 24999 ]
[ 24998 24998 24998 24999 24999 24999 24999 24999 24999 24999 ]
[ 24998 24998 24998 24998 24999 24999 24999 24999 24999 24999 ]
[ 24998 24998 24998 24998 24998 24999 24999 24999 24999 24999 ]
[ 24998 24998 24998 24998 24998 24998 24999 24999 24999 24999 ]
[ 24998 24998 24998 24998 24998 24998 24998 24999 24999 24999 ]
[ 24998 24998 24998 24998 24998 24998 24998 24998 24999 24999 ]
[ 24998 24998 24998 24998 24998 24998 24998 24998 24998 24999 ]

Timer (sort): 66363ms real	66350ms user	0ms sys
The output is sorted!
[ 0 0 0 0 0 0 0 0 0 1 ]
[ 0 0 0 0 0 0 0 0 1 1 ]
[ 0 0 0 0 0 0 0 1 1 1 ]
[ 0 0 0 0 0 0 1 1 1 1 ]
[ 0 0 0 0 0 1 1 1 1 1 ]
[ 0 0 0 0 1 1 1 1 1 1 ]
[ 0 0 0 1 1 1 1 1 1 1 ]
[ 0 0 1 1 1 1 1 1 1 1 ]
[ 0 1 1 1 1 1 1 1 1 1 ]
[ 1 1 1 1 1 1 1 1 1 1 ]
[ 1 1 1 1 1 1 1 1 1 2 ]
[ 1 1 1 1 1 1 1 1 2 2 ]
[ 1 1 1 1 1 1 1 2 2 2 ]
[ 1 1 1 1 1 1 2 2 2 2 ]
[ 1 1 1 1 1 2 2 2 2 2 ]
[ 1 1 1 1 2 2 2 2 2 2 ]
[ 1 1 1 2 2 2 2 2 2 2 ]
[ 1 1 2 2 2 2 2 2 2 2 ]
[ 1 2 2 2 2 2 2 2 2 2 ]
[ 2 2 2 2 2 2 2 2 2 2 ]

Timer (generate): 12ms real	10ms user	0ms sys
[ 25000 25000 25000 25000 25000 25000 25000 25000 25000 25000 ]
[ 24999 25000 25000 25000 25000 25000 25000 25000 25000 25000 ]
[ 24999 24999 25000 25000 25000 25000 25000 25000 25000 25000 ]
[ 24999 24999 24999 25000 25000 25000 25000 25000 25000 25000 ]
[ 24999 24999 24999 24999 25000 25000 25000 25000 25000 25000 ]
[ 24999 24999 24999 24999 24999 25000 25000 25000 25000 25000 ]
[ 24999 24999 24999 24999 24999 24999 25000 25000 25000 25000 ]
[ 24999 24999 24999 24999 24999 24999 24999 25000 25000 25000 ]
[ 24999 24999 24999 24999 24999 24999 24999 24999 25000 25000 ]
[ 24999 24999 24999 24999 24999 24999 24999 24999 24999 25000 ]
[ 24999 24999 24999 24999 24999 24999 24999 24999 24999 24999 ]
[ 24998 24999 24999 24999 24999 24999 24999 24999 24999 24999 ]
[ 24998 24998 24999 24999 24999 24999 24999 24999 24999 24999 ]
[ 24998 24998 24998 24999 24999 24999 24999 24999 24999 24999 ]
[ 24998 24998 24998 24998 24999 24999 24999 24999 24999 24999 ]
[ 24998 24998 24998 24998 24998 24999 24999 24999 24999 24999 ]
[ 24998 24998 24998 24998 24998 24998 24999 24999 24999 24999 ]
[ 24998 24998 24998 24998 24998 24998 24998 24999 24999 24999 ]
[ 24998 24998 24998 24998 24998 24998 24998 24998 24999 24999 ]
[ 24998 24998 24998 24998 24998 24998 24998 24998 24998 24999 ]

Timer (sort): 64367ms real	64370ms user	0ms sys
The output is sorted!
[ 0 0 0 0 0 0 0 0 0 1 ]
[ 0 0 0 0 0 0 0 0 1 1 ]
[ 0 0 0 0 0 0 0 1 1 1 ]
[ 0 0 0 0 0 0 1 1 1 1 ]
[ 0 0 0 0 0 1 1 1 1 1 ]
[ 0 0 0 0 1 1 1 1 1 1 ]
[ 0 0 0 1 1 1 1 1 1 1 ]
[ 0 0 1 1 1 1 1 1 1 1 ]
[ 0 1 1 1 1 1 1 1 1 1 ]
[ 1 1 1 1 1 1 1 1 1 1 ]
[ 1 1 1 1 1 1 1 1 1 2 ]
[ 1 1 1 1 1 1 1 1 2 2 ]
[ 1 1 1 1 1 1 1 2 2 2 ]
[ 1 1 1 1 1 1 2 2 2 2 ]
[ 1 1 1 1 1 2 2 2 2 2 ]
[ 1 1 1 1 2 2 2 2 2 2 ]
[ 1 1 1 2 2 2 2 2 2 2 ]
[ 1 1 2 2 2 2 2 2 2 2 ]
[ 1 2 2 2 2 2 2 2 2 2 ]
[ 2 2 2 2 2 2 2 2 2 2 ]

