Timer (generate): 36ms real	10ms user	10ms sys
[ 20000 20000 20000 20000 20000 20000 20000 20000 20000 20000 20000 20000 20000 20000 20000 20000 20000 20000 20000 20000 20000 20000 20000 20000 20000 ]
[ 19999 20000 20000 20000 20000 20000 20000 20000 20000 20000 20000 20000 20000 20000 20000 20000 20000 20000 20000 20000 20000 20000 20000 20000 20000 ]
[ 19999 19999 20000 20000 20000 20000 20000 20000 20000 20000 20000 20000 20000 20000 20000 20000 20000 20000 20000 20000 20000 20000 20000 20000 20000 ]
[ 19999 19999 19999 20000 20000 20000 20000 20000 20000 20000 20000 20000 20000 20000 20000 20000 20000 20000 20000 20000 20000 20000 20000 20000 20000 ]
[ 19999 19999 19999 19999 20000 20000 20000 20000 20000 20000 20000 20000 20000 20000 20000 20000 20000 20000 20000 20000 20000 20000 20000 20000 20000 ]
[ 19999 19999 19999 19999 19999 20000 20000 20000 20000 20000 20000 20000 20000 20000 20000 20000 20000 20000 20000 20000 20000 20000 20000 20000 20000 ]
[ 19999 19999 19999 19999 19999 19999 20000 20000 20000 20000 20000 20000 20000 20000 20000 20000 20000 20000 20000 20000 20000 20000 20000 20000 20000 ]
[ 19999 19999 19999 19999 19999 19999 19999 20000 20000 20000 20000 20000 20000 20000 20000 20000 20000 20000 20000 20000 20000 20000 20000 20000 20000 ]
[ 19999 19999 19999 19999 19999 19999 19999 19999 20000 20000 20000 20000 20000 20000 20000 20000 20000 20000 20000 20000 20000 20000 20000 20000 20000 ]
[ 19999 19999 19999 19999 19999 19999 19999 19999 19999 20000 20000 20000 20000 20000 20000 20000 20000 20000 20000 20000 20000 20000 20000 20000 20000 ]
[ 19999 19999 19999 19999 19999 19999 19999 19999 19999 19999 20000 20000 20000 20000 20000 20000 20000 20000 20000 20000 20000 20000 20000 20000 20000 ]
[ 19999 19999 19999 19999 19999 19999 19999 19999 19999 19999 19999 20000 20000 20000 20000 20000 20000 20000 20000 20000 20000 20000 20000 20000 20000 ]
[ 19999 19999 19999 19999 19999 19999 19999 19999 19999 19999 19999 19999 20000 20000 20000 20000 20000 20000 20000 20000 20000 20000 20000 20000 20000 ]
[ 19999 19999 19999 19999 19999 19999 19999 19999 19999 19999 19999 19999 19999 20000 20000 20000 20000 20000 20000 20000 20000 20000 20000 20000 20000 ]
[ 19999 19999 19999 19999 19999 19999 19999 19999 19999 19999 19999 19999 19999 19999 20000 20000 20000 20000 20000 20000 20000 20000 20000 20000 20000 ]
[ 19999 19999 19999 19999 19999 19999 19999 19999 19999 19999 19999 19999 19999 19999 19999 20000 20000 20000 20000 20000 20000 20000 20000 20000 20000 ]
[ 19999 19999 19999 19999 19999 19999 19999 19999 19999 19999 19999 19999 19999 19999 19999 19999 20000 20000 20000 20000 20000 20000 20000 20000 20000 ]
[ 19999 19999 19999 19999 19999 19999 19999 19999 19999 19999 19999 19999 19999 19999 19999 19999 19999 20000 20000 20000 20000 20000 20000 20000 20000 ]
[ 19999 19999 19999 19999 19999 19999 19999 19999 19999 19999 19999 19999 19999 19999 19999 19999 19999 19999 20000 20000 20000 20000 20000 20000 20000 ]
[ 19999 19999 19999 19999 19999 19999 19999 19999 19999 19999 19999 19999 19999 19999 19999 19999 19999 19999 19999 20000 20000 20000 20000 20000 20000 ]

Timer (sort): 217020ms real	217020ms user	0ms sys
The output is sorted!
[ 0 0 0 0 0 0 0 0 0 0 0 0 0 0 0 0 0 0 0 0 0 0 0 0 1 ]
[ 0 0 0 0 0 0 0 0 0 0 0 0 0 0 0 0 0 0 0 0 0 0 0 1 1 ]
[ 0 0 0 0 0 0 0 0 0 0 0 0 0 0 0 0 0 0 0 0 0 0 1 1 1 ]
[ 0 0 0 0 0 0 0 0 0 0 0 0 0 0 0 0 0 0 0 0 0 1 1 1 1 ]
[ 0 0 0 0 0 0 0 0 0 0 0 0 0 0 0 0 0 0 0 0 1 1 1 1 1 ]
[ 0 0 0 0 0 0 0 0 0 0 0 0 0 0 0 0 0 0 0 1 1 1 1 1 1 ]
[ 0 0 0 0 0 0 0 0 0 0 0 0 0 0 0 0 0 0 1 1 1 1 1 1 1 ]
[ 0 0 0 0 0 0 0 0 0 0 0 0 0 0 0 0 0 1 1 1 1 1 1 1 1 ]
[ 0 0 0 0 0 0 0 0 0 0 0 0 0 0 0 0 1 1 1 1 1 1 1 1 1 ]
[ 0 0 0 0 0 0 0 0 0 0 0 0 0 0 0 1 1 1 1 1 1 1 1 1 1 ]
[ 0 0 0 0 0 0 0 0 0 0 0 0 0 0 1 1 1 1 1 1 1 1 1 1 1 ]
[ 0 0 0 0 0 0 0 0 0 0 0 0 0 1 1 1 1 1 1 1 1 1 1 1 1 ]
[ 0 0 0 0 0 0 0 0 0 0 0 0 1 1 1 1 1 1 1 1 1 1 1 1 1 ]
[ 0 0 0 0 0 0 0 0 0 0 0 1 1 1 1 1 1 1 1 1 1 1 1 1 1 ]
[ 0 0 0 0 0 0 0 0 0 0 1 1 1 1 1 1 1 1 1 1 1 1 1 1 1 ]
[ 0 0 0 0 0 0 0 0 0 1 1 1 1 1 1 1 1 1 1 1 1 1 1 1 1 ]
[ 0 0 0 0 0 0 0 0 1 1 1 1 1 1 1 1 1 1 1 1 1 1 1 1 1 ]
[ 0 0 0 0 0 0 0 1 1 1 1 1 1 1 1 1 1 1 1 1 1 1 1 1 1 ]
[ 0 0 0 0 0 0 1 1 1 1 1 1 1 1 1 1 1 1 1 1 1 1 1 1 1 ]
[ 0 0 0 0 0 1 1 1 1 1 1 1 1 1 1 1 1 1 1 1 1 1 1 1 1 ]

Timer (generate): 42ms real	30ms user	10ms sys
[ 20000 20000 20000 20000 20000 20000 20000 20000 20000 20000 20000 20000 20000 20000 20000 20000 20000 20000 20000 20000 20000 20000 20000 20000 20000 ]
[ 19999 20000 20000 20000 20000 20000 20000 20000 20000 20000 20000 20000 20000 20000 20000 20000 20000 20000 20000 20000 20000 20000 20000 20000 20000 ]
[ 19999 19999 20000 20000 20000 20000 20000 20000 20000 20000 20000 20000 20000 20000 20000 20000 20000 20000 20000 20000 20000 20000 20000 20000 20000 ]
[ 19999 19999 19999 20000 20000 20000 20000 20000 20000 20000 20000 20000 20000 20000 20000 20000 20000 20000 20000 20000 20000 20000 20000 20000 20000 ]
[ 19999 19999 19999 19999 20000 20000 20000 20000 20000 20000 20000 20000 20000 20000 20000 20000 20000 20000 20000 20000 20000 20000 20000 20000 20000 ]
[ 19999 19999 19999 19999 19999 20000 20000 20000 20000 20000 20000 20000 20000 20000 20000 20000 20000 20000 20000 20000 20000 20000 20000 20000 20000 ]
[ 19999 19999 19999 19999 19999 19999 20000 20000 20000 20000 20000 20000 20000 20000 20000 20000 20000 20000 20000 20000 20000 20000 20000 20000 20000 ]
[ 19999 19999 19999 19999 19999 19999 19999 20000 20000 20000 20000 20000 20000 20000 20000 20000 20000 20000 20000 20000 20000 20000 20000 20000 20000 ]
[ 19999 19999 19999 19999 19999 19999 19999 19999 20000 20000 20000 20000 20000 20000 20000 20000 20000 20000 20000 20000 20000 20000 20000 20000 20000 ]
[ 19999 19999 19999 19999 19999 19999 19999 19999 19999 20000 20000 20000 20000 20000 20000 20000 20000 20000 20000 20000 20000 20000 20000 20000 20000 ]
[ 19999 19999 19999 19999 19999 19999 19999 19999 19999 19999 20000 20000 20000 20000 20000 20000 20000 20000 20000 20000 20000 20000 20000 20000 20000 ]
[ 19999 19999 19999 19999 19999 19999 19999 19999 19999 19999 19999 20000 20000 20000 20000 20000 20000 20000 20000 20000 20000 20000 20000 20000 20000 ]
[ 19999 19999 19999 19999 19999 19999 19999 19999 19999 19999 19999 19999 20000 20000 20000 20000 20000 20000 20000 20000 20000 20000 20000 20000 20000 ]
[ 19999 19999 19999 19999 19999 19999 19999 19999 19999 19999 19999 19999 19999 20000 20000 20000 20000 20000 20000 20000 20000 20000 20000 20000 20000 ]
[ 19999 19999 19999 19999 19999 19999 19999 19999 19999 19999 19999 19999 19999 19999 20000 20000 20000 20000 20000 20000 20000 20000 20000 20000 20000 ]
[ 19999 19999 19999 19999 19999 19999 19999 19999 19999 19999 19999 19999 19999 19999 19999 20000 20000 20000 20000 20000 20000 20000 20000 20000 20000 ]
[ 19999 19999 19999 19999 19999 19999 19999 19999 19999 19999 19999 19999 19999 19999 19999 19999 20000 20000 20000 20000 20000 20000 20000 20000 20000 ]
[ 19999 19999 19999 19999 19999 19999 19999 19999 19999 19999 19999 19999 19999 19999 19999 19999 19999 20000 20000 20000 20000 20000 20000 20000 20000 ]
[ 19999 19999 19999 19999 19999 19999 19999 19999 19999 19999 19999 19999 19999 19999 19999 19999 19999 19999 20000 20000 20000 20000 20000 20000 20000 ]
[ 19999 19999 19999 19999 19999 19999 19999 19999 19999 19999 19999 19999 19999 19999 19999 19999 19999 19999 19999 20000 20000 20000 20000 20000 20000 ]

Timer (sort): 216808ms real	216800ms user	0ms sys
The output is sorted!
[ 0 0 0 0 0 0 0 0 0 0 0 0 0 0 0 0 0 0 0 0 0 0 0 0 1 ]
[ 0 0 0 0 0 0 0 0 0 0 0 0 0 0 0 0 0 0 0 0 0 0 0 1 1 ]
[ 0 0 0 0 0 0 0 0 0 0 0 0 0 0 0 0 0 0 0 0 0 0 1 1 1 ]
[ 0 0 0 0 0 0 0 0 0 0 0 0 0 0 0 0 0 0 0 0 0 1 1 1 1 ]
[ 0 0 0 0 0 0 0 0 0 0 0 0 0 0 0 0 0 0 0 0 1 1 1 1 1 ]
[ 0 0 0 0 0 0 0 0 0 0 0 0 0 0 0 0 0 0 0 1 1 1 1 1 1 ]
[ 0 0 0 0 0 0 0 0 0 0 0 0 0 0 0 0 0 0 1 1 1 1 1 1 1 ]
[ 0 0 0 0 0 0 0 0 0 0 0 0 0 0 0 0 0 1 1 1 1 1 1 1 1 ]
[ 0 0 0 0 0 0 0 0 0 0 0 0 0 0 0 0 1 1 1 1 1 1 1 1 1 ]
[ 0 0 0 0 0 0 0 0 0 0 0 0 0 0 0 1 1 1 1 1 1 1 1 1 1 ]
[ 0 0 0 0 0 0 0 0 0 0 0 0 0 0 1 1 1 1 1 1 1 1 1 1 1 ]
[ 0 0 0 0 0 0 0 0 0 0 0 0 0 1 1 1 1 1 1 1 1 1 1 1 1 ]
[ 0 0 0 0 0 0 0 0 0 0 0 0 1 1 1 1 1 1 1 1 1 1 1 1 1 ]
[ 0 0 0 0 0 0 0 0 0 0 0 1 1 1 1 1 1 1 1 1 1 1 1 1 1 ]
[ 0 0 0 0 0 0 0 0 0 0 1 1 1 1 1 1 1 1 1 1 1 1 1 1 1 ]
[ 0 0 0 0 0 0 0 0 0 1 1 1 1 1 1 1 1 1 1 1 1 1 1 1 1 ]
[ 0 0 0 0 0 0 0 0 1 1 1 1 1 1 1 1 1 1 1 1 1 1 1 1 1 ]
[ 0 0 0 0 0 0 0 1 1 1 1 1 1 1 1 1 1 1 1 1 1 1 1 1 1 ]
[ 0 0 0 0 0 0 1 1 1 1 1 1 1 1 1 1 1 1 1 1 1 1 1 1 1 ]
[ 0 0 0 0 0 1 1 1 1 1 1 1 1 1 1 1 1 1 1 1 1 1 1 1 1 ]

Timer (generate): 41ms real	40ms user	0ms sys
[ 20000 20000 20000 20000 20000 20000 20000 20000 20000 20000 20000 20000 20000 20000 20000 20000 20000 20000 20000 20000 20000 20000 20000 20000 20000 ]
[ 19999 20000 20000 20000 20000 20000 20000 20000 20000 20000 20000 20000 20000 20000 20000 20000 20000 20000 20000 20000 20000 20000 20000 20000 20000 ]
[ 19999 19999 20000 20000 20000 20000 20000 20000 20000 20000 20000 20000 20000 20000 20000 20000 20000 20000 20000 20000 20000 20000 20000 20000 20000 ]
[ 19999 19999 19999 20000 20000 20000 20000 20000 20000 20000 20000 20000 20000 20000 20000 20000 20000 20000 20000 20000 20000 20000 20000 20000 20000 ]
[ 19999 19999 19999 19999 20000 20000 20000 20000 20000 20000 20000 20000 20000 20000 20000 20000 20000 20000 20000 20000 20000 20000 20000 20000 20000 ]
[ 19999 19999 19999 19999 19999 20000 20000 20000 20000 20000 20000 20000 20000 20000 20000 20000 20000 20000 20000 20000 20000 20000 20000 20000 20000 ]
[ 19999 19999 19999 19999 19999 19999 20000 20000 20000 20000 20000 20000 20000 20000 20000 20000 20000 20000 20000 20000 20000 20000 20000 20000 20000 ]
[ 19999 19999 19999 19999 19999 19999 19999 20000 20000 20000 20000 20000 20000 20000 20000 20000 20000 20000 20000 20000 20000 20000 20000 20000 20000 ]
[ 19999 19999 19999 19999 19999 19999 19999 19999 20000 20000 20000 20000 20000 20000 20000 20000 20000 20000 20000 20000 20000 20000 20000 20000 20000 ]
[ 19999 19999 19999 19999 19999 19999 19999 19999 19999 20000 20000 20000 20000 20000 20000 20000 20000 20000 20000 20000 20000 20000 20000 20000 20000 ]
[ 19999 19999 19999 19999 19999 19999 19999 19999 19999 19999 20000 20000 20000 20000 20000 20000 20000 20000 20000 20000 20000 20000 20000 20000 20000 ]
[ 19999 19999 19999 19999 19999 19999 19999 19999 19999 19999 19999 20000 20000 20000 20000 20000 20000 20000 20000 20000 20000 20000 20000 20000 20000 ]
[ 19999 19999 19999 19999 19999 19999 19999 19999 19999 19999 19999 19999 20000 20000 20000 20000 20000 20000 20000 20000 20000 20000 20000 20000 20000 ]
[ 19999 19999 19999 19999 19999 19999 19999 19999 19999 19999 19999 19999 19999 20000 20000 20000 20000 20000 20000 20000 20000 20000 20000 20000 20000 ]
[ 19999 19999 19999 19999 19999 19999 19999 19999 19999 19999 19999 19999 19999 19999 20000 20000 20000 20000 20000 20000 20000 20000 20000 20000 20000 ]
[ 19999 19999 19999 19999 19999 19999 19999 19999 19999 19999 19999 19999 19999 19999 19999 20000 20000 20000 20000 20000 20000 20000 20000 20000 20000 ]
[ 19999 19999 19999 19999 19999 19999 19999 19999 19999 19999 19999 19999 19999 19999 19999 19999 20000 20000 20000 20000 20000 20000 20000 20000 20000 ]
[ 19999 19999 19999 19999 19999 19999 19999 19999 19999 19999 19999 19999 19999 19999 19999 19999 19999 20000 20000 20000 20000 20000 20000 20000 20000 ]
[ 19999 19999 19999 19999 19999 19999 19999 19999 19999 19999 19999 19999 19999 19999 19999 19999 19999 19999 20000 20000 20000 20000 20000 20000 20000 ]
[ 19999 19999 19999 19999 19999 19999 19999 19999 19999 19999 19999 19999 19999 19999 19999 19999 19999 19999 19999 20000 20000 20000 20000 20000 20000 ]

Timer (sort): 227836ms real	227830ms user	0ms sys
The output is sorted!
[ 0 0 0 0 0 0 0 0 0 0 0 0 0 0 0 0 0 0 0 0 0 0 0 0 1 ]
[ 0 0 0 0 0 0 0 0 0 0 0 0 0 0 0 0 0 0 0 0 0 0 0 1 1 ]
[ 0 0 0 0 0 0 0 0 0 0 0 0 0 0 0 0 0 0 0 0 0 0 1 1 1 ]
[ 0 0 0 0 0 0 0 0 0 0 0 0 0 0 0 0 0 0 0 0 0 1 1 1 1 ]
[ 0 0 0 0 0 0 0 0 0 0 0 0 0 0 0 0 0 0 0 0 1 1 1 1 1 ]
[ 0 0 0 0 0 0 0 0 0 0 0 0 0 0 0 0 0 0 0 1 1 1 1 1 1 ]
[ 0 0 0 0 0 0 0 0 0 0 0 0 0 0 0 0 0 0 1 1 1 1 1 1 1 ]
[ 0 0 0 0 0 0 0 0 0 0 0 0 0 0 0 0 0 1 1 1 1 1 1 1 1 ]
[ 0 0 0 0 0 0 0 0 0 0 0 0 0 0 0 0 1 1 1 1 1 1 1 1 1 ]
[ 0 0 0 0 0 0 0 0 0 0 0 0 0 0 0 1 1 1 1 1 1 1 1 1 1 ]
[ 0 0 0 0 0 0 0 0 0 0 0 0 0 0 1 1 1 1 1 1 1 1 1 1 1 ]
[ 0 0 0 0 0 0 0 0 0 0 0 0 0 1 1 1 1 1 1 1 1 1 1 1 1 ]
[ 0 0 0 0 0 0 0 0 0 0 0 0 1 1 1 1 1 1 1 1 1 1 1 1 1 ]
[ 0 0 0 0 0 0 0 0 0 0 0 1 1 1 1 1 1 1 1 1 1 1 1 1 1 ]
[ 0 0 0 0 0 0 0 0 0 0 1 1 1 1 1 1 1 1 1 1 1 1 1 1 1 ]
[ 0 0 0 0 0 0 0 0 0 1 1 1 1 1 1 1 1 1 1 1 1 1 1 1 1 ]
[ 0 0 0 0 0 0 0 0 1 1 1 1 1 1 1 1 1 1 1 1 1 1 1 1 1 ]
[ 0 0 0 0 0 0 0 1 1 1 1 1 1 1 1 1 1 1 1 1 1 1 1 1 1 ]
[ 0 0 0 0 0 0 1 1 1 1 1 1 1 1 1 1 1 1 1 1 1 1 1 1 1 ]
[ 0 0 0 0 0 1 1 1 1 1 1 1 1 1 1 1 1 1 1 1 1 1 1 1 1 ]

Timer (sort): 225568ms real	225570ms user	0ms sys
The output is sorted!
[ 0 0 0 0 0 0 0 0 0 0 0 0 0 0 0 0 0 0 0 0 0 0 0 0 1 ]
[ 0 0 0 0 0 0 0 0 0 0 0 0 0 0 0 0 0 0 0 0 0 0 0 1 1 ]
[ 0 0 0 0 0 0 0 0 0 0 0 0 0 0 0 0 0 0 0 0 0 0 1 1 1 ]
[ 0 0 0 0 0 0 0 0 0 0 0 0 0 0 0 0 0 0 0 0 0 1 1 1 1 ]
[ 0 0 0 0 0 0 0 0 0 0 0 0 0 0 0 0 0 0 0 0 1 1 1 1 1 ]
[ 0 0 0 0 0 0 0 0 0 0 0 0 0 0 0 0 0 0 0 1 1 1 1 1 1 ]
[ 0 0 0 0 0 0 0 0 0 0 0 0 0 0 0 0 0 0 1 1 1 1 1 1 1 ]
[ 0 0 0 0 0 0 0 0 0 0 0 0 0 0 0 0 0 1 1 1 1 1 1 1 1 ]
[ 0 0 0 0 0 0 0 0 0 0 0 0 0 0 0 0 1 1 1 1 1 1 1 1 1 ]
[ 0 0 0 0 0 0 0 0 0 0 0 0 0 0 0 1 1 1 1 1 1 1 1 1 1 ]
[ 0 0 0 0 0 0 0 0 0 0 0 0 0 0 1 1 1 1 1 1 1 1 1 1 1 ]
[ 0 0 0 0 0 0 0 0 0 0 0 0 0 1 1 1 1 1 1 1 1 1 1 1 1 ]
[ 0 0 0 0 0 0 0 0 0 0 0 0 1 1 1 1 1 1 1 1 1 1 1 1 1 ]
[ 0 0 0 0 0 0 0 0 0 0 0 1 1 1 1 1 1 1 1 1 1 1 1 1 1 ]
[ 0 0 0 0 0 0 0 0 0 0 1 1 1 1 1 1 1 1 1 1 1 1 1 1 1 ]
[ 0 0 0 0 0 0 0 0 0 1 1 1 1 1 1 1 1 1 1 1 1 1 1 1 1 ]
[ 0 0 0 0 0 0 0 0 1 1 1 1 1 1 1 1 1 1 1 1 1 1 1 1 1 ]
[ 0 0 0 0 0 0 0 1 1 1 1 1 1 1 1 1 1 1 1 1 1 1 1 1 1 ]
[ 0 0 0 0 0 0 1 1 1 1 1 1 1 1 1 1 1 1 1 1 1 1 1 1 1 ]
[ 0 0 0 0 0 1 1 1 1 1 1 1 1 1 1 1 1 1 1 1 1 1 1 1 1 ]

Timer (generate): 42ms real	20ms user	10ms sys
[ 20000 20000 20000 20000 20000 20000 20000 20000 20000 20000 20000 20000 20000 20000 20000 20000 20000 20000 20000 20000 20000 20000 20000 20000 20000 ]
[ 19999 20000 20000 20000 20000 20000 20000 20000 20000 20000 20000 20000 20000 20000 20000 20000 20000 20000 20000 20000 20000 20000 20000 20000 20000 ]
[ 19999 19999 20000 20000 20000 20000 20000 20000 20000 20000 20000 20000 20000 20000 20000 20000 20000 20000 20000 20000 20000 20000 20000 20000 20000 ]
[ 19999 19999 19999 20000 20000 20000 20000 20000 20000 20000 20000 20000 20000 20000 20000 20000 20000 20000 20000 20000 20000 20000 20000 20000 20000 ]
[ 19999 19999 19999 19999 20000 20000 20000 20000 20000 20000 20000 20000 20000 20000 20000 20000 20000 20000 20000 20000 20000 20000 20000 20000 20000 ]
[ 19999 19999 19999 19999 19999 20000 20000 20000 20000 20000 20000 20000 20000 20000 20000 20000 20000 20000 20000 20000 20000 20000 20000 20000 20000 ]
[ 19999 19999 19999 19999 19999 19999 20000 20000 20000 20000 20000 20000 20000 20000 20000 20000 20000 20000 20000 20000 20000 20000 20000 20000 20000 ]
[ 19999 19999 19999 19999 19999 19999 19999 20000 20000 20000 20000 20000 20000 20000 20000 20000 20000 20000 20000 20000 20000 20000 20000 20000 20000 ]
[ 19999 19999 19999 19999 19999 19999 19999 19999 20000 20000 20000 20000 20000 20000 20000 20000 20000 20000 20000 20000 20000 20000 20000 20000 20000 ]
[ 19999 19999 19999 19999 19999 19999 19999 19999 19999 20000 20000 20000 20000 20000 20000 20000 20000 20000 20000 20000 20000 20000 20000 20000 20000 ]
[ 19999 19999 19999 19999 19999 19999 19999 19999 19999 19999 20000 20000 20000 20000 20000 20000 20000 20000 20000 20000 20000 20000 20000 20000 20000 ]
[ 19999 19999 19999 19999 19999 19999 19999 19999 19999 19999 19999 20000 20000 20000 20000 20000 20000 20000 20000 20000 20000 20000 20000 20000 20000 ]
[ 19999 19999 19999 19999 19999 19999 19999 19999 19999 19999 19999 19999 20000 20000 20000 20000 20000 20000 20000 20000 20000 20000 20000 20000 20000 ]
[ 19999 19999 19999 19999 19999 19999 19999 19999 19999 19999 19999 19999 19999 20000 20000 20000 20000 20000 20000 20000 20000 20000 20000 20000 20000 ]
[ 19999 19999 19999 19999 19999 19999 19999 19999 19999 19999 19999 19999 19999 19999 20000 20000 20000 20000 20000 20000 20000 20000 20000 20000 20000 ]
[ 19999 19999 19999 19999 19999 19999 19999 19999 19999 19999 19999 19999 19999 19999 19999 20000 20000 20000 20000 20000 20000 20000 20000 20000 20000 ]
[ 19999 19999 19999 19999 19999 19999 19999 19999 19999 19999 19999 19999 19999 19999 19999 19999 20000 20000 20000 20000 20000 20000 20000 20000 20000 ]
[ 19999 19999 19999 19999 19999 19999 19999 19999 19999 19999 19999 19999 19999 19999 19999 19999 19999 20000 20000 20000 20000 20000 20000 20000 20000 ]
[ 19999 19999 19999 19999 19999 19999 19999 19999 19999 19999 19999 19999 19999 19999 19999 19999 19999 19999 20000 20000 20000 20000 20000 20000 20000 ]
[ 19999 19999 19999 19999 19999 19999 19999 19999 19999 19999 19999 19999 19999 19999 19999 19999 19999 19999 19999 20000 20000 20000 20000 20000 20000 ]

Timer (sort): 218118ms real	218120ms user	10ms sys
The output is sorted!
[ 0 0 0 0 0 0 0 0 0 0 0 0 0 0 0 0 0 0 0 0 0 0 0 0 1 ]
[ 0 0 0 0 0 0 0 0 0 0 0 0 0 0 0 0 0 0 0 0 0 0 0 1 1 ]
[ 0 0 0 0 0 0 0 0 0 0 0 0 0 0 0 0 0 0 0 0 0 0 1 1 1 ]
[ 0 0 0 0 0 0 0 0 0 0 0 0 0 0 0 0 0 0 0 0 0 1 1 1 1 ]
[ 0 0 0 0 0 0 0 0 0 0 0 0 0 0 0 0 0 0 0 0 1 1 1 1 1 ]
[ 0 0 0 0 0 0 0 0 0 0 0 0 0 0 0 0 0 0 0 1 1 1 1 1 1 ]
[ 0 0 0 0 0 0 0 0 0 0 0 0 0 0 0 0 0 0 1 1 1 1 1 1 1 ]
[ 0 0 0 0 0 0 0 0 0 0 0 0 0 0 0 0 0 1 1 1 1 1 1 1 1 ]
[ 0 0 0 0 0 0 0 0 0 0 0 0 0 0 0 0 1 1 1 1 1 1 1 1 1 ]
[ 0 0 0 0 0 0 0 0 0 0 0 0 0 0 0 1 1 1 1 1 1 1 1 1 1 ]
[ 0 0 0 0 0 0 0 0 0 0 0 0 0 0 1 1 1 1 1 1 1 1 1 1 1 ]
[ 0 0 0 0 0 0 0 0 0 0 0 0 0 1 1 1 1 1 1 1 1 1 1 1 1 ]
[ 0 0 0 0 0 0 0 0 0 0 0 0 1 1 1 1 1 1 1 1 1 1 1 1 1 ]
[ 0 0 0 0 0 0 0 0 0 0 0 1 1 1 1 1 1 1 1 1 1 1 1 1 1 ]
[ 0 0 0 0 0 0 0 0 0 0 1 1 1 1 1 1 1 1 1 1 1 1 1 1 1 ]
[ 0 0 0 0 0 0 0 0 0 1 1 1 1 1 1 1 1 1 1 1 1 1 1 1 1 ]
[ 0 0 0 0 0 0 0 0 1 1 1 1 1 1 1 1 1 1 1 1 1 1 1 1 1 ]
[ 0 0 0 0 0 0 0 1 1 1 1 1 1 1 1 1 1 1 1 1 1 1 1 1 1 ]
[ 0 0 0 0 0 0 1 1 1 1 1 1 1 1 1 1 1 1 1 1 1 1 1 1 1 ]
[ 0 0 0 0 0 1 1 1 1 1 1 1 1 1 1 1 1 1 1 1 1 1 1 1 1 ]

Timer (generate): 36ms real	30ms user	0ms sys
[ 20000 20000 20000 20000 20000 20000 20000 20000 20000 20000 20000 20000 20000 20000 20000 20000 20000 20000 20000 20000 20000 20000 20000 20000 20000 ]
[ 19999 20000 20000 20000 20000 20000 20000 20000 20000 20000 20000 20000 20000 20000 20000 20000 20000 20000 20000 20000 20000 20000 20000 20000 20000 ]
[ 19999 19999 20000 20000 20000 20000 20000 20000 20000 20000 20000 20000 20000 20000 20000 20000 20000 20000 20000 20000 20000 20000 20000 20000 20000 ]
[ 19999 19999 19999 20000 20000 20000 20000 20000 20000 20000 20000 20000 20000 20000 20000 20000 20000 20000 20000 20000 20000 20000 20000 20000 20000 ]
[ 19999 19999 19999 19999 20000 20000 20000 20000 20000 20000 20000 20000 20000 20000 20000 20000 20000 20000 20000 20000 20000 20000 20000 20000 20000 ]
[ 19999 19999 19999 19999 19999 20000 20000 20000 20000 20000 20000 20000 20000 20000 20000 20000 20000 20000 20000 20000 20000 20000 20000 20000 20000 ]
[ 19999 19999 19999 19999 19999 19999 20000 20000 20000 20000 20000 20000 20000 20000 20000 20000 20000 20000 20000 20000 20000 20000 20000 20000 20000 ]
[ 19999 19999 19999 19999 19999 19999 19999 20000 20000 20000 20000 20000 20000 20000 20000 20000 20000 20000 20000 20000 20000 20000 20000 20000 20000 ]
[ 19999 19999 19999 19999 19999 19999 19999 19999 20000 20000 20000 20000 20000 20000 20000 20000 20000 20000 20000 20000 20000 20000 20000 20000 20000 ]
[ 19999 19999 19999 19999 19999 19999 19999 19999 19999 20000 20000 20000 20000 20000 20000 20000 20000 20000 20000 20000 20000 20000 20000 20000 20000 ]
[ 19999 19999 19999 19999 19999 19999 19999 19999 19999 19999 20000 20000 20000 20000 20000 20000 20000 20000 20000 20000 20000 20000 20000 20000 20000 ]
[ 19999 19999 19999 19999 19999 19999 19999 19999 19999 19999 19999 20000 20000 20000 20000 20000 20000 20000 20000 20000 20000 20000 20000 20000 20000 ]
[ 19999 19999 19999 19999 19999 19999 19999 19999 19999 19999 19999 19999 20000 20000 20000 20000 20000 20000 20000 20000 20000 20000 20000 20000 20000 ]
[ 19999 19999 19999 19999 19999 19999 19999 19999 19999 19999 19999 19999 19999 20000 20000 20000 20000 20000 20000 20000 20000 20000 20000 20000 20000 ]
[ 19999 19999 19999 19999 19999 19999 19999 19999 19999 19999 19999 19999 19999 19999 20000 20000 20000 20000 20000 20000 20000 20000 20000 20000 20000 ]
[ 19999 19999 19999 19999 19999 19999 19999 19999 19999 19999 19999 19999 19999 19999 19999 20000 20000 20000 20000 20000 20000 20000 20000 20000 20000 ]
[ 19999 19999 19999 19999 19999 19999 19999 19999 19999 19999 19999 19999 19999 19999 19999 19999 20000 20000 20000 20000 20000 20000 20000 20000 20000 ]
[ 19999 19999 19999 19999 19999 19999 19999 19999 19999 19999 19999 19999 19999 19999 19999 19999 19999 20000 20000 20000 20000 20000 20000 20000 20000 ]
[ 19999 19999 19999 19999 19999 19999 19999 19999 19999 19999 19999 19999 19999 19999 19999 19999 19999 19999 20000 20000 20000 20000 20000 20000 20000 ]
[ 19999 19999 19999 19999 19999 19999 19999 19999 19999 19999 19999 19999 19999 19999 19999 19999 19999 19999 19999 20000 20000 20000 20000 20000 20000 ]

Timer (sort): 218368ms real	218370ms user	0ms sys
The output is sorted!
[ 0 0 0 0 0 0 0 0 0 0 0 0 0 0 0 0 0 0 0 0 0 0 0 0 1 ]
[ 0 0 0 0 0 0 0 0 0 0 0 0 0 0 0 0 0 0 0 0 0 0 0 1 1 ]
[ 0 0 0 0 0 0 0 0 0 0 0 0 0 0 0 0 0 0 0 0 0 0 1 1 1 ]
[ 0 0 0 0 0 0 0 0 0 0 0 0 0 0 0 0 0 0 0 0 0 1 1 1 1 ]
[ 0 0 0 0 0 0 0 0 0 0 0 0 0 0 0 0 0 0 0 0 1 1 1 1 1 ]
[ 0 0 0 0 0 0 0 0 0 0 0 0 0 0 0 0 0 0 0 1 1 1 1 1 1 ]
[ 0 0 0 0 0 0 0 0 0 0 0 0 0 0 0 0 0 0 1 1 1 1 1 1 1 ]
[ 0 0 0 0 0 0 0 0 0 0 0 0 0 0 0 0 0 1 1 1 1 1 1 1 1 ]
[ 0 0 0 0 0 0 0 0 0 0 0 0 0 0 0 0 1 1 1 1 1 1 1 1 1 ]
[ 0 0 0 0 0 0 0 0 0 0 0 0 0 0 0 1 1 1 1 1 1 1 1 1 1 ]
[ 0 0 0 0 0 0 0 0 0 0 0 0 0 0 1 1 1 1 1 1 1 1 1 1 1 ]
[ 0 0 0 0 0 0 0 0 0 0 0 0 0 1 1 1 1 1 1 1 1 1 1 1 1 ]
[ 0 0 0 0 0 0 0 0 0 0 0 0 1 1 1 1 1 1 1 1 1 1 1 1 1 ]
[ 0 0 0 0 0 0 0 0 0 0 0 1 1 1 1 1 1 1 1 1 1 1 1 1 1 ]
[ 0 0 0 0 0 0 0 0 0 0 1 1 1 1 1 1 1 1 1 1 1 1 1 1 1 ]
[ 0 0 0 0 0 0 0 0 0 1 1 1 1 1 1 1 1 1 1 1 1 1 1 1 1 ]
[ 0 0 0 0 0 0 0 0 1 1 1 1 1 1 1 1 1 1 1 1 1 1 1 1 1 ]
[ 0 0 0 0 0 0 0 1 1 1 1 1 1 1 1 1 1 1 1 1 1 1 1 1 1 ]
[ 0 0 0 0 0 0 1 1 1 1 1 1 1 1 1 1 1 1 1 1 1 1 1 1 1 ]
[ 0 0 0 0 0 1 1 1 1 1 1 1 1 1 1 1 1 1 1 1 1 1 1 1 1 ]

