Timer (generate): 1ms real	0ms user	0ms sys
[ 2500 2500 2500 2500 2500 2500 2500 2500 2500 2500 ]
[ 2499 2500 2500 2500 2500 2500 2500 2500 2500 2500 ]
[ 2499 2499 2500 2500 2500 2500 2500 2500 2500 2500 ]
[ 2499 2499 2499 2500 2500 2500 2500 2500 2500 2500 ]
[ 2499 2499 2499 2499 2500 2500 2500 2500 2500 2500 ]
[ 2499 2499 2499 2499 2499 2500 2500 2500 2500 2500 ]
[ 2499 2499 2499 2499 2499 2499 2500 2500 2500 2500 ]
[ 2499 2499 2499 2499 2499 2499 2499 2500 2500 2500 ]
[ 2499 2499 2499 2499 2499 2499 2499 2499 2500 2500 ]
[ 2499 2499 2499 2499 2499 2499 2499 2499 2499 2500 ]
[ 2499 2499 2499 2499 2499 2499 2499 2499 2499 2499 ]
[ 2498 2499 2499 2499 2499 2499 2499 2499 2499 2499 ]
[ 2498 2498 2499 2499 2499 2499 2499 2499 2499 2499 ]
[ 2498 2498 2498 2499 2499 2499 2499 2499 2499 2499 ]
[ 2498 2498 2498 2498 2499 2499 2499 2499 2499 2499 ]
[ 2498 2498 2498 2498 2498 2499 2499 2499 2499 2499 ]
[ 2498 2498 2498 2498 2498 2498 2499 2499 2499 2499 ]
[ 2498 2498 2498 2498 2498 2498 2498 2499 2499 2499 ]
[ 2498 2498 2498 2498 2498 2498 2498 2498 2499 2499 ]
[ 2498 2498 2498 2498 2498 2498 2498 2498 2498 2499 ]

Timer (sort): 697ms real	700ms user	0ms sys
The output is sorted!
[ 0 0 0 0 0 0 0 0 0 1 ]
[ 0 0 0 0 0 0 0 0 1 1 ]
[ 0 0 0 0 0 0 0 1 1 1 ]
[ 0 0 0 0 0 0 1 1 1 1 ]
[ 0 0 0 0 0 1 1 1 1 1 ]
[ 0 0 0 0 1 1 1 1 1 1 ]
[ 0 0 0 1 1 1 1 1 1 1 ]
[ 0 0 1 1 1 1 1 1 1 1 ]
[ 0 1 1 1 1 1 1 1 1 1 ]
[ 1 1 1 1 1 1 1 1 1 1 ]
[ 1 1 1 1 1 1 1 1 1 2 ]
[ 1 1 1 1 1 1 1 1 2 2 ]
[ 1 1 1 1 1 1 1 2 2 2 ]
[ 1 1 1 1 1 1 2 2 2 2 ]
[ 1 1 1 1 1 2 2 2 2 2 ]
[ 1 1 1 1 2 2 2 2 2 2 ]
[ 1 1 1 2 2 2 2 2 2 2 ]
[ 1 1 2 2 2 2 2 2 2 2 ]
[ 1 2 2 2 2 2 2 2 2 2 ]
[ 2 2 2 2 2 2 2 2 2 2 ]

Timer (generate): 2ms real	0ms user	0ms sys
[ 2500 2500 2500 2500 2500 2500 2500 2500 2500 2500 ]
[ 2499 2500 2500 2500 2500 2500 2500 2500 2500 2500 ]
[ 2499 2499 2500 2500 2500 2500 2500 2500 2500 2500 ]
[ 2499 2499 2499 2500 2500 2500 2500 2500 2500 2500 ]
[ 2499 2499 2499 2499 2500 2500 2500 2500 2500 2500 ]
[ 2499 2499 2499 2499 2499 2500 2500 2500 2500 2500 ]
[ 2499 2499 2499 2499 2499 2499 2500 2500 2500 2500 ]
[ 2499 2499 2499 2499 2499 2499 2499 2500 2500 2500 ]
[ 2499 2499 2499 2499 2499 2499 2499 2499 2500 2500 ]
[ 2499 2499 2499 2499 2499 2499 2499 2499 2499 2500 ]
[ 2499 2499 2499 2499 2499 2499 2499 2499 2499 2499 ]
[ 2498 2499 2499 2499 2499 2499 2499 2499 2499 2499 ]
[ 2498 2498 2499 2499 2499 2499 2499 2499 2499 2499 ]
[ 2498 2498 2498 2499 2499 2499 2499 2499 2499 2499 ]
[ 2498 2498 2498 2498 2499 2499 2499 2499 2499 2499 ]
[ 2498 2498 2498 2498 2498 2499 2499 2499 2499 2499 ]
[ 2498 2498 2498 2498 2498 2498 2499 2499 2499 2499 ]
[ 2498 2498 2498 2498 2498 2498 2498 2499 2499 2499 ]
[ 2498 2498 2498 2498 2498 2498 2498 2498 2499 2499 ]
[ 2498 2498 2498 2498 2498 2498 2498 2498 2498 2499 ]

Timer (sort): 719ms real	720ms user	0ms sys
The output is sorted!
[ 0 0 0 0 0 0 0 0 0 1 ]
[ 0 0 0 0 0 0 0 0 1 1 ]
[ 0 0 0 0 0 0 0 1 1 1 ]
[ 0 0 0 0 0 0 1 1 1 1 ]
[ 0 0 0 0 0 1 1 1 1 1 ]
[ 0 0 0 0 1 1 1 1 1 1 ]
[ 0 0 0 1 1 1 1 1 1 1 ]
[ 0 0 1 1 1 1 1 1 1 1 ]
[ 0 1 1 1 1 1 1 1 1 1 ]
[ 1 1 1 1 1 1 1 1 1 1 ]
[ 1 1 1 1 1 1 1 1 1 2 ]
[ 1 1 1 1 1 1 1 1 2 2 ]
[ 1 1 1 1 1 1 1 2 2 2 ]
[ 1 1 1 1 1 1 2 2 2 2 ]
[ 1 1 1 1 1 2 2 2 2 2 ]
[ 1 1 1 1 2 2 2 2 2 2 ]
[ 1 1 1 2 2 2 2 2 2 2 ]
[ 1 1 2 2 2 2 2 2 2 2 ]
[ 1 2 2 2 2 2 2 2 2 2 ]
[ 2 2 2 2 2 2 2 2 2 2 ]

Timer (generate): 1ms real	0ms user	0ms sys
[ 2500 2500 2500 2500 2500 2500 2500 2500 2500 2500 ]
[ 2499 2500 2500 2500 2500 2500 2500 2500 2500 2500 ]
[ 2499 2499 2500 2500 2500 2500 2500 2500 2500 2500 ]
[ 2499 2499 2499 2500 2500 2500 2500 2500 2500 2500 ]
[ 2499 2499 2499 2499 2500 2500 2500 2500 2500 2500 ]
[ 2499 2499 2499 2499 2499 2500 2500 2500 2500 2500 ]
[ 2499 2499 2499 2499 2499 2499 2500 2500 2500 2500 ]
[ 2499 2499 2499 2499 2499 2499 2499 2500 2500 2500 ]
[ 2499 2499 2499 2499 2499 2499 2499 2499 2500 2500 ]
[ 2499 2499 2499 2499 2499 2499 2499 2499 2499 2500 ]
[ 2499 2499 2499 2499 2499 2499 2499 2499 2499 2499 ]
[ 2498 2499 2499 2499 2499 2499 2499 2499 2499 2499 ]
[ 2498 2498 2499 2499 2499 2499 2499 2499 2499 2499 ]
[ 2498 2498 2498 2499 2499 2499 2499 2499 2499 2499 ]
[ 2498 2498 2498 2498 2499 2499 2499 2499 2499 2499 ]
[ 2498 2498 2498 2498 2498 2499 2499 2499 2499 2499 ]
[ 2498 2498 2498 2498 2498 2498 2499 2499 2499 2499 ]
[ 2498 2498 2498 2498 2498 2498 2498 2499 2499 2499 ]
[ 2498 2498 2498 2498 2498 2498 2498 2498 2499 2499 ]
[ 2498 2498 2498 2498 2498 2498 2498 2498 2498 2499 ]

Timer (sort): 738ms real	740ms user	0ms sys
The output is sorted!
[ 0 0 0 0 0 0 0 0 0 1 ]
[ 0 0 0 0 0 0 0 0 1 1 ]
[ 0 0 0 0 0 0 0 1 1 1 ]
[ 0 0 0 0 0 0 1 1 1 1 ]
[ 0 0 0 0 0 1 1 1 1 1 ]
[ 0 0 0 0 1 1 1 1 1 1 ]
[ 0 0 0 1 1 1 1 1 1 1 ]
[ 0 0 1 1 1 1 1 1 1 1 ]
[ 0 1 1 1 1 1 1 1 1 1 ]
[ 1 1 1 1 1 1 1 1 1 1 ]
[ 1 1 1 1 1 1 1 1 1 2 ]
[ 1 1 1 1 1 1 1 1 2 2 ]
[ 1 1 1 1 1 1 1 2 2 2 ]
[ 1 1 1 1 1 1 2 2 2 2 ]
[ 1 1 1 1 1 2 2 2 2 2 ]
[ 1 1 1 1 2 2 2 2 2 2 ]
[ 1 1 1 2 2 2 2 2 2 2 ]
[ 1 1 2 2 2 2 2 2 2 2 ]
[ 1 2 2 2 2 2 2 2 2 2 ]
[ 2 2 2 2 2 2 2 2 2 2 ]

Timer (generate): 2ms real	0ms user	0ms sys
[ 2500 2500 2500 2500 2500 2500 2500 2500 2500 2500 ]
[ 2499 2500 2500 2500 2500 2500 2500 2500 2500 2500 ]
[ 2499 2499 2500 2500 2500 2500 2500 2500 2500 2500 ]
[ 2499 2499 2499 2500 2500 2500 2500 2500 2500 2500 ]
[ 2499 2499 2499 2499 2500 2500 2500 2500 2500 2500 ]
[ 2499 2499 2499 2499 2499 2500 2500 2500 2500 2500 ]
[ 2499 2499 2499 2499 2499 2499 2500 2500 2500 2500 ]
[ 2499 2499 2499 2499 2499 2499 2499 2500 2500 2500 ]
[ 2499 2499 2499 2499 2499 2499 2499 2499 2500 2500 ]
[ 2499 2499 2499 2499 2499 2499 2499 2499 2499 2500 ]
[ 2499 2499 2499 2499 2499 2499 2499 2499 2499 2499 ]
[ 2498 2499 2499 2499 2499 2499 2499 2499 2499 2499 ]
[ 2498 2498 2499 2499 2499 2499 2499 2499 2499 2499 ]
[ 2498 2498 2498 2499 2499 2499 2499 2499 2499 2499 ]
[ 2498 2498 2498 2498 2499 2499 2499 2499 2499 2499 ]
[ 2498 2498 2498 2498 2498 2499 2499 2499 2499 2499 ]
[ 2498 2498 2498 2498 2498 2498 2499 2499 2499 2499 ]
[ 2498 2498 2498 2498 2498 2498 2498 2499 2499 2499 ]
[ 2498 2498 2498 2498 2498 2498 2498 2498 2499 2499 ]
[ 2498 2498 2498 2498 2498 2498 2498 2498 2498 2499 ]

Timer (sort): 680ms real	680ms user	0ms sys
The output is sorted!
[ 0 0 0 0 0 0 0 0 0 1 ]
[ 0 0 0 0 0 0 0 0 1 1 ]
[ 0 0 0 0 0 0 0 1 1 1 ]
[ 0 0 0 0 0 0 1 1 1 1 ]
[ 0 0 0 0 0 1 1 1 1 1 ]
[ 0 0 0 0 1 1 1 1 1 1 ]
[ 0 0 0 1 1 1 1 1 1 1 ]
[ 0 0 1 1 1 1 1 1 1 1 ]
[ 0 1 1 1 1 1 1 1 1 1 ]
[ 1 1 1 1 1 1 1 1 1 1 ]
[ 1 1 1 1 1 1 1 1 1 2 ]
[ 1 1 1 1 1 1 1 1 2 2 ]
[ 1 1 1 1 1 1 1 2 2 2 ]
[ 1 1 1 1 1 1 2 2 2 2 ]
[ 1 1 1 1 1 2 2 2 2 2 ]
[ 1 1 1 1 2 2 2 2 2 2 ]
[ 1 1 1 2 2 2 2 2 2 2 ]
[ 1 1 2 2 2 2 2 2 2 2 ]
[ 1 2 2 2 2 2 2 2 2 2 ]
[ 2 2 2 2 2 2 2 2 2 2 ]

Timer (generate): 1ms real	0ms user	0ms sys
[ 2500 2500 2500 2500 2500 2500 2500 2500 2500 2500 ]
[ 2499 2500 2500 2500 2500 2500 2500 2500 2500 2500 ]
[ 2499 2499 2500 2500 2500 2500 2500 2500 2500 2500 ]
[ 2499 2499 2499 2500 2500 2500 2500 2500 2500 2500 ]
[ 2499 2499 2499 2499 2500 2500 2500 2500 2500 2500 ]
[ 2499 2499 2499 2499 2499 2500 2500 2500 2500 2500 ]
[ 2499 2499 2499 2499 2499 2499 2500 2500 2500 2500 ]
[ 2499 2499 2499 2499 2499 2499 2499 2500 2500 2500 ]
[ 2499 2499 2499 2499 2499 2499 2499 2499 2500 2500 ]
[ 2499 2499 2499 2499 2499 2499 2499 2499 2499 2500 ]
[ 2499 2499 2499 2499 2499 2499 2499 2499 2499 2499 ]
[ 2498 2499 2499 2499 2499 2499 2499 2499 2499 2499 ]
[ 2498 2498 2499 2499 2499 2499 2499 2499 2499 2499 ]
[ 2498 2498 2498 2499 2499 2499 2499 2499 2499 2499 ]
[ 2498 2498 2498 2498 2499 2499 2499 2499 2499 2499 ]
[ 2498 2498 2498 2498 2498 2499 2499 2499 2499 2499 ]
[ 2498 2498 2498 2498 2498 2498 2499 2499 2499 2499 ]
[ 2498 2498 2498 2498 2498 2498 2498 2499 2499 2499 ]
[ 2498 2498 2498 2498 2498 2498 2498 2498 2499 2499 ]
[ 2498 2498 2498 2498 2498 2498 2498 2498 2498 2499 ]

Timer (sort): 781ms real	780ms user	0ms sys
The output is sorted!
[ 0 0 0 0 0 0 0 0 0 1 ]
[ 0 0 0 0 0 0 0 0 1 1 ]
[ 0 0 0 0 0 0 0 1 1 1 ]
[ 0 0 0 0 0 0 1 1 1 1 ]
[ 0 0 0 0 0 1 1 1 1 1 ]
[ 0 0 0 0 1 1 1 1 1 1 ]
[ 0 0 0 1 1 1 1 1 1 1 ]
[ 0 0 1 1 1 1 1 1 1 1 ]
[ 0 1 1 1 1 1 1 1 1 1 ]
[ 1 1 1 1 1 1 1 1 1 1 ]
[ 1 1 1 1 1 1 1 1 1 2 ]
[ 1 1 1 1 1 1 1 1 2 2 ]
[ 1 1 1 1 1 1 1 2 2 2 ]
[ 1 1 1 1 1 1 2 2 2 2 ]
[ 1 1 1 1 1 2 2 2 2 2 ]
[ 1 1 1 1 2 2 2 2 2 2 ]
[ 1 1 1 2 2 2 2 2 2 2 ]
[ 1 1 2 2 2 2 2 2 2 2 ]
[ 1 2 2 2 2 2 2 2 2 2 ]
[ 2 2 2 2 2 2 2 2 2 2 ]

Timer (generate): 1ms real	0ms user	0ms sys
[ 2500 2500 2500 2500 2500 2500 2500 2500 2500 2500 ]
[ 2499 2500 2500 2500 2500 2500 2500 2500 2500 2500 ]
[ 2499 2499 2500 2500 2500 2500 2500 2500 2500 2500 ]
[ 2499 2499 2499 2500 2500 2500 2500 2500 2500 2500 ]
[ 2499 2499 2499 2499 2500 2500 2500 2500 2500 2500 ]
[ 2499 2499 2499 2499 2499 2500 2500 2500 2500 2500 ]
[ 2499 2499 2499 2499 2499 2499 2500 2500 2500 2500 ]
[ 2499 2499 2499 2499 2499 2499 2499 2500 2500 2500 ]
[ 2499 2499 2499 2499 2499 2499 2499 2499 2500 2500 ]
[ 2499 2499 2499 2499 2499 2499 2499 2499 2499 2500 ]
[ 2499 2499 2499 2499 2499 2499 2499 2499 2499 2499 ]
[ 2498 2499 2499 2499 2499 2499 2499 2499 2499 2499 ]
[ 2498 2498 2499 2499 2499 2499 2499 2499 2499 2499 ]
[ 2498 2498 2498 2499 2499 2499 2499 2499 2499 2499 ]
[ 2498 2498 2498 2498 2499 2499 2499 2499 2499 2499 ]
[ 2498 2498 2498 2498 2498 2499 2499 2499 2499 2499 ]
[ 2498 2498 2498 2498 2498 2498 2499 2499 2499 2499 ]
[ 2498 2498 2498 2498 2498 2498 2498 2499 2499 2499 ]
[ 2498 2498 2498 2498 2498 2498 2498 2498 2499 2499 ]
[ 2498 2498 2498 2498 2498 2498 2498 2498 2498 2499 ]

Timer (sort): 816ms real	810ms user	0ms sys
The output is sorted!
[ 0 0 0 0 0 0 0 0 0 1 ]
[ 0 0 0 0 0 0 0 0 1 1 ]
[ 0 0 0 0 0 0 0 1 1 1 ]
[ 0 0 0 0 0 0 1 1 1 1 ]
[ 0 0 0 0 0 1 1 1 1 1 ]
[ 0 0 0 0 1 1 1 1 1 1 ]
[ 0 0 0 1 1 1 1 1 1 1 ]
[ 0 0 1 1 1 1 1 1 1 1 ]
[ 0 1 1 1 1 1 1 1 1 1 ]
[ 1 1 1 1 1 1 1 1 1 1 ]
[ 1 1 1 1 1 1 1 1 1 2 ]
[ 1 1 1 1 1 1 1 1 2 2 ]
[ 1 1 1 1 1 1 1 2 2 2 ]
[ 1 1 1 1 1 1 2 2 2 2 ]
[ 1 1 1 1 1 2 2 2 2 2 ]
[ 1 1 1 1 2 2 2 2 2 2 ]
[ 1 1 1 2 2 2 2 2 2 2 ]
[ 1 1 2 2 2 2 2 2 2 2 ]
[ 1 2 2 2 2 2 2 2 2 2 ]
[ 2 2 2 2 2 2 2 2 2 2 ]

Timer (generate): 2ms real	0ms user	0ms sys
[ 2500 2500 2500 2500 2500 2500 2500 2500 2500 2500 ]
[ 2499 2500 2500 2500 2500 2500 2500 2500 2500 2500 ]
[ 2499 2499 2500 2500 2500 2500 2500 2500 2500 2500 ]
[ 2499 2499 2499 2500 2500 2500 2500 2500 2500 2500 ]
[ 2499 2499 2499 2499 2500 2500 2500 2500 2500 2500 ]
[ 2499 2499 2499 2499 2499 2500 2500 2500 2500 2500 ]
[ 2499 2499 2499 2499 2499 2499 2500 2500 2500 2500 ]
[ 2499 2499 2499 2499 2499 2499 2499 2500 2500 2500 ]
[ 2499 2499 2499 2499 2499 2499 2499 2499 2500 2500 ]
[ 2499 2499 2499 2499 2499 2499 2499 2499 2499 2500 ]
[ 2499 2499 2499 2499 2499 2499 2499 2499 2499 2499 ]
[ 2498 2499 2499 2499 2499 2499 2499 2499 2499 2499 ]
[ 2498 2498 2499 2499 2499 2499 2499 2499 2499 2499 ]
[ 2498 2498 2498 2499 2499 2499 2499 2499 2499 2499 ]
[ 2498 2498 2498 2498 2499 2499 2499 2499 2499 2499 ]
[ 2498 2498 2498 2498 2498 2499 2499 2499 2499 2499 ]
[ 2498 2498 2498 2498 2498 2498 2499 2499 2499 2499 ]
[ 2498 2498 2498 2498 2498 2498 2498 2499 2499 2499 ]
[ 2498 2498 2498 2498 2498 2498 2498 2498 2499 2499 ]
[ 2498 2498 2498 2498 2498 2498 2498 2498 2498 2499 ]

Timer (sort): 786ms real	780ms user	0ms sys
The output is sorted!
[ 0 0 0 0 0 0 0 0 0 1 ]
[ 0 0 0 0 0 0 0 0 1 1 ]
[ 0 0 0 0 0 0 0 1 1 1 ]
[ 0 0 0 0 0 0 1 1 1 1 ]
[ 0 0 0 0 0 1 1 1 1 1 ]
[ 0 0 0 0 1 1 1 1 1 1 ]
[ 0 0 0 1 1 1 1 1 1 1 ]
[ 0 0 1 1 1 1 1 1 1 1 ]
[ 0 1 1 1 1 1 1 1 1 1 ]
[ 1 1 1 1 1 1 1 1 1 1 ]
[ 1 1 1 1 1 1 1 1 1 2 ]
[ 1 1 1 1 1 1 1 1 2 2 ]
[ 1 1 1 1 1 1 1 2 2 2 ]
[ 1 1 1 1 1 1 2 2 2 2 ]
[ 1 1 1 1 1 2 2 2 2 2 ]
[ 1 1 1 1 2 2 2 2 2 2 ]
[ 1 1 1 2 2 2 2 2 2 2 ]
[ 1 1 2 2 2 2 2 2 2 2 ]
[ 1 2 2 2 2 2 2 2 2 2 ]
[ 2 2 2 2 2 2 2 2 2 2 ]

Timer (generate): 1ms real	0ms user	0ms sys
[ 2500 2500 2500 2500 2500 2500 2500 2500 2500 2500 ]
[ 2499 2500 2500 2500 2500 2500 2500 2500 2500 2500 ]
[ 2499 2499 2500 2500 2500 2500 2500 2500 2500 2500 ]
[ 2499 2499 2499 2500 2500 2500 2500 2500 2500 2500 ]
[ 2499 2499 2499 2499 2500 2500 2500 2500 2500 2500 ]
[ 2499 2499 2499 2499 2499 2500 2500 2500 2500 2500 ]
[ 2499 2499 2499 2499 2499 2499 2500 2500 2500 2500 ]
[ 2499 2499 2499 2499 2499 2499 2499 2500 2500 2500 ]
[ 2499 2499 2499 2499 2499 2499 2499 2499 2500 2500 ]
[ 2499 2499 2499 2499 2499 2499 2499 2499 2499 2500 ]
[ 2499 2499 2499 2499 2499 2499 2499 2499 2499 2499 ]
[ 2498 2499 2499 2499 2499 2499 2499 2499 2499 2499 ]
[ 2498 2498 2499 2499 2499 2499 2499 2499 2499 2499 ]
[ 2498 2498 2498 2499 2499 2499 2499 2499 2499 2499 ]
[ 2498 2498 2498 2498 2499 2499 2499 2499 2499 2499 ]
[ 2498 2498 2498 2498 2498 2499 2499 2499 2499 2499 ]
[ 2498 2498 2498 2498 2498 2498 2499 2499 2499 2499 ]
[ 2498 2498 2498 2498 2498 2498 2498 2499 2499 2499 ]
[ 2498 2498 2498 2498 2498 2498 2498 2498 2499 2499 ]
[ 2498 2498 2498 2498 2498 2498 2498 2498 2498 2499 ]

Timer (sort): 798ms real	800ms user	0ms sys
The output is sorted!
[ 0 0 0 0 0 0 0 0 0 1 ]
[ 0 0 0 0 0 0 0 0 1 1 ]
[ 0 0 0 0 0 0 0 1 1 1 ]
[ 0 0 0 0 0 0 1 1 1 1 ]
[ 0 0 0 0 0 1 1 1 1 1 ]
[ 0 0 0 0 1 1 1 1 1 1 ]
[ 0 0 0 1 1 1 1 1 1 1 ]
[ 0 0 1 1 1 1 1 1 1 1 ]
[ 0 1 1 1 1 1 1 1 1 1 ]
[ 1 1 1 1 1 1 1 1 1 1 ]
[ 1 1 1 1 1 1 1 1 1 2 ]
[ 1 1 1 1 1 1 1 1 2 2 ]
[ 1 1 1 1 1 1 1 2 2 2 ]
[ 1 1 1 1 1 1 2 2 2 2 ]
[ 1 1 1 1 1 2 2 2 2 2 ]
[ 1 1 1 1 2 2 2 2 2 2 ]
[ 1 1 1 2 2 2 2 2 2 2 ]
[ 1 1 2 2 2 2 2 2 2 2 ]
[ 1 2 2 2 2 2 2 2 2 2 ]
[ 2 2 2 2 2 2 2 2 2 2 ]

Timer (generate): 1ms real	0ms user	0ms sys
[ 2500 2500 2500 2500 2500 2500 2500 2500 2500 2500 ]
[ 2499 2500 2500 2500 2500 2500 2500 2500 2500 2500 ]
[ 2499 2499 2500 2500 2500 2500 2500 2500 2500 2500 ]
[ 2499 2499 2499 2500 2500 2500 2500 2500 2500 2500 ]
[ 2499 2499 2499 2499 2500 2500 2500 2500 2500 2500 ]
[ 2499 2499 2499 2499 2499 2500 2500 2500 2500 2500 ]
[ 2499 2499 2499 2499 2499 2499 2500 2500 2500 2500 ]
[ 2499 2499 2499 2499 2499 2499 2499 2500 2500 2500 ]
[ 2499 2499 2499 2499 2499 2499 2499 2499 2500 2500 ]
[ 2499 2499 2499 2499 2499 2499 2499 2499 2499 2500 ]
[ 2499 2499 2499 2499 2499 2499 2499 2499 2499 2499 ]
[ 2498 2499 2499 2499 2499 2499 2499 2499 2499 2499 ]
[ 2498 2498 2499 2499 2499 2499 2499 2499 2499 2499 ]
[ 2498 2498 2498 2499 2499 2499 2499 2499 2499 2499 ]
[ 2498 2498 2498 2498 2499 2499 2499 2499 2499 2499 ]
[ 2498 2498 2498 2498 2498 2499 2499 2499 2499 2499 ]
[ 2498 2498 2498 2498 2498 2498 2499 2499 2499 2499 ]
[ 2498 2498 2498 2498 2498 2498 2498 2499 2499 2499 ]
[ 2498 2498 2498 2498 2498 2498 2498 2498 2499 2499 ]
[ 2498 2498 2498 2498 2498 2498 2498 2498 2498 2499 ]

Timer (sort): 791ms real	790ms user	0ms sys
The output is sorted!
[ 0 0 0 0 0 0 0 0 0 1 ]
[ 0 0 0 0 0 0 0 0 1 1 ]
[ 0 0 0 0 0 0 0 1 1 1 ]
[ 0 0 0 0 0 0 1 1 1 1 ]
[ 0 0 0 0 0 1 1 1 1 1 ]
[ 0 0 0 0 1 1 1 1 1 1 ]
[ 0 0 0 1 1 1 1 1 1 1 ]
[ 0 0 1 1 1 1 1 1 1 1 ]
[ 0 1 1 1 1 1 1 1 1 1 ]
[ 1 1 1 1 1 1 1 1 1 1 ]
[ 1 1 1 1 1 1 1 1 1 2 ]
[ 1 1 1 1 1 1 1 1 2 2 ]
[ 1 1 1 1 1 1 1 2 2 2 ]
[ 1 1 1 1 1 1 2 2 2 2 ]
[ 1 1 1 1 1 2 2 2 2 2 ]
[ 1 1 1 1 2 2 2 2 2 2 ]
[ 1 1 1 2 2 2 2 2 2 2 ]
[ 1 1 2 2 2 2 2 2 2 2 ]
[ 1 2 2 2 2 2 2 2 2 2 ]
[ 2 2 2 2 2 2 2 2 2 2 ]

Timer (generate): 1ms real	0ms user	0ms sys
[ 2500 2500 2500 2500 2500 2500 2500 2500 2500 2500 ]
[ 2499 2500 2500 2500 2500 2500 2500 2500 2500 2500 ]
[ 2499 2499 2500 2500 2500 2500 2500 2500 2500 2500 ]
[ 2499 2499 2499 2500 2500 2500 2500 2500 2500 2500 ]
[ 2499 2499 2499 2499 2500 2500 2500 2500 2500 2500 ]
[ 2499 2499 2499 2499 2499 2500 2500 2500 2500 2500 ]
[ 2499 2499 2499 2499 2499 2499 2500 2500 2500 2500 ]
[ 2499 2499 2499 2499 2499 2499 2499 2500 2500 2500 ]
[ 2499 2499 2499 2499 2499 2499 2499 2499 2500 2500 ]
[ 2499 2499 2499 2499 2499 2499 2499 2499 2499 2500 ]
[ 2499 2499 2499 2499 2499 2499 2499 2499 2499 2499 ]
[ 2498 2499 2499 2499 2499 2499 2499 2499 2499 2499 ]
[ 2498 2498 2499 2499 2499 2499 2499 2499 2499 2499 ]
[ 2498 2498 2498 2499 2499 2499 2499 2499 2499 2499 ]
[ 2498 2498 2498 2498 2499 2499 2499 2499 2499 2499 ]
[ 2498 2498 2498 2498 2498 2499 2499 2499 2499 2499 ]
[ 2498 2498 2498 2498 2498 2498 2499 2499 2499 2499 ]
[ 2498 2498 2498 2498 2498 2498 2498 2499 2499 2499 ]
[ 2498 2498 2498 2498 2498 2498 2498 2498 2499 2499 ]
[ 2498 2498 2498 2498 2498 2498 2498 2498 2498 2499 ]

Timer (sort): 763ms real	760ms user	0ms sys
The output is sorted!
[ 0 0 0 0 0 0 0 0 0 1 ]
[ 0 0 0 0 0 0 0 0 1 1 ]
[ 0 0 0 0 0 0 0 1 1 1 ]
[ 0 0 0 0 0 0 1 1 1 1 ]
[ 0 0 0 0 0 1 1 1 1 1 ]
[ 0 0 0 0 1 1 1 1 1 1 ]
[ 0 0 0 1 1 1 1 1 1 1 ]
[ 0 0 1 1 1 1 1 1 1 1 ]
[ 0 1 1 1 1 1 1 1 1 1 ]
[ 1 1 1 1 1 1 1 1 1 1 ]
[ 1 1 1 1 1 1 1 1 1 2 ]
[ 1 1 1 1 1 1 1 1 2 2 ]
[ 1 1 1 1 1 1 1 2 2 2 ]
[ 1 1 1 1 1 1 2 2 2 2 ]
[ 1 1 1 1 1 2 2 2 2 2 ]
[ 1 1 1 1 2 2 2 2 2 2 ]
[ 1 1 1 2 2 2 2 2 2 2 ]
[ 1 1 2 2 2 2 2 2 2 2 ]
[ 1 2 2 2 2 2 2 2 2 2 ]
[ 2 2 2 2 2 2 2 2 2 2 ]

Timer (generate): 1ms real	0ms user	0ms sys
[ 2500 2500 2500 2500 2500 2500 2500 2500 2500 2500 ]
[ 2499 2500 2500 2500 2500 2500 2500 2500 2500 2500 ]
[ 2499 2499 2500 2500 2500 2500 2500 2500 2500 2500 ]
[ 2499 2499 2499 2500 2500 2500 2500 2500 2500 2500 ]
[ 2499 2499 2499 2499 2500 2500 2500 2500 2500 2500 ]
[ 2499 2499 2499 2499 2499 2500 2500 2500 2500 2500 ]
[ 2499 2499 2499 2499 2499 2499 2500 2500 2500 2500 ]
[ 2499 2499 2499 2499 2499 2499 2499 2500 2500 2500 ]
[ 2499 2499 2499 2499 2499 2499 2499 2499 2500 2500 ]
[ 2499 2499 2499 2499 2499 2499 2499 2499 2499 2500 ]
[ 2499 2499 2499 2499 2499 2499 2499 2499 2499 2499 ]
[ 2498 2499 2499 2499 2499 2499 2499 2499 2499 2499 ]
[ 2498 2498 2499 2499 2499 2499 2499 2499 2499 2499 ]
[ 2498 2498 2498 2499 2499 2499 2499 2499 2499 2499 ]
[ 2498 2498 2498 2498 2499 2499 2499 2499 2499 2499 ]
[ 2498 2498 2498 2498 2498 2499 2499 2499 2499 2499 ]
[ 2498 2498 2498 2498 2498 2498 2499 2499 2499 2499 ]
[ 2498 2498 2498 2498 2498 2498 2498 2499 2499 2499 ]
[ 2498 2498 2498 2498 2498 2498 2498 2498 2499 2499 ]
[ 2498 2498 2498 2498 2498 2498 2498 2498 2498 2499 ]

Timer (sort): 847ms real	850ms user	0ms sys
The output is sorted!
[ 0 0 0 0 0 0 0 0 0 1 ]
[ 0 0 0 0 0 0 0 0 1 1 ]
[ 0 0 0 0 0 0 0 1 1 1 ]
[ 0 0 0 0 0 0 1 1 1 1 ]
[ 0 0 0 0 0 1 1 1 1 1 ]
[ 0 0 0 0 1 1 1 1 1 1 ]
[ 0 0 0 1 1 1 1 1 1 1 ]
[ 0 0 1 1 1 1 1 1 1 1 ]
[ 0 1 1 1 1 1 1 1 1 1 ]
[ 1 1 1 1 1 1 1 1 1 1 ]
[ 1 1 1 1 1 1 1 1 1 2 ]
[ 1 1 1 1 1 1 1 1 2 2 ]
[ 1 1 1 1 1 1 1 2 2 2 ]
[ 1 1 1 1 1 1 2 2 2 2 ]
[ 1 1 1 1 1 2 2 2 2 2 ]
[ 1 1 1 1 2 2 2 2 2 2 ]
[ 1 1 1 2 2 2 2 2 2 2 ]
[ 1 1 2 2 2 2 2 2 2 2 ]
[ 1 2 2 2 2 2 2 2 2 2 ]
[ 2 2 2 2 2 2 2 2 2 2 ]

Timer (generate): 1ms real	0ms user	0ms sys
[ 2500 2500 2500 2500 2500 2500 2500 2500 2500 2500 ]
[ 2499 2500 2500 2500 2500 2500 2500 2500 2500 2500 ]
[ 2499 2499 2500 2500 2500 2500 2500 2500 2500 2500 ]
[ 2499 2499 2499 2500 2500 2500 2500 2500 2500 2500 ]
[ 2499 2499 2499 2499 2500 2500 2500 2500 2500 2500 ]
[ 2499 2499 2499 2499 2499 2500 2500 2500 2500 2500 ]
[ 2499 2499 2499 2499 2499 2499 2500 2500 2500 2500 ]
[ 2499 2499 2499 2499 2499 2499 2499 2500 2500 2500 ]
[ 2499 2499 2499 2499 2499 2499 2499 2499 2500 2500 ]
[ 2499 2499 2499 2499 2499 2499 2499 2499 2499 2500 ]
[ 2499 2499 2499 2499 2499 2499 2499 2499 2499 2499 ]
[ 2498 2499 2499 2499 2499 2499 2499 2499 2499 2499 ]
[ 2498 2498 2499 2499 2499 2499 2499 2499 2499 2499 ]
[ 2498 2498 2498 2499 2499 2499 2499 2499 2499 2499 ]
[ 2498 2498 2498 2498 2499 2499 2499 2499 2499 2499 ]
[ 2498 2498 2498 2498 2498 2499 2499 2499 2499 2499 ]
[ 2498 2498 2498 2498 2498 2498 2499 2499 2499 2499 ]
[ 2498 2498 2498 2498 2498 2498 2498 2499 2499 2499 ]
[ 2498 2498 2498 2498 2498 2498 2498 2498 2499 2499 ]
[ 2498 2498 2498 2498 2498 2498 2498 2498 2498 2499 ]

Timer (sort): 842ms real	840ms user	0ms sys
The output is sorted!
[ 0 0 0 0 0 0 0 0 0 1 ]
[ 0 0 0 0 0 0 0 0 1 1 ]
[ 0 0 0 0 0 0 0 1 1 1 ]
[ 0 0 0 0 0 0 1 1 1 1 ]
[ 0 0 0 0 0 1 1 1 1 1 ]
[ 0 0 0 0 1 1 1 1 1 1 ]
[ 0 0 0 1 1 1 1 1 1 1 ]
[ 0 0 1 1 1 1 1 1 1 1 ]
[ 0 1 1 1 1 1 1 1 1 1 ]
[ 1 1 1 1 1 1 1 1 1 1 ]
[ 1 1 1 1 1 1 1 1 1 2 ]
[ 1 1 1 1 1 1 1 1 2 2 ]
[ 1 1 1 1 1 1 1 2 2 2 ]
[ 1 1 1 1 1 1 2 2 2 2 ]
[ 1 1 1 1 1 2 2 2 2 2 ]
[ 1 1 1 1 2 2 2 2 2 2 ]
[ 1 1 1 2 2 2 2 2 2 2 ]
[ 1 1 2 2 2 2 2 2 2 2 ]
[ 1 2 2 2 2 2 2 2 2 2 ]
[ 2 2 2 2 2 2 2 2 2 2 ]

Timer (generate): 2ms real	0ms user	0ms sys
[ 2500 2500 2500 2500 2500 2500 2500 2500 2500 2500 ]
[ 2499 2500 2500 2500 2500 2500 2500 2500 2500 2500 ]
[ 2499 2499 2500 2500 2500 2500 2500 2500 2500 2500 ]
[ 2499 2499 2499 2500 2500 2500 2500 2500 2500 2500 ]
[ 2499 2499 2499 2499 2500 2500 2500 2500 2500 2500 ]
[ 2499 2499 2499 2499 2499 2500 2500 2500 2500 2500 ]
[ 2499 2499 2499 2499 2499 2499 2500 2500 2500 2500 ]
[ 2499 2499 2499 2499 2499 2499 2499 2500 2500 2500 ]
[ 2499 2499 2499 2499 2499 2499 2499 2499 2500 2500 ]
[ 2499 2499 2499 2499 2499 2499 2499 2499 2499 2500 ]
[ 2499 2499 2499 2499 2499 2499 2499 2499 2499 2499 ]
[ 2498 2499 2499 2499 2499 2499 2499 2499 2499 2499 ]
[ 2498 2498 2499 2499 2499 2499 2499 2499 2499 2499 ]
[ 2498 2498 2498 2499 2499 2499 2499 2499 2499 2499 ]
[ 2498 2498 2498 2498 2499 2499 2499 2499 2499 2499 ]
[ 2498 2498 2498 2498 2498 2499 2499 2499 2499 2499 ]
[ 2498 2498 2498 2498 2498 2498 2499 2499 2499 2499 ]
[ 2498 2498 2498 2498 2498 2498 2498 2499 2499 2499 ]
[ 2498 2498 2498 2498 2498 2498 2498 2498 2499 2499 ]
[ 2498 2498 2498 2498 2498 2498 2498 2498 2498 2499 ]

Timer (sort): 805ms real	800ms user	0ms sys
The output is sorted!
[ 0 0 0 0 0 0 0 0 0 1 ]
[ 0 0 0 0 0 0 0 0 1 1 ]
[ 0 0 0 0 0 0 0 1 1 1 ]
[ 0 0 0 0 0 0 1 1 1 1 ]
[ 0 0 0 0 0 1 1 1 1 1 ]
[ 0 0 0 0 1 1 1 1 1 1 ]
[ 0 0 0 1 1 1 1 1 1 1 ]
[ 0 0 1 1 1 1 1 1 1 1 ]
[ 0 1 1 1 1 1 1 1 1 1 ]
[ 1 1 1 1 1 1 1 1 1 1 ]
[ 1 1 1 1 1 1 1 1 1 2 ]
[ 1 1 1 1 1 1 1 1 2 2 ]
[ 1 1 1 1 1 1 1 2 2 2 ]
[ 1 1 1 1 1 1 2 2 2 2 ]
[ 1 1 1 1 1 2 2 2 2 2 ]
[ 1 1 1 1 2 2 2 2 2 2 ]
[ 1 1 1 2 2 2 2 2 2 2 ]
[ 1 1 2 2 2 2 2 2 2 2 ]
[ 1 2 2 2 2 2 2 2 2 2 ]
[ 2 2 2 2 2 2 2 2 2 2 ]

Timer (generate): 1ms real	0ms user	0ms sys
[ 2500 2500 2500 2500 2500 2500 2500 2500 2500 2500 ]
[ 2499 2500 2500 2500 2500 2500 2500 2500 2500 2500 ]
[ 2499 2499 2500 2500 2500 2500 2500 2500 2500 2500 ]
[ 2499 2499 2499 2500 2500 2500 2500 2500 2500 2500 ]
[ 2499 2499 2499 2499 2500 2500 2500 2500 2500 2500 ]
[ 2499 2499 2499 2499 2499 2500 2500 2500 2500 2500 ]
[ 2499 2499 2499 2499 2499 2499 2500 2500 2500 2500 ]
[ 2499 2499 2499 2499 2499 2499 2499 2500 2500 2500 ]
[ 2499 2499 2499 2499 2499 2499 2499 2499 2500 2500 ]
[ 2499 2499 2499 2499 2499 2499 2499 2499 2499 2500 ]
[ 2499 2499 2499 2499 2499 2499 2499 2499 2499 2499 ]
[ 2498 2499 2499 2499 2499 2499 2499 2499 2499 2499 ]
[ 2498 2498 2499 2499 2499 2499 2499 2499 2499 2499 ]
[ 2498 2498 2498 2499 2499 2499 2499 2499 2499 2499 ]
[ 2498 2498 2498 2498 2499 2499 2499 2499 2499 2499 ]
[ 2498 2498 2498 2498 2498 2499 2499 2499 2499 2499 ]
[ 2498 2498 2498 2498 2498 2498 2499 2499 2499 2499 ]
[ 2498 2498 2498 2498 2498 2498 2498 2499 2499 2499 ]
[ 2498 2498 2498 2498 2498 2498 2498 2498 2499 2499 ]
[ 2498 2498 2498 2498 2498 2498 2498 2498 2498 2499 ]

Timer (sort): 809ms real	800ms user	0ms sys
The output is sorted!
[ 0 0 0 0 0 0 0 0 0 1 ]
[ 0 0 0 0 0 0 0 0 1 1 ]
[ 0 0 0 0 0 0 0 1 1 1 ]
[ 0 0 0 0 0 0 1 1 1 1 ]
[ 0 0 0 0 0 1 1 1 1 1 ]
[ 0 0 0 0 1 1 1 1 1 1 ]
[ 0 0 0 1 1 1 1 1 1 1 ]
[ 0 0 1 1 1 1 1 1 1 1 ]
[ 0 1 1 1 1 1 1 1 1 1 ]
[ 1 1 1 1 1 1 1 1 1 1 ]
[ 1 1 1 1 1 1 1 1 1 2 ]
[ 1 1 1 1 1 1 1 1 2 2 ]
[ 1 1 1 1 1 1 1 2 2 2 ]
[ 1 1 1 1 1 1 2 2 2 2 ]
[ 1 1 1 1 1 2 2 2 2 2 ]
[ 1 1 1 1 2 2 2 2 2 2 ]
[ 1 1 1 2 2 2 2 2 2 2 ]
[ 1 1 2 2 2 2 2 2 2 2 ]
[ 1 2 2 2 2 2 2 2 2 2 ]
[ 2 2 2 2 2 2 2 2 2 2 ]

Timer (generate): 2ms real	0ms user	0ms sys
[ 2500 2500 2500 2500 2500 2500 2500 2500 2500 2500 ]
[ 2499 2500 2500 2500 2500 2500 2500 2500 2500 2500 ]
[ 2499 2499 2500 2500 2500 2500 2500 2500 2500 2500 ]
[ 2499 2499 2499 2500 2500 2500 2500 2500 2500 2500 ]
[ 2499 2499 2499 2499 2500 2500 2500 2500 2500 2500 ]
[ 2499 2499 2499 2499 2499 2500 2500 2500 2500 2500 ]
[ 2499 2499 2499 2499 2499 2499 2500 2500 2500 2500 ]
[ 2499 2499 2499 2499 2499 2499 2499 2500 2500 2500 ]
[ 2499 2499 2499 2499 2499 2499 2499 2499 2500 2500 ]
[ 2499 2499 2499 2499 2499 2499 2499 2499 2499 2500 ]
[ 2499 2499 2499 2499 2499 2499 2499 2499 2499 2499 ]
[ 2498 2499 2499 2499 2499 2499 2499 2499 2499 2499 ]
[ 2498 2498 2499 2499 2499 2499 2499 2499 2499 2499 ]
[ 2498 2498 2498 2499 2499 2499 2499 2499 2499 2499 ]
[ 2498 2498 2498 2498 2499 2499 2499 2499 2499 2499 ]
[ 2498 2498 2498 2498 2498 2499 2499 2499 2499 2499 ]
[ 2498 2498 2498 2498 2498 2498 2499 2499 2499 2499 ]
[ 2498 2498 2498 2498 2498 2498 2498 2499 2499 2499 ]
[ 2498 2498 2498 2498 2498 2498 2498 2498 2499 2499 ]
[ 2498 2498 2498 2498 2498 2498 2498 2498 2498 2499 ]

Timer (sort): 786ms real	790ms user	0ms sys
The output is sorted!
[ 0 0 0 0 0 0 0 0 0 1 ]
[ 0 0 0 0 0 0 0 0 1 1 ]
[ 0 0 0 0 0 0 0 1 1 1 ]
[ 0 0 0 0 0 0 1 1 1 1 ]
[ 0 0 0 0 0 1 1 1 1 1 ]
[ 0 0 0 0 1 1 1 1 1 1 ]
[ 0 0 0 1 1 1 1 1 1 1 ]
[ 0 0 1 1 1 1 1 1 1 1 ]
[ 0 1 1 1 1 1 1 1 1 1 ]
[ 1 1 1 1 1 1 1 1 1 1 ]
[ 1 1 1 1 1 1 1 1 1 2 ]
[ 1 1 1 1 1 1 1 1 2 2 ]
[ 1 1 1 1 1 1 1 2 2 2 ]
[ 1 1 1 1 1 1 2 2 2 2 ]
[ 1 1 1 1 1 2 2 2 2 2 ]
[ 1 1 1 1 2 2 2 2 2 2 ]
[ 1 1 1 2 2 2 2 2 2 2 ]
[ 1 1 2 2 2 2 2 2 2 2 ]
[ 1 2 2 2 2 2 2 2 2 2 ]
[ 2 2 2 2 2 2 2 2 2 2 ]

Timer (generate): 1ms real	0ms user	0ms sys
[ 2500 2500 2500 2500 2500 2500 2500 2500 2500 2500 ]
[ 2499 2500 2500 2500 2500 2500 2500 2500 2500 2500 ]
[ 2499 2499 2500 2500 2500 2500 2500 2500 2500 2500 ]
[ 2499 2499 2499 2500 2500 2500 2500 2500 2500 2500 ]
[ 2499 2499 2499 2499 2500 2500 2500 2500 2500 2500 ]
[ 2499 2499 2499 2499 2499 2500 2500 2500 2500 2500 ]
[ 2499 2499 2499 2499 2499 2499 2500 2500 2500 2500 ]
[ 2499 2499 2499 2499 2499 2499 2499 2500 2500 2500 ]
[ 2499 2499 2499 2499 2499 2499 2499 2499 2500 2500 ]
[ 2499 2499 2499 2499 2499 2499 2499 2499 2499 2500 ]
[ 2499 2499 2499 2499 2499 2499 2499 2499 2499 2499 ]
[ 2498 2499 2499 2499 2499 2499 2499 2499 2499 2499 ]
[ 2498 2498 2499 2499 2499 2499 2499 2499 2499 2499 ]
[ 2498 2498 2498 2499 2499 2499 2499 2499 2499 2499 ]
[ 2498 2498 2498 2498 2499 2499 2499 2499 2499 2499 ]
[ 2498 2498 2498 2498 2498 2499 2499 2499 2499 2499 ]
[ 2498 2498 2498 2498 2498 2498 2499 2499 2499 2499 ]
[ 2498 2498 2498 2498 2498 2498 2498 2499 2499 2499 ]
[ 2498 2498 2498 2498 2498 2498 2498 2498 2499 2499 ]
[ 2498 2498 2498 2498 2498 2498 2498 2498 2498 2499 ]

Timer (sort): 849ms real	850ms user	0ms sys
The output is sorted!
[ 0 0 0 0 0 0 0 0 0 1 ]
[ 0 0 0 0 0 0 0 0 1 1 ]
[ 0 0 0 0 0 0 0 1 1 1 ]
[ 0 0 0 0 0 0 1 1 1 1 ]
[ 0 0 0 0 0 1 1 1 1 1 ]
[ 0 0 0 0 1 1 1 1 1 1 ]
[ 0 0 0 1 1 1 1 1 1 1 ]
[ 0 0 1 1 1 1 1 1 1 1 ]
[ 0 1 1 1 1 1 1 1 1 1 ]
[ 1 1 1 1 1 1 1 1 1 1 ]
[ 1 1 1 1 1 1 1 1 1 2 ]
[ 1 1 1 1 1 1 1 1 2 2 ]
[ 1 1 1 1 1 1 1 2 2 2 ]
[ 1 1 1 1 1 1 2 2 2 2 ]
[ 1 1 1 1 1 2 2 2 2 2 ]
[ 1 1 1 1 2 2 2 2 2 2 ]
[ 1 1 1 2 2 2 2 2 2 2 ]
[ 1 1 2 2 2 2 2 2 2 2 ]
[ 1 2 2 2 2 2 2 2 2 2 ]
[ 2 2 2 2 2 2 2 2 2 2 ]

Timer (generate): 1ms real	0ms user	0ms sys
[ 2500 2500 2500 2500 2500 2500 2500 2500 2500 2500 ]
[ 2499 2500 2500 2500 2500 2500 2500 2500 2500 2500 ]
[ 2499 2499 2500 2500 2500 2500 2500 2500 2500 2500 ]
[ 2499 2499 2499 2500 2500 2500 2500 2500 2500 2500 ]
[ 2499 2499 2499 2499 2500 2500 2500 2500 2500 2500 ]
[ 2499 2499 2499 2499 2499 2500 2500 2500 2500 2500 ]
[ 2499 2499 2499 2499 2499 2499 2500 2500 2500 2500 ]
[ 2499 2499 2499 2499 2499 2499 2499 2500 2500 2500 ]
[ 2499 2499 2499 2499 2499 2499 2499 2499 2500 2500 ]
[ 2499 2499 2499 2499 2499 2499 2499 2499 2499 2500 ]
[ 2499 2499 2499 2499 2499 2499 2499 2499 2499 2499 ]
[ 2498 2499 2499 2499 2499 2499 2499 2499 2499 2499 ]
[ 2498 2498 2499 2499 2499 2499 2499 2499 2499 2499 ]
[ 2498 2498 2498 2499 2499 2499 2499 2499 2499 2499 ]
[ 2498 2498 2498 2498 2499 2499 2499 2499 2499 2499 ]
[ 2498 2498 2498 2498 2498 2499 2499 2499 2499 2499 ]
[ 2498 2498 2498 2498 2498 2498 2499 2499 2499 2499 ]
[ 2498 2498 2498 2498 2498 2498 2498 2499 2499 2499 ]
[ 2498 2498 2498 2498 2498 2498 2498 2498 2499 2499 ]
[ 2498 2498 2498 2498 2498 2498 2498 2498 2498 2499 ]

Timer (sort): 815ms real	810ms user	0ms sys
The output is sorted!
[ 0 0 0 0 0 0 0 0 0 1 ]
[ 0 0 0 0 0 0 0 0 1 1 ]
[ 0 0 0 0 0 0 0 1 1 1 ]
[ 0 0 0 0 0 0 1 1 1 1 ]
[ 0 0 0 0 0 1 1 1 1 1 ]
[ 0 0 0 0 1 1 1 1 1 1 ]
[ 0 0 0 1 1 1 1 1 1 1 ]
[ 0 0 1 1 1 1 1 1 1 1 ]
[ 0 1 1 1 1 1 1 1 1 1 ]
[ 1 1 1 1 1 1 1 1 1 1 ]
[ 1 1 1 1 1 1 1 1 1 2 ]
[ 1 1 1 1 1 1 1 1 2 2 ]
[ 1 1 1 1 1 1 1 2 2 2 ]
[ 1 1 1 1 1 1 2 2 2 2 ]
[ 1 1 1 1 1 2 2 2 2 2 ]
[ 1 1 1 1 2 2 2 2 2 2 ]
[ 1 1 1 2 2 2 2 2 2 2 ]
[ 1 1 2 2 2 2 2 2 2 2 ]
[ 1 2 2 2 2 2 2 2 2 2 ]
[ 2 2 2 2 2 2 2 2 2 2 ]

Timer (generate): 1ms real	0ms user	0ms sys
[ 2500 2500 2500 2500 2500 2500 2500 2500 2500 2500 ]
[ 2499 2500 2500 2500 2500 2500 2500 2500 2500 2500 ]
[ 2499 2499 2500 2500 2500 2500 2500 2500 2500 2500 ]
[ 2499 2499 2499 2500 2500 2500 2500 2500 2500 2500 ]
[ 2499 2499 2499 2499 2500 2500 2500 2500 2500 2500 ]
[ 2499 2499 2499 2499 2499 2500 2500 2500 2500 2500 ]
[ 2499 2499 2499 2499 2499 2499 2500 2500 2500 2500 ]
[ 2499 2499 2499 2499 2499 2499 2499 2500 2500 2500 ]
[ 2499 2499 2499 2499 2499 2499 2499 2499 2500 2500 ]
[ 2499 2499 2499 2499 2499 2499 2499 2499 2499 2500 ]
[ 2499 2499 2499 2499 2499 2499 2499 2499 2499 2499 ]
[ 2498 2499 2499 2499 2499 2499 2499 2499 2499 2499 ]
[ 2498 2498 2499 2499 2499 2499 2499 2499 2499 2499 ]
[ 2498 2498 2498 2499 2499 2499 2499 2499 2499 2499 ]
[ 2498 2498 2498 2498 2499 2499 2499 2499 2499 2499 ]
[ 2498 2498 2498 2498 2498 2499 2499 2499 2499 2499 ]
[ 2498 2498 2498 2498 2498 2498 2499 2499 2499 2499 ]
[ 2498 2498 2498 2498 2498 2498 2498 2499 2499 2499 ]
[ 2498 2498 2498 2498 2498 2498 2498 2498 2499 2499 ]
[ 2498 2498 2498 2498 2498 2498 2498 2498 2498 2499 ]

Timer (sort): 784ms real	770ms user	0ms sys
The output is sorted!
[ 0 0 0 0 0 0 0 0 0 1 ]
[ 0 0 0 0 0 0 0 0 1 1 ]
[ 0 0 0 0 0 0 0 1 1 1 ]
[ 0 0 0 0 0 0 1 1 1 1 ]
[ 0 0 0 0 0 1 1 1 1 1 ]
[ 0 0 0 0 1 1 1 1 1 1 ]
[ 0 0 0 1 1 1 1 1 1 1 ]
[ 0 0 1 1 1 1 1 1 1 1 ]
[ 0 1 1 1 1 1 1 1 1 1 ]
[ 1 1 1 1 1 1 1 1 1 1 ]
[ 1 1 1 1 1 1 1 1 1 2 ]
[ 1 1 1 1 1 1 1 1 2 2 ]
[ 1 1 1 1 1 1 1 2 2 2 ]
[ 1 1 1 1 1 1 2 2 2 2 ]
[ 1 1 1 1 1 2 2 2 2 2 ]
[ 1 1 1 1 2 2 2 2 2 2 ]
[ 1 1 1 2 2 2 2 2 2 2 ]
[ 1 1 2 2 2 2 2 2 2 2 ]
[ 1 2 2 2 2 2 2 2 2 2 ]
[ 2 2 2 2 2 2 2 2 2 2 ]

Timer (generate): 1ms real	0ms user	0ms sys
[ 2500 2500 2500 2500 2500 2500 2500 2500 2500 2500 ]
[ 2499 2500 2500 2500 2500 2500 2500 2500 2500 2500 ]
[ 2499 2499 2500 2500 2500 2500 2500 2500 2500 2500 ]
[ 2499 2499 2499 2500 2500 2500 2500 2500 2500 2500 ]
[ 2499 2499 2499 2499 2500 2500 2500 2500 2500 2500 ]
[ 2499 2499 2499 2499 2499 2500 2500 2500 2500 2500 ]
[ 2499 2499 2499 2499 2499 2499 2500 2500 2500 2500 ]
[ 2499 2499 2499 2499 2499 2499 2499 2500 2500 2500 ]
[ 2499 2499 2499 2499 2499 2499 2499 2499 2500 2500 ]
[ 2499 2499 2499 2499 2499 2499 2499 2499 2499 2500 ]
[ 2499 2499 2499 2499 2499 2499 2499 2499 2499 2499 ]
[ 2498 2499 2499 2499 2499 2499 2499 2499 2499 2499 ]
[ 2498 2498 2499 2499 2499 2499 2499 2499 2499 2499 ]
[ 2498 2498 2498 2499 2499 2499 2499 2499 2499 2499 ]
[ 2498 2498 2498 2498 2499 2499 2499 2499 2499 2499 ]
[ 2498 2498 2498 2498 2498 2499 2499 2499 2499 2499 ]
[ 2498 2498 2498 2498 2498 2498 2499 2499 2499 2499 ]
[ 2498 2498 2498 2498 2498 2498 2498 2499 2499 2499 ]
[ 2498 2498 2498 2498 2498 2498 2498 2498 2499 2499 ]
[ 2498 2498 2498 2498 2498 2498 2498 2498 2498 2499 ]

Timer (sort): 799ms real	800ms user	0ms sys
The output is sorted!
[ 0 0 0 0 0 0 0 0 0 1 ]
[ 0 0 0 0 0 0 0 0 1 1 ]
[ 0 0 0 0 0 0 0 1 1 1 ]
[ 0 0 0 0 0 0 1 1 1 1 ]
[ 0 0 0 0 0 1 1 1 1 1 ]
[ 0 0 0 0 1 1 1 1 1 1 ]
[ 0 0 0 1 1 1 1 1 1 1 ]
[ 0 0 1 1 1 1 1 1 1 1 ]
[ 0 1 1 1 1 1 1 1 1 1 ]
[ 1 1 1 1 1 1 1 1 1 1 ]
[ 1 1 1 1 1 1 1 1 1 2 ]
[ 1 1 1 1 1 1 1 1 2 2 ]
[ 1 1 1 1 1 1 1 2 2 2 ]
[ 1 1 1 1 1 1 2 2 2 2 ]
[ 1 1 1 1 1 2 2 2 2 2 ]
[ 1 1 1 1 2 2 2 2 2 2 ]
[ 1 1 1 2 2 2 2 2 2 2 ]
[ 1 1 2 2 2 2 2 2 2 2 ]
[ 1 2 2 2 2 2 2 2 2 2 ]
[ 2 2 2 2 2 2 2 2 2 2 ]

Timer (generate): 3ms real	0ms user	0ms sys
[ 2500 2500 2500 2500 2500 2500 2500 2500 2500 2500 ]
[ 2499 2500 2500 2500 2500 2500 2500 2500 2500 2500 ]
[ 2499 2499 2500 2500 2500 2500 2500 2500 2500 2500 ]
[ 2499 2499 2499 2500 2500 2500 2500 2500 2500 2500 ]
[ 2499 2499 2499 2499 2500 2500 2500 2500 2500 2500 ]
[ 2499 2499 2499 2499 2499 2500 2500 2500 2500 2500 ]
[ 2499 2499 2499 2499 2499 2499 2500 2500 2500 2500 ]
[ 2499 2499 2499 2499 2499 2499 2499 2500 2500 2500 ]
[ 2499 2499 2499 2499 2499 2499 2499 2499 2500 2500 ]
[ 2499 2499 2499 2499 2499 2499 2499 2499 2499 2500 ]
[ 2499 2499 2499 2499 2499 2499 2499 2499 2499 2499 ]
[ 2498 2499 2499 2499 2499 2499 2499 2499 2499 2499 ]
[ 2498 2498 2499 2499 2499 2499 2499 2499 2499 2499 ]
[ 2498 2498 2498 2499 2499 2499 2499 2499 2499 2499 ]
[ 2498 2498 2498 2498 2499 2499 2499 2499 2499 2499 ]
[ 2498 2498 2498 2498 2498 2499 2499 2499 2499 2499 ]
[ 2498 2498 2498 2498 2498 2498 2499 2499 2499 2499 ]
[ 2498 2498 2498 2498 2498 2498 2498 2499 2499 2499 ]
[ 2498 2498 2498 2498 2498 2498 2498 2498 2499 2499 ]
[ 2498 2498 2498 2498 2498 2498 2498 2498 2498 2499 ]

Timer (sort): 828ms real	820ms user	0ms sys
The output is sorted!
[ 0 0 0 0 0 0 0 0 0 1 ]
[ 0 0 0 0 0 0 0 0 1 1 ]
[ 0 0 0 0 0 0 0 1 1 1 ]
[ 0 0 0 0 0 0 1 1 1 1 ]
[ 0 0 0 0 0 1 1 1 1 1 ]
[ 0 0 0 0 1 1 1 1 1 1 ]
[ 0 0 0 1 1 1 1 1 1 1 ]
[ 0 0 1 1 1 1 1 1 1 1 ]
[ 0 1 1 1 1 1 1 1 1 1 ]
[ 1 1 1 1 1 1 1 1 1 1 ]
[ 1 1 1 1 1 1 1 1 1 2 ]
[ 1 1 1 1 1 1 1 1 2 2 ]
[ 1 1 1 1 1 1 1 2 2 2 ]
[ 1 1 1 1 1 1 2 2 2 2 ]
[ 1 1 1 1 1 2 2 2 2 2 ]
[ 1 1 1 1 2 2 2 2 2 2 ]
[ 1 1 1 2 2 2 2 2 2 2 ]
[ 1 1 2 2 2 2 2 2 2 2 ]
[ 1 2 2 2 2 2 2 2 2 2 ]
[ 2 2 2 2 2 2 2 2 2 2 ]

