Timer (generate): 1ms real	0ms user	0ms sys
[ 1000 1000 1000 1000 1000 1000 1000 1000 1000 1000 ]
[ 999 1000 1000 1000 1000 1000 1000 1000 1000 1000 ]
[ 999 999 1000 1000 1000 1000 1000 1000 1000 1000 ]
[ 999 999 999 1000 1000 1000 1000 1000 1000 1000 ]
[ 999 999 999 999 1000 1000 1000 1000 1000 1000 ]
[ 999 999 999 999 999 1000 1000 1000 1000 1000 ]
[ 999 999 999 999 999 999 1000 1000 1000 1000 ]
[ 999 999 999 999 999 999 999 1000 1000 1000 ]
[ 999 999 999 999 999 999 999 999 1000 1000 ]
[ 999 999 999 999 999 999 999 999 999 1000 ]
[ 999 999 999 999 999 999 999 999 999 999 ]
[ 998 999 999 999 999 999 999 999 999 999 ]
[ 998 998 999 999 999 999 999 999 999 999 ]
[ 998 998 998 999 999 999 999 999 999 999 ]
[ 998 998 998 998 999 999 999 999 999 999 ]
[ 998 998 998 998 998 999 999 999 999 999 ]
[ 998 998 998 998 998 998 999 999 999 999 ]
[ 998 998 998 998 998 998 998 999 999 999 ]
[ 998 998 998 998 998 998 998 998 999 999 ]
[ 998 998 998 998 998 998 998 998 998 999 ]

Timer (sort): 113ms real	110ms user	0ms sys
The output is sorted!
[ 0 0 0 0 0 0 0 0 0 1 ]
[ 0 0 0 0 0 0 0 0 1 1 ]
[ 0 0 0 0 0 0 0 1 1 1 ]
[ 0 0 0 0 0 0 1 1 1 1 ]
[ 0 0 0 0 0 1 1 1 1 1 ]
[ 0 0 0 0 1 1 1 1 1 1 ]
[ 0 0 0 1 1 1 1 1 1 1 ]
[ 0 0 1 1 1 1 1 1 1 1 ]
[ 0 1 1 1 1 1 1 1 1 1 ]
[ 1 1 1 1 1 1 1 1 1 1 ]
[ 1 1 1 1 1 1 1 1 1 2 ]
[ 1 1 1 1 1 1 1 1 2 2 ]
[ 1 1 1 1 1 1 1 2 2 2 ]
[ 1 1 1 1 1 1 2 2 2 2 ]
[ 1 1 1 1 1 2 2 2 2 2 ]
[ 1 1 1 1 2 2 2 2 2 2 ]
[ 1 1 1 2 2 2 2 2 2 2 ]
[ 1 1 2 2 2 2 2 2 2 2 ]
[ 1 2 2 2 2 2 2 2 2 2 ]
[ 2 2 2 2 2 2 2 2 2 2 ]

Timer (generate): 0ms real	0ms user	0ms sys
[ 1000 1000 1000 1000 1000 1000 1000 1000 1000 1000 ]
[ 999 1000 1000 1000 1000 1000 1000 1000 1000 1000 ]
[ 999 999 1000 1000 1000 1000 1000 1000 1000 1000 ]
[ 999 999 999 1000 1000 1000 1000 1000 1000 1000 ]
[ 999 999 999 999 1000 1000 1000 1000 1000 1000 ]
[ 999 999 999 999 999 1000 1000 1000 1000 1000 ]
[ 999 999 999 999 999 999 1000 1000 1000 1000 ]
[ 999 999 999 999 999 999 999 1000 1000 1000 ]
[ 999 999 999 999 999 999 999 999 1000 1000 ]
[ 999 999 999 999 999 999 999 999 999 1000 ]
[ 999 999 999 999 999 999 999 999 999 999 ]
[ 998 999 999 999 999 999 999 999 999 999 ]
[ 998 998 999 999 999 999 999 999 999 999 ]
[ 998 998 998 999 999 999 999 999 999 999 ]
[ 998 998 998 998 999 999 999 999 999 999 ]
[ 998 998 998 998 998 999 999 999 999 999 ]
[ 998 998 998 998 998 998 999 999 999 999 ]
[ 998 998 998 998 998 998 998 999 999 999 ]
[ 998 998 998 998 998 998 998 998 999 999 ]
[ 998 998 998 998 998 998 998 998 998 999 ]

Timer (sort): 112ms real	100ms user	0ms sys
The output is sorted!
[ 0 0 0 0 0 0 0 0 0 1 ]
[ 0 0 0 0 0 0 0 0 1 1 ]
[ 0 0 0 0 0 0 0 1 1 1 ]
[ 0 0 0 0 0 0 1 1 1 1 ]
[ 0 0 0 0 0 1 1 1 1 1 ]
[ 0 0 0 0 1 1 1 1 1 1 ]
[ 0 0 0 1 1 1 1 1 1 1 ]
[ 0 0 1 1 1 1 1 1 1 1 ]
[ 0 1 1 1 1 1 1 1 1 1 ]
[ 1 1 1 1 1 1 1 1 1 1 ]
[ 1 1 1 1 1 1 1 1 1 2 ]
[ 1 1 1 1 1 1 1 1 2 2 ]
[ 1 1 1 1 1 1 1 2 2 2 ]
[ 1 1 1 1 1 1 2 2 2 2 ]
[ 1 1 1 1 1 2 2 2 2 2 ]
[ 1 1 1 1 2 2 2 2 2 2 ]
[ 1 1 1 2 2 2 2 2 2 2 ]
[ 1 1 2 2 2 2 2 2 2 2 ]
[ 1 2 2 2 2 2 2 2 2 2 ]
[ 2 2 2 2 2 2 2 2 2 2 ]

Timer (generate): 1ms real	0ms user	0ms sys
[ 1000 1000 1000 1000 1000 1000 1000 1000 1000 1000 ]
[ 999 1000 1000 1000 1000 1000 1000 1000 1000 1000 ]
[ 999 999 1000 1000 1000 1000 1000 1000 1000 1000 ]
[ 999 999 999 1000 1000 1000 1000 1000 1000 1000 ]
[ 999 999 999 999 1000 1000 1000 1000 1000 1000 ]
[ 999 999 999 999 999 1000 1000 1000 1000 1000 ]
[ 999 999 999 999 999 999 1000 1000 1000 1000 ]
[ 999 999 999 999 999 999 999 1000 1000 1000 ]
[ 999 999 999 999 999 999 999 999 1000 1000 ]
[ 999 999 999 999 999 999 999 999 999 1000 ]
[ 999 999 999 999 999 999 999 999 999 999 ]
[ 998 999 999 999 999 999 999 999 999 999 ]
[ 998 998 999 999 999 999 999 999 999 999 ]
[ 998 998 998 999 999 999 999 999 999 999 ]
[ 998 998 998 998 999 999 999 999 999 999 ]
[ 998 998 998 998 998 999 999 999 999 999 ]
[ 998 998 998 998 998 998 999 999 999 999 ]
[ 998 998 998 998 998 998 998 999 999 999 ]
[ 998 998 998 998 998 998 998 998 999 999 ]
[ 998 998 998 998 998 998 998 998 998 999 ]

Timer (sort): 110ms real	110ms user	0ms sys
The output is sorted!
[ 0 0 0 0 0 0 0 0 0 1 ]
[ 0 0 0 0 0 0 0 0 1 1 ]
[ 0 0 0 0 0 0 0 1 1 1 ]
[ 0 0 0 0 0 0 1 1 1 1 ]
[ 0 0 0 0 0 1 1 1 1 1 ]
[ 0 0 0 0 1 1 1 1 1 1 ]
[ 0 0 0 1 1 1 1 1 1 1 ]
[ 0 0 1 1 1 1 1 1 1 1 ]
[ 0 1 1 1 1 1 1 1 1 1 ]
[ 1 1 1 1 1 1 1 1 1 1 ]
[ 1 1 1 1 1 1 1 1 1 2 ]
[ 1 1 1 1 1 1 1 1 2 2 ]
[ 1 1 1 1 1 1 1 2 2 2 ]
[ 1 1 1 1 1 1 2 2 2 2 ]
[ 1 1 1 1 1 2 2 2 2 2 ]
[ 1 1 1 1 2 2 2 2 2 2 ]
[ 1 1 1 2 2 2 2 2 2 2 ]
[ 1 1 2 2 2 2 2 2 2 2 ]
[ 1 2 2 2 2 2 2 2 2 2 ]
[ 2 2 2 2 2 2 2 2 2 2 ]

Timer (generate): 0ms real	0ms user	0ms sys
[ 1000 1000 1000 1000 1000 1000 1000 1000 1000 1000 ]
[ 999 1000 1000 1000 1000 1000 1000 1000 1000 1000 ]
[ 999 999 1000 1000 1000 1000 1000 1000 1000 1000 ]
[ 999 999 999 1000 1000 1000 1000 1000 1000 1000 ]
[ 999 999 999 999 1000 1000 1000 1000 1000 1000 ]
[ 999 999 999 999 999 1000 1000 1000 1000 1000 ]
[ 999 999 999 999 999 999 1000 1000 1000 1000 ]
[ 999 999 999 999 999 999 999 1000 1000 1000 ]
[ 999 999 999 999 999 999 999 999 1000 1000 ]
[ 999 999 999 999 999 999 999 999 999 1000 ]
[ 999 999 999 999 999 999 999 999 999 999 ]
[ 998 999 999 999 999 999 999 999 999 999 ]
[ 998 998 999 999 999 999 999 999 999 999 ]
[ 998 998 998 999 999 999 999 999 999 999 ]
[ 998 998 998 998 999 999 999 999 999 999 ]
[ 998 998 998 998 998 999 999 999 999 999 ]
[ 998 998 998 998 998 998 999 999 999 999 ]
[ 998 998 998 998 998 998 998 999 999 999 ]
[ 998 998 998 998 998 998 998 998 999 999 ]
[ 998 998 998 998 998 998 998 998 998 999 ]

Timer (sort): 110ms real	110ms user	0ms sys
The output is sorted!
[ 0 0 0 0 0 0 0 0 0 1 ]
[ 0 0 0 0 0 0 0 0 1 1 ]
[ 0 0 0 0 0 0 0 1 1 1 ]
[ 0 0 0 0 0 0 1 1 1 1 ]
[ 0 0 0 0 0 1 1 1 1 1 ]
[ 0 0 0 0 1 1 1 1 1 1 ]
[ 0 0 0 1 1 1 1 1 1 1 ]
[ 0 0 1 1 1 1 1 1 1 1 ]
[ 0 1 1 1 1 1 1 1 1 1 ]
[ 1 1 1 1 1 1 1 1 1 1 ]
[ 1 1 1 1 1 1 1 1 1 2 ]
[ 1 1 1 1 1 1 1 1 2 2 ]
[ 1 1 1 1 1 1 1 2 2 2 ]
[ 1 1 1 1 1 1 2 2 2 2 ]
[ 1 1 1 1 1 2 2 2 2 2 ]
[ 1 1 1 1 2 2 2 2 2 2 ]
[ 1 1 1 2 2 2 2 2 2 2 ]
[ 1 1 2 2 2 2 2 2 2 2 ]
[ 1 2 2 2 2 2 2 2 2 2 ]
[ 2 2 2 2 2 2 2 2 2 2 ]

Timer (generate): 1ms real	0ms user	0ms sys
[ 1000 1000 1000 1000 1000 1000 1000 1000 1000 1000 ]
[ 999 1000 1000 1000 1000 1000 1000 1000 1000 1000 ]
[ 999 999 1000 1000 1000 1000 1000 1000 1000 1000 ]
[ 999 999 999 1000 1000 1000 1000 1000 1000 1000 ]
[ 999 999 999 999 1000 1000 1000 1000 1000 1000 ]
[ 999 999 999 999 999 1000 1000 1000 1000 1000 ]
[ 999 999 999 999 999 999 1000 1000 1000 1000 ]
[ 999 999 999 999 999 999 999 1000 1000 1000 ]
[ 999 999 999 999 999 999 999 999 1000 1000 ]
[ 999 999 999 999 999 999 999 999 999 1000 ]
[ 999 999 999 999 999 999 999 999 999 999 ]
[ 998 999 999 999 999 999 999 999 999 999 ]
[ 998 998 999 999 999 999 999 999 999 999 ]
[ 998 998 998 999 999 999 999 999 999 999 ]
[ 998 998 998 998 999 999 999 999 999 999 ]
[ 998 998 998 998 998 999 999 999 999 999 ]
[ 998 998 998 998 998 998 999 999 999 999 ]
[ 998 998 998 998 998 998 998 999 999 999 ]
[ 998 998 998 998 998 998 998 998 999 999 ]
[ 998 998 998 998 998 998 998 998 998 999 ]

Timer (sort): 116ms real	100ms user	0ms sys
The output is sorted!
[ 0 0 0 0 0 0 0 0 0 1 ]
[ 0 0 0 0 0 0 0 0 1 1 ]
[ 0 0 0 0 0 0 0 1 1 1 ]
[ 0 0 0 0 0 0 1 1 1 1 ]
[ 0 0 0 0 0 1 1 1 1 1 ]
[ 0 0 0 0 1 1 1 1 1 1 ]
[ 0 0 0 1 1 1 1 1 1 1 ]
[ 0 0 1 1 1 1 1 1 1 1 ]
[ 0 1 1 1 1 1 1 1 1 1 ]
[ 1 1 1 1 1 1 1 1 1 1 ]
[ 1 1 1 1 1 1 1 1 1 2 ]
[ 1 1 1 1 1 1 1 1 2 2 ]
[ 1 1 1 1 1 1 1 2 2 2 ]
[ 1 1 1 1 1 1 2 2 2 2 ]
[ 1 1 1 1 1 2 2 2 2 2 ]
[ 1 1 1 1 2 2 2 2 2 2 ]
[ 1 1 1 2 2 2 2 2 2 2 ]
[ 1 1 2 2 2 2 2 2 2 2 ]
[ 1 2 2 2 2 2 2 2 2 2 ]
[ 2 2 2 2 2 2 2 2 2 2 ]

Timer (generate): 0ms real	0ms user	0ms sys
[ 1000 1000 1000 1000 1000 1000 1000 1000 1000 1000 ]
[ 999 1000 1000 1000 1000 1000 1000 1000 1000 1000 ]
[ 999 999 1000 1000 1000 1000 1000 1000 1000 1000 ]
[ 999 999 999 1000 1000 1000 1000 1000 1000 1000 ]
[ 999 999 999 999 1000 1000 1000 1000 1000 1000 ]
[ 999 999 999 999 999 1000 1000 1000 1000 1000 ]
[ 999 999 999 999 999 999 1000 1000 1000 1000 ]
[ 999 999 999 999 999 999 999 1000 1000 1000 ]
[ 999 999 999 999 999 999 999 999 1000 1000 ]
[ 999 999 999 999 999 999 999 999 999 1000 ]
[ 999 999 999 999 999 999 999 999 999 999 ]
[ 998 999 999 999 999 999 999 999 999 999 ]
[ 998 998 999 999 999 999 999 999 999 999 ]
[ 998 998 998 999 999 999 999 999 999 999 ]
[ 998 998 998 998 999 999 999 999 999 999 ]
[ 998 998 998 998 998 999 999 999 999 999 ]
[ 998 998 998 998 998 998 999 999 999 999 ]
[ 998 998 998 998 998 998 998 999 999 999 ]
[ 998 998 998 998 998 998 998 998 999 999 ]
[ 998 998 998 998 998 998 998 998 998 999 ]

Timer (sort): 124ms real	120ms user	0ms sys
The output is sorted!
[ 0 0 0 0 0 0 0 0 0 1 ]
[ 0 0 0 0 0 0 0 0 1 1 ]
[ 0 0 0 0 0 0 0 1 1 1 ]
[ 0 0 0 0 0 0 1 1 1 1 ]
[ 0 0 0 0 0 1 1 1 1 1 ]
[ 0 0 0 0 1 1 1 1 1 1 ]
[ 0 0 0 1 1 1 1 1 1 1 ]
[ 0 0 1 1 1 1 1 1 1 1 ]
[ 0 1 1 1 1 1 1 1 1 1 ]
[ 1 1 1 1 1 1 1 1 1 1 ]
[ 1 1 1 1 1 1 1 1 1 2 ]
[ 1 1 1 1 1 1 1 1 2 2 ]
[ 1 1 1 1 1 1 1 2 2 2 ]
[ 1 1 1 1 1 1 2 2 2 2 ]
[ 1 1 1 1 1 2 2 2 2 2 ]
[ 1 1 1 1 2 2 2 2 2 2 ]
[ 1 1 1 2 2 2 2 2 2 2 ]
[ 1 1 2 2 2 2 2 2 2 2 ]
[ 1 2 2 2 2 2 2 2 2 2 ]
[ 2 2 2 2 2 2 2 2 2 2 ]

Timer (generate): 0ms real	0ms user	0ms sys
[ 1000 1000 1000 1000 1000 1000 1000 1000 1000 1000 ]
[ 999 1000 1000 1000 1000 1000 1000 1000 1000 1000 ]
[ 999 999 1000 1000 1000 1000 1000 1000 1000 1000 ]
[ 999 999 999 1000 1000 1000 1000 1000 1000 1000 ]
[ 999 999 999 999 1000 1000 1000 1000 1000 1000 ]
[ 999 999 999 999 999 1000 1000 1000 1000 1000 ]
[ 999 999 999 999 999 999 1000 1000 1000 1000 ]
[ 999 999 999 999 999 999 999 1000 1000 1000 ]
[ 999 999 999 999 999 999 999 999 1000 1000 ]
[ 999 999 999 999 999 999 999 999 999 1000 ]
[ 999 999 999 999 999 999 999 999 999 999 ]
[ 998 999 999 999 999 999 999 999 999 999 ]
[ 998 998 999 999 999 999 999 999 999 999 ]
[ 998 998 998 999 999 999 999 999 999 999 ]
[ 998 998 998 998 999 999 999 999 999 999 ]
[ 998 998 998 998 998 999 999 999 999 999 ]
[ 998 998 998 998 998 998 999 999 999 999 ]
[ 998 998 998 998 998 998 998 999 999 999 ]
[ 998 998 998 998 998 998 998 998 999 999 ]
[ 998 998 998 998 998 998 998 998 998 999 ]

Timer (sort): 112ms real	110ms user	0ms sys
The output is sorted!
[ 0 0 0 0 0 0 0 0 0 1 ]
[ 0 0 0 0 0 0 0 0 1 1 ]
[ 0 0 0 0 0 0 0 1 1 1 ]
[ 0 0 0 0 0 0 1 1 1 1 ]
[ 0 0 0 0 0 1 1 1 1 1 ]
[ 0 0 0 0 1 1 1 1 1 1 ]
[ 0 0 0 1 1 1 1 1 1 1 ]
[ 0 0 1 1 1 1 1 1 1 1 ]
[ 0 1 1 1 1 1 1 1 1 1 ]
[ 1 1 1 1 1 1 1 1 1 1 ]
[ 1 1 1 1 1 1 1 1 1 2 ]
[ 1 1 1 1 1 1 1 1 2 2 ]
[ 1 1 1 1 1 1 1 2 2 2 ]
[ 1 1 1 1 1 1 2 2 2 2 ]
[ 1 1 1 1 1 2 2 2 2 2 ]
[ 1 1 1 1 2 2 2 2 2 2 ]
[ 1 1 1 2 2 2 2 2 2 2 ]
[ 1 1 2 2 2 2 2 2 2 2 ]
[ 1 2 2 2 2 2 2 2 2 2 ]
[ 2 2 2 2 2 2 2 2 2 2 ]

Timer (generate): 1ms real	0ms user	0ms sys
[ 1000 1000 1000 1000 1000 1000 1000 1000 1000 1000 ]
[ 999 1000 1000 1000 1000 1000 1000 1000 1000 1000 ]
[ 999 999 1000 1000 1000 1000 1000 1000 1000 1000 ]
[ 999 999 999 1000 1000 1000 1000 1000 1000 1000 ]
[ 999 999 999 999 1000 1000 1000 1000 1000 1000 ]
[ 999 999 999 999 999 1000 1000 1000 1000 1000 ]
[ 999 999 999 999 999 999 1000 1000 1000 1000 ]
[ 999 999 999 999 999 999 999 1000 1000 1000 ]
[ 999 999 999 999 999 999 999 999 1000 1000 ]
[ 999 999 999 999 999 999 999 999 999 1000 ]
[ 999 999 999 999 999 999 999 999 999 999 ]
[ 998 999 999 999 999 999 999 999 999 999 ]
[ 998 998 999 999 999 999 999 999 999 999 ]
[ 998 998 998 999 999 999 999 999 999 999 ]
[ 998 998 998 998 999 999 999 999 999 999 ]
[ 998 998 998 998 998 999 999 999 999 999 ]
[ 998 998 998 998 998 998 999 999 999 999 ]
[ 998 998 998 998 998 998 998 999 999 999 ]
[ 998 998 998 998 998 998 998 998 999 999 ]
[ 998 998 998 998 998 998 998 998 998 999 ]

Timer (sort): 110ms real	110ms user	0ms sys
The output is sorted!
[ 0 0 0 0 0 0 0 0 0 1 ]
[ 0 0 0 0 0 0 0 0 1 1 ]
[ 0 0 0 0 0 0 0 1 1 1 ]
[ 0 0 0 0 0 0 1 1 1 1 ]
[ 0 0 0 0 0 1 1 1 1 1 ]
[ 0 0 0 0 1 1 1 1 1 1 ]
[ 0 0 0 1 1 1 1 1 1 1 ]
[ 0 0 1 1 1 1 1 1 1 1 ]
[ 0 1 1 1 1 1 1 1 1 1 ]
[ 1 1 1 1 1 1 1 1 1 1 ]
[ 1 1 1 1 1 1 1 1 1 2 ]
[ 1 1 1 1 1 1 1 1 2 2 ]
[ 1 1 1 1 1 1 1 2 2 2 ]
[ 1 1 1 1 1 1 2 2 2 2 ]
[ 1 1 1 1 1 2 2 2 2 2 ]
[ 1 1 1 1 2 2 2 2 2 2 ]
[ 1 1 1 2 2 2 2 2 2 2 ]
[ 1 1 2 2 2 2 2 2 2 2 ]
[ 1 2 2 2 2 2 2 2 2 2 ]
[ 2 2 2 2 2 2 2 2 2 2 ]

Timer (generate): 0ms real	0ms user	0ms sys
[ 1000 1000 1000 1000 1000 1000 1000 1000 1000 1000 ]
[ 999 1000 1000 1000 1000 1000 1000 1000 1000 1000 ]
[ 999 999 1000 1000 1000 1000 1000 1000 1000 1000 ]
[ 999 999 999 1000 1000 1000 1000 1000 1000 1000 ]
[ 999 999 999 999 1000 1000 1000 1000 1000 1000 ]
[ 999 999 999 999 999 1000 1000 1000 1000 1000 ]
[ 999 999 999 999 999 999 1000 1000 1000 1000 ]
[ 999 999 999 999 999 999 999 1000 1000 1000 ]
[ 999 999 999 999 999 999 999 999 1000 1000 ]
[ 999 999 999 999 999 999 999 999 999 1000 ]
[ 999 999 999 999 999 999 999 999 999 999 ]
[ 998 999 999 999 999 999 999 999 999 999 ]
[ 998 998 999 999 999 999 999 999 999 999 ]
[ 998 998 998 999 999 999 999 999 999 999 ]
[ 998 998 998 998 999 999 999 999 999 999 ]
[ 998 998 998 998 998 999 999 999 999 999 ]
[ 998 998 998 998 998 998 999 999 999 999 ]
[ 998 998 998 998 998 998 998 999 999 999 ]
[ 998 998 998 998 998 998 998 998 999 999 ]
[ 998 998 998 998 998 998 998 998 998 999 ]

Timer (sort): 113ms real	110ms user	0ms sys
The output is sorted!
[ 0 0 0 0 0 0 0 0 0 1 ]
[ 0 0 0 0 0 0 0 0 1 1 ]
[ 0 0 0 0 0 0 0 1 1 1 ]
[ 0 0 0 0 0 0 1 1 1 1 ]
[ 0 0 0 0 0 1 1 1 1 1 ]
[ 0 0 0 0 1 1 1 1 1 1 ]
[ 0 0 0 1 1 1 1 1 1 1 ]
[ 0 0 1 1 1 1 1 1 1 1 ]
[ 0 1 1 1 1 1 1 1 1 1 ]
[ 1 1 1 1 1 1 1 1 1 1 ]
[ 1 1 1 1 1 1 1 1 1 2 ]
[ 1 1 1 1 1 1 1 1 2 2 ]
[ 1 1 1 1 1 1 1 2 2 2 ]
[ 1 1 1 1 1 1 2 2 2 2 ]
[ 1 1 1 1 1 2 2 2 2 2 ]
[ 1 1 1 1 2 2 2 2 2 2 ]
[ 1 1 1 2 2 2 2 2 2 2 ]
[ 1 1 2 2 2 2 2 2 2 2 ]
[ 1 2 2 2 2 2 2 2 2 2 ]
[ 2 2 2 2 2 2 2 2 2 2 ]

Timer (generate): 0ms real	0ms user	0ms sys
[ 1000 1000 1000 1000 1000 1000 1000 1000 1000 1000 ]
[ 999 1000 1000 1000 1000 1000 1000 1000 1000 1000 ]
[ 999 999 1000 1000 1000 1000 1000 1000 1000 1000 ]
[ 999 999 999 1000 1000 1000 1000 1000 1000 1000 ]
[ 999 999 999 999 1000 1000 1000 1000 1000 1000 ]
[ 999 999 999 999 999 1000 1000 1000 1000 1000 ]
[ 999 999 999 999 999 999 1000 1000 1000 1000 ]
[ 999 999 999 999 999 999 999 1000 1000 1000 ]
[ 999 999 999 999 999 999 999 999 1000 1000 ]
[ 999 999 999 999 999 999 999 999 999 1000 ]
[ 999 999 999 999 999 999 999 999 999 999 ]
[ 998 999 999 999 999 999 999 999 999 999 ]
[ 998 998 999 999 999 999 999 999 999 999 ]
[ 998 998 998 999 999 999 999 999 999 999 ]
[ 998 998 998 998 999 999 999 999 999 999 ]
[ 998 998 998 998 998 999 999 999 999 999 ]
[ 998 998 998 998 998 998 999 999 999 999 ]
[ 998 998 998 998 998 998 998 999 999 999 ]
[ 998 998 998 998 998 998 998 998 999 999 ]
[ 998 998 998 998 998 998 998 998 998 999 ]

Timer (sort): 114ms real	110ms user	0ms sys
The output is sorted!
[ 0 0 0 0 0 0 0 0 0 1 ]
[ 0 0 0 0 0 0 0 0 1 1 ]
[ 0 0 0 0 0 0 0 1 1 1 ]
[ 0 0 0 0 0 0 1 1 1 1 ]
[ 0 0 0 0 0 1 1 1 1 1 ]
[ 0 0 0 0 1 1 1 1 1 1 ]
[ 0 0 0 1 1 1 1 1 1 1 ]
[ 0 0 1 1 1 1 1 1 1 1 ]
[ 0 1 1 1 1 1 1 1 1 1 ]
[ 1 1 1 1 1 1 1 1 1 1 ]
[ 1 1 1 1 1 1 1 1 1 2 ]
[ 1 1 1 1 1 1 1 1 2 2 ]
[ 1 1 1 1 1 1 1 2 2 2 ]
[ 1 1 1 1 1 1 2 2 2 2 ]
[ 1 1 1 1 1 2 2 2 2 2 ]
[ 1 1 1 1 2 2 2 2 2 2 ]
[ 1 1 1 2 2 2 2 2 2 2 ]
[ 1 1 2 2 2 2 2 2 2 2 ]
[ 1 2 2 2 2 2 2 2 2 2 ]
[ 2 2 2 2 2 2 2 2 2 2 ]

Timer (generate): 0ms real	0ms user	0ms sys
[ 1000 1000 1000 1000 1000 1000 1000 1000 1000 1000 ]
[ 999 1000 1000 1000 1000 1000 1000 1000 1000 1000 ]
[ 999 999 1000 1000 1000 1000 1000 1000 1000 1000 ]
[ 999 999 999 1000 1000 1000 1000 1000 1000 1000 ]
[ 999 999 999 999 1000 1000 1000 1000 1000 1000 ]
[ 999 999 999 999 999 1000 1000 1000 1000 1000 ]
[ 999 999 999 999 999 999 1000 1000 1000 1000 ]
[ 999 999 999 999 999 999 999 1000 1000 1000 ]
[ 999 999 999 999 999 999 999 999 1000 1000 ]
[ 999 999 999 999 999 999 999 999 999 1000 ]
[ 999 999 999 999 999 999 999 999 999 999 ]
[ 998 999 999 999 999 999 999 999 999 999 ]
[ 998 998 999 999 999 999 999 999 999 999 ]
[ 998 998 998 999 999 999 999 999 999 999 ]
[ 998 998 998 998 999 999 999 999 999 999 ]
[ 998 998 998 998 998 999 999 999 999 999 ]
[ 998 998 998 998 998 998 999 999 999 999 ]
[ 998 998 998 998 998 998 998 999 999 999 ]
[ 998 998 998 998 998 998 998 998 999 999 ]
[ 998 998 998 998 998 998 998 998 998 999 ]

Timer (sort): 161ms real	150ms user	0ms sys
The output is sorted!
[ 0 0 0 0 0 0 0 0 0 1 ]
[ 0 0 0 0 0 0 0 0 1 1 ]
[ 0 0 0 0 0 0 0 1 1 1 ]
[ 0 0 0 0 0 0 1 1 1 1 ]
[ 0 0 0 0 0 1 1 1 1 1 ]
[ 0 0 0 0 1 1 1 1 1 1 ]
[ 0 0 0 1 1 1 1 1 1 1 ]
[ 0 0 1 1 1 1 1 1 1 1 ]
[ 0 1 1 1 1 1 1 1 1 1 ]
[ 1 1 1 1 1 1 1 1 1 1 ]
[ 1 1 1 1 1 1 1 1 1 2 ]
[ 1 1 1 1 1 1 1 1 2 2 ]
[ 1 1 1 1 1 1 1 2 2 2 ]
[ 1 1 1 1 1 1 2 2 2 2 ]
[ 1 1 1 1 1 2 2 2 2 2 ]
[ 1 1 1 1 2 2 2 2 2 2 ]
[ 1 1 1 2 2 2 2 2 2 2 ]
[ 1 1 2 2 2 2 2 2 2 2 ]
[ 1 2 2 2 2 2 2 2 2 2 ]
[ 2 2 2 2 2 2 2 2 2 2 ]

Timer (generate): 0ms real	0ms user	0ms sys
[ 1000 1000 1000 1000 1000 1000 1000 1000 1000 1000 ]
[ 999 1000 1000 1000 1000 1000 1000 1000 1000 1000 ]
[ 999 999 1000 1000 1000 1000 1000 1000 1000 1000 ]
[ 999 999 999 1000 1000 1000 1000 1000 1000 1000 ]
[ 999 999 999 999 1000 1000 1000 1000 1000 1000 ]
[ 999 999 999 999 999 1000 1000 1000 1000 1000 ]
[ 999 999 999 999 999 999 1000 1000 1000 1000 ]
[ 999 999 999 999 999 999 999 1000 1000 1000 ]
[ 999 999 999 999 999 999 999 999 1000 1000 ]
[ 999 999 999 999 999 999 999 999 999 1000 ]
[ 999 999 999 999 999 999 999 999 999 999 ]
[ 998 999 999 999 999 999 999 999 999 999 ]
[ 998 998 999 999 999 999 999 999 999 999 ]
[ 998 998 998 999 999 999 999 999 999 999 ]
[ 998 998 998 998 999 999 999 999 999 999 ]
[ 998 998 998 998 998 999 999 999 999 999 ]
[ 998 998 998 998 998 998 999 999 999 999 ]
[ 998 998 998 998 998 998 998 999 999 999 ]
[ 998 998 998 998 998 998 998 998 999 999 ]
[ 998 998 998 998 998 998 998 998 998 999 ]

Timer (sort): 128ms real	130ms user	0ms sys
The output is sorted!
[ 0 0 0 0 0 0 0 0 0 1 ]
[ 0 0 0 0 0 0 0 0 1 1 ]
[ 0 0 0 0 0 0 0 1 1 1 ]
[ 0 0 0 0 0 0 1 1 1 1 ]
[ 0 0 0 0 0 1 1 1 1 1 ]
[ 0 0 0 0 1 1 1 1 1 1 ]
[ 0 0 0 1 1 1 1 1 1 1 ]
[ 0 0 1 1 1 1 1 1 1 1 ]
[ 0 1 1 1 1 1 1 1 1 1 ]
[ 1 1 1 1 1 1 1 1 1 1 ]
[ 1 1 1 1 1 1 1 1 1 2 ]
[ 1 1 1 1 1 1 1 1 2 2 ]
[ 1 1 1 1 1 1 1 2 2 2 ]
[ 1 1 1 1 1 1 2 2 2 2 ]
[ 1 1 1 1 1 2 2 2 2 2 ]
[ 1 1 1 1 2 2 2 2 2 2 ]
[ 1 1 1 2 2 2 2 2 2 2 ]
[ 1 1 2 2 2 2 2 2 2 2 ]
[ 1 2 2 2 2 2 2 2 2 2 ]
[ 2 2 2 2 2 2 2 2 2 2 ]

Timer (generate): 0ms real	0ms user	0ms sys
[ 1000 1000 1000 1000 1000 1000 1000 1000 1000 1000 ]
[ 999 1000 1000 1000 1000 1000 1000 1000 1000 1000 ]
[ 999 999 1000 1000 1000 1000 1000 1000 1000 1000 ]
[ 999 999 999 1000 1000 1000 1000 1000 1000 1000 ]
[ 999 999 999 999 1000 1000 1000 1000 1000 1000 ]
[ 999 999 999 999 999 1000 1000 1000 1000 1000 ]
[ 999 999 999 999 999 999 1000 1000 1000 1000 ]
[ 999 999 999 999 999 999 999 1000 1000 1000 ]
[ 999 999 999 999 999 999 999 999 1000 1000 ]
[ 999 999 999 999 999 999 999 999 999 1000 ]
[ 999 999 999 999 999 999 999 999 999 999 ]
[ 998 999 999 999 999 999 999 999 999 999 ]
[ 998 998 999 999 999 999 999 999 999 999 ]
[ 998 998 998 999 999 999 999 999 999 999 ]
[ 998 998 998 998 999 999 999 999 999 999 ]
[ 998 998 998 998 998 999 999 999 999 999 ]
[ 998 998 998 998 998 998 999 999 999 999 ]
[ 998 998 998 998 998 998 998 999 999 999 ]
[ 998 998 998 998 998 998 998 998 999 999 ]
[ 998 998 998 998 998 998 998 998 998 999 ]

Timer (sort): 151ms real	150ms user	0ms sys
The output is sorted!
[ 0 0 0 0 0 0 0 0 0 1 ]
[ 0 0 0 0 0 0 0 0 1 1 ]
[ 0 0 0 0 0 0 0 1 1 1 ]
[ 0 0 0 0 0 0 1 1 1 1 ]
[ 0 0 0 0 0 1 1 1 1 1 ]
[ 0 0 0 0 1 1 1 1 1 1 ]
[ 0 0 0 1 1 1 1 1 1 1 ]
[ 0 0 1 1 1 1 1 1 1 1 ]
[ 0 1 1 1 1 1 1 1 1 1 ]
[ 1 1 1 1 1 1 1 1 1 1 ]
[ 1 1 1 1 1 1 1 1 1 2 ]
[ 1 1 1 1 1 1 1 1 2 2 ]
[ 1 1 1 1 1 1 1 2 2 2 ]
[ 1 1 1 1 1 1 2 2 2 2 ]
[ 1 1 1 1 1 2 2 2 2 2 ]
[ 1 1 1 1 2 2 2 2 2 2 ]
[ 1 1 1 2 2 2 2 2 2 2 ]
[ 1 1 2 2 2 2 2 2 2 2 ]
[ 1 2 2 2 2 2 2 2 2 2 ]
[ 2 2 2 2 2 2 2 2 2 2 ]

Timer (generate): 0ms real	0ms user	0ms sys
[ 1000 1000 1000 1000 1000 1000 1000 1000 1000 1000 ]
[ 999 1000 1000 1000 1000 1000 1000 1000 1000 1000 ]
[ 999 999 1000 1000 1000 1000 1000 1000 1000 1000 ]
[ 999 999 999 1000 1000 1000 1000 1000 1000 1000 ]
[ 999 999 999 999 1000 1000 1000 1000 1000 1000 ]
[ 999 999 999 999 999 1000 1000 1000 1000 1000 ]
[ 999 999 999 999 999 999 1000 1000 1000 1000 ]
[ 999 999 999 999 999 999 999 1000 1000 1000 ]
[ 999 999 999 999 999 999 999 999 1000 1000 ]
[ 999 999 999 999 999 999 999 999 999 1000 ]
[ 999 999 999 999 999 999 999 999 999 999 ]
[ 998 999 999 999 999 999 999 999 999 999 ]
[ 998 998 999 999 999 999 999 999 999 999 ]
[ 998 998 998 999 999 999 999 999 999 999 ]
[ 998 998 998 998 999 999 999 999 999 999 ]
[ 998 998 998 998 998 999 999 999 999 999 ]
[ 998 998 998 998 998 998 999 999 999 999 ]
[ 998 998 998 998 998 998 998 999 999 999 ]
[ 998 998 998 998 998 998 998 998 999 999 ]
[ 998 998 998 998 998 998 998 998 998 999 ]

Timer (sort): 123ms real	120ms user	0ms sys
The output is sorted!
[ 0 0 0 0 0 0 0 0 0 1 ]
[ 0 0 0 0 0 0 0 0 1 1 ]
[ 0 0 0 0 0 0 0 1 1 1 ]
[ 0 0 0 0 0 0 1 1 1 1 ]
[ 0 0 0 0 0 1 1 1 1 1 ]
[ 0 0 0 0 1 1 1 1 1 1 ]
[ 0 0 0 1 1 1 1 1 1 1 ]
[ 0 0 1 1 1 1 1 1 1 1 ]
[ 0 1 1 1 1 1 1 1 1 1 ]
[ 1 1 1 1 1 1 1 1 1 1 ]
[ 1 1 1 1 1 1 1 1 1 2 ]
[ 1 1 1 1 1 1 1 1 2 2 ]
[ 1 1 1 1 1 1 1 2 2 2 ]
[ 1 1 1 1 1 1 2 2 2 2 ]
[ 1 1 1 1 1 2 2 2 2 2 ]
[ 1 1 1 1 2 2 2 2 2 2 ]
[ 1 1 1 2 2 2 2 2 2 2 ]
[ 1 1 2 2 2 2 2 2 2 2 ]
[ 1 2 2 2 2 2 2 2 2 2 ]
[ 2 2 2 2 2 2 2 2 2 2 ]

Timer (generate): 0ms real	0ms user	0ms sys
[ 1000 1000 1000 1000 1000 1000 1000 1000 1000 1000 ]
[ 999 1000 1000 1000 1000 1000 1000 1000 1000 1000 ]
[ 999 999 1000 1000 1000 1000 1000 1000 1000 1000 ]
[ 999 999 999 1000 1000 1000 1000 1000 1000 1000 ]
[ 999 999 999 999 1000 1000 1000 1000 1000 1000 ]
[ 999 999 999 999 999 1000 1000 1000 1000 1000 ]
[ 999 999 999 999 999 999 1000 1000 1000 1000 ]
[ 999 999 999 999 999 999 999 1000 1000 1000 ]
[ 999 999 999 999 999 999 999 999 1000 1000 ]
[ 999 999 999 999 999 999 999 999 999 1000 ]
[ 999 999 999 999 999 999 999 999 999 999 ]
[ 998 999 999 999 999 999 999 999 999 999 ]
[ 998 998 999 999 999 999 999 999 999 999 ]
[ 998 998 998 999 999 999 999 999 999 999 ]
[ 998 998 998 998 999 999 999 999 999 999 ]
[ 998 998 998 998 998 999 999 999 999 999 ]
[ 998 998 998 998 998 998 999 999 999 999 ]
[ 998 998 998 998 998 998 998 999 999 999 ]
[ 998 998 998 998 998 998 998 998 999 999 ]
[ 998 998 998 998 998 998 998 998 998 999 ]

Timer (sort): 120ms real	120ms user	0ms sys
The output is sorted!
[ 0 0 0 0 0 0 0 0 0 1 ]
[ 0 0 0 0 0 0 0 0 1 1 ]
[ 0 0 0 0 0 0 0 1 1 1 ]
[ 0 0 0 0 0 0 1 1 1 1 ]
[ 0 0 0 0 0 1 1 1 1 1 ]
[ 0 0 0 0 1 1 1 1 1 1 ]
[ 0 0 0 1 1 1 1 1 1 1 ]
[ 0 0 1 1 1 1 1 1 1 1 ]
[ 0 1 1 1 1 1 1 1 1 1 ]
[ 1 1 1 1 1 1 1 1 1 1 ]
[ 1 1 1 1 1 1 1 1 1 2 ]
[ 1 1 1 1 1 1 1 1 2 2 ]
[ 1 1 1 1 1 1 1 2 2 2 ]
[ 1 1 1 1 1 1 2 2 2 2 ]
[ 1 1 1 1 1 2 2 2 2 2 ]
[ 1 1 1 1 2 2 2 2 2 2 ]
[ 1 1 1 2 2 2 2 2 2 2 ]
[ 1 1 2 2 2 2 2 2 2 2 ]
[ 1 2 2 2 2 2 2 2 2 2 ]
[ 2 2 2 2 2 2 2 2 2 2 ]

Timer (generate): 1ms real	0ms user	0ms sys
[ 1000 1000 1000 1000 1000 1000 1000 1000 1000 1000 ]
[ 999 1000 1000 1000 1000 1000 1000 1000 1000 1000 ]
[ 999 999 1000 1000 1000 1000 1000 1000 1000 1000 ]
[ 999 999 999 1000 1000 1000 1000 1000 1000 1000 ]
[ 999 999 999 999 1000 1000 1000 1000 1000 1000 ]
[ 999 999 999 999 999 1000 1000 1000 1000 1000 ]
[ 999 999 999 999 999 999 1000 1000 1000 1000 ]
[ 999 999 999 999 999 999 999 1000 1000 1000 ]
[ 999 999 999 999 999 999 999 999 1000 1000 ]
[ 999 999 999 999 999 999 999 999 999 1000 ]
[ 999 999 999 999 999 999 999 999 999 999 ]
[ 998 999 999 999 999 999 999 999 999 999 ]
[ 998 998 999 999 999 999 999 999 999 999 ]
[ 998 998 998 999 999 999 999 999 999 999 ]
[ 998 998 998 998 999 999 999 999 999 999 ]
[ 998 998 998 998 998 999 999 999 999 999 ]
[ 998 998 998 998 998 998 999 999 999 999 ]
[ 998 998 998 998 998 998 998 999 999 999 ]
[ 998 998 998 998 998 998 998 998 999 999 ]
[ 998 998 998 998 998 998 998 998 998 999 ]

Timer (sort): 129ms real	120ms user	0ms sys
The output is sorted!
[ 0 0 0 0 0 0 0 0 0 1 ]
[ 0 0 0 0 0 0 0 0 1 1 ]
[ 0 0 0 0 0 0 0 1 1 1 ]
[ 0 0 0 0 0 0 1 1 1 1 ]
[ 0 0 0 0 0 1 1 1 1 1 ]
[ 0 0 0 0 1 1 1 1 1 1 ]
[ 0 0 0 1 1 1 1 1 1 1 ]
[ 0 0 1 1 1 1 1 1 1 1 ]
[ 0 1 1 1 1 1 1 1 1 1 ]
[ 1 1 1 1 1 1 1 1 1 1 ]
[ 1 1 1 1 1 1 1 1 1 2 ]
[ 1 1 1 1 1 1 1 1 2 2 ]
[ 1 1 1 1 1 1 1 2 2 2 ]
[ 1 1 1 1 1 1 2 2 2 2 ]
[ 1 1 1 1 1 2 2 2 2 2 ]
[ 1 1 1 1 2 2 2 2 2 2 ]
[ 1 1 1 2 2 2 2 2 2 2 ]
[ 1 1 2 2 2 2 2 2 2 2 ]
[ 1 2 2 2 2 2 2 2 2 2 ]
[ 2 2 2 2 2 2 2 2 2 2 ]

Timer (generate): 0ms real	0ms user	0ms sys
[ 1000 1000 1000 1000 1000 1000 1000 1000 1000 1000 ]
[ 999 1000 1000 1000 1000 1000 1000 1000 1000 1000 ]
[ 999 999 1000 1000 1000 1000 1000 1000 1000 1000 ]
[ 999 999 999 1000 1000 1000 1000 1000 1000 1000 ]
[ 999 999 999 999 1000 1000 1000 1000 1000 1000 ]
[ 999 999 999 999 999 1000 1000 1000 1000 1000 ]
[ 999 999 999 999 999 999 1000 1000 1000 1000 ]
[ 999 999 999 999 999 999 999 1000 1000 1000 ]
[ 999 999 999 999 999 999 999 999 1000 1000 ]
[ 999 999 999 999 999 999 999 999 999 1000 ]
[ 999 999 999 999 999 999 999 999 999 999 ]
[ 998 999 999 999 999 999 999 999 999 999 ]
[ 998 998 999 999 999 999 999 999 999 999 ]
[ 998 998 998 999 999 999 999 999 999 999 ]
[ 998 998 998 998 999 999 999 999 999 999 ]
[ 998 998 998 998 998 999 999 999 999 999 ]
[ 998 998 998 998 998 998 999 999 999 999 ]
[ 998 998 998 998 998 998 998 999 999 999 ]
[ 998 998 998 998 998 998 998 998 999 999 ]
[ 998 998 998 998 998 998 998 998 998 999 ]

Timer (sort): 135ms real	130ms user	0ms sys
The output is sorted!
[ 0 0 0 0 0 0 0 0 0 1 ]
[ 0 0 0 0 0 0 0 0 1 1 ]
[ 0 0 0 0 0 0 0 1 1 1 ]
[ 0 0 0 0 0 0 1 1 1 1 ]
[ 0 0 0 0 0 1 1 1 1 1 ]
[ 0 0 0 0 1 1 1 1 1 1 ]
[ 0 0 0 1 1 1 1 1 1 1 ]
[ 0 0 1 1 1 1 1 1 1 1 ]
[ 0 1 1 1 1 1 1 1 1 1 ]
[ 1 1 1 1 1 1 1 1 1 1 ]
[ 1 1 1 1 1 1 1 1 1 2 ]
[ 1 1 1 1 1 1 1 1 2 2 ]
[ 1 1 1 1 1 1 1 2 2 2 ]
[ 1 1 1 1 1 1 2 2 2 2 ]
[ 1 1 1 1 1 2 2 2 2 2 ]
[ 1 1 1 1 2 2 2 2 2 2 ]
[ 1 1 1 2 2 2 2 2 2 2 ]
[ 1 1 2 2 2 2 2 2 2 2 ]
[ 1 2 2 2 2 2 2 2 2 2 ]
[ 2 2 2 2 2 2 2 2 2 2 ]

Timer (generate): 0ms real	0ms user	0ms sys
[ 1000 1000 1000 1000 1000 1000 1000 1000 1000 1000 ]
[ 999 1000 1000 1000 1000 1000 1000 1000 1000 1000 ]
[ 999 999 1000 1000 1000 1000 1000 1000 1000 1000 ]
[ 999 999 999 1000 1000 1000 1000 1000 1000 1000 ]
[ 999 999 999 999 1000 1000 1000 1000 1000 1000 ]
[ 999 999 999 999 999 1000 1000 1000 1000 1000 ]
[ 999 999 999 999 999 999 1000 1000 1000 1000 ]
[ 999 999 999 999 999 999 999 1000 1000 1000 ]
[ 999 999 999 999 999 999 999 999 1000 1000 ]
[ 999 999 999 999 999 999 999 999 999 1000 ]
[ 999 999 999 999 999 999 999 999 999 999 ]
[ 998 999 999 999 999 999 999 999 999 999 ]
[ 998 998 999 999 999 999 999 999 999 999 ]
[ 998 998 998 999 999 999 999 999 999 999 ]
[ 998 998 998 998 999 999 999 999 999 999 ]
[ 998 998 998 998 998 999 999 999 999 999 ]
[ 998 998 998 998 998 998 999 999 999 999 ]
[ 998 998 998 998 998 998 998 999 999 999 ]
[ 998 998 998 998 998 998 998 998 999 999 ]
[ 998 998 998 998 998 998 998 998 998 999 ]

Timer (sort): 124ms real	120ms user	0ms sys
The output is sorted!
[ 0 0 0 0 0 0 0 0 0 1 ]
[ 0 0 0 0 0 0 0 0 1 1 ]
[ 0 0 0 0 0 0 0 1 1 1 ]
[ 0 0 0 0 0 0 1 1 1 1 ]
[ 0 0 0 0 0 1 1 1 1 1 ]
[ 0 0 0 0 1 1 1 1 1 1 ]
[ 0 0 0 1 1 1 1 1 1 1 ]
[ 0 0 1 1 1 1 1 1 1 1 ]
[ 0 1 1 1 1 1 1 1 1 1 ]
[ 1 1 1 1 1 1 1 1 1 1 ]
[ 1 1 1 1 1 1 1 1 1 2 ]
[ 1 1 1 1 1 1 1 1 2 2 ]
[ 1 1 1 1 1 1 1 2 2 2 ]
[ 1 1 1 1 1 1 2 2 2 2 ]
[ 1 1 1 1 1 2 2 2 2 2 ]
[ 1 1 1 1 2 2 2 2 2 2 ]
[ 1 1 1 2 2 2 2 2 2 2 ]
[ 1 1 2 2 2 2 2 2 2 2 ]
[ 1 2 2 2 2 2 2 2 2 2 ]
[ 2 2 2 2 2 2 2 2 2 2 ]

Timer (generate): 0ms real	0ms user	0ms sys
[ 1000 1000 1000 1000 1000 1000 1000 1000 1000 1000 ]
[ 999 1000 1000 1000 1000 1000 1000 1000 1000 1000 ]
[ 999 999 1000 1000 1000 1000 1000 1000 1000 1000 ]
[ 999 999 999 1000 1000 1000 1000 1000 1000 1000 ]
[ 999 999 999 999 1000 1000 1000 1000 1000 1000 ]
[ 999 999 999 999 999 1000 1000 1000 1000 1000 ]
[ 999 999 999 999 999 999 1000 1000 1000 1000 ]
[ 999 999 999 999 999 999 999 1000 1000 1000 ]
[ 999 999 999 999 999 999 999 999 1000 1000 ]
[ 999 999 999 999 999 999 999 999 999 1000 ]
[ 999 999 999 999 999 999 999 999 999 999 ]
[ 998 999 999 999 999 999 999 999 999 999 ]
[ 998 998 999 999 999 999 999 999 999 999 ]
[ 998 998 998 999 999 999 999 999 999 999 ]
[ 998 998 998 998 999 999 999 999 999 999 ]
[ 998 998 998 998 998 999 999 999 999 999 ]
[ 998 998 998 998 998 998 999 999 999 999 ]
[ 998 998 998 998 998 998 998 999 999 999 ]
[ 998 998 998 998 998 998 998 998 999 999 ]
[ 998 998 998 998 998 998 998 998 998 999 ]

Timer (sort): 145ms real	140ms user	0ms sys
The output is sorted!
[ 0 0 0 0 0 0 0 0 0 1 ]
[ 0 0 0 0 0 0 0 0 1 1 ]
[ 0 0 0 0 0 0 0 1 1 1 ]
[ 0 0 0 0 0 0 1 1 1 1 ]
[ 0 0 0 0 0 1 1 1 1 1 ]
[ 0 0 0 0 1 1 1 1 1 1 ]
[ 0 0 0 1 1 1 1 1 1 1 ]
[ 0 0 1 1 1 1 1 1 1 1 ]
[ 0 1 1 1 1 1 1 1 1 1 ]
[ 1 1 1 1 1 1 1 1 1 1 ]
[ 1 1 1 1 1 1 1 1 1 2 ]
[ 1 1 1 1 1 1 1 1 2 2 ]
[ 1 1 1 1 1 1 1 2 2 2 ]
[ 1 1 1 1 1 1 2 2 2 2 ]
[ 1 1 1 1 1 2 2 2 2 2 ]
[ 1 1 1 1 2 2 2 2 2 2 ]
[ 1 1 1 2 2 2 2 2 2 2 ]
[ 1 1 2 2 2 2 2 2 2 2 ]
[ 1 2 2 2 2 2 2 2 2 2 ]
[ 2 2 2 2 2 2 2 2 2 2 ]

Timer (generate): 0ms real	0ms user	0ms sys
[ 1000 1000 1000 1000 1000 1000 1000 1000 1000 1000 ]
[ 999 1000 1000 1000 1000 1000 1000 1000 1000 1000 ]
[ 999 999 1000 1000 1000 1000 1000 1000 1000 1000 ]
[ 999 999 999 1000 1000 1000 1000 1000 1000 1000 ]
[ 999 999 999 999 1000 1000 1000 1000 1000 1000 ]
[ 999 999 999 999 999 1000 1000 1000 1000 1000 ]
[ 999 999 999 999 999 999 1000 1000 1000 1000 ]
[ 999 999 999 999 999 999 999 1000 1000 1000 ]
[ 999 999 999 999 999 999 999 999 1000 1000 ]
[ 999 999 999 999 999 999 999 999 999 1000 ]
[ 999 999 999 999 999 999 999 999 999 999 ]
[ 998 999 999 999 999 999 999 999 999 999 ]
[ 998 998 999 999 999 999 999 999 999 999 ]
[ 998 998 998 999 999 999 999 999 999 999 ]
[ 998 998 998 998 999 999 999 999 999 999 ]
[ 998 998 998 998 998 999 999 999 999 999 ]
[ 998 998 998 998 998 998 999 999 999 999 ]
[ 998 998 998 998 998 998 998 999 999 999 ]
[ 998 998 998 998 998 998 998 998 999 999 ]
[ 998 998 998 998 998 998 998 998 998 999 ]

Timer (sort): 131ms real	130ms user	0ms sys
The output is sorted!
[ 0 0 0 0 0 0 0 0 0 1 ]
[ 0 0 0 0 0 0 0 0 1 1 ]
[ 0 0 0 0 0 0 0 1 1 1 ]
[ 0 0 0 0 0 0 1 1 1 1 ]
[ 0 0 0 0 0 1 1 1 1 1 ]
[ 0 0 0 0 1 1 1 1 1 1 ]
[ 0 0 0 1 1 1 1 1 1 1 ]
[ 0 0 1 1 1 1 1 1 1 1 ]
[ 0 1 1 1 1 1 1 1 1 1 ]
[ 1 1 1 1 1 1 1 1 1 1 ]
[ 1 1 1 1 1 1 1 1 1 2 ]
[ 1 1 1 1 1 1 1 1 2 2 ]
[ 1 1 1 1 1 1 1 2 2 2 ]
[ 1 1 1 1 1 1 2 2 2 2 ]
[ 1 1 1 1 1 2 2 2 2 2 ]
[ 1 1 1 1 2 2 2 2 2 2 ]
[ 1 1 1 2 2 2 2 2 2 2 ]
[ 1 1 2 2 2 2 2 2 2 2 ]
[ 1 2 2 2 2 2 2 2 2 2 ]
[ 2 2 2 2 2 2 2 2 2 2 ]

