Timer (generate): 8ms real	0ms user	0ms sys
[ 4000 4000 4000 4000 4000 4000 4000 4000 4000 4000 4000 4000 4000 4000 4000 4000 4000 4000 4000 4000 4000 4000 4000 4000 4000 ]
[ 3999 4000 4000 4000 4000 4000 4000 4000 4000 4000 4000 4000 4000 4000 4000 4000 4000 4000 4000 4000 4000 4000 4000 4000 4000 ]
[ 3999 3999 4000 4000 4000 4000 4000 4000 4000 4000 4000 4000 4000 4000 4000 4000 4000 4000 4000 4000 4000 4000 4000 4000 4000 ]
[ 3999 3999 3999 4000 4000 4000 4000 4000 4000 4000 4000 4000 4000 4000 4000 4000 4000 4000 4000 4000 4000 4000 4000 4000 4000 ]
[ 3999 3999 3999 3999 4000 4000 4000 4000 4000 4000 4000 4000 4000 4000 4000 4000 4000 4000 4000 4000 4000 4000 4000 4000 4000 ]
[ 3999 3999 3999 3999 3999 4000 4000 4000 4000 4000 4000 4000 4000 4000 4000 4000 4000 4000 4000 4000 4000 4000 4000 4000 4000 ]
[ 3999 3999 3999 3999 3999 3999 4000 4000 4000 4000 4000 4000 4000 4000 4000 4000 4000 4000 4000 4000 4000 4000 4000 4000 4000 ]
[ 3999 3999 3999 3999 3999 3999 3999 4000 4000 4000 4000 4000 4000 4000 4000 4000 4000 4000 4000 4000 4000 4000 4000 4000 4000 ]
[ 3999 3999 3999 3999 3999 3999 3999 3999 4000 4000 4000 4000 4000 4000 4000 4000 4000 4000 4000 4000 4000 4000 4000 4000 4000 ]
[ 3999 3999 3999 3999 3999 3999 3999 3999 3999 4000 4000 4000 4000 4000 4000 4000 4000 4000 4000 4000 4000 4000 4000 4000 4000 ]
[ 3999 3999 3999 3999 3999 3999 3999 3999 3999 3999 4000 4000 4000 4000 4000 4000 4000 4000 4000 4000 4000 4000 4000 4000 4000 ]
[ 3999 3999 3999 3999 3999 3999 3999 3999 3999 3999 3999 4000 4000 4000 4000 4000 4000 4000 4000 4000 4000 4000 4000 4000 4000 ]
[ 3999 3999 3999 3999 3999 3999 3999 3999 3999 3999 3999 3999 4000 4000 4000 4000 4000 4000 4000 4000 4000 4000 4000 4000 4000 ]
[ 3999 3999 3999 3999 3999 3999 3999 3999 3999 3999 3999 3999 3999 4000 4000 4000 4000 4000 4000 4000 4000 4000 4000 4000 4000 ]
[ 3999 3999 3999 3999 3999 3999 3999 3999 3999 3999 3999 3999 3999 3999 4000 4000 4000 4000 4000 4000 4000 4000 4000 4000 4000 ]
[ 3999 3999 3999 3999 3999 3999 3999 3999 3999 3999 3999 3999 3999 3999 3999 4000 4000 4000 4000 4000 4000 4000 4000 4000 4000 ]
[ 3999 3999 3999 3999 3999 3999 3999 3999 3999 3999 3999 3999 3999 3999 3999 3999 4000 4000 4000 4000 4000 4000 4000 4000 4000 ]
[ 3999 3999 3999 3999 3999 3999 3999 3999 3999 3999 3999 3999 3999 3999 3999 3999 3999 4000 4000 4000 4000 4000 4000 4000 4000 ]
[ 3999 3999 3999 3999 3999 3999 3999 3999 3999 3999 3999 3999 3999 3999 3999 3999 3999 3999 4000 4000 4000 4000 4000 4000 4000 ]
[ 3999 3999 3999 3999 3999 3999 3999 3999 3999 3999 3999 3999 3999 3999 3999 3999 3999 3999 3999 4000 4000 4000 4000 4000 4000 ]

Timer (sort): 8610ms real	8610ms user	0ms sys
The output is sorted!
[ 0 0 0 0 0 0 0 0 0 0 0 0 0 0 0 0 0 0 0 0 0 0 0 0 1 ]
[ 0 0 0 0 0 0 0 0 0 0 0 0 0 0 0 0 0 0 0 0 0 0 0 1 1 ]
[ 0 0 0 0 0 0 0 0 0 0 0 0 0 0 0 0 0 0 0 0 0 0 1 1 1 ]
[ 0 0 0 0 0 0 0 0 0 0 0 0 0 0 0 0 0 0 0 0 0 1 1 1 1 ]
[ 0 0 0 0 0 0 0 0 0 0 0 0 0 0 0 0 0 0 0 0 1 1 1 1 1 ]
[ 0 0 0 0 0 0 0 0 0 0 0 0 0 0 0 0 0 0 0 1 1 1 1 1 1 ]
[ 0 0 0 0 0 0 0 0 0 0 0 0 0 0 0 0 0 0 1 1 1 1 1 1 1 ]
[ 0 0 0 0 0 0 0 0 0 0 0 0 0 0 0 0 0 1 1 1 1 1 1 1 1 ]
[ 0 0 0 0 0 0 0 0 0 0 0 0 0 0 0 0 1 1 1 1 1 1 1 1 1 ]
[ 0 0 0 0 0 0 0 0 0 0 0 0 0 0 0 1 1 1 1 1 1 1 1 1 1 ]
[ 0 0 0 0 0 0 0 0 0 0 0 0 0 0 1 1 1 1 1 1 1 1 1 1 1 ]
[ 0 0 0 0 0 0 0 0 0 0 0 0 0 1 1 1 1 1 1 1 1 1 1 1 1 ]
[ 0 0 0 0 0 0 0 0 0 0 0 0 1 1 1 1 1 1 1 1 1 1 1 1 1 ]
[ 0 0 0 0 0 0 0 0 0 0 0 1 1 1 1 1 1 1 1 1 1 1 1 1 1 ]
[ 0 0 0 0 0 0 0 0 0 0 1 1 1 1 1 1 1 1 1 1 1 1 1 1 1 ]
[ 0 0 0 0 0 0 0 0 0 1 1 1 1 1 1 1 1 1 1 1 1 1 1 1 1 ]
[ 0 0 0 0 0 0 0 0 1 1 1 1 1 1 1 1 1 1 1 1 1 1 1 1 1 ]
[ 0 0 0 0 0 0 0 1 1 1 1 1 1 1 1 1 1 1 1 1 1 1 1 1 1 ]
[ 0 0 0 0 0 0 1 1 1 1 1 1 1 1 1 1 1 1 1 1 1 1 1 1 1 ]
[ 0 0 0 0 0 1 1 1 1 1 1 1 1 1 1 1 1 1 1 1 1 1 1 1 1 ]

Timer (generate): 8ms real	0ms user	0ms sys
[ 4000 4000 4000 4000 4000 4000 4000 4000 4000 4000 4000 4000 4000 4000 4000 4000 4000 4000 4000 4000 4000 4000 4000 4000 4000 ]
[ 3999 4000 4000 4000 4000 4000 4000 4000 4000 4000 4000 4000 4000 4000 4000 4000 4000 4000 4000 4000 4000 4000 4000 4000 4000 ]
[ 3999 3999 4000 4000 4000 4000 4000 4000 4000 4000 4000 4000 4000 4000 4000 4000 4000 4000 4000 4000 4000 4000 4000 4000 4000 ]
[ 3999 3999 3999 4000 4000 4000 4000 4000 4000 4000 4000 4000 4000 4000 4000 4000 4000 4000 4000 4000 4000 4000 4000 4000 4000 ]
[ 3999 3999 3999 3999 4000 4000 4000 4000 4000 4000 4000 4000 4000 4000 4000 4000 4000 4000 4000 4000 4000 4000 4000 4000 4000 ]
[ 3999 3999 3999 3999 3999 4000 4000 4000 4000 4000 4000 4000 4000 4000 4000 4000 4000 4000 4000 4000 4000 4000 4000 4000 4000 ]
[ 3999 3999 3999 3999 3999 3999 4000 4000 4000 4000 4000 4000 4000 4000 4000 4000 4000 4000 4000 4000 4000 4000 4000 4000 4000 ]
[ 3999 3999 3999 3999 3999 3999 3999 4000 4000 4000 4000 4000 4000 4000 4000 4000 4000 4000 4000 4000 4000 4000 4000 4000 4000 ]
[ 3999 3999 3999 3999 3999 3999 3999 3999 4000 4000 4000 4000 4000 4000 4000 4000 4000 4000 4000 4000 4000 4000 4000 4000 4000 ]
[ 3999 3999 3999 3999 3999 3999 3999 3999 3999 4000 4000 4000 4000 4000 4000 4000 4000 4000 4000 4000 4000 4000 4000 4000 4000 ]
[ 3999 3999 3999 3999 3999 3999 3999 3999 3999 3999 4000 4000 4000 4000 4000 4000 4000 4000 4000 4000 4000 4000 4000 4000 4000 ]
[ 3999 3999 3999 3999 3999 3999 3999 3999 3999 3999 3999 4000 4000 4000 4000 4000 4000 4000 4000 4000 4000 4000 4000 4000 4000 ]
[ 3999 3999 3999 3999 3999 3999 3999 3999 3999 3999 3999 3999 4000 4000 4000 4000 4000 4000 4000 4000 4000 4000 4000 4000 4000 ]
[ 3999 3999 3999 3999 3999 3999 3999 3999 3999 3999 3999 3999 3999 4000 4000 4000 4000 4000 4000 4000 4000 4000 4000 4000 4000 ]
[ 3999 3999 3999 3999 3999 3999 3999 3999 3999 3999 3999 3999 3999 3999 4000 4000 4000 4000 4000 4000 4000 4000 4000 4000 4000 ]
[ 3999 3999 3999 3999 3999 3999 3999 3999 3999 3999 3999 3999 3999 3999 3999 4000 4000 4000 4000 4000 4000 4000 4000 4000 4000 ]
[ 3999 3999 3999 3999 3999 3999 3999 3999 3999 3999 3999 3999 3999 3999 3999 3999 4000 4000 4000 4000 4000 4000 4000 4000 4000 ]
[ 3999 3999 3999 3999 3999 3999 3999 3999 3999 3999 3999 3999 3999 3999 3999 3999 3999 4000 4000 4000 4000 4000 4000 4000 4000 ]
[ 3999 3999 3999 3999 3999 3999 3999 3999 3999 3999 3999 3999 3999 3999 3999 3999 3999 3999 4000 4000 4000 4000 4000 4000 4000 ]
[ 3999 3999 3999 3999 3999 3999 3999 3999 3999 3999 3999 3999 3999 3999 3999 3999 3999 3999 3999 4000 4000 4000 4000 4000 4000 ]

Timer (sort): 9592ms real	9590ms user	0ms sys
The output is sorted!
[ 0 0 0 0 0 0 0 0 0 0 0 0 0 0 0 0 0 0 0 0 0 0 0 0 1 ]
[ 0 0 0 0 0 0 0 0 0 0 0 0 0 0 0 0 0 0 0 0 0 0 0 1 1 ]
[ 0 0 0 0 0 0 0 0 0 0 0 0 0 0 0 0 0 0 0 0 0 0 1 1 1 ]
[ 0 0 0 0 0 0 0 0 0 0 0 0 0 0 0 0 0 0 0 0 0 1 1 1 1 ]
[ 0 0 0 0 0 0 0 0 0 0 0 0 0 0 0 0 0 0 0 0 1 1 1 1 1 ]
[ 0 0 0 0 0 0 0 0 0 0 0 0 0 0 0 0 0 0 0 1 1 1 1 1 1 ]
[ 0 0 0 0 0 0 0 0 0 0 0 0 0 0 0 0 0 0 1 1 1 1 1 1 1 ]
[ 0 0 0 0 0 0 0 0 0 0 0 0 0 0 0 0 0 1 1 1 1 1 1 1 1 ]
[ 0 0 0 0 0 0 0 0 0 0 0 0 0 0 0 0 1 1 1 1 1 1 1 1 1 ]
[ 0 0 0 0 0 0 0 0 0 0 0 0 0 0 0 1 1 1 1 1 1 1 1 1 1 ]
[ 0 0 0 0 0 0 0 0 0 0 0 0 0 0 1 1 1 1 1 1 1 1 1 1 1 ]
[ 0 0 0 0 0 0 0 0 0 0 0 0 0 1 1 1 1 1 1 1 1 1 1 1 1 ]
[ 0 0 0 0 0 0 0 0 0 0 0 0 1 1 1 1 1 1 1 1 1 1 1 1 1 ]
[ 0 0 0 0 0 0 0 0 0 0 0 1 1 1 1 1 1 1 1 1 1 1 1 1 1 ]
[ 0 0 0 0 0 0 0 0 0 0 1 1 1 1 1 1 1 1 1 1 1 1 1 1 1 ]
[ 0 0 0 0 0 0 0 0 0 1 1 1 1 1 1 1 1 1 1 1 1 1 1 1 1 ]
[ 0 0 0 0 0 0 0 0 1 1 1 1 1 1 1 1 1 1 1 1 1 1 1 1 1 ]
[ 0 0 0 0 0 0 0 1 1 1 1 1 1 1 1 1 1 1 1 1 1 1 1 1 1 ]
[ 0 0 0 0 0 0 1 1 1 1 1 1 1 1 1 1 1 1 1 1 1 1 1 1 1 ]
[ 0 0 0 0 0 1 1 1 1 1 1 1 1 1 1 1 1 1 1 1 1 1 1 1 1 ]

Timer (generate): 8ms real	0ms user	0ms sys
[ 4000 4000 4000 4000 4000 4000 4000 4000 4000 4000 4000 4000 4000 4000 4000 4000 4000 4000 4000 4000 4000 4000 4000 4000 4000 ]
[ 3999 4000 4000 4000 4000 4000 4000 4000 4000 4000 4000 4000 4000 4000 4000 4000 4000 4000 4000 4000 4000 4000 4000 4000 4000 ]
[ 3999 3999 4000 4000 4000 4000 4000 4000 4000 4000 4000 4000 4000 4000 4000 4000 4000 4000 4000 4000 4000 4000 4000 4000 4000 ]
[ 3999 3999 3999 4000 4000 4000 4000 4000 4000 4000 4000 4000 4000 4000 4000 4000 4000 4000 4000 4000 4000 4000 4000 4000 4000 ]
[ 3999 3999 3999 3999 4000 4000 4000 4000 4000 4000 4000 4000 4000 4000 4000 4000 4000 4000 4000 4000 4000 4000 4000 4000 4000 ]
[ 3999 3999 3999 3999 3999 4000 4000 4000 4000 4000 4000 4000 4000 4000 4000 4000 4000 4000 4000 4000 4000 4000 4000 4000 4000 ]
[ 3999 3999 3999 3999 3999 3999 4000 4000 4000 4000 4000 4000 4000 4000 4000 4000 4000 4000 4000 4000 4000 4000 4000 4000 4000 ]
[ 3999 3999 3999 3999 3999 3999 3999 4000 4000 4000 4000 4000 4000 4000 4000 4000 4000 4000 4000 4000 4000 4000 4000 4000 4000 ]
[ 3999 3999 3999 3999 3999 3999 3999 3999 4000 4000 4000 4000 4000 4000 4000 4000 4000 4000 4000 4000 4000 4000 4000 4000 4000 ]
[ 3999 3999 3999 3999 3999 3999 3999 3999 3999 4000 4000 4000 4000 4000 4000 4000 4000 4000 4000 4000 4000 4000 4000 4000 4000 ]
[ 3999 3999 3999 3999 3999 3999 3999 3999 3999 3999 4000 4000 4000 4000 4000 4000 4000 4000 4000 4000 4000 4000 4000 4000 4000 ]
[ 3999 3999 3999 3999 3999 3999 3999 3999 3999 3999 3999 4000 4000 4000 4000 4000 4000 4000 4000 4000 4000 4000 4000 4000 4000 ]
[ 3999 3999 3999 3999 3999 3999 3999 3999 3999 3999 3999 3999 4000 4000 4000 4000 4000 4000 4000 4000 4000 4000 4000 4000 4000 ]
[ 3999 3999 3999 3999 3999 3999 3999 3999 3999 3999 3999 3999 3999 4000 4000 4000 4000 4000 4000 4000 4000 4000 4000 4000 4000 ]
[ 3999 3999 3999 3999 3999 3999 3999 3999 3999 3999 3999 3999 3999 3999 4000 4000 4000 4000 4000 4000 4000 4000 4000 4000 4000 ]
[ 3999 3999 3999 3999 3999 3999 3999 3999 3999 3999 3999 3999 3999 3999 3999 4000 4000 4000 4000 4000 4000 4000 4000 4000 4000 ]
[ 3999 3999 3999 3999 3999 3999 3999 3999 3999 3999 3999 3999 3999 3999 3999 3999 4000 4000 4000 4000 4000 4000 4000 4000 4000 ]
[ 3999 3999 3999 3999 3999 3999 3999 3999 3999 3999 3999 3999 3999 3999 3999 3999 3999 4000 4000 4000 4000 4000 4000 4000 4000 ]
[ 3999 3999 3999 3999 3999 3999 3999 3999 3999 3999 3999 3999 3999 3999 3999 3999 3999 3999 4000 4000 4000 4000 4000 4000 4000 ]
[ 3999 3999 3999 3999 3999 3999 3999 3999 3999 3999 3999 3999 3999 3999 3999 3999 3999 3999 3999 4000 4000 4000 4000 4000 4000 ]

Timer (sort): 8180ms real	8180ms user	0ms sys
The output is sorted!
[ 0 0 0 0 0 0 0 0 0 0 0 0 0 0 0 0 0 0 0 0 0 0 0 0 1 ]
[ 0 0 0 0 0 0 0 0 0 0 0 0 0 0 0 0 0 0 0 0 0 0 0 1 1 ]
[ 0 0 0 0 0 0 0 0 0 0 0 0 0 0 0 0 0 0 0 0 0 0 1 1 1 ]
[ 0 0 0 0 0 0 0 0 0 0 0 0 0 0 0 0 0 0 0 0 0 1 1 1 1 ]
[ 0 0 0 0 0 0 0 0 0 0 0 0 0 0 0 0 0 0 0 0 1 1 1 1 1 ]
[ 0 0 0 0 0 0 0 0 0 0 0 0 0 0 0 0 0 0 0 1 1 1 1 1 1 ]
[ 0 0 0 0 0 0 0 0 0 0 0 0 0 0 0 0 0 0 1 1 1 1 1 1 1 ]
[ 0 0 0 0 0 0 0 0 0 0 0 0 0 0 0 0 0 1 1 1 1 1 1 1 1 ]
[ 0 0 0 0 0 0 0 0 0 0 0 0 0 0 0 0 1 1 1 1 1 1 1 1 1 ]
[ 0 0 0 0 0 0 0 0 0 0 0 0 0 0 0 1 1 1 1 1 1 1 1 1 1 ]
[ 0 0 0 0 0 0 0 0 0 0 0 0 0 0 1 1 1 1 1 1 1 1 1 1 1 ]
[ 0 0 0 0 0 0 0 0 0 0 0 0 0 1 1 1 1 1 1 1 1 1 1 1 1 ]
[ 0 0 0 0 0 0 0 0 0 0 0 0 1 1 1 1 1 1 1 1 1 1 1 1 1 ]
[ 0 0 0 0 0 0 0 0 0 0 0 1 1 1 1 1 1 1 1 1 1 1 1 1 1 ]
[ 0 0 0 0 0 0 0 0 0 0 1 1 1 1 1 1 1 1 1 1 1 1 1 1 1 ]
[ 0 0 0 0 0 0 0 0 0 1 1 1 1 1 1 1 1 1 1 1 1 1 1 1 1 ]
[ 0 0 0 0 0 0 0 0 1 1 1 1 1 1 1 1 1 1 1 1 1 1 1 1 1 ]
[ 0 0 0 0 0 0 0 1 1 1 1 1 1 1 1 1 1 1 1 1 1 1 1 1 1 ]
[ 0 0 0 0 0 0 1 1 1 1 1 1 1 1 1 1 1 1 1 1 1 1 1 1 1 ]
[ 0 0 0 0 0 1 1 1 1 1 1 1 1 1 1 1 1 1 1 1 1 1 1 1 1 ]

Timer (generate): 8ms real	0ms user	0ms sys
[ 4000 4000 4000 4000 4000 4000 4000 4000 4000 4000 4000 4000 4000 4000 4000 4000 4000 4000 4000 4000 4000 4000 4000 4000 4000 ]
[ 3999 4000 4000 4000 4000 4000 4000 4000 4000 4000 4000 4000 4000 4000 4000 4000 4000 4000 4000 4000 4000 4000 4000 4000 4000 ]
[ 3999 3999 4000 4000 4000 4000 4000 4000 4000 4000 4000 4000 4000 4000 4000 4000 4000 4000 4000 4000 4000 4000 4000 4000 4000 ]
[ 3999 3999 3999 4000 4000 4000 4000 4000 4000 4000 4000 4000 4000 4000 4000 4000 4000 4000 4000 4000 4000 4000 4000 4000 4000 ]
[ 3999 3999 3999 3999 4000 4000 4000 4000 4000 4000 4000 4000 4000 4000 4000 4000 4000 4000 4000 4000 4000 4000 4000 4000 4000 ]
[ 3999 3999 3999 3999 3999 4000 4000 4000 4000 4000 4000 4000 4000 4000 4000 4000 4000 4000 4000 4000 4000 4000 4000 4000 4000 ]
[ 3999 3999 3999 3999 3999 3999 4000 4000 4000 4000 4000 4000 4000 4000 4000 4000 4000 4000 4000 4000 4000 4000 4000 4000 4000 ]
[ 3999 3999 3999 3999 3999 3999 3999 4000 4000 4000 4000 4000 4000 4000 4000 4000 4000 4000 4000 4000 4000 4000 4000 4000 4000 ]
[ 3999 3999 3999 3999 3999 3999 3999 3999 4000 4000 4000 4000 4000 4000 4000 4000 4000 4000 4000 4000 4000 4000 4000 4000 4000 ]
[ 3999 3999 3999 3999 3999 3999 3999 3999 3999 4000 4000 4000 4000 4000 4000 4000 4000 4000 4000 4000 4000 4000 4000 4000 4000 ]
[ 3999 3999 3999 3999 3999 3999 3999 3999 3999 3999 4000 4000 4000 4000 4000 4000 4000 4000 4000 4000 4000 4000 4000 4000 4000 ]
[ 3999 3999 3999 3999 3999 3999 3999 3999 3999 3999 3999 4000 4000 4000 4000 4000 4000 4000 4000 4000 4000 4000 4000 4000 4000 ]
[ 3999 3999 3999 3999 3999 3999 3999 3999 3999 3999 3999 3999 4000 4000 4000 4000 4000 4000 4000 4000 4000 4000 4000 4000 4000 ]
[ 3999 3999 3999 3999 3999 3999 3999 3999 3999 3999 3999 3999 3999 4000 4000 4000 4000 4000 4000 4000 4000 4000 4000 4000 4000 ]
[ 3999 3999 3999 3999 3999 3999 3999 3999 3999 3999 3999 3999 3999 3999 4000 4000 4000 4000 4000 4000 4000 4000 4000 4000 4000 ]
[ 3999 3999 3999 3999 3999 3999 3999 3999 3999 3999 3999 3999 3999 3999 3999 4000 4000 4000 4000 4000 4000 4000 4000 4000 4000 ]
[ 3999 3999 3999 3999 3999 3999 3999 3999 3999 3999 3999 3999 3999 3999 3999 3999 4000 4000 4000 4000 4000 4000 4000 4000 4000 ]
[ 3999 3999 3999 3999 3999 3999 3999 3999 3999 3999 3999 3999 3999 3999 3999 3999 3999 4000 4000 4000 4000 4000 4000 4000 4000 ]
[ 3999 3999 3999 3999 3999 3999 3999 3999 3999 3999 3999 3999 3999 3999 3999 3999 3999 3999 4000 4000 4000 4000 4000 4000 4000 ]
[ 3999 3999 3999 3999 3999 3999 3999 3999 3999 3999 3999 3999 3999 3999 3999 3999 3999 3999 3999 4000 4000 4000 4000 4000 4000 ]

Timer (sort): 8464ms real	8460ms user	10ms sys
The output is sorted!
[ 0 0 0 0 0 0 0 0 0 0 0 0 0 0 0 0 0 0 0 0 0 0 0 0 1 ]
[ 0 0 0 0 0 0 0 0 0 0 0 0 0 0 0 0 0 0 0 0 0 0 0 1 1 ]
[ 0 0 0 0 0 0 0 0 0 0 0 0 0 0 0 0 0 0 0 0 0 0 1 1 1 ]
[ 0 0 0 0 0 0 0 0 0 0 0 0 0 0 0 0 0 0 0 0 0 1 1 1 1 ]
[ 0 0 0 0 0 0 0 0 0 0 0 0 0 0 0 0 0 0 0 0 1 1 1 1 1 ]
[ 0 0 0 0 0 0 0 0 0 0 0 0 0 0 0 0 0 0 0 1 1 1 1 1 1 ]
[ 0 0 0 0 0 0 0 0 0 0 0 0 0 0 0 0 0 0 1 1 1 1 1 1 1 ]
[ 0 0 0 0 0 0 0 0 0 0 0 0 0 0 0 0 0 1 1 1 1 1 1 1 1 ]
[ 0 0 0 0 0 0 0 0 0 0 0 0 0 0 0 0 1 1 1 1 1 1 1 1 1 ]
[ 0 0 0 0 0 0 0 0 0 0 0 0 0 0 0 1 1 1 1 1 1 1 1 1 1 ]
[ 0 0 0 0 0 0 0 0 0 0 0 0 0 0 1 1 1 1 1 1 1 1 1 1 1 ]
[ 0 0 0 0 0 0 0 0 0 0 0 0 0 1 1 1 1 1 1 1 1 1 1 1 1 ]
[ 0 0 0 0 0 0 0 0 0 0 0 0 1 1 1 1 1 1 1 1 1 1 1 1 1 ]
[ 0 0 0 0 0 0 0 0 0 0 0 1 1 1 1 1 1 1 1 1 1 1 1 1 1 ]
[ 0 0 0 0 0 0 0 0 0 0 1 1 1 1 1 1 1 1 1 1 1 1 1 1 1 ]
[ 0 0 0 0 0 0 0 0 0 1 1 1 1 1 1 1 1 1 1 1 1 1 1 1 1 ]
[ 0 0 0 0 0 0 0 0 1 1 1 1 1 1 1 1 1 1 1 1 1 1 1 1 1 ]
[ 0 0 0 0 0 0 0 1 1 1 1 1 1 1 1 1 1 1 1 1 1 1 1 1 1 ]
[ 0 0 0 0 0 0 1 1 1 1 1 1 1 1 1 1 1 1 1 1 1 1 1 1 1 ]
[ 0 0 0 0 0 1 1 1 1 1 1 1 1 1 1 1 1 1 1 1 1 1 1 1 1 ]

Timer (generate): 8ms real	0ms user	0ms sys
[ 4000 4000 4000 4000 4000 4000 4000 4000 4000 4000 4000 4000 4000 4000 4000 4000 4000 4000 4000 4000 4000 4000 4000 4000 4000 ]
[ 3999 4000 4000 4000 4000 4000 4000 4000 4000 4000 4000 4000 4000 4000 4000 4000 4000 4000 4000 4000 4000 4000 4000 4000 4000 ]
[ 3999 3999 4000 4000 4000 4000 4000 4000 4000 4000 4000 4000 4000 4000 4000 4000 4000 4000 4000 4000 4000 4000 4000 4000 4000 ]
[ 3999 3999 3999 4000 4000 4000 4000 4000 4000 4000 4000 4000 4000 4000 4000 4000 4000 4000 4000 4000 4000 4000 4000 4000 4000 ]
[ 3999 3999 3999 3999 4000 4000 4000 4000 4000 4000 4000 4000 4000 4000 4000 4000 4000 4000 4000 4000 4000 4000 4000 4000 4000 ]
[ 3999 3999 3999 3999 3999 4000 4000 4000 4000 4000 4000 4000 4000 4000 4000 4000 4000 4000 4000 4000 4000 4000 4000 4000 4000 ]
[ 3999 3999 3999 3999 3999 3999 4000 4000 4000 4000 4000 4000 4000 4000 4000 4000 4000 4000 4000 4000 4000 4000 4000 4000 4000 ]
[ 3999 3999 3999 3999 3999 3999 3999 4000 4000 4000 4000 4000 4000 4000 4000 4000 4000 4000 4000 4000 4000 4000 4000 4000 4000 ]
[ 3999 3999 3999 3999 3999 3999 3999 3999 4000 4000 4000 4000 4000 4000 4000 4000 4000 4000 4000 4000 4000 4000 4000 4000 4000 ]
[ 3999 3999 3999 3999 3999 3999 3999 3999 3999 4000 4000 4000 4000 4000 4000 4000 4000 4000 4000 4000 4000 4000 4000 4000 4000 ]
[ 3999 3999 3999 3999 3999 3999 3999 3999 3999 3999 4000 4000 4000 4000 4000 4000 4000 4000 4000 4000 4000 4000 4000 4000 4000 ]
[ 3999 3999 3999 3999 3999 3999 3999 3999 3999 3999 3999 4000 4000 4000 4000 4000 4000 4000 4000 4000 4000 4000 4000 4000 4000 ]
[ 3999 3999 3999 3999 3999 3999 3999 3999 3999 3999 3999 3999 4000 4000 4000 4000 4000 4000 4000 4000 4000 4000 4000 4000 4000 ]
[ 3999 3999 3999 3999 3999 3999 3999 3999 3999 3999 3999 3999 3999 4000 4000 4000 4000 4000 4000 4000 4000 4000 4000 4000 4000 ]
[ 3999 3999 3999 3999 3999 3999 3999 3999 3999 3999 3999 3999 3999 3999 4000 4000 4000 4000 4000 4000 4000 4000 4000 4000 4000 ]
[ 3999 3999 3999 3999 3999 3999 3999 3999 3999 3999 3999 3999 3999 3999 3999 4000 4000 4000 4000 4000 4000 4000 4000 4000 4000 ]
[ 3999 3999 3999 3999 3999 3999 3999 3999 3999 3999 3999 3999 3999 3999 3999 3999 4000 4000 4000 4000 4000 4000 4000 4000 4000 ]
[ 3999 3999 3999 3999 3999 3999 3999 3999 3999 3999 3999 3999 3999 3999 3999 3999 3999 4000 4000 4000 4000 4000 4000 4000 4000 ]
[ 3999 3999 3999 3999 3999 3999 3999 3999 3999 3999 3999 3999 3999 3999 3999 3999 3999 3999 4000 4000 4000 4000 4000 4000 4000 ]
[ 3999 3999 3999 3999 3999 3999 3999 3999 3999 3999 3999 3999 3999 3999 3999 3999 3999 3999 3999 4000 4000 4000 4000 4000 4000 ]

Timer (sort): 8120ms real	8120ms user	0ms sys
The output is sorted!
[ 0 0 0 0 0 0 0 0 0 0 0 0 0 0 0 0 0 0 0 0 0 0 0 0 1 ]
[ 0 0 0 0 0 0 0 0 0 0 0 0 0 0 0 0 0 0 0 0 0 0 0 1 1 ]
[ 0 0 0 0 0 0 0 0 0 0 0 0 0 0 0 0 0 0 0 0 0 0 1 1 1 ]
[ 0 0 0 0 0 0 0 0 0 0 0 0 0 0 0 0 0 0 0 0 0 1 1 1 1 ]
[ 0 0 0 0 0 0 0 0 0 0 0 0 0 0 0 0 0 0 0 0 1 1 1 1 1 ]
[ 0 0 0 0 0 0 0 0 0 0 0 0 0 0 0 0 0 0 0 1 1 1 1 1 1 ]
[ 0 0 0 0 0 0 0 0 0 0 0 0 0 0 0 0 0 0 1 1 1 1 1 1 1 ]
[ 0 0 0 0 0 0 0 0 0 0 0 0 0 0 0 0 0 1 1 1 1 1 1 1 1 ]
[ 0 0 0 0 0 0 0 0 0 0 0 0 0 0 0 0 1 1 1 1 1 1 1 1 1 ]
[ 0 0 0 0 0 0 0 0 0 0 0 0 0 0 0 1 1 1 1 1 1 1 1 1 1 ]
[ 0 0 0 0 0 0 0 0 0 0 0 0 0 0 1 1 1 1 1 1 1 1 1 1 1 ]
[ 0 0 0 0 0 0 0 0 0 0 0 0 0 1 1 1 1 1 1 1 1 1 1 1 1 ]
[ 0 0 0 0 0 0 0 0 0 0 0 0 1 1 1 1 1 1 1 1 1 1 1 1 1 ]
[ 0 0 0 0 0 0 0 0 0 0 0 1 1 1 1 1 1 1 1 1 1 1 1 1 1 ]
[ 0 0 0 0 0 0 0 0 0 0 1 1 1 1 1 1 1 1 1 1 1 1 1 1 1 ]
[ 0 0 0 0 0 0 0 0 0 1 1 1 1 1 1 1 1 1 1 1 1 1 1 1 1 ]
[ 0 0 0 0 0 0 0 0 1 1 1 1 1 1 1 1 1 1 1 1 1 1 1 1 1 ]
[ 0 0 0 0 0 0 0 1 1 1 1 1 1 1 1 1 1 1 1 1 1 1 1 1 1 ]
[ 0 0 0 0 0 0 1 1 1 1 1 1 1 1 1 1 1 1 1 1 1 1 1 1 1 ]
[ 0 0 0 0 0 1 1 1 1 1 1 1 1 1 1 1 1 1 1 1 1 1 1 1 1 ]

