Timer (generate): 1ms real	0ms user	0ms sys
[ 2500 2500 2500 2500 2500 2500 2500 2500 2500 2500 ]
[ 2499 2500 2500 2500 2500 2500 2500 2500 2500 2500 ]
[ 2499 2499 2500 2500 2500 2500 2500 2500 2500 2500 ]
[ 2499 2499 2499 2500 2500 2500 2500 2500 2500 2500 ]
[ 2499 2499 2499 2499 2500 2500 2500 2500 2500 2500 ]
[ 2499 2499 2499 2499 2499 2500 2500 2500 2500 2500 ]
[ 2499 2499 2499 2499 2499 2499 2500 2500 2500 2500 ]
[ 2499 2499 2499 2499 2499 2499 2499 2500 2500 2500 ]
[ 2499 2499 2499 2499 2499 2499 2499 2499 2500 2500 ]
[ 2499 2499 2499 2499 2499 2499 2499 2499 2499 2500 ]
[ 2499 2499 2499 2499 2499 2499 2499 2499 2499 2499 ]
[ 2498 2499 2499 2499 2499 2499 2499 2499 2499 2499 ]
[ 2498 2498 2499 2499 2499 2499 2499 2499 2499 2499 ]
[ 2498 2498 2498 2499 2499 2499 2499 2499 2499 2499 ]
[ 2498 2498 2498 2498 2499 2499 2499 2499 2499 2499 ]
[ 2498 2498 2498 2498 2498 2499 2499 2499 2499 2499 ]
[ 2498 2498 2498 2498 2498 2498 2499 2499 2499 2499 ]
[ 2498 2498 2498 2498 2498 2498 2498 2499 2499 2499 ]
[ 2498 2498 2498 2498 2498 2498 2498 2498 2499 2499 ]
[ 2498 2498 2498 2498 2498 2498 2498 2498 2498 2499 ]

Running merge sort algorithm: 
Timer (sort): 4ms real	0ms user	0ms sys
The output is sorted!
[ 0 0 0 0 0 0 0 0 0 1 ]
[ 0 0 0 0 0 0 0 0 1 1 ]
[ 0 0 0 0 0 0 0 1 1 1 ]
[ 0 0 0 0 0 0 1 1 1 1 ]
[ 0 0 0 0 0 1 1 1 1 1 ]
[ 0 0 0 0 1 1 1 1 1 1 ]
[ 0 0 0 1 1 1 1 1 1 1 ]
[ 0 0 1 1 1 1 1 1 1 1 ]
[ 0 1 1 1 1 1 1 1 1 1 ]
[ 1 1 1 1 1 1 1 1 1 1 ]
[ 1 1 1 1 1 1 1 1 1 2 ]
[ 1 1 1 1 1 1 1 1 2 2 ]
[ 1 1 1 1 1 1 1 2 2 2 ]
[ 1 1 1 1 1 1 2 2 2 2 ]
[ 1 1 1 1 1 2 2 2 2 2 ]
[ 1 1 1 1 2 2 2 2 2 2 ]
[ 1 1 1 2 2 2 2 2 2 2 ]
[ 1 1 2 2 2 2 2 2 2 2 ]
[ 1 2 2 2 2 2 2 2 2 2 ]
[ 2 2 2 2 2 2 2 2 2 2 ]

Timer (generate): 1ms real	0ms user	0ms sys
[ 2500 2500 2500 2500 2500 2500 2500 2500 2500 2500 ]
[ 2499 2500 2500 2500 2500 2500 2500 2500 2500 2500 ]
[ 2499 2499 2500 2500 2500 2500 2500 2500 2500 2500 ]
[ 2499 2499 2499 2500 2500 2500 2500 2500 2500 2500 ]
[ 2499 2499 2499 2499 2500 2500 2500 2500 2500 2500 ]
[ 2499 2499 2499 2499 2499 2500 2500 2500 2500 2500 ]
[ 2499 2499 2499 2499 2499 2499 2500 2500 2500 2500 ]
[ 2499 2499 2499 2499 2499 2499 2499 2500 2500 2500 ]
[ 2499 2499 2499 2499 2499 2499 2499 2499 2500 2500 ]
[ 2499 2499 2499 2499 2499 2499 2499 2499 2499 2500 ]
[ 2499 2499 2499 2499 2499 2499 2499 2499 2499 2499 ]
[ 2498 2499 2499 2499 2499 2499 2499 2499 2499 2499 ]
[ 2498 2498 2499 2499 2499 2499 2499 2499 2499 2499 ]
[ 2498 2498 2498 2499 2499 2499 2499 2499 2499 2499 ]
[ 2498 2498 2498 2498 2499 2499 2499 2499 2499 2499 ]
[ 2498 2498 2498 2498 2498 2499 2499 2499 2499 2499 ]
[ 2498 2498 2498 2498 2498 2498 2499 2499 2499 2499 ]
[ 2498 2498 2498 2498 2498 2498 2498 2499 2499 2499 ]
[ 2498 2498 2498 2498 2498 2498 2498 2498 2499 2499 ]
[ 2498 2498 2498 2498 2498 2498 2498 2498 2498 2499 ]

Running merge sort algorithm: 
Timer (sort): 4ms real	0ms user	0ms sys
The output is sorted!
[ 0 0 0 0 0 0 0 0 0 1 ]
[ 0 0 0 0 0 0 0 0 1 1 ]
[ 0 0 0 0 0 0 0 1 1 1 ]
[ 0 0 0 0 0 0 1 1 1 1 ]
[ 0 0 0 0 0 1 1 1 1 1 ]
[ 0 0 0 0 1 1 1 1 1 1 ]
[ 0 0 0 1 1 1 1 1 1 1 ]
[ 0 0 1 1 1 1 1 1 1 1 ]
[ 0 1 1 1 1 1 1 1 1 1 ]
[ 1 1 1 1 1 1 1 1 1 1 ]
[ 1 1 1 1 1 1 1 1 1 2 ]
[ 1 1 1 1 1 1 1 1 2 2 ]
[ 1 1 1 1 1 1 1 2 2 2 ]
[ 1 1 1 1 1 1 2 2 2 2 ]
[ 1 1 1 1 1 2 2 2 2 2 ]
[ 1 1 1 1 2 2 2 2 2 2 ]
[ 1 1 1 2 2 2 2 2 2 2 ]
[ 1 1 2 2 2 2 2 2 2 2 ]
[ 1 2 2 2 2 2 2 2 2 2 ]
[ 2 2 2 2 2 2 2 2 2 2 ]

Timer (generate): 1ms real	0ms user	0ms sys
[ 2500 2500 2500 2500 2500 2500 2500 2500 2500 2500 ]
[ 2499 2500 2500 2500 2500 2500 2500 2500 2500 2500 ]
[ 2499 2499 2500 2500 2500 2500 2500 2500 2500 2500 ]
[ 2499 2499 2499 2500 2500 2500 2500 2500 2500 2500 ]
[ 2499 2499 2499 2499 2500 2500 2500 2500 2500 2500 ]
[ 2499 2499 2499 2499 2499 2500 2500 2500 2500 2500 ]
[ 2499 2499 2499 2499 2499 2499 2500 2500 2500 2500 ]
[ 2499 2499 2499 2499 2499 2499 2499 2500 2500 2500 ]
[ 2499 2499 2499 2499 2499 2499 2499 2499 2500 2500 ]
[ 2499 2499 2499 2499 2499 2499 2499 2499 2499 2500 ]
[ 2499 2499 2499 2499 2499 2499 2499 2499 2499 2499 ]
[ 2498 2499 2499 2499 2499 2499 2499 2499 2499 2499 ]
[ 2498 2498 2499 2499 2499 2499 2499 2499 2499 2499 ]
[ 2498 2498 2498 2499 2499 2499 2499 2499 2499 2499 ]
[ 2498 2498 2498 2498 2499 2499 2499 2499 2499 2499 ]
[ 2498 2498 2498 2498 2498 2499 2499 2499 2499 2499 ]
[ 2498 2498 2498 2498 2498 2498 2499 2499 2499 2499 ]
[ 2498 2498 2498 2498 2498 2498 2498 2499 2499 2499 ]
[ 2498 2498 2498 2498 2498 2498 2498 2498 2499 2499 ]
[ 2498 2498 2498 2498 2498 2498 2498 2498 2498 2499 ]

Running merge sort algorithm: 
Timer (sort): 5ms real	0ms user	0ms sys
The output is sorted!
[ 0 0 0 0 0 0 0 0 0 1 ]
[ 0 0 0 0 0 0 0 0 1 1 ]
[ 0 0 0 0 0 0 0 1 1 1 ]
[ 0 0 0 0 0 0 1 1 1 1 ]
[ 0 0 0 0 0 1 1 1 1 1 ]
[ 0 0 0 0 1 1 1 1 1 1 ]
[ 0 0 0 1 1 1 1 1 1 1 ]
[ 0 0 1 1 1 1 1 1 1 1 ]
[ 0 1 1 1 1 1 1 1 1 1 ]
[ 1 1 1 1 1 1 1 1 1 1 ]
[ 1 1 1 1 1 1 1 1 1 2 ]
[ 1 1 1 1 1 1 1 1 2 2 ]
[ 1 1 1 1 1 1 1 2 2 2 ]
[ 1 1 1 1 1 1 2 2 2 2 ]
[ 1 1 1 1 1 2 2 2 2 2 ]
[ 1 1 1 1 2 2 2 2 2 2 ]
[ 1 1 1 2 2 2 2 2 2 2 ]
[ 1 1 2 2 2 2 2 2 2 2 ]
[ 1 2 2 2 2 2 2 2 2 2 ]
[ 2 2 2 2 2 2 2 2 2 2 ]

Timer (generate): 1ms real	0ms user	0ms sys
[ 2500 2500 2500 2500 2500 2500 2500 2500 2500 2500 ]
[ 2499 2500 2500 2500 2500 2500 2500 2500 2500 2500 ]
[ 2499 2499 2500 2500 2500 2500 2500 2500 2500 2500 ]
[ 2499 2499 2499 2500 2500 2500 2500 2500 2500 2500 ]
[ 2499 2499 2499 2499 2500 2500 2500 2500 2500 2500 ]
[ 2499 2499 2499 2499 2499 2500 2500 2500 2500 2500 ]
[ 2499 2499 2499 2499 2499 2499 2500 2500 2500 2500 ]
[ 2499 2499 2499 2499 2499 2499 2499 2500 2500 2500 ]
[ 2499 2499 2499 2499 2499 2499 2499 2499 2500 2500 ]
[ 2499 2499 2499 2499 2499 2499 2499 2499 2499 2500 ]
[ 2499 2499 2499 2499 2499 2499 2499 2499 2499 2499 ]
[ 2498 2499 2499 2499 2499 2499 2499 2499 2499 2499 ]
[ 2498 2498 2499 2499 2499 2499 2499 2499 2499 2499 ]
[ 2498 2498 2498 2499 2499 2499 2499 2499 2499 2499 ]
[ 2498 2498 2498 2498 2499 2499 2499 2499 2499 2499 ]
[ 2498 2498 2498 2498 2498 2499 2499 2499 2499 2499 ]
[ 2498 2498 2498 2498 2498 2498 2499 2499 2499 2499 ]
[ 2498 2498 2498 2498 2498 2498 2498 2499 2499 2499 ]
[ 2498 2498 2498 2498 2498 2498 2498 2498 2499 2499 ]
[ 2498 2498 2498 2498 2498 2498 2498 2498 2498 2499 ]

Running merge sort algorithm: 
Timer (sort): 4ms real	0ms user	0ms sys
The output is sorted!
[ 0 0 0 0 0 0 0 0 0 1 ]
[ 0 0 0 0 0 0 0 0 1 1 ]
[ 0 0 0 0 0 0 0 1 1 1 ]
[ 0 0 0 0 0 0 1 1 1 1 ]
[ 0 0 0 0 0 1 1 1 1 1 ]
[ 0 0 0 0 1 1 1 1 1 1 ]
[ 0 0 0 1 1 1 1 1 1 1 ]
[ 0 0 1 1 1 1 1 1 1 1 ]
[ 0 1 1 1 1 1 1 1 1 1 ]
[ 1 1 1 1 1 1 1 1 1 1 ]
[ 1 1 1 1 1 1 1 1 1 2 ]
[ 1 1 1 1 1 1 1 1 2 2 ]
[ 1 1 1 1 1 1 1 2 2 2 ]
[ 1 1 1 1 1 1 2 2 2 2 ]
[ 1 1 1 1 1 2 2 2 2 2 ]
[ 1 1 1 1 2 2 2 2 2 2 ]
[ 1 1 1 2 2 2 2 2 2 2 ]
[ 1 1 2 2 2 2 2 2 2 2 ]
[ 1 2 2 2 2 2 2 2 2 2 ]
[ 2 2 2 2 2 2 2 2 2 2 ]

Timer (generate): 1ms real	0ms user	0ms sys
[ 2500 2500 2500 2500 2500 2500 2500 2500 2500 2500 ]
[ 2499 2500 2500 2500 2500 2500 2500 2500 2500 2500 ]
[ 2499 2499 2500 2500 2500 2500 2500 2500 2500 2500 ]
[ 2499 2499 2499 2500 2500 2500 2500 2500 2500 2500 ]
[ 2499 2499 2499 2499 2500 2500 2500 2500 2500 2500 ]
[ 2499 2499 2499 2499 2499 2500 2500 2500 2500 2500 ]
[ 2499 2499 2499 2499 2499 2499 2500 2500 2500 2500 ]
[ 2499 2499 2499 2499 2499 2499 2499 2500 2500 2500 ]
[ 2499 2499 2499 2499 2499 2499 2499 2499 2500 2500 ]
[ 2499 2499 2499 2499 2499 2499 2499 2499 2499 2500 ]
[ 2499 2499 2499 2499 2499 2499 2499 2499 2499 2499 ]
[ 2498 2499 2499 2499 2499 2499 2499 2499 2499 2499 ]
[ 2498 2498 2499 2499 2499 2499 2499 2499 2499 2499 ]
[ 2498 2498 2498 2499 2499 2499 2499 2499 2499 2499 ]
[ 2498 2498 2498 2498 2499 2499 2499 2499 2499 2499 ]
[ 2498 2498 2498 2498 2498 2499 2499 2499 2499 2499 ]
[ 2498 2498 2498 2498 2498 2498 2499 2499 2499 2499 ]
[ 2498 2498 2498 2498 2498 2498 2498 2499 2499 2499 ]
[ 2498 2498 2498 2498 2498 2498 2498 2498 2499 2499 ]
[ 2498 2498 2498 2498 2498 2498 2498 2498 2498 2499 ]

Running merge sort algorithm: 
Timer (sort): 3ms real	0ms user	0ms sys
The output is sorted!
[ 0 0 0 0 0 0 0 0 0 1 ]
[ 0 0 0 0 0 0 0 0 1 1 ]
[ 0 0 0 0 0 0 0 1 1 1 ]
[ 0 0 0 0 0 0 1 1 1 1 ]
[ 0 0 0 0 0 1 1 1 1 1 ]
[ 0 0 0 0 1 1 1 1 1 1 ]
[ 0 0 0 1 1 1 1 1 1 1 ]
[ 0 0 1 1 1 1 1 1 1 1 ]
[ 0 1 1 1 1 1 1 1 1 1 ]
[ 1 1 1 1 1 1 1 1 1 1 ]
[ 1 1 1 1 1 1 1 1 1 2 ]
[ 1 1 1 1 1 1 1 1 2 2 ]
[ 1 1 1 1 1 1 1 2 2 2 ]
[ 1 1 1 1 1 1 2 2 2 2 ]
[ 1 1 1 1 1 2 2 2 2 2 ]
[ 1 1 1 1 2 2 2 2 2 2 ]
[ 1 1 1 2 2 2 2 2 2 2 ]
[ 1 1 2 2 2 2 2 2 2 2 ]
[ 1 2 2 2 2 2 2 2 2 2 ]
[ 2 2 2 2 2 2 2 2 2 2 ]

Timer (generate): 1ms real	0ms user	0ms sys
[ 2500 2500 2500 2500 2500 2500 2500 2500 2500 2500 ]
[ 2499 2500 2500 2500 2500 2500 2500 2500 2500 2500 ]
[ 2499 2499 2500 2500 2500 2500 2500 2500 2500 2500 ]
[ 2499 2499 2499 2500 2500 2500 2500 2500 2500 2500 ]
[ 2499 2499 2499 2499 2500 2500 2500 2500 2500 2500 ]
[ 2499 2499 2499 2499 2499 2500 2500 2500 2500 2500 ]
[ 2499 2499 2499 2499 2499 2499 2500 2500 2500 2500 ]
[ 2499 2499 2499 2499 2499 2499 2499 2500 2500 2500 ]
[ 2499 2499 2499 2499 2499 2499 2499 2499 2500 2500 ]
[ 2499 2499 2499 2499 2499 2499 2499 2499 2499 2500 ]
[ 2499 2499 2499 2499 2499 2499 2499 2499 2499 2499 ]
[ 2498 2499 2499 2499 2499 2499 2499 2499 2499 2499 ]
[ 2498 2498 2499 2499 2499 2499 2499 2499 2499 2499 ]
[ 2498 2498 2498 2499 2499 2499 2499 2499 2499 2499 ]
[ 2498 2498 2498 2498 2499 2499 2499 2499 2499 2499 ]
[ 2498 2498 2498 2498 2498 2499 2499 2499 2499 2499 ]
[ 2498 2498 2498 2498 2498 2498 2499 2499 2499 2499 ]
[ 2498 2498 2498 2498 2498 2498 2498 2499 2499 2499 ]
[ 2498 2498 2498 2498 2498 2498 2498 2498 2499 2499 ]
[ 2498 2498 2498 2498 2498 2498 2498 2498 2498 2499 ]

Running merge sort algorithm: 
Timer (sort): 3ms real	0ms user	0ms sys
The output is sorted!
[ 0 0 0 0 0 0 0 0 0 1 ]
[ 0 0 0 0 0 0 0 0 1 1 ]
[ 0 0 0 0 0 0 0 1 1 1 ]
[ 0 0 0 0 0 0 1 1 1 1 ]
[ 0 0 0 0 0 1 1 1 1 1 ]
[ 0 0 0 0 1 1 1 1 1 1 ]
[ 0 0 0 1 1 1 1 1 1 1 ]
[ 0 0 1 1 1 1 1 1 1 1 ]
[ 0 1 1 1 1 1 1 1 1 1 ]
[ 1 1 1 1 1 1 1 1 1 1 ]
[ 1 1 1 1 1 1 1 1 1 2 ]
[ 1 1 1 1 1 1 1 1 2 2 ]
[ 1 1 1 1 1 1 1 2 2 2 ]
[ 1 1 1 1 1 1 2 2 2 2 ]
[ 1 1 1 1 1 2 2 2 2 2 ]
[ 1 1 1 1 2 2 2 2 2 2 ]
[ 1 1 1 2 2 2 2 2 2 2 ]
[ 1 1 2 2 2 2 2 2 2 2 ]
[ 1 2 2 2 2 2 2 2 2 2 ]
[ 2 2 2 2 2 2 2 2 2 2 ]

Timer (generate): 1ms real	0ms user	0ms sys
[ 2500 2500 2500 2500 2500 2500 2500 2500 2500 2500 ]
[ 2499 2500 2500 2500 2500 2500 2500 2500 2500 2500 ]
[ 2499 2499 2500 2500 2500 2500 2500 2500 2500 2500 ]
[ 2499 2499 2499 2500 2500 2500 2500 2500 2500 2500 ]
[ 2499 2499 2499 2499 2500 2500 2500 2500 2500 2500 ]
[ 2499 2499 2499 2499 2499 2500 2500 2500 2500 2500 ]
[ 2499 2499 2499 2499 2499 2499 2500 2500 2500 2500 ]
[ 2499 2499 2499 2499 2499 2499 2499 2500 2500 2500 ]
[ 2499 2499 2499 2499 2499 2499 2499 2499 2500 2500 ]
[ 2499 2499 2499 2499 2499 2499 2499 2499 2499 2500 ]
[ 2499 2499 2499 2499 2499 2499 2499 2499 2499 2499 ]
[ 2498 2499 2499 2499 2499 2499 2499 2499 2499 2499 ]
[ 2498 2498 2499 2499 2499 2499 2499 2499 2499 2499 ]
[ 2498 2498 2498 2499 2499 2499 2499 2499 2499 2499 ]
[ 2498 2498 2498 2498 2499 2499 2499 2499 2499 2499 ]
[ 2498 2498 2498 2498 2498 2499 2499 2499 2499 2499 ]
[ 2498 2498 2498 2498 2498 2498 2499 2499 2499 2499 ]
[ 2498 2498 2498 2498 2498 2498 2498 2499 2499 2499 ]
[ 2498 2498 2498 2498 2498 2498 2498 2498 2499 2499 ]
[ 2498 2498 2498 2498 2498 2498 2498 2498 2498 2499 ]

Running merge sort algorithm: 
Timer (sort): 3ms real	0ms user	0ms sys
The output is sorted!
[ 0 0 0 0 0 0 0 0 0 1 ]
[ 0 0 0 0 0 0 0 0 1 1 ]
[ 0 0 0 0 0 0 0 1 1 1 ]
[ 0 0 0 0 0 0 1 1 1 1 ]
[ 0 0 0 0 0 1 1 1 1 1 ]
[ 0 0 0 0 1 1 1 1 1 1 ]
[ 0 0 0 1 1 1 1 1 1 1 ]
[ 0 0 1 1 1 1 1 1 1 1 ]
[ 0 1 1 1 1 1 1 1 1 1 ]
[ 1 1 1 1 1 1 1 1 1 1 ]
[ 1 1 1 1 1 1 1 1 1 2 ]
[ 1 1 1 1 1 1 1 1 2 2 ]
[ 1 1 1 1 1 1 1 2 2 2 ]
[ 1 1 1 1 1 1 2 2 2 2 ]
[ 1 1 1 1 1 2 2 2 2 2 ]
[ 1 1 1 1 2 2 2 2 2 2 ]
[ 1 1 1 2 2 2 2 2 2 2 ]
[ 1 1 2 2 2 2 2 2 2 2 ]
[ 1 2 2 2 2 2 2 2 2 2 ]
[ 2 2 2 2 2 2 2 2 2 2 ]

Timer (generate): 1ms real	0ms user	0ms sys
[ 2500 2500 2500 2500 2500 2500 2500 2500 2500 2500 ]
[ 2499 2500 2500 2500 2500 2500 2500 2500 2500 2500 ]
[ 2499 2499 2500 2500 2500 2500 2500 2500 2500 2500 ]
[ 2499 2499 2499 2500 2500 2500 2500 2500 2500 2500 ]
[ 2499 2499 2499 2499 2500 2500 2500 2500 2500 2500 ]
[ 2499 2499 2499 2499 2499 2500 2500 2500 2500 2500 ]
[ 2499 2499 2499 2499 2499 2499 2500 2500 2500 2500 ]
[ 2499 2499 2499 2499 2499 2499 2499 2500 2500 2500 ]
[ 2499 2499 2499 2499 2499 2499 2499 2499 2500 2500 ]
[ 2499 2499 2499 2499 2499 2499 2499 2499 2499 2500 ]
[ 2499 2499 2499 2499 2499 2499 2499 2499 2499 2499 ]
[ 2498 2499 2499 2499 2499 2499 2499 2499 2499 2499 ]
[ 2498 2498 2499 2499 2499 2499 2499 2499 2499 2499 ]
[ 2498 2498 2498 2499 2499 2499 2499 2499 2499 2499 ]
[ 2498 2498 2498 2498 2499 2499 2499 2499 2499 2499 ]
[ 2498 2498 2498 2498 2498 2499 2499 2499 2499 2499 ]
[ 2498 2498 2498 2498 2498 2498 2499 2499 2499 2499 ]
[ 2498 2498 2498 2498 2498 2498 2498 2499 2499 2499 ]
[ 2498 2498 2498 2498 2498 2498 2498 2498 2499 2499 ]
[ 2498 2498 2498 2498 2498 2498 2498 2498 2498 2499 ]

Running merge sort algorithm: 
Timer (sort): 4ms real	0ms user	0ms sys
The output is sorted!
[ 0 0 0 0 0 0 0 0 0 1 ]
[ 0 0 0 0 0 0 0 0 1 1 ]
[ 0 0 0 0 0 0 0 1 1 1 ]
[ 0 0 0 0 0 0 1 1 1 1 ]
[ 0 0 0 0 0 1 1 1 1 1 ]
[ 0 0 0 0 1 1 1 1 1 1 ]
[ 0 0 0 1 1 1 1 1 1 1 ]
[ 0 0 1 1 1 1 1 1 1 1 ]
[ 0 1 1 1 1 1 1 1 1 1 ]
[ 1 1 1 1 1 1 1 1 1 1 ]
[ 1 1 1 1 1 1 1 1 1 2 ]
[ 1 1 1 1 1 1 1 1 2 2 ]
[ 1 1 1 1 1 1 1 2 2 2 ]
[ 1 1 1 1 1 1 2 2 2 2 ]
[ 1 1 1 1 1 2 2 2 2 2 ]
[ 1 1 1 1 2 2 2 2 2 2 ]
[ 1 1 1 2 2 2 2 2 2 2 ]
[ 1 1 2 2 2 2 2 2 2 2 ]
[ 1 2 2 2 2 2 2 2 2 2 ]
[ 2 2 2 2 2 2 2 2 2 2 ]

Timer (generate): 1ms real	0ms user	0ms sys
[ 2500 2500 2500 2500 2500 2500 2500 2500 2500 2500 ]
[ 2499 2500 2500 2500 2500 2500 2500 2500 2500 2500 ]
[ 2499 2499 2500 2500 2500 2500 2500 2500 2500 2500 ]
[ 2499 2499 2499 2500 2500 2500 2500 2500 2500 2500 ]
[ 2499 2499 2499 2499 2500 2500 2500 2500 2500 2500 ]
[ 2499 2499 2499 2499 2499 2500 2500 2500 2500 2500 ]
[ 2499 2499 2499 2499 2499 2499 2500 2500 2500 2500 ]
[ 2499 2499 2499 2499 2499 2499 2499 2500 2500 2500 ]
[ 2499 2499 2499 2499 2499 2499 2499 2499 2500 2500 ]
[ 2499 2499 2499 2499 2499 2499 2499 2499 2499 2500 ]
[ 2499 2499 2499 2499 2499 2499 2499 2499 2499 2499 ]
[ 2498 2499 2499 2499 2499 2499 2499 2499 2499 2499 ]
[ 2498 2498 2499 2499 2499 2499 2499 2499 2499 2499 ]
[ 2498 2498 2498 2499 2499 2499 2499 2499 2499 2499 ]
[ 2498 2498 2498 2498 2499 2499 2499 2499 2499 2499 ]
[ 2498 2498 2498 2498 2498 2499 2499 2499 2499 2499 ]
[ 2498 2498 2498 2498 2498 2498 2499 2499 2499 2499 ]
[ 2498 2498 2498 2498 2498 2498 2498 2499 2499 2499 ]
[ 2498 2498 2498 2498 2498 2498 2498 2498 2499 2499 ]
[ 2498 2498 2498 2498 2498 2498 2498 2498 2498 2499 ]

Running merge sort algorithm: 
Timer (sort): 4ms real	0ms user	0ms sys
The output is sorted!
[ 0 0 0 0 0 0 0 0 0 1 ]
[ 0 0 0 0 0 0 0 0 1 1 ]
[ 0 0 0 0 0 0 0 1 1 1 ]
[ 0 0 0 0 0 0 1 1 1 1 ]
[ 0 0 0 0 0 1 1 1 1 1 ]
[ 0 0 0 0 1 1 1 1 1 1 ]
[ 0 0 0 1 1 1 1 1 1 1 ]
[ 0 0 1 1 1 1 1 1 1 1 ]
[ 0 1 1 1 1 1 1 1 1 1 ]
[ 1 1 1 1 1 1 1 1 1 1 ]
[ 1 1 1 1 1 1 1 1 1 2 ]
[ 1 1 1 1 1 1 1 1 2 2 ]
[ 1 1 1 1 1 1 1 2 2 2 ]
[ 1 1 1 1 1 1 2 2 2 2 ]
[ 1 1 1 1 1 2 2 2 2 2 ]
[ 1 1 1 1 2 2 2 2 2 2 ]
[ 1 1 1 2 2 2 2 2 2 2 ]
[ 1 1 2 2 2 2 2 2 2 2 ]
[ 1 2 2 2 2 2 2 2 2 2 ]
[ 2 2 2 2 2 2 2 2 2 2 ]

Timer (generate): 1ms real	0ms user	0ms sys
[ 2500 2500 2500 2500 2500 2500 2500 2500 2500 2500 ]
[ 2499 2500 2500 2500 2500 2500 2500 2500 2500 2500 ]
[ 2499 2499 2500 2500 2500 2500 2500 2500 2500 2500 ]
[ 2499 2499 2499 2500 2500 2500 2500 2500 2500 2500 ]
[ 2499 2499 2499 2499 2500 2500 2500 2500 2500 2500 ]
[ 2499 2499 2499 2499 2499 2500 2500 2500 2500 2500 ]
[ 2499 2499 2499 2499 2499 2499 2500 2500 2500 2500 ]
[ 2499 2499 2499 2499 2499 2499 2499 2500 2500 2500 ]
[ 2499 2499 2499 2499 2499 2499 2499 2499 2500 2500 ]
[ 2499 2499 2499 2499 2499 2499 2499 2499 2499 2500 ]
[ 2499 2499 2499 2499 2499 2499 2499 2499 2499 2499 ]
[ 2498 2499 2499 2499 2499 2499 2499 2499 2499 2499 ]
[ 2498 2498 2499 2499 2499 2499 2499 2499 2499 2499 ]
[ 2498 2498 2498 2499 2499 2499 2499 2499 2499 2499 ]
[ 2498 2498 2498 2498 2499 2499 2499 2499 2499 2499 ]
[ 2498 2498 2498 2498 2498 2499 2499 2499 2499 2499 ]
[ 2498 2498 2498 2498 2498 2498 2499 2499 2499 2499 ]
[ 2498 2498 2498 2498 2498 2498 2498 2499 2499 2499 ]
[ 2498 2498 2498 2498 2498 2498 2498 2498 2499 2499 ]
[ 2498 2498 2498 2498 2498 2498 2498 2498 2498 2499 ]

Running merge sort algorithm: 
Timer (sort): 4ms real	0ms user	0ms sys
The output is sorted!
[ 0 0 0 0 0 0 0 0 0 1 ]
[ 0 0 0 0 0 0 0 0 1 1 ]
[ 0 0 0 0 0 0 0 1 1 1 ]
[ 0 0 0 0 0 0 1 1 1 1 ]
[ 0 0 0 0 0 1 1 1 1 1 ]
[ 0 0 0 0 1 1 1 1 1 1 ]
[ 0 0 0 1 1 1 1 1 1 1 ]
[ 0 0 1 1 1 1 1 1 1 1 ]
[ 0 1 1 1 1 1 1 1 1 1 ]
[ 1 1 1 1 1 1 1 1 1 1 ]
[ 1 1 1 1 1 1 1 1 1 2 ]
[ 1 1 1 1 1 1 1 1 2 2 ]
[ 1 1 1 1 1 1 1 2 2 2 ]
[ 1 1 1 1 1 1 2 2 2 2 ]
[ 1 1 1 1 1 2 2 2 2 2 ]
[ 1 1 1 1 2 2 2 2 2 2 ]
[ 1 1 1 2 2 2 2 2 2 2 ]
[ 1 1 2 2 2 2 2 2 2 2 ]
[ 1 2 2 2 2 2 2 2 2 2 ]
[ 2 2 2 2 2 2 2 2 2 2 ]

