Timer (generate): 28ms real	20ms user	0ms sys
[ 50000 50000 50000 50000 50000 50000 50000 50000 50000 50000 ]
[ 49999 50000 50000 50000 50000 50000 50000 50000 50000 50000 ]
[ 49999 49999 50000 50000 50000 50000 50000 50000 50000 50000 ]
[ 49999 49999 49999 50000 50000 50000 50000 50000 50000 50000 ]
[ 49999 49999 49999 49999 50000 50000 50000 50000 50000 50000 ]
[ 49999 49999 49999 49999 49999 50000 50000 50000 50000 50000 ]
[ 49999 49999 49999 49999 49999 49999 50000 50000 50000 50000 ]
[ 49999 49999 49999 49999 49999 49999 49999 50000 50000 50000 ]
[ 49999 49999 49999 49999 49999 49999 49999 49999 50000 50000 ]
[ 49999 49999 49999 49999 49999 49999 49999 49999 49999 50000 ]
[ 49999 49999 49999 49999 49999 49999 49999 49999 49999 49999 ]
[ 49998 49999 49999 49999 49999 49999 49999 49999 49999 49999 ]
[ 49998 49998 49999 49999 49999 49999 49999 49999 49999 49999 ]
[ 49998 49998 49998 49999 49999 49999 49999 49999 49999 49999 ]
[ 49998 49998 49998 49998 49999 49999 49999 49999 49999 49999 ]
[ 49998 49998 49998 49998 49998 49999 49999 49999 49999 49999 ]
[ 49998 49998 49998 49998 49998 49998 49999 49999 49999 49999 ]
[ 49998 49998 49998 49998 49998 49998 49998 49999 49999 49999 ]
[ 49998 49998 49998 49998 49998 49998 49998 49998 49999 49999 ]
[ 49998 49998 49998 49998 49998 49998 49998 49998 49998 49999 ]

Running merge sort algorithm: 
Timer (sort): 83ms real	80ms user	0ms sys
The output is sorted!
[ 0 0 0 0 0 0 0 0 0 1 ]
[ 0 0 0 0 0 0 0 0 1 1 ]
[ 0 0 0 0 0 0 0 1 1 1 ]
[ 0 0 0 0 0 0 1 1 1 1 ]
[ 0 0 0 0 0 1 1 1 1 1 ]
[ 0 0 0 0 1 1 1 1 1 1 ]
[ 0 0 0 1 1 1 1 1 1 1 ]
[ 0 0 1 1 1 1 1 1 1 1 ]
[ 0 1 1 1 1 1 1 1 1 1 ]
[ 1 1 1 1 1 1 1 1 1 1 ]
[ 1 1 1 1 1 1 1 1 1 2 ]
[ 1 1 1 1 1 1 1 1 2 2 ]
[ 1 1 1 1 1 1 1 2 2 2 ]
[ 1 1 1 1 1 1 2 2 2 2 ]
[ 1 1 1 1 1 2 2 2 2 2 ]
[ 1 1 1 1 2 2 2 2 2 2 ]
[ 1 1 1 2 2 2 2 2 2 2 ]
[ 1 1 2 2 2 2 2 2 2 2 ]
[ 1 2 2 2 2 2 2 2 2 2 ]
[ 2 2 2 2 2 2 2 2 2 2 ]

Timer (generate): 20ms real	20ms user	0ms sys
[ 50000 50000 50000 50000 50000 50000 50000 50000 50000 50000 ]
[ 49999 50000 50000 50000 50000 50000 50000 50000 50000 50000 ]
[ 49999 49999 50000 50000 50000 50000 50000 50000 50000 50000 ]
[ 49999 49999 49999 50000 50000 50000 50000 50000 50000 50000 ]
[ 49999 49999 49999 49999 50000 50000 50000 50000 50000 50000 ]
[ 49999 49999 49999 49999 49999 50000 50000 50000 50000 50000 ]
[ 49999 49999 49999 49999 49999 49999 50000 50000 50000 50000 ]
[ 49999 49999 49999 49999 49999 49999 49999 50000 50000 50000 ]
[ 49999 49999 49999 49999 49999 49999 49999 49999 50000 50000 ]
[ 49999 49999 49999 49999 49999 49999 49999 49999 49999 50000 ]
[ 49999 49999 49999 49999 49999 49999 49999 49999 49999 49999 ]
[ 49998 49999 49999 49999 49999 49999 49999 49999 49999 49999 ]
[ 49998 49998 49999 49999 49999 49999 49999 49999 49999 49999 ]
[ 49998 49998 49998 49999 49999 49999 49999 49999 49999 49999 ]
[ 49998 49998 49998 49998 49999 49999 49999 49999 49999 49999 ]
[ 49998 49998 49998 49998 49998 49999 49999 49999 49999 49999 ]
[ 49998 49998 49998 49998 49998 49998 49999 49999 49999 49999 ]
[ 49998 49998 49998 49998 49998 49998 49998 49999 49999 49999 ]
[ 49998 49998 49998 49998 49998 49998 49998 49998 49999 49999 ]
[ 49998 49998 49998 49998 49998 49998 49998 49998 49998 49999 ]

Running merge sort algorithm: 
Timer (sort): 90ms real	70ms user	20ms sys
The output is sorted!
[ 0 0 0 0 0 0 0 0 0 1 ]
[ 0 0 0 0 0 0 0 0 1 1 ]
[ 0 0 0 0 0 0 0 1 1 1 ]
[ 0 0 0 0 0 0 1 1 1 1 ]
[ 0 0 0 0 0 1 1 1 1 1 ]
[ 0 0 0 0 1 1 1 1 1 1 ]
[ 0 0 0 1 1 1 1 1 1 1 ]
[ 0 0 1 1 1 1 1 1 1 1 ]
[ 0 1 1 1 1 1 1 1 1 1 ]
[ 1 1 1 1 1 1 1 1 1 1 ]
[ 1 1 1 1 1 1 1 1 1 2 ]
[ 1 1 1 1 1 1 1 1 2 2 ]
[ 1 1 1 1 1 1 1 2 2 2 ]
[ 1 1 1 1 1 1 2 2 2 2 ]
[ 1 1 1 1 1 2 2 2 2 2 ]
[ 1 1 1 1 2 2 2 2 2 2 ]
[ 1 1 1 2 2 2 2 2 2 2 ]
[ 1 1 2 2 2 2 2 2 2 2 ]
[ 1 2 2 2 2 2 2 2 2 2 ]
[ 2 2 2 2 2 2 2 2 2 2 ]

Timer (generate): 19ms real	10ms user	10ms sys
[ 50000 50000 50000 50000 50000 50000 50000 50000 50000 50000 ]
[ 49999 50000 50000 50000 50000 50000 50000 50000 50000 50000 ]
[ 49999 49999 50000 50000 50000 50000 50000 50000 50000 50000 ]
[ 49999 49999 49999 50000 50000 50000 50000 50000 50000 50000 ]
[ 49999 49999 49999 49999 50000 50000 50000 50000 50000 50000 ]
[ 49999 49999 49999 49999 49999 50000 50000 50000 50000 50000 ]
[ 49999 49999 49999 49999 49999 49999 50000 50000 50000 50000 ]
[ 49999 49999 49999 49999 49999 49999 49999 50000 50000 50000 ]
[ 49999 49999 49999 49999 49999 49999 49999 49999 50000 50000 ]
[ 49999 49999 49999 49999 49999 49999 49999 49999 49999 50000 ]
[ 49999 49999 49999 49999 49999 49999 49999 49999 49999 49999 ]
[ 49998 49999 49999 49999 49999 49999 49999 49999 49999 49999 ]
[ 49998 49998 49999 49999 49999 49999 49999 49999 49999 49999 ]
[ 49998 49998 49998 49999 49999 49999 49999 49999 49999 49999 ]
[ 49998 49998 49998 49998 49999 49999 49999 49999 49999 49999 ]
[ 49998 49998 49998 49998 49998 49999 49999 49999 49999 49999 ]
[ 49998 49998 49998 49998 49998 49998 49999 49999 49999 49999 ]
[ 49998 49998 49998 49998 49998 49998 49998 49999 49999 49999 ]
[ 49998 49998 49998 49998 49998 49998 49998 49998 49999 49999 ]
[ 49998 49998 49998 49998 49998 49998 49998 49998 49998 49999 ]

Running merge sort algorithm: 
Timer (sort): 105ms real	70ms user	30ms sys
The output is sorted!
[ 0 0 0 0 0 0 0 0 0 1 ]
[ 0 0 0 0 0 0 0 0 1 1 ]
[ 0 0 0 0 0 0 0 1 1 1 ]
[ 0 0 0 0 0 0 1 1 1 1 ]
[ 0 0 0 0 0 1 1 1 1 1 ]
[ 0 0 0 0 1 1 1 1 1 1 ]
[ 0 0 0 1 1 1 1 1 1 1 ]
[ 0 0 1 1 1 1 1 1 1 1 ]
[ 0 1 1 1 1 1 1 1 1 1 ]
[ 1 1 1 1 1 1 1 1 1 1 ]
[ 1 1 1 1 1 1 1 1 1 2 ]
[ 1 1 1 1 1 1 1 1 2 2 ]
[ 1 1 1 1 1 1 1 2 2 2 ]
[ 1 1 1 1 1 1 2 2 2 2 ]
[ 1 1 1 1 1 2 2 2 2 2 ]
[ 1 1 1 1 2 2 2 2 2 2 ]
[ 1 1 1 2 2 2 2 2 2 2 ]
[ 1 1 2 2 2 2 2 2 2 2 ]
[ 1 2 2 2 2 2 2 2 2 2 ]
[ 2 2 2 2 2 2 2 2 2 2 ]

Timer (generate): 19ms real	10ms user	10ms sys
[ 50000 50000 50000 50000 50000 50000 50000 50000 50000 50000 ]
[ 49999 50000 50000 50000 50000 50000 50000 50000 50000 50000 ]
[ 49999 49999 50000 50000 50000 50000 50000 50000 50000 50000 ]
[ 49999 49999 49999 50000 50000 50000 50000 50000 50000 50000 ]
[ 49999 49999 49999 49999 50000 50000 50000 50000 50000 50000 ]
[ 49999 49999 49999 49999 49999 50000 50000 50000 50000 50000 ]
[ 49999 49999 49999 49999 49999 49999 50000 50000 50000 50000 ]
[ 49999 49999 49999 49999 49999 49999 49999 50000 50000 50000 ]
[ 49999 49999 49999 49999 49999 49999 49999 49999 50000 50000 ]
[ 49999 49999 49999 49999 49999 49999 49999 49999 49999 50000 ]
[ 49999 49999 49999 49999 49999 49999 49999 49999 49999 49999 ]
[ 49998 49999 49999 49999 49999 49999 49999 49999 49999 49999 ]
[ 49998 49998 49999 49999 49999 49999 49999 49999 49999 49999 ]
[ 49998 49998 49998 49999 49999 49999 49999 49999 49999 49999 ]
[ 49998 49998 49998 49998 49999 49999 49999 49999 49999 49999 ]
[ 49998 49998 49998 49998 49998 49999 49999 49999 49999 49999 ]
[ 49998 49998 49998 49998 49998 49998 49999 49999 49999 49999 ]
[ 49998 49998 49998 49998 49998 49998 49998 49999 49999 49999 ]
[ 49998 49998 49998 49998 49998 49998 49998 49998 49999 49999 ]
[ 49998 49998 49998 49998 49998 49998 49998 49998 49998 49999 ]

Running merge sort algorithm: 
Timer (sort): 114ms real	70ms user	30ms sys
The output is sorted!
[ 0 0 0 0 0 0 0 0 0 1 ]
[ 0 0 0 0 0 0 0 0 1 1 ]
[ 0 0 0 0 0 0 0 1 1 1 ]
[ 0 0 0 0 0 0 1 1 1 1 ]
[ 0 0 0 0 0 1 1 1 1 1 ]
[ 0 0 0 0 1 1 1 1 1 1 ]
[ 0 0 0 1 1 1 1 1 1 1 ]
[ 0 0 1 1 1 1 1 1 1 1 ]
[ 0 1 1 1 1 1 1 1 1 1 ]
[ 1 1 1 1 1 1 1 1 1 1 ]
[ 1 1 1 1 1 1 1 1 1 2 ]
[ 1 1 1 1 1 1 1 1 2 2 ]
[ 1 1 1 1 1 1 1 2 2 2 ]
[ 1 1 1 1 1 1 2 2 2 2 ]
[ 1 1 1 1 1 2 2 2 2 2 ]
[ 1 1 1 1 2 2 2 2 2 2 ]
[ 1 1 1 2 2 2 2 2 2 2 ]
[ 1 1 2 2 2 2 2 2 2 2 ]
[ 1 2 2 2 2 2 2 2 2 2 ]
[ 2 2 2 2 2 2 2 2 2 2 ]

Timer (generate): 21ms real	20ms user	0ms sys
[ 50000 50000 50000 50000 50000 50000 50000 50000 50000 50000 ]
[ 49999 50000 50000 50000 50000 50000 50000 50000 50000 50000 ]
[ 49999 49999 50000 50000 50000 50000 50000 50000 50000 50000 ]
[ 49999 49999 49999 50000 50000 50000 50000 50000 50000 50000 ]
[ 49999 49999 49999 49999 50000 50000 50000 50000 50000 50000 ]
[ 49999 49999 49999 49999 49999 50000 50000 50000 50000 50000 ]
[ 49999 49999 49999 49999 49999 49999 50000 50000 50000 50000 ]
[ 49999 49999 49999 49999 49999 49999 49999 50000 50000 50000 ]
[ 49999 49999 49999 49999 49999 49999 49999 49999 50000 50000 ]
[ 49999 49999 49999 49999 49999 49999 49999 49999 49999 50000 ]
[ 49999 49999 49999 49999 49999 49999 49999 49999 49999 49999 ]
[ 49998 49999 49999 49999 49999 49999 49999 49999 49999 49999 ]
[ 49998 49998 49999 49999 49999 49999 49999 49999 49999 49999 ]
[ 49998 49998 49998 49999 49999 49999 49999 49999 49999 49999 ]
[ 49998 49998 49998 49998 49999 49999 49999 49999 49999 49999 ]
[ 49998 49998 49998 49998 49998 49999 49999 49999 49999 49999 ]
[ 49998 49998 49998 49998 49998 49998 49999 49999 49999 49999 ]
[ 49998 49998 49998 49998 49998 49998 49998 49999 49999 49999 ]
[ 49998 49998 49998 49998 49998 49998 49998 49998 49999 49999 ]
[ 49998 49998 49998 49998 49998 49998 49998 49998 49998 49999 ]

Running merge sort algorithm: 
Timer (sort): 105ms real	100ms user	0ms sys
The output is sorted!
[ 0 0 0 0 0 0 0 0 0 1 ]
[ 0 0 0 0 0 0 0 0 1 1 ]
[ 0 0 0 0 0 0 0 1 1 1 ]
[ 0 0 0 0 0 0 1 1 1 1 ]
[ 0 0 0 0 0 1 1 1 1 1 ]
[ 0 0 0 0 1 1 1 1 1 1 ]
[ 0 0 0 1 1 1 1 1 1 1 ]
[ 0 0 1 1 1 1 1 1 1 1 ]
[ 0 1 1 1 1 1 1 1 1 1 ]
[ 1 1 1 1 1 1 1 1 1 1 ]
[ 1 1 1 1 1 1 1 1 1 2 ]
[ 1 1 1 1 1 1 1 1 2 2 ]
[ 1 1 1 1 1 1 1 2 2 2 ]
[ 1 1 1 1 1 1 2 2 2 2 ]
[ 1 1 1 1 1 2 2 2 2 2 ]
[ 1 1 1 1 2 2 2 2 2 2 ]
[ 1 1 1 2 2 2 2 2 2 2 ]
[ 1 1 2 2 2 2 2 2 2 2 ]
[ 1 2 2 2 2 2 2 2 2 2 ]
[ 2 2 2 2 2 2 2 2 2 2 ]

Timer (generate): 22ms real	10ms user	0ms sys
[ 50000 50000 50000 50000 50000 50000 50000 50000 50000 50000 ]
[ 49999 50000 50000 50000 50000 50000 50000 50000 50000 50000 ]
[ 49999 49999 50000 50000 50000 50000 50000 50000 50000 50000 ]
[ 49999 49999 49999 50000 50000 50000 50000 50000 50000 50000 ]
[ 49999 49999 49999 49999 50000 50000 50000 50000 50000 50000 ]
[ 49999 49999 49999 49999 49999 50000 50000 50000 50000 50000 ]
[ 49999 49999 49999 49999 49999 49999 50000 50000 50000 50000 ]
[ 49999 49999 49999 49999 49999 49999 49999 50000 50000 50000 ]
[ 49999 49999 49999 49999 49999 49999 49999 49999 50000 50000 ]
[ 49999 49999 49999 49999 49999 49999 49999 49999 49999 50000 ]
[ 49999 49999 49999 49999 49999 49999 49999 49999 49999 49999 ]
[ 49998 49999 49999 49999 49999 49999 49999 49999 49999 49999 ]
[ 49998 49998 49999 49999 49999 49999 49999 49999 49999 49999 ]
[ 49998 49998 49998 49999 49999 49999 49999 49999 49999 49999 ]
[ 49998 49998 49998 49998 49999 49999 49999 49999 49999 49999 ]
[ 49998 49998 49998 49998 49998 49999 49999 49999 49999 49999 ]
[ 49998 49998 49998 49998 49998 49998 49999 49999 49999 49999 ]
[ 49998 49998 49998 49998 49998 49998 49998 49999 49999 49999 ]
[ 49998 49998 49998 49998 49998 49998 49998 49998 49999 49999 ]
[ 49998 49998 49998 49998 49998 49998 49998 49998 49998 49999 ]

Running merge sort algorithm: 
Timer (sort): 92ms real	80ms user	10ms sys
The output is sorted!
[ 0 0 0 0 0 0 0 0 0 1 ]
[ 0 0 0 0 0 0 0 0 1 1 ]
[ 0 0 0 0 0 0 0 1 1 1 ]
[ 0 0 0 0 0 0 1 1 1 1 ]
[ 0 0 0 0 0 1 1 1 1 1 ]
[ 0 0 0 0 1 1 1 1 1 1 ]
[ 0 0 0 1 1 1 1 1 1 1 ]
[ 0 0 1 1 1 1 1 1 1 1 ]
[ 0 1 1 1 1 1 1 1 1 1 ]
[ 1 1 1 1 1 1 1 1 1 1 ]
[ 1 1 1 1 1 1 1 1 1 2 ]
[ 1 1 1 1 1 1 1 1 2 2 ]
[ 1 1 1 1 1 1 1 2 2 2 ]
[ 1 1 1 1 1 1 2 2 2 2 ]
[ 1 1 1 1 1 2 2 2 2 2 ]
[ 1 1 1 1 2 2 2 2 2 2 ]
[ 1 1 1 2 2 2 2 2 2 2 ]
[ 1 1 2 2 2 2 2 2 2 2 ]
[ 1 2 2 2 2 2 2 2 2 2 ]
[ 2 2 2 2 2 2 2 2 2 2 ]

Timer (generate): 23ms real	10ms user	0ms sys
[ 50000 50000 50000 50000 50000 50000 50000 50000 50000 50000 ]
[ 49999 50000 50000 50000 50000 50000 50000 50000 50000 50000 ]
[ 49999 49999 50000 50000 50000 50000 50000 50000 50000 50000 ]
[ 49999 49999 49999 50000 50000 50000 50000 50000 50000 50000 ]
[ 49999 49999 49999 49999 50000 50000 50000 50000 50000 50000 ]
[ 49999 49999 49999 49999 49999 50000 50000 50000 50000 50000 ]
[ 49999 49999 49999 49999 49999 49999 50000 50000 50000 50000 ]
[ 49999 49999 49999 49999 49999 49999 49999 50000 50000 50000 ]
[ 49999 49999 49999 49999 49999 49999 49999 49999 50000 50000 ]
[ 49999 49999 49999 49999 49999 49999 49999 49999 49999 50000 ]
[ 49999 49999 49999 49999 49999 49999 49999 49999 49999 49999 ]
[ 49998 49999 49999 49999 49999 49999 49999 49999 49999 49999 ]
[ 49998 49998 49999 49999 49999 49999 49999 49999 49999 49999 ]
[ 49998 49998 49998 49999 49999 49999 49999 49999 49999 49999 ]
[ 49998 49998 49998 49998 49999 49999 49999 49999 49999 49999 ]
[ 49998 49998 49998 49998 49998 49999 49999 49999 49999 49999 ]
[ 49998 49998 49998 49998 49998 49998 49999 49999 49999 49999 ]
[ 49998 49998 49998 49998 49998 49998 49998 49999 49999 49999 ]
[ 49998 49998 49998 49998 49998 49998 49998 49998 49999 49999 ]
[ 49998 49998 49998 49998 49998 49998 49998 49998 49998 49999 ]

Running merge sort algorithm: 
Timer (sort): 118ms real	90ms user	30ms sys
The output is sorted!
[ 0 0 0 0 0 0 0 0 0 1 ]
[ 0 0 0 0 0 0 0 0 1 1 ]
[ 0 0 0 0 0 0 0 1 1 1 ]
[ 0 0 0 0 0 0 1 1 1 1 ]
[ 0 0 0 0 0 1 1 1 1 1 ]
[ 0 0 0 0 1 1 1 1 1 1 ]
[ 0 0 0 1 1 1 1 1 1 1 ]
[ 0 0 1 1 1 1 1 1 1 1 ]
[ 0 1 1 1 1 1 1 1 1 1 ]
[ 1 1 1 1 1 1 1 1 1 1 ]
[ 1 1 1 1 1 1 1 1 1 2 ]
[ 1 1 1 1 1 1 1 1 2 2 ]
[ 1 1 1 1 1 1 1 2 2 2 ]
[ 1 1 1 1 1 1 2 2 2 2 ]
[ 1 1 1 1 1 2 2 2 2 2 ]
[ 1 1 1 1 2 2 2 2 2 2 ]
[ 1 1 1 2 2 2 2 2 2 2 ]
[ 1 1 2 2 2 2 2 2 2 2 ]
[ 1 2 2 2 2 2 2 2 2 2 ]
[ 2 2 2 2 2 2 2 2 2 2 ]

Timer (generate): 19ms real	10ms user	10ms sys
[ 50000 50000 50000 50000 50000 50000 50000 50000 50000 50000 ]
[ 49999 50000 50000 50000 50000 50000 50000 50000 50000 50000 ]
[ 49999 49999 50000 50000 50000 50000 50000 50000 50000 50000 ]
[ 49999 49999 49999 50000 50000 50000 50000 50000 50000 50000 ]
[ 49999 49999 49999 49999 50000 50000 50000 50000 50000 50000 ]
[ 49999 49999 49999 49999 49999 50000 50000 50000 50000 50000 ]
[ 49999 49999 49999 49999 49999 49999 50000 50000 50000 50000 ]
[ 49999 49999 49999 49999 49999 49999 49999 50000 50000 50000 ]
[ 49999 49999 49999 49999 49999 49999 49999 49999 50000 50000 ]
[ 49999 49999 49999 49999 49999 49999 49999 49999 49999 50000 ]
[ 49999 49999 49999 49999 49999 49999 49999 49999 49999 49999 ]
[ 49998 49999 49999 49999 49999 49999 49999 49999 49999 49999 ]
[ 49998 49998 49999 49999 49999 49999 49999 49999 49999 49999 ]
[ 49998 49998 49998 49999 49999 49999 49999 49999 49999 49999 ]
[ 49998 49998 49998 49998 49999 49999 49999 49999 49999 49999 ]
[ 49998 49998 49998 49998 49998 49999 49999 49999 49999 49999 ]
[ 49998 49998 49998 49998 49998 49998 49999 49999 49999 49999 ]
[ 49998 49998 49998 49998 49998 49998 49998 49999 49999 49999 ]
[ 49998 49998 49998 49998 49998 49998 49998 49998 49999 49999 ]
[ 49998 49998 49998 49998 49998 49998 49998 49998 49998 49999 ]

Running merge sort algorithm: 
Timer (sort): 112ms real	70ms user	40ms sys
The output is sorted!
[ 0 0 0 0 0 0 0 0 0 1 ]
[ 0 0 0 0 0 0 0 0 1 1 ]
[ 0 0 0 0 0 0 0 1 1 1 ]
[ 0 0 0 0 0 0 1 1 1 1 ]
[ 0 0 0 0 0 1 1 1 1 1 ]
[ 0 0 0 0 1 1 1 1 1 1 ]
[ 0 0 0 1 1 1 1 1 1 1 ]
[ 0 0 1 1 1 1 1 1 1 1 ]
[ 0 1 1 1 1 1 1 1 1 1 ]
[ 1 1 1 1 1 1 1 1 1 1 ]
[ 1 1 1 1 1 1 1 1 1 2 ]
[ 1 1 1 1 1 1 1 1 2 2 ]
[ 1 1 1 1 1 1 1 2 2 2 ]
[ 1 1 1 1 1 1 2 2 2 2 ]
[ 1 1 1 1 1 2 2 2 2 2 ]
[ 1 1 1 1 2 2 2 2 2 2 ]
[ 1 1 1 2 2 2 2 2 2 2 ]
[ 1 1 2 2 2 2 2 2 2 2 ]
[ 1 2 2 2 2 2 2 2 2 2 ]
[ 2 2 2 2 2 2 2 2 2 2 ]

Timer (generate): 22ms real	10ms user	0ms sys
[ 50000 50000 50000 50000 50000 50000 50000 50000 50000 50000 ]
[ 49999 50000 50000 50000 50000 50000 50000 50000 50000 50000 ]
[ 49999 49999 50000 50000 50000 50000 50000 50000 50000 50000 ]
[ 49999 49999 49999 50000 50000 50000 50000 50000 50000 50000 ]
[ 49999 49999 49999 49999 50000 50000 50000 50000 50000 50000 ]
[ 49999 49999 49999 49999 49999 50000 50000 50000 50000 50000 ]
[ 49999 49999 49999 49999 49999 49999 50000 50000 50000 50000 ]
[ 49999 49999 49999 49999 49999 49999 49999 50000 50000 50000 ]
[ 49999 49999 49999 49999 49999 49999 49999 49999 50000 50000 ]
[ 49999 49999 49999 49999 49999 49999 49999 49999 49999 50000 ]
[ 49999 49999 49999 49999 49999 49999 49999 49999 49999 49999 ]
[ 49998 49999 49999 49999 49999 49999 49999 49999 49999 49999 ]
[ 49998 49998 49999 49999 49999 49999 49999 49999 49999 49999 ]
[ 49998 49998 49998 49999 49999 49999 49999 49999 49999 49999 ]
[ 49998 49998 49998 49998 49999 49999 49999 49999 49999 49999 ]
[ 49998 49998 49998 49998 49998 49999 49999 49999 49999 49999 ]
[ 49998 49998 49998 49998 49998 49998 49999 49999 49999 49999 ]
[ 49998 49998 49998 49998 49998 49998 49998 49999 49999 49999 ]
[ 49998 49998 49998 49998 49998 49998 49998 49998 49999 49999 ]
[ 49998 49998 49998 49998 49998 49998 49998 49998 49998 49999 ]

Running merge sort algorithm: 
Timer (sort): 103ms real	80ms user	20ms sys
The output is sorted!
[ 0 0 0 0 0 0 0 0 0 1 ]
[ 0 0 0 0 0 0 0 0 1 1 ]
[ 0 0 0 0 0 0 0 1 1 1 ]
[ 0 0 0 0 0 0 1 1 1 1 ]
[ 0 0 0 0 0 1 1 1 1 1 ]
[ 0 0 0 0 1 1 1 1 1 1 ]
[ 0 0 0 1 1 1 1 1 1 1 ]
[ 0 0 1 1 1 1 1 1 1 1 ]
[ 0 1 1 1 1 1 1 1 1 1 ]
[ 1 1 1 1 1 1 1 1 1 1 ]
[ 1 1 1 1 1 1 1 1 1 2 ]
[ 1 1 1 1 1 1 1 1 2 2 ]
[ 1 1 1 1 1 1 1 2 2 2 ]
[ 1 1 1 1 1 1 2 2 2 2 ]
[ 1 1 1 1 1 2 2 2 2 2 ]
[ 1 1 1 1 2 2 2 2 2 2 ]
[ 1 1 1 2 2 2 2 2 2 2 ]
[ 1 1 2 2 2 2 2 2 2 2 ]
[ 1 2 2 2 2 2 2 2 2 2 ]
[ 2 2 2 2 2 2 2 2 2 2 ]

Timer (generate): 25ms real	0ms user	10ms sys
[ 50000 50000 50000 50000 50000 50000 50000 50000 50000 50000 ]
[ 49999 50000 50000 50000 50000 50000 50000 50000 50000 50000 ]
[ 49999 49999 50000 50000 50000 50000 50000 50000 50000 50000 ]
[ 49999 49999 49999 50000 50000 50000 50000 50000 50000 50000 ]
[ 49999 49999 49999 49999 50000 50000 50000 50000 50000 50000 ]
[ 49999 49999 49999 49999 49999 50000 50000 50000 50000 50000 ]
[ 49999 49999 49999 49999 49999 49999 50000 50000 50000 50000 ]
[ 49999 49999 49999 49999 49999 49999 49999 50000 50000 50000 ]
[ 49999 49999 49999 49999 49999 49999 49999 49999 50000 50000 ]
[ 49999 49999 49999 49999 49999 49999 49999 49999 49999 50000 ]
[ 49999 49999 49999 49999 49999 49999 49999 49999 49999 49999 ]
[ 49998 49999 49999 49999 49999 49999 49999 49999 49999 49999 ]
[ 49998 49998 49999 49999 49999 49999 49999 49999 49999 49999 ]
[ 49998 49998 49998 49999 49999 49999 49999 49999 49999 49999 ]
[ 49998 49998 49998 49998 49999 49999 49999 49999 49999 49999 ]
[ 49998 49998 49998 49998 49998 49999 49999 49999 49999 49999 ]
[ 49998 49998 49998 49998 49998 49998 49999 49999 49999 49999 ]
[ 49998 49998 49998 49998 49998 49998 49998 49999 49999 49999 ]
[ 49998 49998 49998 49998 49998 49998 49998 49998 49999 49999 ]
[ 49998 49998 49998 49998 49998 49998 49998 49998 49998 49999 ]

Running merge sort algorithm: 
Timer (sort): 95ms real	70ms user	30ms sys
The output is sorted!
[ 0 0 0 0 0 0 0 0 0 1 ]
[ 0 0 0 0 0 0 0 0 1 1 ]
[ 0 0 0 0 0 0 0 1 1 1 ]
[ 0 0 0 0 0 0 1 1 1 1 ]
[ 0 0 0 0 0 1 1 1 1 1 ]
[ 0 0 0 0 1 1 1 1 1 1 ]
[ 0 0 0 1 1 1 1 1 1 1 ]
[ 0 0 1 1 1 1 1 1 1 1 ]
[ 0 1 1 1 1 1 1 1 1 1 ]
[ 1 1 1 1 1 1 1 1 1 1 ]
[ 1 1 1 1 1 1 1 1 1 2 ]
[ 1 1 1 1 1 1 1 1 2 2 ]
[ 1 1 1 1 1 1 1 2 2 2 ]
[ 1 1 1 1 1 1 2 2 2 2 ]
[ 1 1 1 1 1 2 2 2 2 2 ]
[ 1 1 1 1 2 2 2 2 2 2 ]
[ 1 1 1 2 2 2 2 2 2 2 ]
[ 1 1 2 2 2 2 2 2 2 2 ]
[ 1 2 2 2 2 2 2 2 2 2 ]
[ 2 2 2 2 2 2 2 2 2 2 ]

