Timer (generate): 115ms real	80ms user	20ms sys
[ 250000 250000 250000 250000 250000 250000 250000 250000 250000 250000 ]
[ 249999 250000 250000 250000 250000 250000 250000 250000 250000 250000 ]
[ 249999 249999 250000 250000 250000 250000 250000 250000 250000 250000 ]
[ 249999 249999 249999 250000 250000 250000 250000 250000 250000 250000 ]
[ 249999 249999 249999 249999 250000 250000 250000 250000 250000 250000 ]
[ 249999 249999 249999 249999 249999 250000 250000 250000 250000 250000 ]
[ 249999 249999 249999 249999 249999 249999 250000 250000 250000 250000 ]
[ 249999 249999 249999 249999 249999 249999 249999 250000 250000 250000 ]
[ 249999 249999 249999 249999 249999 249999 249999 249999 250000 250000 ]
[ 249999 249999 249999 249999 249999 249999 249999 249999 249999 250000 ]
[ 249999 249999 249999 249999 249999 249999 249999 249999 249999 249999 ]
[ 249998 249999 249999 249999 249999 249999 249999 249999 249999 249999 ]
[ 249998 249998 249999 249999 249999 249999 249999 249999 249999 249999 ]
[ 249998 249998 249998 249999 249999 249999 249999 249999 249999 249999 ]
[ 249998 249998 249998 249998 249999 249999 249999 249999 249999 249999 ]
[ 249998 249998 249998 249998 249998 249999 249999 249999 249999 249999 ]
[ 249998 249998 249998 249998 249998 249998 249999 249999 249999 249999 ]
[ 249998 249998 249998 249998 249998 249998 249998 249999 249999 249999 ]
[ 249998 249998 249998 249998 249998 249998 249998 249998 249999 249999 ]
[ 249998 249998 249998 249998 249998 249998 249998 249998 249998 249999 ]

Running merge sort algorithm: 
Timer (generate): 118ms real	60ms user	40ms sys
[ 250000 250000 250000 250000 250000 250000 250000 250000 250000 250000 ]
[ 249999 250000 250000 250000 250000 250000 250000 250000 250000 250000 ]
[ 249999 249999 250000 250000 250000 250000 250000 250000 250000 250000 ]
[ 249999 249999 249999 250000 250000 250000 250000 250000 250000 250000 ]
[ 249999 249999 249999 249999 250000 250000 250000 250000 250000 250000 ]
[ 249999 249999 249999 249999 249999 250000 250000 250000 250000 250000 ]
[ 249999 249999 249999 249999 249999 249999 250000 250000 250000 250000 ]
[ 249999 249999 249999 249999 249999 249999 249999 250000 250000 250000 ]
[ 249999 249999 249999 249999 249999 249999 249999 249999 250000 250000 ]
[ 249999 249999 249999 249999 249999 249999 249999 249999 249999 250000 ]
[ 249999 249999 249999 249999 249999 249999 249999 249999 249999 249999 ]
[ 249998 249999 249999 249999 249999 249999 249999 249999 249999 249999 ]
[ 249998 249998 249999 249999 249999 249999 249999 249999 249999 249999 ]
[ 249998 249998 249998 249999 249999 249999 249999 249999 249999 249999 ]
[ 249998 249998 249998 249998 249999 249999 249999 249999 249999 249999 ]
[ 249998 249998 249998 249998 249998 249999 249999 249999 249999 249999 ]
[ 249998 249998 249998 249998 249998 249998 249999 249999 249999 249999 ]
[ 249998 249998 249998 249998 249998 249998 249998 249999 249999 249999 ]
[ 249998 249998 249998 249998 249998 249998 249998 249998 249999 249999 ]
[ 249998 249998 249998 249998 249998 249998 249998 249998 249998 249999 ]

Running merge sort algorithm: 
Timer (generate): 110ms real	80ms user	30ms sys
[ 250000 250000 250000 250000 250000 250000 250000 250000 250000 250000 ]
[ 249999 250000 250000 250000 250000 250000 250000 250000 250000 250000 ]
[ 249999 249999 250000 250000 250000 250000 250000 250000 250000 250000 ]
[ 249999 249999 249999 250000 250000 250000 250000 250000 250000 250000 ]
[ 249999 249999 249999 249999 250000 250000 250000 250000 250000 250000 ]
[ 249999 249999 249999 249999 249999 250000 250000 250000 250000 250000 ]
[ 249999 249999 249999 249999 249999 249999 250000 250000 250000 250000 ]
[ 249999 249999 249999 249999 249999 249999 249999 250000 250000 250000 ]
[ 249999 249999 249999 249999 249999 249999 249999 249999 250000 250000 ]
[ 249999 249999 249999 249999 249999 249999 249999 249999 249999 250000 ]
[ 249999 249999 249999 249999 249999 249999 249999 249999 249999 249999 ]
[ 249998 249999 249999 249999 249999 249999 249999 249999 249999 249999 ]
[ 249998 249998 249999 249999 249999 249999 249999 249999 249999 249999 ]
[ 249998 249998 249998 249999 249999 249999 249999 249999 249999 249999 ]
[ 249998 249998 249998 249998 249999 249999 249999 249999 249999 249999 ]
[ 249998 249998 249998 249998 249998 249999 249999 249999 249999 249999 ]
[ 249998 249998 249998 249998 249998 249998 249999 249999 249999 249999 ]
[ 249998 249998 249998 249998 249998 249998 249998 249999 249999 249999 ]
[ 249998 249998 249998 249998 249998 249998 249998 249998 249999 249999 ]
[ 249998 249998 249998 249998 249998 249998 249998 249998 249998 249999 ]

Running merge sort algorithm: 
Timer (generate): 102ms real	60ms user	30ms sys
[ 250000 250000 250000 250000 250000 250000 250000 250000 250000 250000 ]
[ 249999 250000 250000 250000 250000 250000 250000 250000 250000 250000 ]
[ 249999 249999 250000 250000 250000 250000 250000 250000 250000 250000 ]
[ 249999 249999 249999 250000 250000 250000 250000 250000 250000 250000 ]
[ 249999 249999 249999 249999 250000 250000 250000 250000 250000 250000 ]
[ 249999 249999 249999 249999 249999 250000 250000 250000 250000 250000 ]
[ 249999 249999 249999 249999 249999 249999 250000 250000 250000 250000 ]
[ 249999 249999 249999 249999 249999 249999 249999 250000 250000 250000 ]
[ 249999 249999 249999 249999 249999 249999 249999 249999 250000 250000 ]
[ 249999 249999 249999 249999 249999 249999 249999 249999 249999 250000 ]
[ 249999 249999 249999 249999 249999 249999 249999 249999 249999 249999 ]
[ 249998 249999 249999 249999 249999 249999 249999 249999 249999 249999 ]
[ 249998 249998 249999 249999 249999 249999 249999 249999 249999 249999 ]
[ 249998 249998 249998 249999 249999 249999 249999 249999 249999 249999 ]
[ 249998 249998 249998 249998 249999 249999 249999 249999 249999 249999 ]
[ 249998 249998 249998 249998 249998 249999 249999 249999 249999 249999 ]
[ 249998 249998 249998 249998 249998 249998 249999 249999 249999 249999 ]
[ 249998 249998 249998 249998 249998 249998 249998 249999 249999 249999 ]
[ 249998 249998 249998 249998 249998 249998 249998 249998 249999 249999 ]
[ 249998 249998 249998 249998 249998 249998 249998 249998 249998 249999 ]

Running merge sort algorithm: 
Timer (generate): 109ms real	70ms user	40ms sys
[ 250000 250000 250000 250000 250000 250000 250000 250000 250000 250000 ]
[ 249999 250000 250000 250000 250000 250000 250000 250000 250000 250000 ]
[ 249999 249999 250000 250000 250000 250000 250000 250000 250000 250000 ]
[ 249999 249999 249999 250000 250000 250000 250000 250000 250000 250000 ]
[ 249999 249999 249999 249999 250000 250000 250000 250000 250000 250000 ]
[ 249999 249999 249999 249999 249999 250000 250000 250000 250000 250000 ]
[ 249999 249999 249999 249999 249999 249999 250000 250000 250000 250000 ]
[ 249999 249999 249999 249999 249999 249999 249999 250000 250000 250000 ]
[ 249999 249999 249999 249999 249999 249999 249999 249999 250000 250000 ]
[ 249999 249999 249999 249999 249999 249999 249999 249999 249999 250000 ]
[ 249999 249999 249999 249999 249999 249999 249999 249999 249999 249999 ]
[ 249998 249999 249999 249999 249999 249999 249999 249999 249999 249999 ]
[ 249998 249998 249999 249999 249999 249999 249999 249999 249999 249999 ]
[ 249998 249998 249998 249999 249999 249999 249999 249999 249999 249999 ]
[ 249998 249998 249998 249998 249999 249999 249999 249999 249999 249999 ]
[ 249998 249998 249998 249998 249998 249999 249999 249999 249999 249999 ]
[ 249998 249998 249998 249998 249998 249998 249999 249999 249999 249999 ]
[ 249998 249998 249998 249998 249998 249998 249998 249999 249999 249999 ]
[ 249998 249998 249998 249998 249998 249998 249998 249998 249999 249999 ]
[ 249998 249998 249998 249998 249998 249998 249998 249998 249998 249999 ]

Running merge sort algorithm: 
Timer (generate): 99ms real	70ms user	10ms sys
[ 250000 250000 250000 250000 250000 250000 250000 250000 250000 250000 ]
[ 249999 250000 250000 250000 250000 250000 250000 250000 250000 250000 ]
[ 249999 249999 250000 250000 250000 250000 250000 250000 250000 250000 ]
[ 249999 249999 249999 250000 250000 250000 250000 250000 250000 250000 ]
[ 249999 249999 249999 249999 250000 250000 250000 250000 250000 250000 ]
[ 249999 249999 249999 249999 249999 250000 250000 250000 250000 250000 ]
[ 249999 249999 249999 249999 249999 249999 250000 250000 250000 250000 ]
[ 249999 249999 249999 249999 249999 249999 249999 250000 250000 250000 ]
[ 249999 249999 249999 249999 249999 249999 249999 249999 250000 250000 ]
[ 249999 249999 249999 249999 249999 249999 249999 249999 249999 250000 ]
[ 249999 249999 249999 249999 249999 249999 249999 249999 249999 249999 ]
[ 249998 249999 249999 249999 249999 249999 249999 249999 249999 249999 ]
[ 249998 249998 249999 249999 249999 249999 249999 249999 249999 249999 ]
[ 249998 249998 249998 249999 249999 249999 249999 249999 249999 249999 ]
[ 249998 249998 249998 249998 249999 249999 249999 249999 249999 249999 ]
[ 249998 249998 249998 249998 249998 249999 249999 249999 249999 249999 ]
[ 249998 249998 249998 249998 249998 249998 249999 249999 249999 249999 ]
[ 249998 249998 249998 249998 249998 249998 249998 249999 249999 249999 ]
[ 249998 249998 249998 249998 249998 249998 249998 249998 249999 249999 ]
[ 249998 249998 249998 249998 249998 249998 249998 249998 249998 249999 ]

Running merge sort algorithm: 
Timer (generate): 105ms real	60ms user	30ms sys
[ 250000 250000 250000 250000 250000 250000 250000 250000 250000 250000 ]
[ 249999 250000 250000 250000 250000 250000 250000 250000 250000 250000 ]
[ 249999 249999 250000 250000 250000 250000 250000 250000 250000 250000 ]
[ 249999 249999 249999 250000 250000 250000 250000 250000 250000 250000 ]
[ 249999 249999 249999 249999 250000 250000 250000 250000 250000 250000 ]
[ 249999 249999 249999 249999 249999 250000 250000 250000 250000 250000 ]
[ 249999 249999 249999 249999 249999 249999 250000 250000 250000 250000 ]
[ 249999 249999 249999 249999 249999 249999 249999 250000 250000 250000 ]
[ 249999 249999 249999 249999 249999 249999 249999 249999 250000 250000 ]
[ 249999 249999 249999 249999 249999 249999 249999 249999 249999 250000 ]
[ 249999 249999 249999 249999 249999 249999 249999 249999 249999 249999 ]
[ 249998 249999 249999 249999 249999 249999 249999 249999 249999 249999 ]
[ 249998 249998 249999 249999 249999 249999 249999 249999 249999 249999 ]
[ 249998 249998 249998 249999 249999 249999 249999 249999 249999 249999 ]
[ 249998 249998 249998 249998 249999 249999 249999 249999 249999 249999 ]
[ 249998 249998 249998 249998 249998 249999 249999 249999 249999 249999 ]
[ 249998 249998 249998 249998 249998 249998 249999 249999 249999 249999 ]
[ 249998 249998 249998 249998 249998 249998 249998 249999 249999 249999 ]
[ 249998 249998 249998 249998 249998 249998 249998 249998 249999 249999 ]
[ 249998 249998 249998 249998 249998 249998 249998 249998 249998 249999 ]

Running merge sort algorithm: 
Timer (generate): 108ms real	80ms user	10ms sys
[ 250000 250000 250000 250000 250000 250000 250000 250000 250000 250000 ]
[ 249999 250000 250000 250000 250000 250000 250000 250000 250000 250000 ]
[ 249999 249999 250000 250000 250000 250000 250000 250000 250000 250000 ]
[ 249999 249999 249999 250000 250000 250000 250000 250000 250000 250000 ]
[ 249999 249999 249999 249999 250000 250000 250000 250000 250000 250000 ]
[ 249999 249999 249999 249999 249999 250000 250000 250000 250000 250000 ]
[ 249999 249999 249999 249999 249999 249999 250000 250000 250000 250000 ]
[ 249999 249999 249999 249999 249999 249999 249999 250000 250000 250000 ]
[ 249999 249999 249999 249999 249999 249999 249999 249999 250000 250000 ]
[ 249999 249999 249999 249999 249999 249999 249999 249999 249999 250000 ]
[ 249999 249999 249999 249999 249999 249999 249999 249999 249999 249999 ]
[ 249998 249999 249999 249999 249999 249999 249999 249999 249999 249999 ]
[ 249998 249998 249999 249999 249999 249999 249999 249999 249999 249999 ]
[ 249998 249998 249998 249999 249999 249999 249999 249999 249999 249999 ]
[ 249998 249998 249998 249998 249999 249999 249999 249999 249999 249999 ]
[ 249998 249998 249998 249998 249998 249999 249999 249999 249999 249999 ]
[ 249998 249998 249998 249998 249998 249998 249999 249999 249999 249999 ]
[ 249998 249998 249998 249998 249998 249998 249998 249999 249999 249999 ]
[ 249998 249998 249998 249998 249998 249998 249998 249998 249999 249999 ]
[ 249998 249998 249998 249998 249998 249998 249998 249998 249998 249999 ]

Running merge sort algorithm: 
Timer (generate): 100ms real	70ms user	30ms sys
[ 250000 250000 250000 250000 250000 250000 250000 250000 250000 250000 ]
[ 249999 250000 250000 250000 250000 250000 250000 250000 250000 250000 ]
[ 249999 249999 250000 250000 250000 250000 250000 250000 250000 250000 ]
[ 249999 249999 249999 250000 250000 250000 250000 250000 250000 250000 ]
[ 249999 249999 249999 249999 250000 250000 250000 250000 250000 250000 ]
[ 249999 249999 249999 249999 249999 250000 250000 250000 250000 250000 ]
[ 249999 249999 249999 249999 249999 249999 250000 250000 250000 250000 ]
[ 249999 249999 249999 249999 249999 249999 249999 250000 250000 250000 ]
[ 249999 249999 249999 249999 249999 249999 249999 249999 250000 250000 ]
[ 249999 249999 249999 249999 249999 249999 249999 249999 249999 250000 ]
[ 249999 249999 249999 249999 249999 249999 249999 249999 249999 249999 ]
[ 249998 249999 249999 249999 249999 249999 249999 249999 249999 249999 ]
[ 249998 249998 249999 249999 249999 249999 249999 249999 249999 249999 ]
[ 249998 249998 249998 249999 249999 249999 249999 249999 249999 249999 ]
[ 249998 249998 249998 249998 249999 249999 249999 249999 249999 249999 ]
[ 249998 249998 249998 249998 249998 249999 249999 249999 249999 249999 ]
[ 249998 249998 249998 249998 249998 249998 249999 249999 249999 249999 ]
[ 249998 249998 249998 249998 249998 249998 249998 249999 249999 249999 ]
[ 249998 249998 249998 249998 249998 249998 249998 249998 249999 249999 ]
[ 249998 249998 249998 249998 249998 249998 249998 249998 249998 249999 ]

Running merge sort algorithm: 
Timer (generate): 107ms real	80ms user	10ms sys
[ 250000 250000 250000 250000 250000 250000 250000 250000 250000 250000 ]
[ 249999 250000 250000 250000 250000 250000 250000 250000 250000 250000 ]
[ 249999 249999 250000 250000 250000 250000 250000 250000 250000 250000 ]
[ 249999 249999 249999 250000 250000 250000 250000 250000 250000 250000 ]
[ 249999 249999 249999 249999 250000 250000 250000 250000 250000 250000 ]
[ 249999 249999 249999 249999 249999 250000 250000 250000 250000 250000 ]
[ 249999 249999 249999 249999 249999 249999 250000 250000 250000 250000 ]
[ 249999 249999 249999 249999 249999 249999 249999 250000 250000 250000 ]
[ 249999 249999 249999 249999 249999 249999 249999 249999 250000 250000 ]
[ 249999 249999 249999 249999 249999 249999 249999 249999 249999 250000 ]
[ 249999 249999 249999 249999 249999 249999 249999 249999 249999 249999 ]
[ 249998 249999 249999 249999 249999 249999 249999 249999 249999 249999 ]
[ 249998 249998 249999 249999 249999 249999 249999 249999 249999 249999 ]
[ 249998 249998 249998 249999 249999 249999 249999 249999 249999 249999 ]
[ 249998 249998 249998 249998 249999 249999 249999 249999 249999 249999 ]
[ 249998 249998 249998 249998 249998 249999 249999 249999 249999 249999 ]
[ 249998 249998 249998 249998 249998 249998 249999 249999 249999 249999 ]
[ 249998 249998 249998 249998 249998 249998 249998 249999 249999 249999 ]
[ 249998 249998 249998 249998 249998 249998 249998 249998 249999 249999 ]
[ 249998 249998 249998 249998 249998 249998 249998 249998 249998 249999 ]

Running merge sort algorithm: 
