Timer (generate): 8ms real	0ms user	0ms sys
[ 4000 4000 4000 4000 4000 4000 4000 4000 4000 4000 4000 4000 4000 4000 4000 4000 4000 4000 4000 4000 4000 4000 4000 4000 4000 ]
[ 3999 4000 4000 4000 4000 4000 4000 4000 4000 4000 4000 4000 4000 4000 4000 4000 4000 4000 4000 4000 4000 4000 4000 4000 4000 ]
[ 3999 3999 4000 4000 4000 4000 4000 4000 4000 4000 4000 4000 4000 4000 4000 4000 4000 4000 4000 4000 4000 4000 4000 4000 4000 ]
[ 3999 3999 3999 4000 4000 4000 4000 4000 4000 4000 4000 4000 4000 4000 4000 4000 4000 4000 4000 4000 4000 4000 4000 4000 4000 ]
[ 3999 3999 3999 3999 4000 4000 4000 4000 4000 4000 4000 4000 4000 4000 4000 4000 4000 4000 4000 4000 4000 4000 4000 4000 4000 ]
[ 3999 3999 3999 3999 3999 4000 4000 4000 4000 4000 4000 4000 4000 4000 4000 4000 4000 4000 4000 4000 4000 4000 4000 4000 4000 ]
[ 3999 3999 3999 3999 3999 3999 4000 4000 4000 4000 4000 4000 4000 4000 4000 4000 4000 4000 4000 4000 4000 4000 4000 4000 4000 ]
[ 3999 3999 3999 3999 3999 3999 3999 4000 4000 4000 4000 4000 4000 4000 4000 4000 4000 4000 4000 4000 4000 4000 4000 4000 4000 ]
[ 3999 3999 3999 3999 3999 3999 3999 3999 4000 4000 4000 4000 4000 4000 4000 4000 4000 4000 4000 4000 4000 4000 4000 4000 4000 ]
[ 3999 3999 3999 3999 3999 3999 3999 3999 3999 4000 4000 4000 4000 4000 4000 4000 4000 4000 4000 4000 4000 4000 4000 4000 4000 ]
[ 3999 3999 3999 3999 3999 3999 3999 3999 3999 3999 4000 4000 4000 4000 4000 4000 4000 4000 4000 4000 4000 4000 4000 4000 4000 ]
[ 3999 3999 3999 3999 3999 3999 3999 3999 3999 3999 3999 4000 4000 4000 4000 4000 4000 4000 4000 4000 4000 4000 4000 4000 4000 ]
[ 3999 3999 3999 3999 3999 3999 3999 3999 3999 3999 3999 3999 4000 4000 4000 4000 4000 4000 4000 4000 4000 4000 4000 4000 4000 ]
[ 3999 3999 3999 3999 3999 3999 3999 3999 3999 3999 3999 3999 3999 4000 4000 4000 4000 4000 4000 4000 4000 4000 4000 4000 4000 ]
[ 3999 3999 3999 3999 3999 3999 3999 3999 3999 3999 3999 3999 3999 3999 4000 4000 4000 4000 4000 4000 4000 4000 4000 4000 4000 ]
[ 3999 3999 3999 3999 3999 3999 3999 3999 3999 3999 3999 3999 3999 3999 3999 4000 4000 4000 4000 4000 4000 4000 4000 4000 4000 ]
[ 3999 3999 3999 3999 3999 3999 3999 3999 3999 3999 3999 3999 3999 3999 3999 3999 4000 4000 4000 4000 4000 4000 4000 4000 4000 ]
[ 3999 3999 3999 3999 3999 3999 3999 3999 3999 3999 3999 3999 3999 3999 3999 3999 3999 4000 4000 4000 4000 4000 4000 4000 4000 ]
[ 3999 3999 3999 3999 3999 3999 3999 3999 3999 3999 3999 3999 3999 3999 3999 3999 3999 3999 4000 4000 4000 4000 4000 4000 4000 ]
[ 3999 3999 3999 3999 3999 3999 3999 3999 3999 3999 3999 3999 3999 3999 3999 3999 3999 3999 3999 4000 4000 4000 4000 4000 4000 ]

Running merge sort algorithm: 
Timer (sort): 26ms real	10ms user	10ms sys
The output is sorted!
[ 0 0 0 0 0 0 0 0 0 0 0 0 0 0 0 0 0 0 0 0 0 0 0 0 1 ]
[ 0 0 0 0 0 0 0 0 0 0 0 0 0 0 0 0 0 0 0 0 0 0 0 1 1 ]
[ 0 0 0 0 0 0 0 0 0 0 0 0 0 0 0 0 0 0 0 0 0 0 1 1 1 ]
[ 0 0 0 0 0 0 0 0 0 0 0 0 0 0 0 0 0 0 0 0 0 1 1 1 1 ]
[ 0 0 0 0 0 0 0 0 0 0 0 0 0 0 0 0 0 0 0 0 1 1 1 1 1 ]
[ 0 0 0 0 0 0 0 0 0 0 0 0 0 0 0 0 0 0 0 1 1 1 1 1 1 ]
[ 0 0 0 0 0 0 0 0 0 0 0 0 0 0 0 0 0 0 1 1 1 1 1 1 1 ]
[ 0 0 0 0 0 0 0 0 0 0 0 0 0 0 0 0 0 1 1 1 1 1 1 1 1 ]
[ 0 0 0 0 0 0 0 0 0 0 0 0 0 0 0 0 1 1 1 1 1 1 1 1 1 ]
[ 0 0 0 0 0 0 0 0 0 0 0 0 0 0 0 1 1 1 1 1 1 1 1 1 1 ]
[ 0 0 0 0 0 0 0 0 0 0 0 0 0 0 1 1 1 1 1 1 1 1 1 1 1 ]
[ 0 0 0 0 0 0 0 0 0 0 0 0 0 1 1 1 1 1 1 1 1 1 1 1 1 ]
[ 0 0 0 0 0 0 0 0 0 0 0 0 1 1 1 1 1 1 1 1 1 1 1 1 1 ]
[ 0 0 0 0 0 0 0 0 0 0 0 1 1 1 1 1 1 1 1 1 1 1 1 1 1 ]
[ 0 0 0 0 0 0 0 0 0 0 1 1 1 1 1 1 1 1 1 1 1 1 1 1 1 ]
[ 0 0 0 0 0 0 0 0 0 1 1 1 1 1 1 1 1 1 1 1 1 1 1 1 1 ]
[ 0 0 0 0 0 0 0 0 1 1 1 1 1 1 1 1 1 1 1 1 1 1 1 1 1 ]
[ 0 0 0 0 0 0 0 1 1 1 1 1 1 1 1 1 1 1 1 1 1 1 1 1 1 ]
[ 0 0 0 0 0 0 1 1 1 1 1 1 1 1 1 1 1 1 1 1 1 1 1 1 1 ]
[ 0 0 0 0 0 1 1 1 1 1 1 1 1 1 1 1 1 1 1 1 1 1 1 1 1 ]

Timer (generate): 9ms real	0ms user	0ms sys
[ 4000 4000 4000 4000 4000 4000 4000 4000 4000 4000 4000 4000 4000 4000 4000 4000 4000 4000 4000 4000 4000 4000 4000 4000 4000 ]
[ 3999 4000 4000 4000 4000 4000 4000 4000 4000 4000 4000 4000 4000 4000 4000 4000 4000 4000 4000 4000 4000 4000 4000 4000 4000 ]
[ 3999 3999 4000 4000 4000 4000 4000 4000 4000 4000 4000 4000 4000 4000 4000 4000 4000 4000 4000 4000 4000 4000 4000 4000 4000 ]
[ 3999 3999 3999 4000 4000 4000 4000 4000 4000 4000 4000 4000 4000 4000 4000 4000 4000 4000 4000 4000 4000 4000 4000 4000 4000 ]
[ 3999 3999 3999 3999 4000 4000 4000 4000 4000 4000 4000 4000 4000 4000 4000 4000 4000 4000 4000 4000 4000 4000 4000 4000 4000 ]
[ 3999 3999 3999 3999 3999 4000 4000 4000 4000 4000 4000 4000 4000 4000 4000 4000 4000 4000 4000 4000 4000 4000 4000 4000 4000 ]
[ 3999 3999 3999 3999 3999 3999 4000 4000 4000 4000 4000 4000 4000 4000 4000 4000 4000 4000 4000 4000 4000 4000 4000 4000 4000 ]
[ 3999 3999 3999 3999 3999 3999 3999 4000 4000 4000 4000 4000 4000 4000 4000 4000 4000 4000 4000 4000 4000 4000 4000 4000 4000 ]
[ 3999 3999 3999 3999 3999 3999 3999 3999 4000 4000 4000 4000 4000 4000 4000 4000 4000 4000 4000 4000 4000 4000 4000 4000 4000 ]
[ 3999 3999 3999 3999 3999 3999 3999 3999 3999 4000 4000 4000 4000 4000 4000 4000 4000 4000 4000 4000 4000 4000 4000 4000 4000 ]
[ 3999 3999 3999 3999 3999 3999 3999 3999 3999 3999 4000 4000 4000 4000 4000 4000 4000 4000 4000 4000 4000 4000 4000 4000 4000 ]
[ 3999 3999 3999 3999 3999 3999 3999 3999 3999 3999 3999 4000 4000 4000 4000 4000 4000 4000 4000 4000 4000 4000 4000 4000 4000 ]
[ 3999 3999 3999 3999 3999 3999 3999 3999 3999 3999 3999 3999 4000 4000 4000 4000 4000 4000 4000 4000 4000 4000 4000 4000 4000 ]
[ 3999 3999 3999 3999 3999 3999 3999 3999 3999 3999 3999 3999 3999 4000 4000 4000 4000 4000 4000 4000 4000 4000 4000 4000 4000 ]
[ 3999 3999 3999 3999 3999 3999 3999 3999 3999 3999 3999 3999 3999 3999 4000 4000 4000 4000 4000 4000 4000 4000 4000 4000 4000 ]
[ 3999 3999 3999 3999 3999 3999 3999 3999 3999 3999 3999 3999 3999 3999 3999 4000 4000 4000 4000 4000 4000 4000 4000 4000 4000 ]
[ 3999 3999 3999 3999 3999 3999 3999 3999 3999 3999 3999 3999 3999 3999 3999 3999 4000 4000 4000 4000 4000 4000 4000 4000 4000 ]
[ 3999 3999 3999 3999 3999 3999 3999 3999 3999 3999 3999 3999 3999 3999 3999 3999 3999 4000 4000 4000 4000 4000 4000 4000 4000 ]
[ 3999 3999 3999 3999 3999 3999 3999 3999 3999 3999 3999 3999 3999 3999 3999 3999 3999 3999 4000 4000 4000 4000 4000 4000 4000 ]
[ 3999 3999 3999 3999 3999 3999 3999 3999 3999 3999 3999 3999 3999 3999 3999 3999 3999 3999 3999 4000 4000 4000 4000 4000 4000 ]

Running merge sort algorithm: 
Timer (sort): 18ms real	0ms user	0ms sys
The output is sorted!
[ 0 0 0 0 0 0 0 0 0 0 0 0 0 0 0 0 0 0 0 0 0 0 0 0 1 ]
[ 0 0 0 0 0 0 0 0 0 0 0 0 0 0 0 0 0 0 0 0 0 0 0 1 1 ]
[ 0 0 0 0 0 0 0 0 0 0 0 0 0 0 0 0 0 0 0 0 0 0 1 1 1 ]
[ 0 0 0 0 0 0 0 0 0 0 0 0 0 0 0 0 0 0 0 0 0 1 1 1 1 ]
[ 0 0 0 0 0 0 0 0 0 0 0 0 0 0 0 0 0 0 0 0 1 1 1 1 1 ]
[ 0 0 0 0 0 0 0 0 0 0 0 0 0 0 0 0 0 0 0 1 1 1 1 1 1 ]
[ 0 0 0 0 0 0 0 0 0 0 0 0 0 0 0 0 0 0 1 1 1 1 1 1 1 ]
[ 0 0 0 0 0 0 0 0 0 0 0 0 0 0 0 0 0 1 1 1 1 1 1 1 1 ]
[ 0 0 0 0 0 0 0 0 0 0 0 0 0 0 0 0 1 1 1 1 1 1 1 1 1 ]
[ 0 0 0 0 0 0 0 0 0 0 0 0 0 0 0 1 1 1 1 1 1 1 1 1 1 ]
[ 0 0 0 0 0 0 0 0 0 0 0 0 0 0 1 1 1 1 1 1 1 1 1 1 1 ]
[ 0 0 0 0 0 0 0 0 0 0 0 0 0 1 1 1 1 1 1 1 1 1 1 1 1 ]
[ 0 0 0 0 0 0 0 0 0 0 0 0 1 1 1 1 1 1 1 1 1 1 1 1 1 ]
[ 0 0 0 0 0 0 0 0 0 0 0 1 1 1 1 1 1 1 1 1 1 1 1 1 1 ]
[ 0 0 0 0 0 0 0 0 0 0 1 1 1 1 1 1 1 1 1 1 1 1 1 1 1 ]
[ 0 0 0 0 0 0 0 0 0 1 1 1 1 1 1 1 1 1 1 1 1 1 1 1 1 ]
[ 0 0 0 0 0 0 0 0 1 1 1 1 1 1 1 1 1 1 1 1 1 1 1 1 1 ]
[ 0 0 0 0 0 0 0 1 1 1 1 1 1 1 1 1 1 1 1 1 1 1 1 1 1 ]
[ 0 0 0 0 0 0 1 1 1 1 1 1 1 1 1 1 1 1 1 1 1 1 1 1 1 ]
[ 0 0 0 0 0 1 1 1 1 1 1 1 1 1 1 1 1 1 1 1 1 1 1 1 1 ]

Timer (generate): 8ms real	0ms user	0ms sys
[ 4000 4000 4000 4000 4000 4000 4000 4000 4000 4000 4000 4000 4000 4000 4000 4000 4000 4000 4000 4000 4000 4000 4000 4000 4000 ]
[ 3999 4000 4000 4000 4000 4000 4000 4000 4000 4000 4000 4000 4000 4000 4000 4000 4000 4000 4000 4000 4000 4000 4000 4000 4000 ]
[ 3999 3999 4000 4000 4000 4000 4000 4000 4000 4000 4000 4000 4000 4000 4000 4000 4000 4000 4000 4000 4000 4000 4000 4000 4000 ]
[ 3999 3999 3999 4000 4000 4000 4000 4000 4000 4000 4000 4000 4000 4000 4000 4000 4000 4000 4000 4000 4000 4000 4000 4000 4000 ]
[ 3999 3999 3999 3999 4000 4000 4000 4000 4000 4000 4000 4000 4000 4000 4000 4000 4000 4000 4000 4000 4000 4000 4000 4000 4000 ]
[ 3999 3999 3999 3999 3999 4000 4000 4000 4000 4000 4000 4000 4000 4000 4000 4000 4000 4000 4000 4000 4000 4000 4000 4000 4000 ]
[ 3999 3999 3999 3999 3999 3999 4000 4000 4000 4000 4000 4000 4000 4000 4000 4000 4000 4000 4000 4000 4000 4000 4000 4000 4000 ]
[ 3999 3999 3999 3999 3999 3999 3999 4000 4000 4000 4000 4000 4000 4000 4000 4000 4000 4000 4000 4000 4000 4000 4000 4000 4000 ]
[ 3999 3999 3999 3999 3999 3999 3999 3999 4000 4000 4000 4000 4000 4000 4000 4000 4000 4000 4000 4000 4000 4000 4000 4000 4000 ]
[ 3999 3999 3999 3999 3999 3999 3999 3999 3999 4000 4000 4000 4000 4000 4000 4000 4000 4000 4000 4000 4000 4000 4000 4000 4000 ]
[ 3999 3999 3999 3999 3999 3999 3999 3999 3999 3999 4000 4000 4000 4000 4000 4000 4000 4000 4000 4000 4000 4000 4000 4000 4000 ]
[ 3999 3999 3999 3999 3999 3999 3999 3999 3999 3999 3999 4000 4000 4000 4000 4000 4000 4000 4000 4000 4000 4000 4000 4000 4000 ]
[ 3999 3999 3999 3999 3999 3999 3999 3999 3999 3999 3999 3999 4000 4000 4000 4000 4000 4000 4000 4000 4000 4000 4000 4000 4000 ]
[ 3999 3999 3999 3999 3999 3999 3999 3999 3999 3999 3999 3999 3999 4000 4000 4000 4000 4000 4000 4000 4000 4000 4000 4000 4000 ]
[ 3999 3999 3999 3999 3999 3999 3999 3999 3999 3999 3999 3999 3999 3999 4000 4000 4000 4000 4000 4000 4000 4000 4000 4000 4000 ]
[ 3999 3999 3999 3999 3999 3999 3999 3999 3999 3999 3999 3999 3999 3999 3999 4000 4000 4000 4000 4000 4000 4000 4000 4000 4000 ]
[ 3999 3999 3999 3999 3999 3999 3999 3999 3999 3999 3999 3999 3999 3999 3999 3999 4000 4000 4000 4000 4000 4000 4000 4000 4000 ]
[ 3999 3999 3999 3999 3999 3999 3999 3999 3999 3999 3999 3999 3999 3999 3999 3999 3999 4000 4000 4000 4000 4000 4000 4000 4000 ]
[ 3999 3999 3999 3999 3999 3999 3999 3999 3999 3999 3999 3999 3999 3999 3999 3999 3999 3999 4000 4000 4000 4000 4000 4000 4000 ]
[ 3999 3999 3999 3999 3999 3999 3999 3999 3999 3999 3999 3999 3999 3999 3999 3999 3999 3999 3999 4000 4000 4000 4000 4000 4000 ]

Running merge sort algorithm: 
Timer (sort): 17ms real	20ms user	0ms sys
The output is sorted!
[ 0 0 0 0 0 0 0 0 0 0 0 0 0 0 0 0 0 0 0 0 0 0 0 0 1 ]
[ 0 0 0 0 0 0 0 0 0 0 0 0 0 0 0 0 0 0 0 0 0 0 0 1 1 ]
[ 0 0 0 0 0 0 0 0 0 0 0 0 0 0 0 0 0 0 0 0 0 0 1 1 1 ]
[ 0 0 0 0 0 0 0 0 0 0 0 0 0 0 0 0 0 0 0 0 0 1 1 1 1 ]
[ 0 0 0 0 0 0 0 0 0 0 0 0 0 0 0 0 0 0 0 0 1 1 1 1 1 ]
[ 0 0 0 0 0 0 0 0 0 0 0 0 0 0 0 0 0 0 0 1 1 1 1 1 1 ]
[ 0 0 0 0 0 0 0 0 0 0 0 0 0 0 0 0 0 0 1 1 1 1 1 1 1 ]
[ 0 0 0 0 0 0 0 0 0 0 0 0 0 0 0 0 0 1 1 1 1 1 1 1 1 ]
[ 0 0 0 0 0 0 0 0 0 0 0 0 0 0 0 0 1 1 1 1 1 1 1 1 1 ]
[ 0 0 0 0 0 0 0 0 0 0 0 0 0 0 0 1 1 1 1 1 1 1 1 1 1 ]
[ 0 0 0 0 0 0 0 0 0 0 0 0 0 0 1 1 1 1 1 1 1 1 1 1 1 ]
[ 0 0 0 0 0 0 0 0 0 0 0 0 0 1 1 1 1 1 1 1 1 1 1 1 1 ]
[ 0 0 0 0 0 0 0 0 0 0 0 0 1 1 1 1 1 1 1 1 1 1 1 1 1 ]
[ 0 0 0 0 0 0 0 0 0 0 0 1 1 1 1 1 1 1 1 1 1 1 1 1 1 ]
[ 0 0 0 0 0 0 0 0 0 0 1 1 1 1 1 1 1 1 1 1 1 1 1 1 1 ]
[ 0 0 0 0 0 0 0 0 0 1 1 1 1 1 1 1 1 1 1 1 1 1 1 1 1 ]
[ 0 0 0 0 0 0 0 0 1 1 1 1 1 1 1 1 1 1 1 1 1 1 1 1 1 ]
[ 0 0 0 0 0 0 0 1 1 1 1 1 1 1 1 1 1 1 1 1 1 1 1 1 1 ]
[ 0 0 0 0 0 0 1 1 1 1 1 1 1 1 1 1 1 1 1 1 1 1 1 1 1 ]
[ 0 0 0 0 0 1 1 1 1 1 1 1 1 1 1 1 1 1 1 1 1 1 1 1 1 ]

Timer (generate): 8ms real	0ms user	0ms sys
[ 4000 4000 4000 4000 4000 4000 4000 4000 4000 4000 4000 4000 4000 4000 4000 4000 4000 4000 4000 4000 4000 4000 4000 4000 4000 ]
[ 3999 4000 4000 4000 4000 4000 4000 4000 4000 4000 4000 4000 4000 4000 4000 4000 4000 4000 4000 4000 4000 4000 4000 4000 4000 ]
[ 3999 3999 4000 4000 4000 4000 4000 4000 4000 4000 4000 4000 4000 4000 4000 4000 4000 4000 4000 4000 4000 4000 4000 4000 4000 ]
[ 3999 3999 3999 4000 4000 4000 4000 4000 4000 4000 4000 4000 4000 4000 4000 4000 4000 4000 4000 4000 4000 4000 4000 4000 4000 ]
[ 3999 3999 3999 3999 4000 4000 4000 4000 4000 4000 4000 4000 4000 4000 4000 4000 4000 4000 4000 4000 4000 4000 4000 4000 4000 ]
[ 3999 3999 3999 3999 3999 4000 4000 4000 4000 4000 4000 4000 4000 4000 4000 4000 4000 4000 4000 4000 4000 4000 4000 4000 4000 ]
[ 3999 3999 3999 3999 3999 3999 4000 4000 4000 4000 4000 4000 4000 4000 4000 4000 4000 4000 4000 4000 4000 4000 4000 4000 4000 ]
[ 3999 3999 3999 3999 3999 3999 3999 4000 4000 4000 4000 4000 4000 4000 4000 4000 4000 4000 4000 4000 4000 4000 4000 4000 4000 ]
[ 3999 3999 3999 3999 3999 3999 3999 3999 4000 4000 4000 4000 4000 4000 4000 4000 4000 4000 4000 4000 4000 4000 4000 4000 4000 ]
[ 3999 3999 3999 3999 3999 3999 3999 3999 3999 4000 4000 4000 4000 4000 4000 4000 4000 4000 4000 4000 4000 4000 4000 4000 4000 ]
[ 3999 3999 3999 3999 3999 3999 3999 3999 3999 3999 4000 4000 4000 4000 4000 4000 4000 4000 4000 4000 4000 4000 4000 4000 4000 ]
[ 3999 3999 3999 3999 3999 3999 3999 3999 3999 3999 3999 4000 4000 4000 4000 4000 4000 4000 4000 4000 4000 4000 4000 4000 4000 ]
[ 3999 3999 3999 3999 3999 3999 3999 3999 3999 3999 3999 3999 4000 4000 4000 4000 4000 4000 4000 4000 4000 4000 4000 4000 4000 ]
[ 3999 3999 3999 3999 3999 3999 3999 3999 3999 3999 3999 3999 3999 4000 4000 4000 4000 4000 4000 4000 4000 4000 4000 4000 4000 ]
[ 3999 3999 3999 3999 3999 3999 3999 3999 3999 3999 3999 3999 3999 3999 4000 4000 4000 4000 4000 4000 4000 4000 4000 4000 4000 ]
[ 3999 3999 3999 3999 3999 3999 3999 3999 3999 3999 3999 3999 3999 3999 3999 4000 4000 4000 4000 4000 4000 4000 4000 4000 4000 ]
[ 3999 3999 3999 3999 3999 3999 3999 3999 3999 3999 3999 3999 3999 3999 3999 3999 4000 4000 4000 4000 4000 4000 4000 4000 4000 ]
[ 3999 3999 3999 3999 3999 3999 3999 3999 3999 3999 3999 3999 3999 3999 3999 3999 3999 4000 4000 4000 4000 4000 4000 4000 4000 ]
[ 3999 3999 3999 3999 3999 3999 3999 3999 3999 3999 3999 3999 3999 3999 3999 3999 3999 3999 4000 4000 4000 4000 4000 4000 4000 ]
[ 3999 3999 3999 3999 3999 3999 3999 3999 3999 3999 3999 3999 3999 3999 3999 3999 3999 3999 3999 4000 4000 4000 4000 4000 4000 ]

Running merge sort algorithm: 
Timer (sort): 19ms real	10ms user	0ms sys
The output is sorted!
[ 0 0 0 0 0 0 0 0 0 0 0 0 0 0 0 0 0 0 0 0 0 0 0 0 1 ]
[ 0 0 0 0 0 0 0 0 0 0 0 0 0 0 0 0 0 0 0 0 0 0 0 1 1 ]
[ 0 0 0 0 0 0 0 0 0 0 0 0 0 0 0 0 0 0 0 0 0 0 1 1 1 ]
[ 0 0 0 0 0 0 0 0 0 0 0 0 0 0 0 0 0 0 0 0 0 1 1 1 1 ]
[ 0 0 0 0 0 0 0 0 0 0 0 0 0 0 0 0 0 0 0 0 1 1 1 1 1 ]
[ 0 0 0 0 0 0 0 0 0 0 0 0 0 0 0 0 0 0 0 1 1 1 1 1 1 ]
[ 0 0 0 0 0 0 0 0 0 0 0 0 0 0 0 0 0 0 1 1 1 1 1 1 1 ]
[ 0 0 0 0 0 0 0 0 0 0 0 0 0 0 0 0 0 1 1 1 1 1 1 1 1 ]
[ 0 0 0 0 0 0 0 0 0 0 0 0 0 0 0 0 1 1 1 1 1 1 1 1 1 ]
[ 0 0 0 0 0 0 0 0 0 0 0 0 0 0 0 1 1 1 1 1 1 1 1 1 1 ]
[ 0 0 0 0 0 0 0 0 0 0 0 0 0 0 1 1 1 1 1 1 1 1 1 1 1 ]
[ 0 0 0 0 0 0 0 0 0 0 0 0 0 1 1 1 1 1 1 1 1 1 1 1 1 ]
[ 0 0 0 0 0 0 0 0 0 0 0 0 1 1 1 1 1 1 1 1 1 1 1 1 1 ]
[ 0 0 0 0 0 0 0 0 0 0 0 1 1 1 1 1 1 1 1 1 1 1 1 1 1 ]
[ 0 0 0 0 0 0 0 0 0 0 1 1 1 1 1 1 1 1 1 1 1 1 1 1 1 ]
[ 0 0 0 0 0 0 0 0 0 1 1 1 1 1 1 1 1 1 1 1 1 1 1 1 1 ]
[ 0 0 0 0 0 0 0 0 1 1 1 1 1 1 1 1 1 1 1 1 1 1 1 1 1 ]
[ 0 0 0 0 0 0 0 1 1 1 1 1 1 1 1 1 1 1 1 1 1 1 1 1 1 ]
[ 0 0 0 0 0 0 1 1 1 1 1 1 1 1 1 1 1 1 1 1 1 1 1 1 1 ]
[ 0 0 0 0 0 1 1 1 1 1 1 1 1 1 1 1 1 1 1 1 1 1 1 1 1 ]

Timer (generate): 7ms real	0ms user	0ms sys
[ 4000 4000 4000 4000 4000 4000 4000 4000 4000 4000 4000 4000 4000 4000 4000 4000 4000 4000 4000 4000 4000 4000 4000 4000 4000 ]
[ 3999 4000 4000 4000 4000 4000 4000 4000 4000 4000 4000 4000 4000 4000 4000 4000 4000 4000 4000 4000 4000 4000 4000 4000 4000 ]
[ 3999 3999 4000 4000 4000 4000 4000 4000 4000 4000 4000 4000 4000 4000 4000 4000 4000 4000 4000 4000 4000 4000 4000 4000 4000 ]
[ 3999 3999 3999 4000 4000 4000 4000 4000 4000 4000 4000 4000 4000 4000 4000 4000 4000 4000 4000 4000 4000 4000 4000 4000 4000 ]
[ 3999 3999 3999 3999 4000 4000 4000 4000 4000 4000 4000 4000 4000 4000 4000 4000 4000 4000 4000 4000 4000 4000 4000 4000 4000 ]
[ 3999 3999 3999 3999 3999 4000 4000 4000 4000 4000 4000 4000 4000 4000 4000 4000 4000 4000 4000 4000 4000 4000 4000 4000 4000 ]
[ 3999 3999 3999 3999 3999 3999 4000 4000 4000 4000 4000 4000 4000 4000 4000 4000 4000 4000 4000 4000 4000 4000 4000 4000 4000 ]
[ 3999 3999 3999 3999 3999 3999 3999 4000 4000 4000 4000 4000 4000 4000 4000 4000 4000 4000 4000 4000 4000 4000 4000 4000 4000 ]
[ 3999 3999 3999 3999 3999 3999 3999 3999 4000 4000 4000 4000 4000 4000 4000 4000 4000 4000 4000 4000 4000 4000 4000 4000 4000 ]
[ 3999 3999 3999 3999 3999 3999 3999 3999 3999 4000 4000 4000 4000 4000 4000 4000 4000 4000 4000 4000 4000 4000 4000 4000 4000 ]
[ 3999 3999 3999 3999 3999 3999 3999 3999 3999 3999 4000 4000 4000 4000 4000 4000 4000 4000 4000 4000 4000 4000 4000 4000 4000 ]
[ 3999 3999 3999 3999 3999 3999 3999 3999 3999 3999 3999 4000 4000 4000 4000 4000 4000 4000 4000 4000 4000 4000 4000 4000 4000 ]
[ 3999 3999 3999 3999 3999 3999 3999 3999 3999 3999 3999 3999 4000 4000 4000 4000 4000 4000 4000 4000 4000 4000 4000 4000 4000 ]
[ 3999 3999 3999 3999 3999 3999 3999 3999 3999 3999 3999 3999 3999 4000 4000 4000 4000 4000 4000 4000 4000 4000 4000 4000 4000 ]
[ 3999 3999 3999 3999 3999 3999 3999 3999 3999 3999 3999 3999 3999 3999 4000 4000 4000 4000 4000 4000 4000 4000 4000 4000 4000 ]
[ 3999 3999 3999 3999 3999 3999 3999 3999 3999 3999 3999 3999 3999 3999 3999 4000 4000 4000 4000 4000 4000 4000 4000 4000 4000 ]
[ 3999 3999 3999 3999 3999 3999 3999 3999 3999 3999 3999 3999 3999 3999 3999 3999 4000 4000 4000 4000 4000 4000 4000 4000 4000 ]
[ 3999 3999 3999 3999 3999 3999 3999 3999 3999 3999 3999 3999 3999 3999 3999 3999 3999 4000 4000 4000 4000 4000 4000 4000 4000 ]
[ 3999 3999 3999 3999 3999 3999 3999 3999 3999 3999 3999 3999 3999 3999 3999 3999 3999 3999 4000 4000 4000 4000 4000 4000 4000 ]
[ 3999 3999 3999 3999 3999 3999 3999 3999 3999 3999 3999 3999 3999 3999 3999 3999 3999 3999 3999 4000 4000 4000 4000 4000 4000 ]

Running merge sort algorithm: 
Timer (sort): 18ms real	10ms user	10ms sys
The output is sorted!
[ 0 0 0 0 0 0 0 0 0 0 0 0 0 0 0 0 0 0 0 0 0 0 0 0 1 ]
[ 0 0 0 0 0 0 0 0 0 0 0 0 0 0 0 0 0 0 0 0 0 0 0 1 1 ]
[ 0 0 0 0 0 0 0 0 0 0 0 0 0 0 0 0 0 0 0 0 0 0 1 1 1 ]
[ 0 0 0 0 0 0 0 0 0 0 0 0 0 0 0 0 0 0 0 0 0 1 1 1 1 ]
[ 0 0 0 0 0 0 0 0 0 0 0 0 0 0 0 0 0 0 0 0 1 1 1 1 1 ]
[ 0 0 0 0 0 0 0 0 0 0 0 0 0 0 0 0 0 0 0 1 1 1 1 1 1 ]
[ 0 0 0 0 0 0 0 0 0 0 0 0 0 0 0 0 0 0 1 1 1 1 1 1 1 ]
[ 0 0 0 0 0 0 0 0 0 0 0 0 0 0 0 0 0 1 1 1 1 1 1 1 1 ]
[ 0 0 0 0 0 0 0 0 0 0 0 0 0 0 0 0 1 1 1 1 1 1 1 1 1 ]
[ 0 0 0 0 0 0 0 0 0 0 0 0 0 0 0 1 1 1 1 1 1 1 1 1 1 ]
[ 0 0 0 0 0 0 0 0 0 0 0 0 0 0 1 1 1 1 1 1 1 1 1 1 1 ]
[ 0 0 0 0 0 0 0 0 0 0 0 0 0 1 1 1 1 1 1 1 1 1 1 1 1 ]
[ 0 0 0 0 0 0 0 0 0 0 0 0 1 1 1 1 1 1 1 1 1 1 1 1 1 ]
[ 0 0 0 0 0 0 0 0 0 0 0 1 1 1 1 1 1 1 1 1 1 1 1 1 1 ]
[ 0 0 0 0 0 0 0 0 0 0 1 1 1 1 1 1 1 1 1 1 1 1 1 1 1 ]
[ 0 0 0 0 0 0 0 0 0 1 1 1 1 1 1 1 1 1 1 1 1 1 1 1 1 ]
[ 0 0 0 0 0 0 0 0 1 1 1 1 1 1 1 1 1 1 1 1 1 1 1 1 1 ]
[ 0 0 0 0 0 0 0 1 1 1 1 1 1 1 1 1 1 1 1 1 1 1 1 1 1 ]
[ 0 0 0 0 0 0 1 1 1 1 1 1 1 1 1 1 1 1 1 1 1 1 1 1 1 ]
[ 0 0 0 0 0 1 1 1 1 1 1 1 1 1 1 1 1 1 1 1 1 1 1 1 1 ]

Timer (generate): 8ms real	0ms user	0ms sys
[ 4000 4000 4000 4000 4000 4000 4000 4000 4000 4000 4000 4000 4000 4000 4000 4000 4000 4000 4000 4000 4000 4000 4000 4000 4000 ]
[ 3999 4000 4000 4000 4000 4000 4000 4000 4000 4000 4000 4000 4000 4000 4000 4000 4000 4000 4000 4000 4000 4000 4000 4000 4000 ]
[ 3999 3999 4000 4000 4000 4000 4000 4000 4000 4000 4000 4000 4000 4000 4000 4000 4000 4000 4000 4000 4000 4000 4000 4000 4000 ]
[ 3999 3999 3999 4000 4000 4000 4000 4000 4000 4000 4000 4000 4000 4000 4000 4000 4000 4000 4000 4000 4000 4000 4000 4000 4000 ]
[ 3999 3999 3999 3999 4000 4000 4000 4000 4000 4000 4000 4000 4000 4000 4000 4000 4000 4000 4000 4000 4000 4000 4000 4000 4000 ]
[ 3999 3999 3999 3999 3999 4000 4000 4000 4000 4000 4000 4000 4000 4000 4000 4000 4000 4000 4000 4000 4000 4000 4000 4000 4000 ]
[ 3999 3999 3999 3999 3999 3999 4000 4000 4000 4000 4000 4000 4000 4000 4000 4000 4000 4000 4000 4000 4000 4000 4000 4000 4000 ]
[ 3999 3999 3999 3999 3999 3999 3999 4000 4000 4000 4000 4000 4000 4000 4000 4000 4000 4000 4000 4000 4000 4000 4000 4000 4000 ]
[ 3999 3999 3999 3999 3999 3999 3999 3999 4000 4000 4000 4000 4000 4000 4000 4000 4000 4000 4000 4000 4000 4000 4000 4000 4000 ]
[ 3999 3999 3999 3999 3999 3999 3999 3999 3999 4000 4000 4000 4000 4000 4000 4000 4000 4000 4000 4000 4000 4000 4000 4000 4000 ]
[ 3999 3999 3999 3999 3999 3999 3999 3999 3999 3999 4000 4000 4000 4000 4000 4000 4000 4000 4000 4000 4000 4000 4000 4000 4000 ]
[ 3999 3999 3999 3999 3999 3999 3999 3999 3999 3999 3999 4000 4000 4000 4000 4000 4000 4000 4000 4000 4000 4000 4000 4000 4000 ]
[ 3999 3999 3999 3999 3999 3999 3999 3999 3999 3999 3999 3999 4000 4000 4000 4000 4000 4000 4000 4000 4000 4000 4000 4000 4000 ]
[ 3999 3999 3999 3999 3999 3999 3999 3999 3999 3999 3999 3999 3999 4000 4000 4000 4000 4000 4000 4000 4000 4000 4000 4000 4000 ]
[ 3999 3999 3999 3999 3999 3999 3999 3999 3999 3999 3999 3999 3999 3999 4000 4000 4000 4000 4000 4000 4000 4000 4000 4000 4000 ]
[ 3999 3999 3999 3999 3999 3999 3999 3999 3999 3999 3999 3999 3999 3999 3999 4000 4000 4000 4000 4000 4000 4000 4000 4000 4000 ]
[ 3999 3999 3999 3999 3999 3999 3999 3999 3999 3999 3999 3999 3999 3999 3999 3999 4000 4000 4000 4000 4000 4000 4000 4000 4000 ]
[ 3999 3999 3999 3999 3999 3999 3999 3999 3999 3999 3999 3999 3999 3999 3999 3999 3999 4000 4000 4000 4000 4000 4000 4000 4000 ]
[ 3999 3999 3999 3999 3999 3999 3999 3999 3999 3999 3999 3999 3999 3999 3999 3999 3999 3999 4000 4000 4000 4000 4000 4000 4000 ]
[ 3999 3999 3999 3999 3999 3999 3999 3999 3999 3999 3999 3999 3999 3999 3999 3999 3999 3999 3999 4000 4000 4000 4000 4000 4000 ]

Running merge sort algorithm: 
Timer (sort): 18ms real	20ms user	0ms sys
The output is sorted!
[ 0 0 0 0 0 0 0 0 0 0 0 0 0 0 0 0 0 0 0 0 0 0 0 0 1 ]
[ 0 0 0 0 0 0 0 0 0 0 0 0 0 0 0 0 0 0 0 0 0 0 0 1 1 ]
[ 0 0 0 0 0 0 0 0 0 0 0 0 0 0 0 0 0 0 0 0 0 0 1 1 1 ]
[ 0 0 0 0 0 0 0 0 0 0 0 0 0 0 0 0 0 0 0 0 0 1 1 1 1 ]
[ 0 0 0 0 0 0 0 0 0 0 0 0 0 0 0 0 0 0 0 0 1 1 1 1 1 ]
[ 0 0 0 0 0 0 0 0 0 0 0 0 0 0 0 0 0 0 0 1 1 1 1 1 1 ]
[ 0 0 0 0 0 0 0 0 0 0 0 0 0 0 0 0 0 0 1 1 1 1 1 1 1 ]
[ 0 0 0 0 0 0 0 0 0 0 0 0 0 0 0 0 0 1 1 1 1 1 1 1 1 ]
[ 0 0 0 0 0 0 0 0 0 0 0 0 0 0 0 0 1 1 1 1 1 1 1 1 1 ]
[ 0 0 0 0 0 0 0 0 0 0 0 0 0 0 0 1 1 1 1 1 1 1 1 1 1 ]
[ 0 0 0 0 0 0 0 0 0 0 0 0 0 0 1 1 1 1 1 1 1 1 1 1 1 ]
[ 0 0 0 0 0 0 0 0 0 0 0 0 0 1 1 1 1 1 1 1 1 1 1 1 1 ]
[ 0 0 0 0 0 0 0 0 0 0 0 0 1 1 1 1 1 1 1 1 1 1 1 1 1 ]
[ 0 0 0 0 0 0 0 0 0 0 0 1 1 1 1 1 1 1 1 1 1 1 1 1 1 ]
[ 0 0 0 0 0 0 0 0 0 0 1 1 1 1 1 1 1 1 1 1 1 1 1 1 1 ]
[ 0 0 0 0 0 0 0 0 0 1 1 1 1 1 1 1 1 1 1 1 1 1 1 1 1 ]
[ 0 0 0 0 0 0 0 0 1 1 1 1 1 1 1 1 1 1 1 1 1 1 1 1 1 ]
[ 0 0 0 0 0 0 0 1 1 1 1 1 1 1 1 1 1 1 1 1 1 1 1 1 1 ]
[ 0 0 0 0 0 0 1 1 1 1 1 1 1 1 1 1 1 1 1 1 1 1 1 1 1 ]
[ 0 0 0 0 0 1 1 1 1 1 1 1 1 1 1 1 1 1 1 1 1 1 1 1 1 ]

Timer (generate): 8ms real	0ms user	0ms sys
[ 4000 4000 4000 4000 4000 4000 4000 4000 4000 4000 4000 4000 4000 4000 4000 4000 4000 4000 4000 4000 4000 4000 4000 4000 4000 ]
[ 3999 4000 4000 4000 4000 4000 4000 4000 4000 4000 4000 4000 4000 4000 4000 4000 4000 4000 4000 4000 4000 4000 4000 4000 4000 ]
[ 3999 3999 4000 4000 4000 4000 4000 4000 4000 4000 4000 4000 4000 4000 4000 4000 4000 4000 4000 4000 4000 4000 4000 4000 4000 ]
[ 3999 3999 3999 4000 4000 4000 4000 4000 4000 4000 4000 4000 4000 4000 4000 4000 4000 4000 4000 4000 4000 4000 4000 4000 4000 ]
[ 3999 3999 3999 3999 4000 4000 4000 4000 4000 4000 4000 4000 4000 4000 4000 4000 4000 4000 4000 4000 4000 4000 4000 4000 4000 ]
[ 3999 3999 3999 3999 3999 4000 4000 4000 4000 4000 4000 4000 4000 4000 4000 4000 4000 4000 4000 4000 4000 4000 4000 4000 4000 ]
[ 3999 3999 3999 3999 3999 3999 4000 4000 4000 4000 4000 4000 4000 4000 4000 4000 4000 4000 4000 4000 4000 4000 4000 4000 4000 ]
[ 3999 3999 3999 3999 3999 3999 3999 4000 4000 4000 4000 4000 4000 4000 4000 4000 4000 4000 4000 4000 4000 4000 4000 4000 4000 ]
[ 3999 3999 3999 3999 3999 3999 3999 3999 4000 4000 4000 4000 4000 4000 4000 4000 4000 4000 4000 4000 4000 4000 4000 4000 4000 ]
[ 3999 3999 3999 3999 3999 3999 3999 3999 3999 4000 4000 4000 4000 4000 4000 4000 4000 4000 4000 4000 4000 4000 4000 4000 4000 ]
[ 3999 3999 3999 3999 3999 3999 3999 3999 3999 3999 4000 4000 4000 4000 4000 4000 4000 4000 4000 4000 4000 4000 4000 4000 4000 ]
[ 3999 3999 3999 3999 3999 3999 3999 3999 3999 3999 3999 4000 4000 4000 4000 4000 4000 4000 4000 4000 4000 4000 4000 4000 4000 ]
[ 3999 3999 3999 3999 3999 3999 3999 3999 3999 3999 3999 3999 4000 4000 4000 4000 4000 4000 4000 4000 4000 4000 4000 4000 4000 ]
[ 3999 3999 3999 3999 3999 3999 3999 3999 3999 3999 3999 3999 3999 4000 4000 4000 4000 4000 4000 4000 4000 4000 4000 4000 4000 ]
[ 3999 3999 3999 3999 3999 3999 3999 3999 3999 3999 3999 3999 3999 3999 4000 4000 4000 4000 4000 4000 4000 4000 4000 4000 4000 ]
[ 3999 3999 3999 3999 3999 3999 3999 3999 3999 3999 3999 3999 3999 3999 3999 4000 4000 4000 4000 4000 4000 4000 4000 4000 4000 ]
[ 3999 3999 3999 3999 3999 3999 3999 3999 3999 3999 3999 3999 3999 3999 3999 3999 4000 4000 4000 4000 4000 4000 4000 4000 4000 ]
[ 3999 3999 3999 3999 3999 3999 3999 3999 3999 3999 3999 3999 3999 3999 3999 3999 3999 4000 4000 4000 4000 4000 4000 4000 4000 ]
[ 3999 3999 3999 3999 3999 3999 3999 3999 3999 3999 3999 3999 3999 3999 3999 3999 3999 3999 4000 4000 4000 4000 4000 4000 4000 ]
[ 3999 3999 3999 3999 3999 3999 3999 3999 3999 3999 3999 3999 3999 3999 3999 3999 3999 3999 3999 4000 4000 4000 4000 4000 4000 ]

Running merge sort algorithm: 
Timer (sort): 20ms real	20ms user	0ms sys
The output is sorted!
[ 0 0 0 0 0 0 0 0 0 0 0 0 0 0 0 0 0 0 0 0 0 0 0 0 1 ]
[ 0 0 0 0 0 0 0 0 0 0 0 0 0 0 0 0 0 0 0 0 0 0 0 1 1 ]
[ 0 0 0 0 0 0 0 0 0 0 0 0 0 0 0 0 0 0 0 0 0 0 1 1 1 ]
[ 0 0 0 0 0 0 0 0 0 0 0 0 0 0 0 0 0 0 0 0 0 1 1 1 1 ]
[ 0 0 0 0 0 0 0 0 0 0 0 0 0 0 0 0 0 0 0 0 1 1 1 1 1 ]
[ 0 0 0 0 0 0 0 0 0 0 0 0 0 0 0 0 0 0 0 1 1 1 1 1 1 ]
[ 0 0 0 0 0 0 0 0 0 0 0 0 0 0 0 0 0 0 1 1 1 1 1 1 1 ]
[ 0 0 0 0 0 0 0 0 0 0 0 0 0 0 0 0 0 1 1 1 1 1 1 1 1 ]
[ 0 0 0 0 0 0 0 0 0 0 0 0 0 0 0 0 1 1 1 1 1 1 1 1 1 ]
[ 0 0 0 0 0 0 0 0 0 0 0 0 0 0 0 1 1 1 1 1 1 1 1 1 1 ]
[ 0 0 0 0 0 0 0 0 0 0 0 0 0 0 1 1 1 1 1 1 1 1 1 1 1 ]
[ 0 0 0 0 0 0 0 0 0 0 0 0 0 1 1 1 1 1 1 1 1 1 1 1 1 ]
[ 0 0 0 0 0 0 0 0 0 0 0 0 1 1 1 1 1 1 1 1 1 1 1 1 1 ]
[ 0 0 0 0 0 0 0 0 0 0 0 1 1 1 1 1 1 1 1 1 1 1 1 1 1 ]
[ 0 0 0 0 0 0 0 0 0 0 1 1 1 1 1 1 1 1 1 1 1 1 1 1 1 ]
[ 0 0 0 0 0 0 0 0 0 1 1 1 1 1 1 1 1 1 1 1 1 1 1 1 1 ]
[ 0 0 0 0 0 0 0 0 1 1 1 1 1 1 1 1 1 1 1 1 1 1 1 1 1 ]
[ 0 0 0 0 0 0 0 1 1 1 1 1 1 1 1 1 1 1 1 1 1 1 1 1 1 ]
[ 0 0 0 0 0 0 1 1 1 1 1 1 1 1 1 1 1 1 1 1 1 1 1 1 1 ]
[ 0 0 0 0 0 1 1 1 1 1 1 1 1 1 1 1 1 1 1 1 1 1 1 1 1 ]

Timer (generate): 8ms real	0ms user	0ms sys
[ 4000 4000 4000 4000 4000 4000 4000 4000 4000 4000 4000 4000 4000 4000 4000 4000 4000 4000 4000 4000 4000 4000 4000 4000 4000 ]
[ 3999 4000 4000 4000 4000 4000 4000 4000 4000 4000 4000 4000 4000 4000 4000 4000 4000 4000 4000 4000 4000 4000 4000 4000 4000 ]
[ 3999 3999 4000 4000 4000 4000 4000 4000 4000 4000 4000 4000 4000 4000 4000 4000 4000 4000 4000 4000 4000 4000 4000 4000 4000 ]
[ 3999 3999 3999 4000 4000 4000 4000 4000 4000 4000 4000 4000 4000 4000 4000 4000 4000 4000 4000 4000 4000 4000 4000 4000 4000 ]
[ 3999 3999 3999 3999 4000 4000 4000 4000 4000 4000 4000 4000 4000 4000 4000 4000 4000 4000 4000 4000 4000 4000 4000 4000 4000 ]
[ 3999 3999 3999 3999 3999 4000 4000 4000 4000 4000 4000 4000 4000 4000 4000 4000 4000 4000 4000 4000 4000 4000 4000 4000 4000 ]
[ 3999 3999 3999 3999 3999 3999 4000 4000 4000 4000 4000 4000 4000 4000 4000 4000 4000 4000 4000 4000 4000 4000 4000 4000 4000 ]
[ 3999 3999 3999 3999 3999 3999 3999 4000 4000 4000 4000 4000 4000 4000 4000 4000 4000 4000 4000 4000 4000 4000 4000 4000 4000 ]
[ 3999 3999 3999 3999 3999 3999 3999 3999 4000 4000 4000 4000 4000 4000 4000 4000 4000 4000 4000 4000 4000 4000 4000 4000 4000 ]
[ 3999 3999 3999 3999 3999 3999 3999 3999 3999 4000 4000 4000 4000 4000 4000 4000 4000 4000 4000 4000 4000 4000 4000 4000 4000 ]
[ 3999 3999 3999 3999 3999 3999 3999 3999 3999 3999 4000 4000 4000 4000 4000 4000 4000 4000 4000 4000 4000 4000 4000 4000 4000 ]
[ 3999 3999 3999 3999 3999 3999 3999 3999 3999 3999 3999 4000 4000 4000 4000 4000 4000 4000 4000 4000 4000 4000 4000 4000 4000 ]
[ 3999 3999 3999 3999 3999 3999 3999 3999 3999 3999 3999 3999 4000 4000 4000 4000 4000 4000 4000 4000 4000 4000 4000 4000 4000 ]
[ 3999 3999 3999 3999 3999 3999 3999 3999 3999 3999 3999 3999 3999 4000 4000 4000 4000 4000 4000 4000 4000 4000 4000 4000 4000 ]
[ 3999 3999 3999 3999 3999 3999 3999 3999 3999 3999 3999 3999 3999 3999 4000 4000 4000 4000 4000 4000 4000 4000 4000 4000 4000 ]
[ 3999 3999 3999 3999 3999 3999 3999 3999 3999 3999 3999 3999 3999 3999 3999 4000 4000 4000 4000 4000 4000 4000 4000 4000 4000 ]
[ 3999 3999 3999 3999 3999 3999 3999 3999 3999 3999 3999 3999 3999 3999 3999 3999 4000 4000 4000 4000 4000 4000 4000 4000 4000 ]
[ 3999 3999 3999 3999 3999 3999 3999 3999 3999 3999 3999 3999 3999 3999 3999 3999 3999 4000 4000 4000 4000 4000 4000 4000 4000 ]
[ 3999 3999 3999 3999 3999 3999 3999 3999 3999 3999 3999 3999 3999 3999 3999 3999 3999 3999 4000 4000 4000 4000 4000 4000 4000 ]
[ 3999 3999 3999 3999 3999 3999 3999 3999 3999 3999 3999 3999 3999 3999 3999 3999 3999 3999 3999 4000 4000 4000 4000 4000 4000 ]

Running merge sort algorithm: 
Timer (sort): 21ms real	30ms user	0ms sys
The output is sorted!
[ 0 0 0 0 0 0 0 0 0 0 0 0 0 0 0 0 0 0 0 0 0 0 0 0 1 ]
[ 0 0 0 0 0 0 0 0 0 0 0 0 0 0 0 0 0 0 0 0 0 0 0 1 1 ]
[ 0 0 0 0 0 0 0 0 0 0 0 0 0 0 0 0 0 0 0 0 0 0 1 1 1 ]
[ 0 0 0 0 0 0 0 0 0 0 0 0 0 0 0 0 0 0 0 0 0 1 1 1 1 ]
[ 0 0 0 0 0 0 0 0 0 0 0 0 0 0 0 0 0 0 0 0 1 1 1 1 1 ]
[ 0 0 0 0 0 0 0 0 0 0 0 0 0 0 0 0 0 0 0 1 1 1 1 1 1 ]
[ 0 0 0 0 0 0 0 0 0 0 0 0 0 0 0 0 0 0 1 1 1 1 1 1 1 ]
[ 0 0 0 0 0 0 0 0 0 0 0 0 0 0 0 0 0 1 1 1 1 1 1 1 1 ]
[ 0 0 0 0 0 0 0 0 0 0 0 0 0 0 0 0 1 1 1 1 1 1 1 1 1 ]
[ 0 0 0 0 0 0 0 0 0 0 0 0 0 0 0 1 1 1 1 1 1 1 1 1 1 ]
[ 0 0 0 0 0 0 0 0 0 0 0 0 0 0 1 1 1 1 1 1 1 1 1 1 1 ]
[ 0 0 0 0 0 0 0 0 0 0 0 0 0 1 1 1 1 1 1 1 1 1 1 1 1 ]
[ 0 0 0 0 0 0 0 0 0 0 0 0 1 1 1 1 1 1 1 1 1 1 1 1 1 ]
[ 0 0 0 0 0 0 0 0 0 0 0 1 1 1 1 1 1 1 1 1 1 1 1 1 1 ]
[ 0 0 0 0 0 0 0 0 0 0 1 1 1 1 1 1 1 1 1 1 1 1 1 1 1 ]
[ 0 0 0 0 0 0 0 0 0 1 1 1 1 1 1 1 1 1 1 1 1 1 1 1 1 ]
[ 0 0 0 0 0 0 0 0 1 1 1 1 1 1 1 1 1 1 1 1 1 1 1 1 1 ]
[ 0 0 0 0 0 0 0 1 1 1 1 1 1 1 1 1 1 1 1 1 1 1 1 1 1 ]
[ 0 0 0 0 0 0 1 1 1 1 1 1 1 1 1 1 1 1 1 1 1 1 1 1 1 ]
[ 0 0 0 0 0 1 1 1 1 1 1 1 1 1 1 1 1 1 1 1 1 1 1 1 1 ]

Timer (generate): 8ms real	0ms user	0ms sys
[ 4000 4000 4000 4000 4000 4000 4000 4000 4000 4000 4000 4000 4000 4000 4000 4000 4000 4000 4000 4000 4000 4000 4000 4000 4000 ]
[ 3999 4000 4000 4000 4000 4000 4000 4000 4000 4000 4000 4000 4000 4000 4000 4000 4000 4000 4000 4000 4000 4000 4000 4000 4000 ]
[ 3999 3999 4000 4000 4000 4000 4000 4000 4000 4000 4000 4000 4000 4000 4000 4000 4000 4000 4000 4000 4000 4000 4000 4000 4000 ]
[ 3999 3999 3999 4000 4000 4000 4000 4000 4000 4000 4000 4000 4000 4000 4000 4000 4000 4000 4000 4000 4000 4000 4000 4000 4000 ]
[ 3999 3999 3999 3999 4000 4000 4000 4000 4000 4000 4000 4000 4000 4000 4000 4000 4000 4000 4000 4000 4000 4000 4000 4000 4000 ]
[ 3999 3999 3999 3999 3999 4000 4000 4000 4000 4000 4000 4000 4000 4000 4000 4000 4000 4000 4000 4000 4000 4000 4000 4000 4000 ]
[ 3999 3999 3999 3999 3999 3999 4000 4000 4000 4000 4000 4000 4000 4000 4000 4000 4000 4000 4000 4000 4000 4000 4000 4000 4000 ]
[ 3999 3999 3999 3999 3999 3999 3999 4000 4000 4000 4000 4000 4000 4000 4000 4000 4000 4000 4000 4000 4000 4000 4000 4000 4000 ]
[ 3999 3999 3999 3999 3999 3999 3999 3999 4000 4000 4000 4000 4000 4000 4000 4000 4000 4000 4000 4000 4000 4000 4000 4000 4000 ]
[ 3999 3999 3999 3999 3999 3999 3999 3999 3999 4000 4000 4000 4000 4000 4000 4000 4000 4000 4000 4000 4000 4000 4000 4000 4000 ]
[ 3999 3999 3999 3999 3999 3999 3999 3999 3999 3999 4000 4000 4000 4000 4000 4000 4000 4000 4000 4000 4000 4000 4000 4000 4000 ]
[ 3999 3999 3999 3999 3999 3999 3999 3999 3999 3999 3999 4000 4000 4000 4000 4000 4000 4000 4000 4000 4000 4000 4000 4000 4000 ]
[ 3999 3999 3999 3999 3999 3999 3999 3999 3999 3999 3999 3999 4000 4000 4000 4000 4000 4000 4000 4000 4000 4000 4000 4000 4000 ]
[ 3999 3999 3999 3999 3999 3999 3999 3999 3999 3999 3999 3999 3999 4000 4000 4000 4000 4000 4000 4000 4000 4000 4000 4000 4000 ]
[ 3999 3999 3999 3999 3999 3999 3999 3999 3999 3999 3999 3999 3999 3999 4000 4000 4000 4000 4000 4000 4000 4000 4000 4000 4000 ]
[ 3999 3999 3999 3999 3999 3999 3999 3999 3999 3999 3999 3999 3999 3999 3999 4000 4000 4000 4000 4000 4000 4000 4000 4000 4000 ]
[ 3999 3999 3999 3999 3999 3999 3999 3999 3999 3999 3999 3999 3999 3999 3999 3999 4000 4000 4000 4000 4000 4000 4000 4000 4000 ]
[ 3999 3999 3999 3999 3999 3999 3999 3999 3999 3999 3999 3999 3999 3999 3999 3999 3999 4000 4000 4000 4000 4000 4000 4000 4000 ]
[ 3999 3999 3999 3999 3999 3999 3999 3999 3999 3999 3999 3999 3999 3999 3999 3999 3999 3999 4000 4000 4000 4000 4000 4000 4000 ]
[ 3999 3999 3999 3999 3999 3999 3999 3999 3999 3999 3999 3999 3999 3999 3999 3999 3999 3999 3999 4000 4000 4000 4000 4000 4000 ]

Running merge sort algorithm: 
Timer (sort): 24ms real	20ms user	0ms sys
The output is sorted!
[ 0 0 0 0 0 0 0 0 0 0 0 0 0 0 0 0 0 0 0 0 0 0 0 0 1 ]
[ 0 0 0 0 0 0 0 0 0 0 0 0 0 0 0 0 0 0 0 0 0 0 0 1 1 ]
[ 0 0 0 0 0 0 0 0 0 0 0 0 0 0 0 0 0 0 0 0 0 0 1 1 1 ]
[ 0 0 0 0 0 0 0 0 0 0 0 0 0 0 0 0 0 0 0 0 0 1 1 1 1 ]
[ 0 0 0 0 0 0 0 0 0 0 0 0 0 0 0 0 0 0 0 0 1 1 1 1 1 ]
[ 0 0 0 0 0 0 0 0 0 0 0 0 0 0 0 0 0 0 0 1 1 1 1 1 1 ]
[ 0 0 0 0 0 0 0 0 0 0 0 0 0 0 0 0 0 0 1 1 1 1 1 1 1 ]
[ 0 0 0 0 0 0 0 0 0 0 0 0 0 0 0 0 0 1 1 1 1 1 1 1 1 ]
[ 0 0 0 0 0 0 0 0 0 0 0 0 0 0 0 0 1 1 1 1 1 1 1 1 1 ]
[ 0 0 0 0 0 0 0 0 0 0 0 0 0 0 0 1 1 1 1 1 1 1 1 1 1 ]
[ 0 0 0 0 0 0 0 0 0 0 0 0 0 0 1 1 1 1 1 1 1 1 1 1 1 ]
[ 0 0 0 0 0 0 0 0 0 0 0 0 0 1 1 1 1 1 1 1 1 1 1 1 1 ]
[ 0 0 0 0 0 0 0 0 0 0 0 0 1 1 1 1 1 1 1 1 1 1 1 1 1 ]
[ 0 0 0 0 0 0 0 0 0 0 0 1 1 1 1 1 1 1 1 1 1 1 1 1 1 ]
[ 0 0 0 0 0 0 0 0 0 0 1 1 1 1 1 1 1 1 1 1 1 1 1 1 1 ]
[ 0 0 0 0 0 0 0 0 0 1 1 1 1 1 1 1 1 1 1 1 1 1 1 1 1 ]
[ 0 0 0 0 0 0 0 0 1 1 1 1 1 1 1 1 1 1 1 1 1 1 1 1 1 ]
[ 0 0 0 0 0 0 0 1 1 1 1 1 1 1 1 1 1 1 1 1 1 1 1 1 1 ]
[ 0 0 0 0 0 0 1 1 1 1 1 1 1 1 1 1 1 1 1 1 1 1 1 1 1 ]
[ 0 0 0 0 0 1 1 1 1 1 1 1 1 1 1 1 1 1 1 1 1 1 1 1 1 ]

Timer (generate): 9ms real	0ms user	0ms sys
[ 4000 4000 4000 4000 4000 4000 4000 4000 4000 4000 4000 4000 4000 4000 4000 4000 4000 4000 4000 4000 4000 4000 4000 4000 4000 ]
[ 3999 4000 4000 4000 4000 4000 4000 4000 4000 4000 4000 4000 4000 4000 4000 4000 4000 4000 4000 4000 4000 4000 4000 4000 4000 ]
[ 3999 3999 4000 4000 4000 4000 4000 4000 4000 4000 4000 4000 4000 4000 4000 4000 4000 4000 4000 4000 4000 4000 4000 4000 4000 ]
[ 3999 3999 3999 4000 4000 4000 4000 4000 4000 4000 4000 4000 4000 4000 4000 4000 4000 4000 4000 4000 4000 4000 4000 4000 4000 ]
[ 3999 3999 3999 3999 4000 4000 4000 4000 4000 4000 4000 4000 4000 4000 4000 4000 4000 4000 4000 4000 4000 4000 4000 4000 4000 ]
[ 3999 3999 3999 3999 3999 4000 4000 4000 4000 4000 4000 4000 4000 4000 4000 4000 4000 4000 4000 4000 4000 4000 4000 4000 4000 ]
[ 3999 3999 3999 3999 3999 3999 4000 4000 4000 4000 4000 4000 4000 4000 4000 4000 4000 4000 4000 4000 4000 4000 4000 4000 4000 ]
[ 3999 3999 3999 3999 3999 3999 3999 4000 4000 4000 4000 4000 4000 4000 4000 4000 4000 4000 4000 4000 4000 4000 4000 4000 4000 ]
[ 3999 3999 3999 3999 3999 3999 3999 3999 4000 4000 4000 4000 4000 4000 4000 4000 4000 4000 4000 4000 4000 4000 4000 4000 4000 ]
[ 3999 3999 3999 3999 3999 3999 3999 3999 3999 4000 4000 4000 4000 4000 4000 4000 4000 4000 4000 4000 4000 4000 4000 4000 4000 ]
[ 3999 3999 3999 3999 3999 3999 3999 3999 3999 3999 4000 4000 4000 4000 4000 4000 4000 4000 4000 4000 4000 4000 4000 4000 4000 ]
[ 3999 3999 3999 3999 3999 3999 3999 3999 3999 3999 3999 4000 4000 4000 4000 4000 4000 4000 4000 4000 4000 4000 4000 4000 4000 ]
[ 3999 3999 3999 3999 3999 3999 3999 3999 3999 3999 3999 3999 4000 4000 4000 4000 4000 4000 4000 4000 4000 4000 4000 4000 4000 ]
[ 3999 3999 3999 3999 3999 3999 3999 3999 3999 3999 3999 3999 3999 4000 4000 4000 4000 4000 4000 4000 4000 4000 4000 4000 4000 ]
[ 3999 3999 3999 3999 3999 3999 3999 3999 3999 3999 3999 3999 3999 3999 4000 4000 4000 4000 4000 4000 4000 4000 4000 4000 4000 ]
[ 3999 3999 3999 3999 3999 3999 3999 3999 3999 3999 3999 3999 3999 3999 3999 4000 4000 4000 4000 4000 4000 4000 4000 4000 4000 ]
[ 3999 3999 3999 3999 3999 3999 3999 3999 3999 3999 3999 3999 3999 3999 3999 3999 4000 4000 4000 4000 4000 4000 4000 4000 4000 ]
[ 3999 3999 3999 3999 3999 3999 3999 3999 3999 3999 3999 3999 3999 3999 3999 3999 3999 4000 4000 4000 4000 4000 4000 4000 4000 ]
[ 3999 3999 3999 3999 3999 3999 3999 3999 3999 3999 3999 3999 3999 3999 3999 3999 3999 3999 4000 4000 4000 4000 4000 4000 4000 ]
[ 3999 3999 3999 3999 3999 3999 3999 3999 3999 3999 3999 3999 3999 3999 3999 3999 3999 3999 3999 4000 4000 4000 4000 4000 4000 ]

Running merge sort algorithm: 
Timer (sort): 22ms real	10ms user	10ms sys
The output is sorted!
[ 0 0 0 0 0 0 0 0 0 0 0 0 0 0 0 0 0 0 0 0 0 0 0 0 1 ]
[ 0 0 0 0 0 0 0 0 0 0 0 0 0 0 0 0 0 0 0 0 0 0 0 1 1 ]
[ 0 0 0 0 0 0 0 0 0 0 0 0 0 0 0 0 0 0 0 0 0 0 1 1 1 ]
[ 0 0 0 0 0 0 0 0 0 0 0 0 0 0 0 0 0 0 0 0 0 1 1 1 1 ]
[ 0 0 0 0 0 0 0 0 0 0 0 0 0 0 0 0 0 0 0 0 1 1 1 1 1 ]
[ 0 0 0 0 0 0 0 0 0 0 0 0 0 0 0 0 0 0 0 1 1 1 1 1 1 ]
[ 0 0 0 0 0 0 0 0 0 0 0 0 0 0 0 0 0 0 1 1 1 1 1 1 1 ]
[ 0 0 0 0 0 0 0 0 0 0 0 0 0 0 0 0 0 1 1 1 1 1 1 1 1 ]
[ 0 0 0 0 0 0 0 0 0 0 0 0 0 0 0 0 1 1 1 1 1 1 1 1 1 ]
[ 0 0 0 0 0 0 0 0 0 0 0 0 0 0 0 1 1 1 1 1 1 1 1 1 1 ]
[ 0 0 0 0 0 0 0 0 0 0 0 0 0 0 1 1 1 1 1 1 1 1 1 1 1 ]
[ 0 0 0 0 0 0 0 0 0 0 0 0 0 1 1 1 1 1 1 1 1 1 1 1 1 ]
[ 0 0 0 0 0 0 0 0 0 0 0 0 1 1 1 1 1 1 1 1 1 1 1 1 1 ]
[ 0 0 0 0 0 0 0 0 0 0 0 1 1 1 1 1 1 1 1 1 1 1 1 1 1 ]
[ 0 0 0 0 0 0 0 0 0 0 1 1 1 1 1 1 1 1 1 1 1 1 1 1 1 ]
[ 0 0 0 0 0 0 0 0 0 1 1 1 1 1 1 1 1 1 1 1 1 1 1 1 1 ]
[ 0 0 0 0 0 0 0 0 1 1 1 1 1 1 1 1 1 1 1 1 1 1 1 1 1 ]
[ 0 0 0 0 0 0 0 1 1 1 1 1 1 1 1 1 1 1 1 1 1 1 1 1 1 ]
[ 0 0 0 0 0 0 1 1 1 1 1 1 1 1 1 1 1 1 1 1 1 1 1 1 1 ]
[ 0 0 0 0 0 1 1 1 1 1 1 1 1 1 1 1 1 1 1 1 1 1 1 1 1 ]

