Timer (generate): 4ms real	0ms user	0ms sys
[ 10000 10000 10000 10000 10000 10000 10000 10000 10000 10000 ]
[ 9999 10000 10000 10000 10000 10000 10000 10000 10000 10000 ]
[ 9999 9999 10000 10000 10000 10000 10000 10000 10000 10000 ]
[ 9999 9999 9999 10000 10000 10000 10000 10000 10000 10000 ]
[ 9999 9999 9999 9999 10000 10000 10000 10000 10000 10000 ]
[ 9999 9999 9999 9999 9999 10000 10000 10000 10000 10000 ]
[ 9999 9999 9999 9999 9999 9999 10000 10000 10000 10000 ]
[ 9999 9999 9999 9999 9999 9999 9999 10000 10000 10000 ]
[ 9999 9999 9999 9999 9999 9999 9999 9999 10000 10000 ]
[ 9999 9999 9999 9999 9999 9999 9999 9999 9999 10000 ]
[ 9999 9999 9999 9999 9999 9999 9999 9999 9999 9999 ]
[ 9998 9999 9999 9999 9999 9999 9999 9999 9999 9999 ]
[ 9998 9998 9999 9999 9999 9999 9999 9999 9999 9999 ]
[ 9998 9998 9998 9999 9999 9999 9999 9999 9999 9999 ]
[ 9998 9998 9998 9998 9999 9999 9999 9999 9999 9999 ]
[ 9998 9998 9998 9998 9998 9999 9999 9999 9999 9999 ]
[ 9998 9998 9998 9998 9998 9998 9999 9999 9999 9999 ]
[ 9998 9998 9998 9998 9998 9998 9998 9999 9999 9999 ]
[ 9998 9998 9998 9998 9998 9998 9998 9998 9999 9999 ]
[ 9998 9998 9998 9998 9998 9998 9998 9998 9998 9999 ]

Running merge sort algorithm: 
Timer (sort): 16ms real	20ms user	0ms sys
The output is sorted!
[ 0 0 0 0 0 0 0 0 0 1 ]
[ 0 0 0 0 0 0 0 0 1 1 ]
[ 0 0 0 0 0 0 0 1 1 1 ]
[ 0 0 0 0 0 0 1 1 1 1 ]
[ 0 0 0 0 0 1 1 1 1 1 ]
[ 0 0 0 0 1 1 1 1 1 1 ]
[ 0 0 0 1 1 1 1 1 1 1 ]
[ 0 0 1 1 1 1 1 1 1 1 ]
[ 0 1 1 1 1 1 1 1 1 1 ]
[ 1 1 1 1 1 1 1 1 1 1 ]
[ 1 1 1 1 1 1 1 1 1 2 ]
[ 1 1 1 1 1 1 1 1 2 2 ]
[ 1 1 1 1 1 1 1 2 2 2 ]
[ 1 1 1 1 1 1 2 2 2 2 ]
[ 1 1 1 1 1 2 2 2 2 2 ]
[ 1 1 1 1 2 2 2 2 2 2 ]
[ 1 1 1 2 2 2 2 2 2 2 ]
[ 1 1 2 2 2 2 2 2 2 2 ]
[ 1 2 2 2 2 2 2 2 2 2 ]
[ 2 2 2 2 2 2 2 2 2 2 ]

Timer (generate): 4ms real	0ms user	0ms sys
[ 10000 10000 10000 10000 10000 10000 10000 10000 10000 10000 ]
[ 9999 10000 10000 10000 10000 10000 10000 10000 10000 10000 ]
[ 9999 9999 10000 10000 10000 10000 10000 10000 10000 10000 ]
[ 9999 9999 9999 10000 10000 10000 10000 10000 10000 10000 ]
[ 9999 9999 9999 9999 10000 10000 10000 10000 10000 10000 ]
[ 9999 9999 9999 9999 9999 10000 10000 10000 10000 10000 ]
[ 9999 9999 9999 9999 9999 9999 10000 10000 10000 10000 ]
[ 9999 9999 9999 9999 9999 9999 9999 10000 10000 10000 ]
[ 9999 9999 9999 9999 9999 9999 9999 9999 10000 10000 ]
[ 9999 9999 9999 9999 9999 9999 9999 9999 9999 10000 ]
[ 9999 9999 9999 9999 9999 9999 9999 9999 9999 9999 ]
[ 9998 9999 9999 9999 9999 9999 9999 9999 9999 9999 ]
[ 9998 9998 9999 9999 9999 9999 9999 9999 9999 9999 ]
[ 9998 9998 9998 9999 9999 9999 9999 9999 9999 9999 ]
[ 9998 9998 9998 9998 9999 9999 9999 9999 9999 9999 ]
[ 9998 9998 9998 9998 9998 9999 9999 9999 9999 9999 ]
[ 9998 9998 9998 9998 9998 9998 9999 9999 9999 9999 ]
[ 9998 9998 9998 9998 9998 9998 9998 9999 9999 9999 ]
[ 9998 9998 9998 9998 9998 9998 9998 9998 9999 9999 ]
[ 9998 9998 9998 9998 9998 9998 9998 9998 9998 9999 ]

Running merge sort algorithm: 
Timer (sort): 17ms real	0ms user	10ms sys
The output is sorted!
[ 0 0 0 0 0 0 0 0 0 1 ]
[ 0 0 0 0 0 0 0 0 1 1 ]
[ 0 0 0 0 0 0 0 1 1 1 ]
[ 0 0 0 0 0 0 1 1 1 1 ]
[ 0 0 0 0 0 1 1 1 1 1 ]
[ 0 0 0 0 1 1 1 1 1 1 ]
[ 0 0 0 1 1 1 1 1 1 1 ]
[ 0 0 1 1 1 1 1 1 1 1 ]
[ 0 1 1 1 1 1 1 1 1 1 ]
[ 1 1 1 1 1 1 1 1 1 1 ]
[ 1 1 1 1 1 1 1 1 1 2 ]
[ 1 1 1 1 1 1 1 1 2 2 ]
[ 1 1 1 1 1 1 1 2 2 2 ]
[ 1 1 1 1 1 1 2 2 2 2 ]
[ 1 1 1 1 1 2 2 2 2 2 ]
[ 1 1 1 1 2 2 2 2 2 2 ]
[ 1 1 1 2 2 2 2 2 2 2 ]
[ 1 1 2 2 2 2 2 2 2 2 ]
[ 1 2 2 2 2 2 2 2 2 2 ]
[ 2 2 2 2 2 2 2 2 2 2 ]

Timer (generate): 4ms real	0ms user	0ms sys
[ 10000 10000 10000 10000 10000 10000 10000 10000 10000 10000 ]
[ 9999 10000 10000 10000 10000 10000 10000 10000 10000 10000 ]
[ 9999 9999 10000 10000 10000 10000 10000 10000 10000 10000 ]
[ 9999 9999 9999 10000 10000 10000 10000 10000 10000 10000 ]
[ 9999 9999 9999 9999 10000 10000 10000 10000 10000 10000 ]
[ 9999 9999 9999 9999 9999 10000 10000 10000 10000 10000 ]
[ 9999 9999 9999 9999 9999 9999 10000 10000 10000 10000 ]
[ 9999 9999 9999 9999 9999 9999 9999 10000 10000 10000 ]
[ 9999 9999 9999 9999 9999 9999 9999 9999 10000 10000 ]
[ 9999 9999 9999 9999 9999 9999 9999 9999 9999 10000 ]
[ 9999 9999 9999 9999 9999 9999 9999 9999 9999 9999 ]
[ 9998 9999 9999 9999 9999 9999 9999 9999 9999 9999 ]
[ 9998 9998 9999 9999 9999 9999 9999 9999 9999 9999 ]
[ 9998 9998 9998 9999 9999 9999 9999 9999 9999 9999 ]
[ 9998 9998 9998 9998 9999 9999 9999 9999 9999 9999 ]
[ 9998 9998 9998 9998 9998 9999 9999 9999 9999 9999 ]
[ 9998 9998 9998 9998 9998 9998 9999 9999 9999 9999 ]
[ 9998 9998 9998 9998 9998 9998 9998 9999 9999 9999 ]
[ 9998 9998 9998 9998 9998 9998 9998 9998 9999 9999 ]
[ 9998 9998 9998 9998 9998 9998 9998 9998 9998 9999 ]

Running merge sort algorithm: 
Timer (sort): 17ms real	20ms user	0ms sys
The output is sorted!
[ 0 0 0 0 0 0 0 0 0 1 ]
[ 0 0 0 0 0 0 0 0 1 1 ]
[ 0 0 0 0 0 0 0 1 1 1 ]
[ 0 0 0 0 0 0 1 1 1 1 ]
[ 0 0 0 0 0 1 1 1 1 1 ]
[ 0 0 0 0 1 1 1 1 1 1 ]
[ 0 0 0 1 1 1 1 1 1 1 ]
[ 0 0 1 1 1 1 1 1 1 1 ]
[ 0 1 1 1 1 1 1 1 1 1 ]
[ 1 1 1 1 1 1 1 1 1 1 ]
[ 1 1 1 1 1 1 1 1 1 2 ]
[ 1 1 1 1 1 1 1 1 2 2 ]
[ 1 1 1 1 1 1 1 2 2 2 ]
[ 1 1 1 1 1 1 2 2 2 2 ]
[ 1 1 1 1 1 2 2 2 2 2 ]
[ 1 1 1 1 2 2 2 2 2 2 ]
[ 1 1 1 2 2 2 2 2 2 2 ]
[ 1 1 2 2 2 2 2 2 2 2 ]
[ 1 2 2 2 2 2 2 2 2 2 ]
[ 2 2 2 2 2 2 2 2 2 2 ]

Timer (generate): 5ms real	0ms user	0ms sys
[ 10000 10000 10000 10000 10000 10000 10000 10000 10000 10000 ]
[ 9999 10000 10000 10000 10000 10000 10000 10000 10000 10000 ]
[ 9999 9999 10000 10000 10000 10000 10000 10000 10000 10000 ]
[ 9999 9999 9999 10000 10000 10000 10000 10000 10000 10000 ]
[ 9999 9999 9999 9999 10000 10000 10000 10000 10000 10000 ]
[ 9999 9999 9999 9999 9999 10000 10000 10000 10000 10000 ]
[ 9999 9999 9999 9999 9999 9999 10000 10000 10000 10000 ]
[ 9999 9999 9999 9999 9999 9999 9999 10000 10000 10000 ]
[ 9999 9999 9999 9999 9999 9999 9999 9999 10000 10000 ]
[ 9999 9999 9999 9999 9999 9999 9999 9999 9999 10000 ]
[ 9999 9999 9999 9999 9999 9999 9999 9999 9999 9999 ]
[ 9998 9999 9999 9999 9999 9999 9999 9999 9999 9999 ]
[ 9998 9998 9999 9999 9999 9999 9999 9999 9999 9999 ]
[ 9998 9998 9998 9999 9999 9999 9999 9999 9999 9999 ]
[ 9998 9998 9998 9998 9999 9999 9999 9999 9999 9999 ]
[ 9998 9998 9998 9998 9998 9999 9999 9999 9999 9999 ]
[ 9998 9998 9998 9998 9998 9998 9999 9999 9999 9999 ]
[ 9998 9998 9998 9998 9998 9998 9998 9999 9999 9999 ]
[ 9998 9998 9998 9998 9998 9998 9998 9998 9999 9999 ]
[ 9998 9998 9998 9998 9998 9998 9998 9998 9998 9999 ]

Running merge sort algorithm: 
Timer (sort): 16ms real	10ms user	0ms sys
The output is sorted!
[ 0 0 0 0 0 0 0 0 0 1 ]
[ 0 0 0 0 0 0 0 0 1 1 ]
[ 0 0 0 0 0 0 0 1 1 1 ]
[ 0 0 0 0 0 0 1 1 1 1 ]
[ 0 0 0 0 0 1 1 1 1 1 ]
[ 0 0 0 0 1 1 1 1 1 1 ]
[ 0 0 0 1 1 1 1 1 1 1 ]
[ 0 0 1 1 1 1 1 1 1 1 ]
[ 0 1 1 1 1 1 1 1 1 1 ]
[ 1 1 1 1 1 1 1 1 1 1 ]
[ 1 1 1 1 1 1 1 1 1 2 ]
[ 1 1 1 1 1 1 1 1 2 2 ]
[ 1 1 1 1 1 1 1 2 2 2 ]
[ 1 1 1 1 1 1 2 2 2 2 ]
[ 1 1 1 1 1 2 2 2 2 2 ]
[ 1 1 1 1 2 2 2 2 2 2 ]
[ 1 1 1 2 2 2 2 2 2 2 ]
[ 1 1 2 2 2 2 2 2 2 2 ]
[ 1 2 2 2 2 2 2 2 2 2 ]
[ 2 2 2 2 2 2 2 2 2 2 ]

Timer (generate): 4ms real	0ms user	0ms sys
[ 10000 10000 10000 10000 10000 10000 10000 10000 10000 10000 ]
[ 9999 10000 10000 10000 10000 10000 10000 10000 10000 10000 ]
[ 9999 9999 10000 10000 10000 10000 10000 10000 10000 10000 ]
[ 9999 9999 9999 10000 10000 10000 10000 10000 10000 10000 ]
[ 9999 9999 9999 9999 10000 10000 10000 10000 10000 10000 ]
[ 9999 9999 9999 9999 9999 10000 10000 10000 10000 10000 ]
[ 9999 9999 9999 9999 9999 9999 10000 10000 10000 10000 ]
[ 9999 9999 9999 9999 9999 9999 9999 10000 10000 10000 ]
[ 9999 9999 9999 9999 9999 9999 9999 9999 10000 10000 ]
[ 9999 9999 9999 9999 9999 9999 9999 9999 9999 10000 ]
[ 9999 9999 9999 9999 9999 9999 9999 9999 9999 9999 ]
[ 9998 9999 9999 9999 9999 9999 9999 9999 9999 9999 ]
[ 9998 9998 9999 9999 9999 9999 9999 9999 9999 9999 ]
[ 9998 9998 9998 9999 9999 9999 9999 9999 9999 9999 ]
[ 9998 9998 9998 9998 9999 9999 9999 9999 9999 9999 ]
[ 9998 9998 9998 9998 9998 9999 9999 9999 9999 9999 ]
[ 9998 9998 9998 9998 9998 9998 9999 9999 9999 9999 ]
[ 9998 9998 9998 9998 9998 9998 9998 9999 9999 9999 ]
[ 9998 9998 9998 9998 9998 9998 9998 9998 9999 9999 ]
[ 9998 9998 9998 9998 9998 9998 9998 9998 9998 9999 ]

Running merge sort algorithm: 
Timer (sort): 15ms real	10ms user	10ms sys
The output is sorted!
[ 0 0 0 0 0 0 0 0 0 1 ]
[ 0 0 0 0 0 0 0 0 1 1 ]
[ 0 0 0 0 0 0 0 1 1 1 ]
[ 0 0 0 0 0 0 1 1 1 1 ]
[ 0 0 0 0 0 1 1 1 1 1 ]
[ 0 0 0 0 1 1 1 1 1 1 ]
[ 0 0 0 1 1 1 1 1 1 1 ]
[ 0 0 1 1 1 1 1 1 1 1 ]
[ 0 1 1 1 1 1 1 1 1 1 ]
[ 1 1 1 1 1 1 1 1 1 1 ]
[ 1 1 1 1 1 1 1 1 1 2 ]
[ 1 1 1 1 1 1 1 1 2 2 ]
[ 1 1 1 1 1 1 1 2 2 2 ]
[ 1 1 1 1 1 1 2 2 2 2 ]
[ 1 1 1 1 1 2 2 2 2 2 ]
[ 1 1 1 1 2 2 2 2 2 2 ]
[ 1 1 1 2 2 2 2 2 2 2 ]
[ 1 1 2 2 2 2 2 2 2 2 ]
[ 1 2 2 2 2 2 2 2 2 2 ]
[ 2 2 2 2 2 2 2 2 2 2 ]

Timer (generate): 4ms real	0ms user	0ms sys
[ 10000 10000 10000 10000 10000 10000 10000 10000 10000 10000 ]
[ 9999 10000 10000 10000 10000 10000 10000 10000 10000 10000 ]
[ 9999 9999 10000 10000 10000 10000 10000 10000 10000 10000 ]
[ 9999 9999 9999 10000 10000 10000 10000 10000 10000 10000 ]
[ 9999 9999 9999 9999 10000 10000 10000 10000 10000 10000 ]
[ 9999 9999 9999 9999 9999 10000 10000 10000 10000 10000 ]
[ 9999 9999 9999 9999 9999 9999 10000 10000 10000 10000 ]
[ 9999 9999 9999 9999 9999 9999 9999 10000 10000 10000 ]
[ 9999 9999 9999 9999 9999 9999 9999 9999 10000 10000 ]
[ 9999 9999 9999 9999 9999 9999 9999 9999 9999 10000 ]
[ 9999 9999 9999 9999 9999 9999 9999 9999 9999 9999 ]
[ 9998 9999 9999 9999 9999 9999 9999 9999 9999 9999 ]
[ 9998 9998 9999 9999 9999 9999 9999 9999 9999 9999 ]
[ 9998 9998 9998 9999 9999 9999 9999 9999 9999 9999 ]
[ 9998 9998 9998 9998 9999 9999 9999 9999 9999 9999 ]
[ 9998 9998 9998 9998 9998 9999 9999 9999 9999 9999 ]
[ 9998 9998 9998 9998 9998 9998 9999 9999 9999 9999 ]
[ 9998 9998 9998 9998 9998 9998 9998 9999 9999 9999 ]
[ 9998 9998 9998 9998 9998 9998 9998 9998 9999 9999 ]
[ 9998 9998 9998 9998 9998 9998 9998 9998 9998 9999 ]

Running merge sort algorithm: 
Timer (sort): 17ms real	20ms user	0ms sys
The output is sorted!
[ 0 0 0 0 0 0 0 0 0 1 ]
[ 0 0 0 0 0 0 0 0 1 1 ]
[ 0 0 0 0 0 0 0 1 1 1 ]
[ 0 0 0 0 0 0 1 1 1 1 ]
[ 0 0 0 0 0 1 1 1 1 1 ]
[ 0 0 0 0 1 1 1 1 1 1 ]
[ 0 0 0 1 1 1 1 1 1 1 ]
[ 0 0 1 1 1 1 1 1 1 1 ]
[ 0 1 1 1 1 1 1 1 1 1 ]
[ 1 1 1 1 1 1 1 1 1 1 ]
[ 1 1 1 1 1 1 1 1 1 2 ]
[ 1 1 1 1 1 1 1 1 2 2 ]
[ 1 1 1 1 1 1 1 2 2 2 ]
[ 1 1 1 1 1 1 2 2 2 2 ]
[ 1 1 1 1 1 2 2 2 2 2 ]
[ 1 1 1 1 2 2 2 2 2 2 ]
[ 1 1 1 2 2 2 2 2 2 2 ]
[ 1 1 2 2 2 2 2 2 2 2 ]
[ 1 2 2 2 2 2 2 2 2 2 ]
[ 2 2 2 2 2 2 2 2 2 2 ]

Timer (generate): 4ms real	0ms user	0ms sys
[ 10000 10000 10000 10000 10000 10000 10000 10000 10000 10000 ]
[ 9999 10000 10000 10000 10000 10000 10000 10000 10000 10000 ]
[ 9999 9999 10000 10000 10000 10000 10000 10000 10000 10000 ]
[ 9999 9999 9999 10000 10000 10000 10000 10000 10000 10000 ]
[ 9999 9999 9999 9999 10000 10000 10000 10000 10000 10000 ]
[ 9999 9999 9999 9999 9999 10000 10000 10000 10000 10000 ]
[ 9999 9999 9999 9999 9999 9999 10000 10000 10000 10000 ]
[ 9999 9999 9999 9999 9999 9999 9999 10000 10000 10000 ]
[ 9999 9999 9999 9999 9999 9999 9999 9999 10000 10000 ]
[ 9999 9999 9999 9999 9999 9999 9999 9999 9999 10000 ]
[ 9999 9999 9999 9999 9999 9999 9999 9999 9999 9999 ]
[ 9998 9999 9999 9999 9999 9999 9999 9999 9999 9999 ]
[ 9998 9998 9999 9999 9999 9999 9999 9999 9999 9999 ]
[ 9998 9998 9998 9999 9999 9999 9999 9999 9999 9999 ]
[ 9998 9998 9998 9998 9999 9999 9999 9999 9999 9999 ]
[ 9998 9998 9998 9998 9998 9999 9999 9999 9999 9999 ]
[ 9998 9998 9998 9998 9998 9998 9999 9999 9999 9999 ]
[ 9998 9998 9998 9998 9998 9998 9998 9999 9999 9999 ]
[ 9998 9998 9998 9998 9998 9998 9998 9998 9999 9999 ]
[ 9998 9998 9998 9998 9998 9998 9998 9998 9998 9999 ]

Running merge sort algorithm: 
Timer (sort): 16ms real	20ms user	0ms sys
The output is sorted!
[ 0 0 0 0 0 0 0 0 0 1 ]
[ 0 0 0 0 0 0 0 0 1 1 ]
[ 0 0 0 0 0 0 0 1 1 1 ]
[ 0 0 0 0 0 0 1 1 1 1 ]
[ 0 0 0 0 0 1 1 1 1 1 ]
[ 0 0 0 0 1 1 1 1 1 1 ]
[ 0 0 0 1 1 1 1 1 1 1 ]
[ 0 0 1 1 1 1 1 1 1 1 ]
[ 0 1 1 1 1 1 1 1 1 1 ]
[ 1 1 1 1 1 1 1 1 1 1 ]
[ 1 1 1 1 1 1 1 1 1 2 ]
[ 1 1 1 1 1 1 1 1 2 2 ]
[ 1 1 1 1 1 1 1 2 2 2 ]
[ 1 1 1 1 1 1 2 2 2 2 ]
[ 1 1 1 1 1 2 2 2 2 2 ]
[ 1 1 1 1 2 2 2 2 2 2 ]
[ 1 1 1 2 2 2 2 2 2 2 ]
[ 1 1 2 2 2 2 2 2 2 2 ]
[ 1 2 2 2 2 2 2 2 2 2 ]
[ 2 2 2 2 2 2 2 2 2 2 ]

Timer (generate): 5ms real	0ms user	0ms sys
[ 10000 10000 10000 10000 10000 10000 10000 10000 10000 10000 ]
[ 9999 10000 10000 10000 10000 10000 10000 10000 10000 10000 ]
[ 9999 9999 10000 10000 10000 10000 10000 10000 10000 10000 ]
[ 9999 9999 9999 10000 10000 10000 10000 10000 10000 10000 ]
[ 9999 9999 9999 9999 10000 10000 10000 10000 10000 10000 ]
[ 9999 9999 9999 9999 9999 10000 10000 10000 10000 10000 ]
[ 9999 9999 9999 9999 9999 9999 10000 10000 10000 10000 ]
[ 9999 9999 9999 9999 9999 9999 9999 10000 10000 10000 ]
[ 9999 9999 9999 9999 9999 9999 9999 9999 10000 10000 ]
[ 9999 9999 9999 9999 9999 9999 9999 9999 9999 10000 ]
[ 9999 9999 9999 9999 9999 9999 9999 9999 9999 9999 ]
[ 9998 9999 9999 9999 9999 9999 9999 9999 9999 9999 ]
[ 9998 9998 9999 9999 9999 9999 9999 9999 9999 9999 ]
[ 9998 9998 9998 9999 9999 9999 9999 9999 9999 9999 ]
[ 9998 9998 9998 9998 9999 9999 9999 9999 9999 9999 ]
[ 9998 9998 9998 9998 9998 9999 9999 9999 9999 9999 ]
[ 9998 9998 9998 9998 9998 9998 9999 9999 9999 9999 ]
[ 9998 9998 9998 9998 9998 9998 9998 9999 9999 9999 ]
[ 9998 9998 9998 9998 9998 9998 9998 9998 9999 9999 ]
[ 9998 9998 9998 9998 9998 9998 9998 9998 9998 9999 ]

Running merge sort algorithm: 
Timer (sort): 16ms real	0ms user	10ms sys
The output is sorted!
[ 0 0 0 0 0 0 0 0 0 1 ]
[ 0 0 0 0 0 0 0 0 1 1 ]
[ 0 0 0 0 0 0 0 1 1 1 ]
[ 0 0 0 0 0 0 1 1 1 1 ]
[ 0 0 0 0 0 1 1 1 1 1 ]
[ 0 0 0 0 1 1 1 1 1 1 ]
[ 0 0 0 1 1 1 1 1 1 1 ]
[ 0 0 1 1 1 1 1 1 1 1 ]
[ 0 1 1 1 1 1 1 1 1 1 ]
[ 1 1 1 1 1 1 1 1 1 1 ]
[ 1 1 1 1 1 1 1 1 1 2 ]
[ 1 1 1 1 1 1 1 1 2 2 ]
[ 1 1 1 1 1 1 1 2 2 2 ]
[ 1 1 1 1 1 1 2 2 2 2 ]
[ 1 1 1 1 1 2 2 2 2 2 ]
[ 1 1 1 1 2 2 2 2 2 2 ]
[ 1 1 1 2 2 2 2 2 2 2 ]
[ 1 1 2 2 2 2 2 2 2 2 ]
[ 1 2 2 2 2 2 2 2 2 2 ]
[ 2 2 2 2 2 2 2 2 2 2 ]

Timer (generate): 4ms real	0ms user	0ms sys
[ 10000 10000 10000 10000 10000 10000 10000 10000 10000 10000 ]
[ 9999 10000 10000 10000 10000 10000 10000 10000 10000 10000 ]
[ 9999 9999 10000 10000 10000 10000 10000 10000 10000 10000 ]
[ 9999 9999 9999 10000 10000 10000 10000 10000 10000 10000 ]
[ 9999 9999 9999 9999 10000 10000 10000 10000 10000 10000 ]
[ 9999 9999 9999 9999 9999 10000 10000 10000 10000 10000 ]
[ 9999 9999 9999 9999 9999 9999 10000 10000 10000 10000 ]
[ 9999 9999 9999 9999 9999 9999 9999 10000 10000 10000 ]
[ 9999 9999 9999 9999 9999 9999 9999 9999 10000 10000 ]
[ 9999 9999 9999 9999 9999 9999 9999 9999 9999 10000 ]
[ 9999 9999 9999 9999 9999 9999 9999 9999 9999 9999 ]
[ 9998 9999 9999 9999 9999 9999 9999 9999 9999 9999 ]
[ 9998 9998 9999 9999 9999 9999 9999 9999 9999 9999 ]
[ 9998 9998 9998 9999 9999 9999 9999 9999 9999 9999 ]
[ 9998 9998 9998 9998 9999 9999 9999 9999 9999 9999 ]
[ 9998 9998 9998 9998 9998 9999 9999 9999 9999 9999 ]
[ 9998 9998 9998 9998 9998 9998 9999 9999 9999 9999 ]
[ 9998 9998 9998 9998 9998 9998 9998 9999 9999 9999 ]
[ 9998 9998 9998 9998 9998 9998 9998 9998 9999 9999 ]
[ 9998 9998 9998 9998 9998 9998 9998 9998 9998 9999 ]

Running merge sort algorithm: 
Timer (sort): 17ms real	20ms user	0ms sys
The output is sorted!
[ 0 0 0 0 0 0 0 0 0 1 ]
[ 0 0 0 0 0 0 0 0 1 1 ]
[ 0 0 0 0 0 0 0 1 1 1 ]
[ 0 0 0 0 0 0 1 1 1 1 ]
[ 0 0 0 0 0 1 1 1 1 1 ]
[ 0 0 0 0 1 1 1 1 1 1 ]
[ 0 0 0 1 1 1 1 1 1 1 ]
[ 0 0 1 1 1 1 1 1 1 1 ]
[ 0 1 1 1 1 1 1 1 1 1 ]
[ 1 1 1 1 1 1 1 1 1 1 ]
[ 1 1 1 1 1 1 1 1 1 2 ]
[ 1 1 1 1 1 1 1 1 2 2 ]
[ 1 1 1 1 1 1 1 2 2 2 ]
[ 1 1 1 1 1 1 2 2 2 2 ]
[ 1 1 1 1 1 2 2 2 2 2 ]
[ 1 1 1 1 2 2 2 2 2 2 ]
[ 1 1 1 2 2 2 2 2 2 2 ]
[ 1 1 2 2 2 2 2 2 2 2 ]
[ 1 2 2 2 2 2 2 2 2 2 ]
[ 2 2 2 2 2 2 2 2 2 2 ]

Timer (generate): 5ms real	0ms user	0ms sys
[ 10000 10000 10000 10000 10000 10000 10000 10000 10000 10000 ]
[ 9999 10000 10000 10000 10000 10000 10000 10000 10000 10000 ]
[ 9999 9999 10000 10000 10000 10000 10000 10000 10000 10000 ]
[ 9999 9999 9999 10000 10000 10000 10000 10000 10000 10000 ]
[ 9999 9999 9999 9999 10000 10000 10000 10000 10000 10000 ]
[ 9999 9999 9999 9999 9999 10000 10000 10000 10000 10000 ]
[ 9999 9999 9999 9999 9999 9999 10000 10000 10000 10000 ]
[ 9999 9999 9999 9999 9999 9999 9999 10000 10000 10000 ]
[ 9999 9999 9999 9999 9999 9999 9999 9999 10000 10000 ]
[ 9999 9999 9999 9999 9999 9999 9999 9999 9999 10000 ]
[ 9999 9999 9999 9999 9999 9999 9999 9999 9999 9999 ]
[ 9998 9999 9999 9999 9999 9999 9999 9999 9999 9999 ]
[ 9998 9998 9999 9999 9999 9999 9999 9999 9999 9999 ]
[ 9998 9998 9998 9999 9999 9999 9999 9999 9999 9999 ]
[ 9998 9998 9998 9998 9999 9999 9999 9999 9999 9999 ]
[ 9998 9998 9998 9998 9998 9999 9999 9999 9999 9999 ]
[ 9998 9998 9998 9998 9998 9998 9999 9999 9999 9999 ]
[ 9998 9998 9998 9998 9998 9998 9998 9999 9999 9999 ]
[ 9998 9998 9998 9998 9998 9998 9998 9998 9999 9999 ]
[ 9998 9998 9998 9998 9998 9998 9998 9998 9998 9999 ]

Running merge sort algorithm: 
Timer (sort): 17ms real	10ms user	10ms sys
The output is sorted!
[ 0 0 0 0 0 0 0 0 0 1 ]
[ 0 0 0 0 0 0 0 0 1 1 ]
[ 0 0 0 0 0 0 0 1 1 1 ]
[ 0 0 0 0 0 0 1 1 1 1 ]
[ 0 0 0 0 0 1 1 1 1 1 ]
[ 0 0 0 0 1 1 1 1 1 1 ]
[ 0 0 0 1 1 1 1 1 1 1 ]
[ 0 0 1 1 1 1 1 1 1 1 ]
[ 0 1 1 1 1 1 1 1 1 1 ]
[ 1 1 1 1 1 1 1 1 1 1 ]
[ 1 1 1 1 1 1 1 1 1 2 ]
[ 1 1 1 1 1 1 1 1 2 2 ]
[ 1 1 1 1 1 1 1 2 2 2 ]
[ 1 1 1 1 1 1 2 2 2 2 ]
[ 1 1 1 1 1 2 2 2 2 2 ]
[ 1 1 1 1 2 2 2 2 2 2 ]
[ 1 1 1 2 2 2 2 2 2 2 ]
[ 1 1 2 2 2 2 2 2 2 2 ]
[ 1 2 2 2 2 2 2 2 2 2 ]
[ 2 2 2 2 2 2 2 2 2 2 ]

