Timer (generate): 11ms real	10ms user	0ms sys
[ 25000 25000 25000 25000 25000 25000 25000 25000 25000 25000 ]
[ 24999 25000 25000 25000 25000 25000 25000 25000 25000 25000 ]
[ 24999 24999 25000 25000 25000 25000 25000 25000 25000 25000 ]
[ 24999 24999 24999 25000 25000 25000 25000 25000 25000 25000 ]
[ 24999 24999 24999 24999 25000 25000 25000 25000 25000 25000 ]
[ 24999 24999 24999 24999 24999 25000 25000 25000 25000 25000 ]
[ 24999 24999 24999 24999 24999 24999 25000 25000 25000 25000 ]
[ 24999 24999 24999 24999 24999 24999 24999 25000 25000 25000 ]
[ 24999 24999 24999 24999 24999 24999 24999 24999 25000 25000 ]
[ 24999 24999 24999 24999 24999 24999 24999 24999 24999 25000 ]
[ 24999 24999 24999 24999 24999 24999 24999 24999 24999 24999 ]
[ 24998 24999 24999 24999 24999 24999 24999 24999 24999 24999 ]
[ 24998 24998 24999 24999 24999 24999 24999 24999 24999 24999 ]
[ 24998 24998 24998 24999 24999 24999 24999 24999 24999 24999 ]
[ 24998 24998 24998 24998 24999 24999 24999 24999 24999 24999 ]
[ 24998 24998 24998 24998 24998 24999 24999 24999 24999 24999 ]
[ 24998 24998 24998 24998 24998 24998 24999 24999 24999 24999 ]
[ 24998 24998 24998 24998 24998 24998 24998 24999 24999 24999 ]
[ 24998 24998 24998 24998 24998 24998 24998 24998 24999 24999 ]
[ 24998 24998 24998 24998 24998 24998 24998 24998 24998 24999 ]

Running merge sort algorithm: 
Timer (sort): 44ms real	30ms user	10ms sys
The output is sorted!
[ 0 0 0 0 0 0 0 0 0 1 ]
[ 0 0 0 0 0 0 0 0 1 1 ]
[ 0 0 0 0 0 0 0 1 1 1 ]
[ 0 0 0 0 0 0 1 1 1 1 ]
[ 0 0 0 0 0 1 1 1 1 1 ]
[ 0 0 0 0 1 1 1 1 1 1 ]
[ 0 0 0 1 1 1 1 1 1 1 ]
[ 0 0 1 1 1 1 1 1 1 1 ]
[ 0 1 1 1 1 1 1 1 1 1 ]
[ 1 1 1 1 1 1 1 1 1 1 ]
[ 1 1 1 1 1 1 1 1 1 2 ]
[ 1 1 1 1 1 1 1 1 2 2 ]
[ 1 1 1 1 1 1 1 2 2 2 ]
[ 1 1 1 1 1 1 2 2 2 2 ]
[ 1 1 1 1 1 2 2 2 2 2 ]
[ 1 1 1 1 2 2 2 2 2 2 ]
[ 1 1 1 2 2 2 2 2 2 2 ]
[ 1 1 2 2 2 2 2 2 2 2 ]
[ 1 2 2 2 2 2 2 2 2 2 ]
[ 2 2 2 2 2 2 2 2 2 2 ]

Timer (generate): 10ms real	10ms user	0ms sys
[ 25000 25000 25000 25000 25000 25000 25000 25000 25000 25000 ]
[ 24999 25000 25000 25000 25000 25000 25000 25000 25000 25000 ]
[ 24999 24999 25000 25000 25000 25000 25000 25000 25000 25000 ]
[ 24999 24999 24999 25000 25000 25000 25000 25000 25000 25000 ]
[ 24999 24999 24999 24999 25000 25000 25000 25000 25000 25000 ]
[ 24999 24999 24999 24999 24999 25000 25000 25000 25000 25000 ]
[ 24999 24999 24999 24999 24999 24999 25000 25000 25000 25000 ]
[ 24999 24999 24999 24999 24999 24999 24999 25000 25000 25000 ]
[ 24999 24999 24999 24999 24999 24999 24999 24999 25000 25000 ]
[ 24999 24999 24999 24999 24999 24999 24999 24999 24999 25000 ]
[ 24999 24999 24999 24999 24999 24999 24999 24999 24999 24999 ]
[ 24998 24999 24999 24999 24999 24999 24999 24999 24999 24999 ]
[ 24998 24998 24999 24999 24999 24999 24999 24999 24999 24999 ]
[ 24998 24998 24998 24999 24999 24999 24999 24999 24999 24999 ]
[ 24998 24998 24998 24998 24999 24999 24999 24999 24999 24999 ]
[ 24998 24998 24998 24998 24998 24999 24999 24999 24999 24999 ]
[ 24998 24998 24998 24998 24998 24998 24999 24999 24999 24999 ]
[ 24998 24998 24998 24998 24998 24998 24998 24999 24999 24999 ]
[ 24998 24998 24998 24998 24998 24998 24998 24998 24999 24999 ]
[ 24998 24998 24998 24998 24998 24998 24998 24998 24998 24999 ]

Running merge sort algorithm: 
Timer (sort): 52ms real	30ms user	10ms sys
The output is sorted!
[ 0 0 0 0 0 0 0 0 0 1 ]
[ 0 0 0 0 0 0 0 0 1 1 ]
[ 0 0 0 0 0 0 0 1 1 1 ]
[ 0 0 0 0 0 0 1 1 1 1 ]
[ 0 0 0 0 0 1 1 1 1 1 ]
[ 0 0 0 0 1 1 1 1 1 1 ]
[ 0 0 0 1 1 1 1 1 1 1 ]
[ 0 0 1 1 1 1 1 1 1 1 ]
[ 0 1 1 1 1 1 1 1 1 1 ]
[ 1 1 1 1 1 1 1 1 1 1 ]
[ 1 1 1 1 1 1 1 1 1 2 ]
[ 1 1 1 1 1 1 1 1 2 2 ]
[ 1 1 1 1 1 1 1 2 2 2 ]
[ 1 1 1 1 1 1 2 2 2 2 ]
[ 1 1 1 1 1 2 2 2 2 2 ]
[ 1 1 1 1 2 2 2 2 2 2 ]
[ 1 1 1 2 2 2 2 2 2 2 ]
[ 1 1 2 2 2 2 2 2 2 2 ]
[ 1 2 2 2 2 2 2 2 2 2 ]
[ 2 2 2 2 2 2 2 2 2 2 ]

Timer (generate): 10ms real	10ms user	0ms sys
[ 25000 25000 25000 25000 25000 25000 25000 25000 25000 25000 ]
[ 24999 25000 25000 25000 25000 25000 25000 25000 25000 25000 ]
[ 24999 24999 25000 25000 25000 25000 25000 25000 25000 25000 ]
[ 24999 24999 24999 25000 25000 25000 25000 25000 25000 25000 ]
[ 24999 24999 24999 24999 25000 25000 25000 25000 25000 25000 ]
[ 24999 24999 24999 24999 24999 25000 25000 25000 25000 25000 ]
[ 24999 24999 24999 24999 24999 24999 25000 25000 25000 25000 ]
[ 24999 24999 24999 24999 24999 24999 24999 25000 25000 25000 ]
[ 24999 24999 24999 24999 24999 24999 24999 24999 25000 25000 ]
[ 24999 24999 24999 24999 24999 24999 24999 24999 24999 25000 ]
[ 24999 24999 24999 24999 24999 24999 24999 24999 24999 24999 ]
[ 24998 24999 24999 24999 24999 24999 24999 24999 24999 24999 ]
[ 24998 24998 24999 24999 24999 24999 24999 24999 24999 24999 ]
[ 24998 24998 24998 24999 24999 24999 24999 24999 24999 24999 ]
[ 24998 24998 24998 24998 24999 24999 24999 24999 24999 24999 ]
[ 24998 24998 24998 24998 24998 24999 24999 24999 24999 24999 ]
[ 24998 24998 24998 24998 24998 24998 24999 24999 24999 24999 ]
[ 24998 24998 24998 24998 24998 24998 24998 24999 24999 24999 ]
[ 24998 24998 24998 24998 24998 24998 24998 24998 24999 24999 ]
[ 24998 24998 24998 24998 24998 24998 24998 24998 24998 24999 ]

Running merge sort algorithm: 
Timer (sort): 42ms real	40ms user	0ms sys
The output is sorted!
[ 0 0 0 0 0 0 0 0 0 1 ]
[ 0 0 0 0 0 0 0 0 1 1 ]
[ 0 0 0 0 0 0 0 1 1 1 ]
[ 0 0 0 0 0 0 1 1 1 1 ]
[ 0 0 0 0 0 1 1 1 1 1 ]
[ 0 0 0 0 1 1 1 1 1 1 ]
[ 0 0 0 1 1 1 1 1 1 1 ]
[ 0 0 1 1 1 1 1 1 1 1 ]
[ 0 1 1 1 1 1 1 1 1 1 ]
[ 1 1 1 1 1 1 1 1 1 1 ]
[ 1 1 1 1 1 1 1 1 1 2 ]
[ 1 1 1 1 1 1 1 1 2 2 ]
[ 1 1 1 1 1 1 1 2 2 2 ]
[ 1 1 1 1 1 1 2 2 2 2 ]
[ 1 1 1 1 1 2 2 2 2 2 ]
[ 1 1 1 1 2 2 2 2 2 2 ]
[ 1 1 1 2 2 2 2 2 2 2 ]
[ 1 1 2 2 2 2 2 2 2 2 ]
[ 1 2 2 2 2 2 2 2 2 2 ]
[ 2 2 2 2 2 2 2 2 2 2 ]

Timer (generate): 11ms real	0ms user	10ms sys
[ 25000 25000 25000 25000 25000 25000 25000 25000 25000 25000 ]
[ 24999 25000 25000 25000 25000 25000 25000 25000 25000 25000 ]
[ 24999 24999 25000 25000 25000 25000 25000 25000 25000 25000 ]
[ 24999 24999 24999 25000 25000 25000 25000 25000 25000 25000 ]
[ 24999 24999 24999 24999 25000 25000 25000 25000 25000 25000 ]
[ 24999 24999 24999 24999 24999 25000 25000 25000 25000 25000 ]
[ 24999 24999 24999 24999 24999 24999 25000 25000 25000 25000 ]
[ 24999 24999 24999 24999 24999 24999 24999 25000 25000 25000 ]
[ 24999 24999 24999 24999 24999 24999 24999 24999 25000 25000 ]
[ 24999 24999 24999 24999 24999 24999 24999 24999 24999 25000 ]
[ 24999 24999 24999 24999 24999 24999 24999 24999 24999 24999 ]
[ 24998 24999 24999 24999 24999 24999 24999 24999 24999 24999 ]
[ 24998 24998 24999 24999 24999 24999 24999 24999 24999 24999 ]
[ 24998 24998 24998 24999 24999 24999 24999 24999 24999 24999 ]
[ 24998 24998 24998 24998 24999 24999 24999 24999 24999 24999 ]
[ 24998 24998 24998 24998 24998 24999 24999 24999 24999 24999 ]
[ 24998 24998 24998 24998 24998 24998 24999 24999 24999 24999 ]
[ 24998 24998 24998 24998 24998 24998 24998 24999 24999 24999 ]
[ 24998 24998 24998 24998 24998 24998 24998 24998 24999 24999 ]
[ 24998 24998 24998 24998 24998 24998 24998 24998 24998 24999 ]

Running merge sort algorithm: 
Timer (sort): 42ms real	30ms user	10ms sys
The output is sorted!
[ 0 0 0 0 0 0 0 0 0 1 ]
[ 0 0 0 0 0 0 0 0 1 1 ]
[ 0 0 0 0 0 0 0 1 1 1 ]
[ 0 0 0 0 0 0 1 1 1 1 ]
[ 0 0 0 0 0 1 1 1 1 1 ]
[ 0 0 0 0 1 1 1 1 1 1 ]
[ 0 0 0 1 1 1 1 1 1 1 ]
[ 0 0 1 1 1 1 1 1 1 1 ]
[ 0 1 1 1 1 1 1 1 1 1 ]
[ 1 1 1 1 1 1 1 1 1 1 ]
[ 1 1 1 1 1 1 1 1 1 2 ]
[ 1 1 1 1 1 1 1 1 2 2 ]
[ 1 1 1 1 1 1 1 2 2 2 ]
[ 1 1 1 1 1 1 2 2 2 2 ]
[ 1 1 1 1 1 2 2 2 2 2 ]
[ 1 1 1 1 2 2 2 2 2 2 ]
[ 1 1 1 2 2 2 2 2 2 2 ]
[ 1 1 2 2 2 2 2 2 2 2 ]
[ 1 2 2 2 2 2 2 2 2 2 ]
[ 2 2 2 2 2 2 2 2 2 2 ]

Timer (generate): 9ms real	10ms user	0ms sys
[ 25000 25000 25000 25000 25000 25000 25000 25000 25000 25000 ]
[ 24999 25000 25000 25000 25000 25000 25000 25000 25000 25000 ]
[ 24999 24999 25000 25000 25000 25000 25000 25000 25000 25000 ]
[ 24999 24999 24999 25000 25000 25000 25000 25000 25000 25000 ]
[ 24999 24999 24999 24999 25000 25000 25000 25000 25000 25000 ]
[ 24999 24999 24999 24999 24999 25000 25000 25000 25000 25000 ]
[ 24999 24999 24999 24999 24999 24999 25000 25000 25000 25000 ]
[ 24999 24999 24999 24999 24999 24999 24999 25000 25000 25000 ]
[ 24999 24999 24999 24999 24999 24999 24999 24999 25000 25000 ]
[ 24999 24999 24999 24999 24999 24999 24999 24999 24999 25000 ]
[ 24999 24999 24999 24999 24999 24999 24999 24999 24999 24999 ]
[ 24998 24999 24999 24999 24999 24999 24999 24999 24999 24999 ]
[ 24998 24998 24999 24999 24999 24999 24999 24999 24999 24999 ]
[ 24998 24998 24998 24999 24999 24999 24999 24999 24999 24999 ]
[ 24998 24998 24998 24998 24999 24999 24999 24999 24999 24999 ]
[ 24998 24998 24998 24998 24998 24999 24999 24999 24999 24999 ]
[ 24998 24998 24998 24998 24998 24998 24999 24999 24999 24999 ]
[ 24998 24998 24998 24998 24998 24998 24998 24999 24999 24999 ]
[ 24998 24998 24998 24998 24998 24998 24998 24998 24999 24999 ]
[ 24998 24998 24998 24998 24998 24998 24998 24998 24998 24999 ]

Running merge sort algorithm: 
Timer (sort): 49ms real	10ms user	20ms sys
The output is sorted!
[ 0 0 0 0 0 0 0 0 0 1 ]
[ 0 0 0 0 0 0 0 0 1 1 ]
[ 0 0 0 0 0 0 0 1 1 1 ]
[ 0 0 0 0 0 0 1 1 1 1 ]
[ 0 0 0 0 0 1 1 1 1 1 ]
[ 0 0 0 0 1 1 1 1 1 1 ]
[ 0 0 0 1 1 1 1 1 1 1 ]
[ 0 0 1 1 1 1 1 1 1 1 ]
[ 0 1 1 1 1 1 1 1 1 1 ]
[ 1 1 1 1 1 1 1 1 1 1 ]
[ 1 1 1 1 1 1 1 1 1 2 ]
[ 1 1 1 1 1 1 1 1 2 2 ]
[ 1 1 1 1 1 1 1 2 2 2 ]
[ 1 1 1 1 1 1 2 2 2 2 ]
[ 1 1 1 1 1 2 2 2 2 2 ]
[ 1 1 1 1 2 2 2 2 2 2 ]
[ 1 1 1 2 2 2 2 2 2 2 ]
[ 1 1 2 2 2 2 2 2 2 2 ]
[ 1 2 2 2 2 2 2 2 2 2 ]
[ 2 2 2 2 2 2 2 2 2 2 ]

Timer (generate): 10ms real	10ms user	0ms sys
[ 25000 25000 25000 25000 25000 25000 25000 25000 25000 25000 ]
[ 24999 25000 25000 25000 25000 25000 25000 25000 25000 25000 ]
[ 24999 24999 25000 25000 25000 25000 25000 25000 25000 25000 ]
[ 24999 24999 24999 25000 25000 25000 25000 25000 25000 25000 ]
[ 24999 24999 24999 24999 25000 25000 25000 25000 25000 25000 ]
[ 24999 24999 24999 24999 24999 25000 25000 25000 25000 25000 ]
[ 24999 24999 24999 24999 24999 24999 25000 25000 25000 25000 ]
[ 24999 24999 24999 24999 24999 24999 24999 25000 25000 25000 ]
[ 24999 24999 24999 24999 24999 24999 24999 24999 25000 25000 ]
[ 24999 24999 24999 24999 24999 24999 24999 24999 24999 25000 ]
[ 24999 24999 24999 24999 24999 24999 24999 24999 24999 24999 ]
[ 24998 24999 24999 24999 24999 24999 24999 24999 24999 24999 ]
[ 24998 24998 24999 24999 24999 24999 24999 24999 24999 24999 ]
[ 24998 24998 24998 24999 24999 24999 24999 24999 24999 24999 ]
[ 24998 24998 24998 24998 24999 24999 24999 24999 24999 24999 ]
[ 24998 24998 24998 24998 24998 24999 24999 24999 24999 24999 ]
[ 24998 24998 24998 24998 24998 24998 24999 24999 24999 24999 ]
[ 24998 24998 24998 24998 24998 24998 24998 24999 24999 24999 ]
[ 24998 24998 24998 24998 24998 24998 24998 24998 24999 24999 ]
[ 24998 24998 24998 24998 24998 24998 24998 24998 24998 24999 ]

Running merge sort algorithm: 
Timer (sort): 42ms real	30ms user	10ms sys
The output is sorted!
[ 0 0 0 0 0 0 0 0 0 1 ]
[ 0 0 0 0 0 0 0 0 1 1 ]
[ 0 0 0 0 0 0 0 1 1 1 ]
[ 0 0 0 0 0 0 1 1 1 1 ]
[ 0 0 0 0 0 1 1 1 1 1 ]
[ 0 0 0 0 1 1 1 1 1 1 ]
[ 0 0 0 1 1 1 1 1 1 1 ]
[ 0 0 1 1 1 1 1 1 1 1 ]
[ 0 1 1 1 1 1 1 1 1 1 ]
[ 1 1 1 1 1 1 1 1 1 1 ]
[ 1 1 1 1 1 1 1 1 1 2 ]
[ 1 1 1 1 1 1 1 1 2 2 ]
[ 1 1 1 1 1 1 1 2 2 2 ]
[ 1 1 1 1 1 1 2 2 2 2 ]
[ 1 1 1 1 1 2 2 2 2 2 ]
[ 1 1 1 1 2 2 2 2 2 2 ]
[ 1 1 1 2 2 2 2 2 2 2 ]
[ 1 1 2 2 2 2 2 2 2 2 ]
[ 1 2 2 2 2 2 2 2 2 2 ]
[ 2 2 2 2 2 2 2 2 2 2 ]

Timer (generate): 9ms real	10ms user	0ms sys
[ 25000 25000 25000 25000 25000 25000 25000 25000 25000 25000 ]
[ 24999 25000 25000 25000 25000 25000 25000 25000 25000 25000 ]
[ 24999 24999 25000 25000 25000 25000 25000 25000 25000 25000 ]
[ 24999 24999 24999 25000 25000 25000 25000 25000 25000 25000 ]
[ 24999 24999 24999 24999 25000 25000 25000 25000 25000 25000 ]
[ 24999 24999 24999 24999 24999 25000 25000 25000 25000 25000 ]
[ 24999 24999 24999 24999 24999 24999 25000 25000 25000 25000 ]
[ 24999 24999 24999 24999 24999 24999 24999 25000 25000 25000 ]
[ 24999 24999 24999 24999 24999 24999 24999 24999 25000 25000 ]
[ 24999 24999 24999 24999 24999 24999 24999 24999 24999 25000 ]
[ 24999 24999 24999 24999 24999 24999 24999 24999 24999 24999 ]
[ 24998 24999 24999 24999 24999 24999 24999 24999 24999 24999 ]
[ 24998 24998 24999 24999 24999 24999 24999 24999 24999 24999 ]
[ 24998 24998 24998 24999 24999 24999 24999 24999 24999 24999 ]
[ 24998 24998 24998 24998 24999 24999 24999 24999 24999 24999 ]
[ 24998 24998 24998 24998 24998 24999 24999 24999 24999 24999 ]
[ 24998 24998 24998 24998 24998 24998 24999 24999 24999 24999 ]
[ 24998 24998 24998 24998 24998 24998 24998 24999 24999 24999 ]
[ 24998 24998 24998 24998 24998 24998 24998 24998 24999 24999 ]
[ 24998 24998 24998 24998 24998 24998 24998 24998 24998 24999 ]

Running merge sort algorithm: 
Timer (sort): 46ms real	40ms user	0ms sys
The output is sorted!
[ 0 0 0 0 0 0 0 0 0 1 ]
[ 0 0 0 0 0 0 0 0 1 1 ]
[ 0 0 0 0 0 0 0 1 1 1 ]
[ 0 0 0 0 0 0 1 1 1 1 ]
[ 0 0 0 0 0 1 1 1 1 1 ]
[ 0 0 0 0 1 1 1 1 1 1 ]
[ 0 0 0 1 1 1 1 1 1 1 ]
[ 0 0 1 1 1 1 1 1 1 1 ]
[ 0 1 1 1 1 1 1 1 1 1 ]
[ 1 1 1 1 1 1 1 1 1 1 ]
[ 1 1 1 1 1 1 1 1 1 2 ]
[ 1 1 1 1 1 1 1 1 2 2 ]
[ 1 1 1 1 1 1 1 2 2 2 ]
[ 1 1 1 1 1 1 2 2 2 2 ]
[ 1 1 1 1 1 2 2 2 2 2 ]
[ 1 1 1 1 2 2 2 2 2 2 ]
[ 1 1 1 2 2 2 2 2 2 2 ]
[ 1 1 2 2 2 2 2 2 2 2 ]
[ 1 2 2 2 2 2 2 2 2 2 ]
[ 2 2 2 2 2 2 2 2 2 2 ]

Timer (generate): 10ms real	0ms user	0ms sys
[ 25000 25000 25000 25000 25000 25000 25000 25000 25000 25000 ]
[ 24999 25000 25000 25000 25000 25000 25000 25000 25000 25000 ]
[ 24999 24999 25000 25000 25000 25000 25000 25000 25000 25000 ]
[ 24999 24999 24999 25000 25000 25000 25000 25000 25000 25000 ]
[ 24999 24999 24999 24999 25000 25000 25000 25000 25000 25000 ]
[ 24999 24999 24999 24999 24999 25000 25000 25000 25000 25000 ]
[ 24999 24999 24999 24999 24999 24999 25000 25000 25000 25000 ]
[ 24999 24999 24999 24999 24999 24999 24999 25000 25000 25000 ]
[ 24999 24999 24999 24999 24999 24999 24999 24999 25000 25000 ]
[ 24999 24999 24999 24999 24999 24999 24999 24999 24999 25000 ]
[ 24999 24999 24999 24999 24999 24999 24999 24999 24999 24999 ]
[ 24998 24999 24999 24999 24999 24999 24999 24999 24999 24999 ]
[ 24998 24998 24999 24999 24999 24999 24999 24999 24999 24999 ]
[ 24998 24998 24998 24999 24999 24999 24999 24999 24999 24999 ]
[ 24998 24998 24998 24998 24999 24999 24999 24999 24999 24999 ]
[ 24998 24998 24998 24998 24998 24999 24999 24999 24999 24999 ]
[ 24998 24998 24998 24998 24998 24998 24999 24999 24999 24999 ]
[ 24998 24998 24998 24998 24998 24998 24998 24999 24999 24999 ]
[ 24998 24998 24998 24998 24998 24998 24998 24998 24999 24999 ]
[ 24998 24998 24998 24998 24998 24998 24998 24998 24998 24999 ]

Running merge sort algorithm: 
Timer (sort): 45ms real	40ms user	0ms sys
The output is sorted!
[ 0 0 0 0 0 0 0 0 0 1 ]
[ 0 0 0 0 0 0 0 0 1 1 ]
[ 0 0 0 0 0 0 0 1 1 1 ]
[ 0 0 0 0 0 0 1 1 1 1 ]
[ 0 0 0 0 0 1 1 1 1 1 ]
[ 0 0 0 0 1 1 1 1 1 1 ]
[ 0 0 0 1 1 1 1 1 1 1 ]
[ 0 0 1 1 1 1 1 1 1 1 ]
[ 0 1 1 1 1 1 1 1 1 1 ]
[ 1 1 1 1 1 1 1 1 1 1 ]
[ 1 1 1 1 1 1 1 1 1 2 ]
[ 1 1 1 1 1 1 1 1 2 2 ]
[ 1 1 1 1 1 1 1 2 2 2 ]
[ 1 1 1 1 1 1 2 2 2 2 ]
[ 1 1 1 1 1 2 2 2 2 2 ]
[ 1 1 1 1 2 2 2 2 2 2 ]
[ 1 1 1 2 2 2 2 2 2 2 ]
[ 1 1 2 2 2 2 2 2 2 2 ]
[ 1 2 2 2 2 2 2 2 2 2 ]
[ 2 2 2 2 2 2 2 2 2 2 ]

Timer (generate): 10ms real	0ms user	0ms sys
[ 25000 25000 25000 25000 25000 25000 25000 25000 25000 25000 ]
[ 24999 25000 25000 25000 25000 25000 25000 25000 25000 25000 ]
[ 24999 24999 25000 25000 25000 25000 25000 25000 25000 25000 ]
[ 24999 24999 24999 25000 25000 25000 25000 25000 25000 25000 ]
[ 24999 24999 24999 24999 25000 25000 25000 25000 25000 25000 ]
[ 24999 24999 24999 24999 24999 25000 25000 25000 25000 25000 ]
[ 24999 24999 24999 24999 24999 24999 25000 25000 25000 25000 ]
[ 24999 24999 24999 24999 24999 24999 24999 25000 25000 25000 ]
[ 24999 24999 24999 24999 24999 24999 24999 24999 25000 25000 ]
[ 24999 24999 24999 24999 24999 24999 24999 24999 24999 25000 ]
[ 24999 24999 24999 24999 24999 24999 24999 24999 24999 24999 ]
[ 24998 24999 24999 24999 24999 24999 24999 24999 24999 24999 ]
[ 24998 24998 24999 24999 24999 24999 24999 24999 24999 24999 ]
[ 24998 24998 24998 24999 24999 24999 24999 24999 24999 24999 ]
[ 24998 24998 24998 24998 24999 24999 24999 24999 24999 24999 ]
[ 24998 24998 24998 24998 24998 24999 24999 24999 24999 24999 ]
[ 24998 24998 24998 24998 24998 24998 24999 24999 24999 24999 ]
[ 24998 24998 24998 24998 24998 24998 24998 24999 24999 24999 ]
[ 24998 24998 24998 24998 24998 24998 24998 24998 24999 24999 ]
[ 24998 24998 24998 24998 24998 24998 24998 24998 24998 24999 ]

Running merge sort algorithm: 
Timer (sort): 47ms real	20ms user	10ms sys
The output is sorted!
[ 0 0 0 0 0 0 0 0 0 1 ]
[ 0 0 0 0 0 0 0 0 1 1 ]
[ 0 0 0 0 0 0 0 1 1 1 ]
[ 0 0 0 0 0 0 1 1 1 1 ]
[ 0 0 0 0 0 1 1 1 1 1 ]
[ 0 0 0 0 1 1 1 1 1 1 ]
[ 0 0 0 1 1 1 1 1 1 1 ]
[ 0 0 1 1 1 1 1 1 1 1 ]
[ 0 1 1 1 1 1 1 1 1 1 ]
[ 1 1 1 1 1 1 1 1 1 1 ]
[ 1 1 1 1 1 1 1 1 1 2 ]
[ 1 1 1 1 1 1 1 1 2 2 ]
[ 1 1 1 1 1 1 1 2 2 2 ]
[ 1 1 1 1 1 1 2 2 2 2 ]
[ 1 1 1 1 1 2 2 2 2 2 ]
[ 1 1 1 1 2 2 2 2 2 2 ]
[ 1 1 1 2 2 2 2 2 2 2 ]
[ 1 1 2 2 2 2 2 2 2 2 ]
[ 1 2 2 2 2 2 2 2 2 2 ]
[ 2 2 2 2 2 2 2 2 2 2 ]

Timer (generate): 11ms real	0ms user	0ms sys
[ 25000 25000 25000 25000 25000 25000 25000 25000 25000 25000 ]
[ 24999 25000 25000 25000 25000 25000 25000 25000 25000 25000 ]
[ 24999 24999 25000 25000 25000 25000 25000 25000 25000 25000 ]
[ 24999 24999 24999 25000 25000 25000 25000 25000 25000 25000 ]
[ 24999 24999 24999 24999 25000 25000 25000 25000 25000 25000 ]
[ 24999 24999 24999 24999 24999 25000 25000 25000 25000 25000 ]
[ 24999 24999 24999 24999 24999 24999 25000 25000 25000 25000 ]
[ 24999 24999 24999 24999 24999 24999 24999 25000 25000 25000 ]
[ 24999 24999 24999 24999 24999 24999 24999 24999 25000 25000 ]
[ 24999 24999 24999 24999 24999 24999 24999 24999 24999 25000 ]
[ 24999 24999 24999 24999 24999 24999 24999 24999 24999 24999 ]
[ 24998 24999 24999 24999 24999 24999 24999 24999 24999 24999 ]
[ 24998 24998 24999 24999 24999 24999 24999 24999 24999 24999 ]
[ 24998 24998 24998 24999 24999 24999 24999 24999 24999 24999 ]
[ 24998 24998 24998 24998 24999 24999 24999 24999 24999 24999 ]
[ 24998 24998 24998 24998 24998 24999 24999 24999 24999 24999 ]
[ 24998 24998 24998 24998 24998 24998 24999 24999 24999 24999 ]
[ 24998 24998 24998 24998 24998 24998 24998 24999 24999 24999 ]
[ 24998 24998 24998 24998 24998 24998 24998 24998 24999 24999 ]
[ 24998 24998 24998 24998 24998 24998 24998 24998 24998 24999 ]

Running merge sort algorithm: 
Timer (sort): 39ms real	30ms user	10ms sys
The output is sorted!
[ 0 0 0 0 0 0 0 0 0 1 ]
[ 0 0 0 0 0 0 0 0 1 1 ]
[ 0 0 0 0 0 0 0 1 1 1 ]
[ 0 0 0 0 0 0 1 1 1 1 ]
[ 0 0 0 0 0 1 1 1 1 1 ]
[ 0 0 0 0 1 1 1 1 1 1 ]
[ 0 0 0 1 1 1 1 1 1 1 ]
[ 0 0 1 1 1 1 1 1 1 1 ]
[ 0 1 1 1 1 1 1 1 1 1 ]
[ 1 1 1 1 1 1 1 1 1 1 ]
[ 1 1 1 1 1 1 1 1 1 2 ]
[ 1 1 1 1 1 1 1 1 2 2 ]
[ 1 1 1 1 1 1 1 2 2 2 ]
[ 1 1 1 1 1 1 2 2 2 2 ]
[ 1 1 1 1 1 2 2 2 2 2 ]
[ 1 1 1 1 2 2 2 2 2 2 ]
[ 1 1 1 2 2 2 2 2 2 2 ]
[ 1 1 2 2 2 2 2 2 2 2 ]
[ 1 2 2 2 2 2 2 2 2 2 ]
[ 2 2 2 2 2 2 2 2 2 2 ]

