Timer (generate): 86ms real	70ms user	0ms sys
[ 40000 40000 40000 40000 40000 40000 40000 40000 40000 40000 40000 40000 40000 40000 40000 40000 40000 40000 40000 40000 40000 40000 40000 40000 40000 ]
[ 39999 40000 40000 40000 40000 40000 40000 40000 40000 40000 40000 40000 40000 40000 40000 40000 40000 40000 40000 40000 40000 40000 40000 40000 40000 ]
[ 39999 39999 40000 40000 40000 40000 40000 40000 40000 40000 40000 40000 40000 40000 40000 40000 40000 40000 40000 40000 40000 40000 40000 40000 40000 ]
[ 39999 39999 39999 40000 40000 40000 40000 40000 40000 40000 40000 40000 40000 40000 40000 40000 40000 40000 40000 40000 40000 40000 40000 40000 40000 ]
[ 39999 39999 39999 39999 40000 40000 40000 40000 40000 40000 40000 40000 40000 40000 40000 40000 40000 40000 40000 40000 40000 40000 40000 40000 40000 ]
[ 39999 39999 39999 39999 39999 40000 40000 40000 40000 40000 40000 40000 40000 40000 40000 40000 40000 40000 40000 40000 40000 40000 40000 40000 40000 ]
[ 39999 39999 39999 39999 39999 39999 40000 40000 40000 40000 40000 40000 40000 40000 40000 40000 40000 40000 40000 40000 40000 40000 40000 40000 40000 ]
[ 39999 39999 39999 39999 39999 39999 39999 40000 40000 40000 40000 40000 40000 40000 40000 40000 40000 40000 40000 40000 40000 40000 40000 40000 40000 ]
[ 39999 39999 39999 39999 39999 39999 39999 39999 40000 40000 40000 40000 40000 40000 40000 40000 40000 40000 40000 40000 40000 40000 40000 40000 40000 ]
[ 39999 39999 39999 39999 39999 39999 39999 39999 39999 40000 40000 40000 40000 40000 40000 40000 40000 40000 40000 40000 40000 40000 40000 40000 40000 ]
[ 39999 39999 39999 39999 39999 39999 39999 39999 39999 39999 40000 40000 40000 40000 40000 40000 40000 40000 40000 40000 40000 40000 40000 40000 40000 ]
[ 39999 39999 39999 39999 39999 39999 39999 39999 39999 39999 39999 40000 40000 40000 40000 40000 40000 40000 40000 40000 40000 40000 40000 40000 40000 ]
[ 39999 39999 39999 39999 39999 39999 39999 39999 39999 39999 39999 39999 40000 40000 40000 40000 40000 40000 40000 40000 40000 40000 40000 40000 40000 ]
[ 39999 39999 39999 39999 39999 39999 39999 39999 39999 39999 39999 39999 39999 40000 40000 40000 40000 40000 40000 40000 40000 40000 40000 40000 40000 ]
[ 39999 39999 39999 39999 39999 39999 39999 39999 39999 39999 39999 39999 39999 39999 40000 40000 40000 40000 40000 40000 40000 40000 40000 40000 40000 ]
[ 39999 39999 39999 39999 39999 39999 39999 39999 39999 39999 39999 39999 39999 39999 39999 40000 40000 40000 40000 40000 40000 40000 40000 40000 40000 ]
[ 39999 39999 39999 39999 39999 39999 39999 39999 39999 39999 39999 39999 39999 39999 39999 39999 40000 40000 40000 40000 40000 40000 40000 40000 40000 ]
[ 39999 39999 39999 39999 39999 39999 39999 39999 39999 39999 39999 39999 39999 39999 39999 39999 39999 40000 40000 40000 40000 40000 40000 40000 40000 ]
[ 39999 39999 39999 39999 39999 39999 39999 39999 39999 39999 39999 39999 39999 39999 39999 39999 39999 39999 40000 40000 40000 40000 40000 40000 40000 ]
[ 39999 39999 39999 39999 39999 39999 39999 39999 39999 39999 39999 39999 39999 39999 39999 39999 39999 39999 39999 40000 40000 40000 40000 40000 40000 ]

Running merge sort algorithm: 
Timer (sort): 228ms real	180ms user	50ms sys
The output is sorted!
[ 0 0 0 0 0 0 0 0 0 0 0 0 0 0 0 0 0 0 0 0 0 0 0 0 1 ]
[ 0 0 0 0 0 0 0 0 0 0 0 0 0 0 0 0 0 0 0 0 0 0 0 1 1 ]
[ 0 0 0 0 0 0 0 0 0 0 0 0 0 0 0 0 0 0 0 0 0 0 1 1 1 ]
[ 0 0 0 0 0 0 0 0 0 0 0 0 0 0 0 0 0 0 0 0 0 1 1 1 1 ]
[ 0 0 0 0 0 0 0 0 0 0 0 0 0 0 0 0 0 0 0 0 1 1 1 1 1 ]
[ 0 0 0 0 0 0 0 0 0 0 0 0 0 0 0 0 0 0 0 1 1 1 1 1 1 ]
[ 0 0 0 0 0 0 0 0 0 0 0 0 0 0 0 0 0 0 1 1 1 1 1 1 1 ]
[ 0 0 0 0 0 0 0 0 0 0 0 0 0 0 0 0 0 1 1 1 1 1 1 1 1 ]
[ 0 0 0 0 0 0 0 0 0 0 0 0 0 0 0 0 1 1 1 1 1 1 1 1 1 ]
[ 0 0 0 0 0 0 0 0 0 0 0 0 0 0 0 1 1 1 1 1 1 1 1 1 1 ]
[ 0 0 0 0 0 0 0 0 0 0 0 0 0 0 1 1 1 1 1 1 1 1 1 1 1 ]
[ 0 0 0 0 0 0 0 0 0 0 0 0 0 1 1 1 1 1 1 1 1 1 1 1 1 ]
[ 0 0 0 0 0 0 0 0 0 0 0 0 1 1 1 1 1 1 1 1 1 1 1 1 1 ]
[ 0 0 0 0 0 0 0 0 0 0 0 1 1 1 1 1 1 1 1 1 1 1 1 1 1 ]
[ 0 0 0 0 0 0 0 0 0 0 1 1 1 1 1 1 1 1 1 1 1 1 1 1 1 ]
[ 0 0 0 0 0 0 0 0 0 1 1 1 1 1 1 1 1 1 1 1 1 1 1 1 1 ]
[ 0 0 0 0 0 0 0 0 1 1 1 1 1 1 1 1 1 1 1 1 1 1 1 1 1 ]
[ 0 0 0 0 0 0 0 1 1 1 1 1 1 1 1 1 1 1 1 1 1 1 1 1 1 ]
[ 0 0 0 0 0 0 1 1 1 1 1 1 1 1 1 1 1 1 1 1 1 1 1 1 1 ]
[ 0 0 0 0 0 1 1 1 1 1 1 1 1 1 1 1 1 1 1 1 1 1 1 1 1 ]

Timer (generate): 81ms real	80ms user	0ms sys
[ 40000 40000 40000 40000 40000 40000 40000 40000 40000 40000 40000 40000 40000 40000 40000 40000 40000 40000 40000 40000 40000 40000 40000 40000 40000 ]
[ 39999 40000 40000 40000 40000 40000 40000 40000 40000 40000 40000 40000 40000 40000 40000 40000 40000 40000 40000 40000 40000 40000 40000 40000 40000 ]
[ 39999 39999 40000 40000 40000 40000 40000 40000 40000 40000 40000 40000 40000 40000 40000 40000 40000 40000 40000 40000 40000 40000 40000 40000 40000 ]
[ 39999 39999 39999 40000 40000 40000 40000 40000 40000 40000 40000 40000 40000 40000 40000 40000 40000 40000 40000 40000 40000 40000 40000 40000 40000 ]
[ 39999 39999 39999 39999 40000 40000 40000 40000 40000 40000 40000 40000 40000 40000 40000 40000 40000 40000 40000 40000 40000 40000 40000 40000 40000 ]
[ 39999 39999 39999 39999 39999 40000 40000 40000 40000 40000 40000 40000 40000 40000 40000 40000 40000 40000 40000 40000 40000 40000 40000 40000 40000 ]
[ 39999 39999 39999 39999 39999 39999 40000 40000 40000 40000 40000 40000 40000 40000 40000 40000 40000 40000 40000 40000 40000 40000 40000 40000 40000 ]
[ 39999 39999 39999 39999 39999 39999 39999 40000 40000 40000 40000 40000 40000 40000 40000 40000 40000 40000 40000 40000 40000 40000 40000 40000 40000 ]
[ 39999 39999 39999 39999 39999 39999 39999 39999 40000 40000 40000 40000 40000 40000 40000 40000 40000 40000 40000 40000 40000 40000 40000 40000 40000 ]
[ 39999 39999 39999 39999 39999 39999 39999 39999 39999 40000 40000 40000 40000 40000 40000 40000 40000 40000 40000 40000 40000 40000 40000 40000 40000 ]
[ 39999 39999 39999 39999 39999 39999 39999 39999 39999 39999 40000 40000 40000 40000 40000 40000 40000 40000 40000 40000 40000 40000 40000 40000 40000 ]
[ 39999 39999 39999 39999 39999 39999 39999 39999 39999 39999 39999 40000 40000 40000 40000 40000 40000 40000 40000 40000 40000 40000 40000 40000 40000 ]
[ 39999 39999 39999 39999 39999 39999 39999 39999 39999 39999 39999 39999 40000 40000 40000 40000 40000 40000 40000 40000 40000 40000 40000 40000 40000 ]
[ 39999 39999 39999 39999 39999 39999 39999 39999 39999 39999 39999 39999 39999 40000 40000 40000 40000 40000 40000 40000 40000 40000 40000 40000 40000 ]
[ 39999 39999 39999 39999 39999 39999 39999 39999 39999 39999 39999 39999 39999 39999 40000 40000 40000 40000 40000 40000 40000 40000 40000 40000 40000 ]
[ 39999 39999 39999 39999 39999 39999 39999 39999 39999 39999 39999 39999 39999 39999 39999 40000 40000 40000 40000 40000 40000 40000 40000 40000 40000 ]
[ 39999 39999 39999 39999 39999 39999 39999 39999 39999 39999 39999 39999 39999 39999 39999 39999 40000 40000 40000 40000 40000 40000 40000 40000 40000 ]
[ 39999 39999 39999 39999 39999 39999 39999 39999 39999 39999 39999 39999 39999 39999 39999 39999 39999 40000 40000 40000 40000 40000 40000 40000 40000 ]
[ 39999 39999 39999 39999 39999 39999 39999 39999 39999 39999 39999 39999 39999 39999 39999 39999 39999 39999 40000 40000 40000 40000 40000 40000 40000 ]
[ 39999 39999 39999 39999 39999 39999 39999 39999 39999 39999 39999 39999 39999 39999 39999 39999 39999 39999 39999 40000 40000 40000 40000 40000 40000 ]

Running merge sort algorithm: 
Timer (sort): 222ms real	200ms user	10ms sys
The output is sorted!
[ 0 0 0 0 0 0 0 0 0 0 0 0 0 0 0 0 0 0 0 0 0 0 0 0 1 ]
[ 0 0 0 0 0 0 0 0 0 0 0 0 0 0 0 0 0 0 0 0 0 0 0 1 1 ]
[ 0 0 0 0 0 0 0 0 0 0 0 0 0 0 0 0 0 0 0 0 0 0 1 1 1 ]
[ 0 0 0 0 0 0 0 0 0 0 0 0 0 0 0 0 0 0 0 0 0 1 1 1 1 ]
[ 0 0 0 0 0 0 0 0 0 0 0 0 0 0 0 0 0 0 0 0 1 1 1 1 1 ]
[ 0 0 0 0 0 0 0 0 0 0 0 0 0 0 0 0 0 0 0 1 1 1 1 1 1 ]
[ 0 0 0 0 0 0 0 0 0 0 0 0 0 0 0 0 0 0 1 1 1 1 1 1 1 ]
[ 0 0 0 0 0 0 0 0 0 0 0 0 0 0 0 0 0 1 1 1 1 1 1 1 1 ]
[ 0 0 0 0 0 0 0 0 0 0 0 0 0 0 0 0 1 1 1 1 1 1 1 1 1 ]
[ 0 0 0 0 0 0 0 0 0 0 0 0 0 0 0 1 1 1 1 1 1 1 1 1 1 ]
[ 0 0 0 0 0 0 0 0 0 0 0 0 0 0 1 1 1 1 1 1 1 1 1 1 1 ]
[ 0 0 0 0 0 0 0 0 0 0 0 0 0 1 1 1 1 1 1 1 1 1 1 1 1 ]
[ 0 0 0 0 0 0 0 0 0 0 0 0 1 1 1 1 1 1 1 1 1 1 1 1 1 ]
[ 0 0 0 0 0 0 0 0 0 0 0 1 1 1 1 1 1 1 1 1 1 1 1 1 1 ]
[ 0 0 0 0 0 0 0 0 0 0 1 1 1 1 1 1 1 1 1 1 1 1 1 1 1 ]
[ 0 0 0 0 0 0 0 0 0 1 1 1 1 1 1 1 1 1 1 1 1 1 1 1 1 ]
[ 0 0 0 0 0 0 0 0 1 1 1 1 1 1 1 1 1 1 1 1 1 1 1 1 1 ]
[ 0 0 0 0 0 0 0 1 1 1 1 1 1 1 1 1 1 1 1 1 1 1 1 1 1 ]
[ 0 0 0 0 0 0 1 1 1 1 1 1 1 1 1 1 1 1 1 1 1 1 1 1 1 ]
[ 0 0 0 0 0 1 1 1 1 1 1 1 1 1 1 1 1 1 1 1 1 1 1 1 1 ]

Timer (generate): 81ms real	40ms user	40ms sys
[ 40000 40000 40000 40000 40000 40000 40000 40000 40000 40000 40000 40000 40000 40000 40000 40000 40000 40000 40000 40000 40000 40000 40000 40000 40000 ]
[ 39999 40000 40000 40000 40000 40000 40000 40000 40000 40000 40000 40000 40000 40000 40000 40000 40000 40000 40000 40000 40000 40000 40000 40000 40000 ]
[ 39999 39999 40000 40000 40000 40000 40000 40000 40000 40000 40000 40000 40000 40000 40000 40000 40000 40000 40000 40000 40000 40000 40000 40000 40000 ]
[ 39999 39999 39999 40000 40000 40000 40000 40000 40000 40000 40000 40000 40000 40000 40000 40000 40000 40000 40000 40000 40000 40000 40000 40000 40000 ]
[ 39999 39999 39999 39999 40000 40000 40000 40000 40000 40000 40000 40000 40000 40000 40000 40000 40000 40000 40000 40000 40000 40000 40000 40000 40000 ]
[ 39999 39999 39999 39999 39999 40000 40000 40000 40000 40000 40000 40000 40000 40000 40000 40000 40000 40000 40000 40000 40000 40000 40000 40000 40000 ]
[ 39999 39999 39999 39999 39999 39999 40000 40000 40000 40000 40000 40000 40000 40000 40000 40000 40000 40000 40000 40000 40000 40000 40000 40000 40000 ]
[ 39999 39999 39999 39999 39999 39999 39999 40000 40000 40000 40000 40000 40000 40000 40000 40000 40000 40000 40000 40000 40000 40000 40000 40000 40000 ]
[ 39999 39999 39999 39999 39999 39999 39999 39999 40000 40000 40000 40000 40000 40000 40000 40000 40000 40000 40000 40000 40000 40000 40000 40000 40000 ]
[ 39999 39999 39999 39999 39999 39999 39999 39999 39999 40000 40000 40000 40000 40000 40000 40000 40000 40000 40000 40000 40000 40000 40000 40000 40000 ]
[ 39999 39999 39999 39999 39999 39999 39999 39999 39999 39999 40000 40000 40000 40000 40000 40000 40000 40000 40000 40000 40000 40000 40000 40000 40000 ]
[ 39999 39999 39999 39999 39999 39999 39999 39999 39999 39999 39999 40000 40000 40000 40000 40000 40000 40000 40000 40000 40000 40000 40000 40000 40000 ]
[ 39999 39999 39999 39999 39999 39999 39999 39999 39999 39999 39999 39999 40000 40000 40000 40000 40000 40000 40000 40000 40000 40000 40000 40000 40000 ]
[ 39999 39999 39999 39999 39999 39999 39999 39999 39999 39999 39999 39999 39999 40000 40000 40000 40000 40000 40000 40000 40000 40000 40000 40000 40000 ]
[ 39999 39999 39999 39999 39999 39999 39999 39999 39999 39999 39999 39999 39999 39999 40000 40000 40000 40000 40000 40000 40000 40000 40000 40000 40000 ]
[ 39999 39999 39999 39999 39999 39999 39999 39999 39999 39999 39999 39999 39999 39999 39999 40000 40000 40000 40000 40000 40000 40000 40000 40000 40000 ]
[ 39999 39999 39999 39999 39999 39999 39999 39999 39999 39999 39999 39999 39999 39999 39999 39999 40000 40000 40000 40000 40000 40000 40000 40000 40000 ]
[ 39999 39999 39999 39999 39999 39999 39999 39999 39999 39999 39999 39999 39999 39999 39999 39999 39999 40000 40000 40000 40000 40000 40000 40000 40000 ]
[ 39999 39999 39999 39999 39999 39999 39999 39999 39999 39999 39999 39999 39999 39999 39999 39999 39999 39999 40000 40000 40000 40000 40000 40000 40000 ]
[ 39999 39999 39999 39999 39999 39999 39999 39999 39999 39999 39999 39999 39999 39999 39999 39999 39999 39999 39999 40000 40000 40000 40000 40000 40000 ]

Running merge sort algorithm: 
Timer (sort): 224ms real	180ms user	30ms sys
The output is sorted!
[ 0 0 0 0 0 0 0 0 0 0 0 0 0 0 0 0 0 0 0 0 0 0 0 0 1 ]
[ 0 0 0 0 0 0 0 0 0 0 0 0 0 0 0 0 0 0 0 0 0 0 0 1 1 ]
[ 0 0 0 0 0 0 0 0 0 0 0 0 0 0 0 0 0 0 0 0 0 0 1 1 1 ]
[ 0 0 0 0 0 0 0 0 0 0 0 0 0 0 0 0 0 0 0 0 0 1 1 1 1 ]
[ 0 0 0 0 0 0 0 0 0 0 0 0 0 0 0 0 0 0 0 0 1 1 1 1 1 ]
[ 0 0 0 0 0 0 0 0 0 0 0 0 0 0 0 0 0 0 0 1 1 1 1 1 1 ]
[ 0 0 0 0 0 0 0 0 0 0 0 0 0 0 0 0 0 0 1 1 1 1 1 1 1 ]
[ 0 0 0 0 0 0 0 0 0 0 0 0 0 0 0 0 0 1 1 1 1 1 1 1 1 ]
[ 0 0 0 0 0 0 0 0 0 0 0 0 0 0 0 0 1 1 1 1 1 1 1 1 1 ]
[ 0 0 0 0 0 0 0 0 0 0 0 0 0 0 0 1 1 1 1 1 1 1 1 1 1 ]
[ 0 0 0 0 0 0 0 0 0 0 0 0 0 0 1 1 1 1 1 1 1 1 1 1 1 ]
[ 0 0 0 0 0 0 0 0 0 0 0 0 0 1 1 1 1 1 1 1 1 1 1 1 1 ]
[ 0 0 0 0 0 0 0 0 0 0 0 0 1 1 1 1 1 1 1 1 1 1 1 1 1 ]
[ 0 0 0 0 0 0 0 0 0 0 0 1 1 1 1 1 1 1 1 1 1 1 1 1 1 ]
[ 0 0 0 0 0 0 0 0 0 0 1 1 1 1 1 1 1 1 1 1 1 1 1 1 1 ]
[ 0 0 0 0 0 0 0 0 0 1 1 1 1 1 1 1 1 1 1 1 1 1 1 1 1 ]
[ 0 0 0 0 0 0 0 0 1 1 1 1 1 1 1 1 1 1 1 1 1 1 1 1 1 ]
[ 0 0 0 0 0 0 0 1 1 1 1 1 1 1 1 1 1 1 1 1 1 1 1 1 1 ]
[ 0 0 0 0 0 0 1 1 1 1 1 1 1 1 1 1 1 1 1 1 1 1 1 1 1 ]
[ 0 0 0 0 0 1 1 1 1 1 1 1 1 1 1 1 1 1 1 1 1 1 1 1 1 ]

Timer (generate): 90ms real	70ms user	20ms sys
[ 40000 40000 40000 40000 40000 40000 40000 40000 40000 40000 40000 40000 40000 40000 40000 40000 40000 40000 40000 40000 40000 40000 40000 40000 40000 ]
[ 39999 40000 40000 40000 40000 40000 40000 40000 40000 40000 40000 40000 40000 40000 40000 40000 40000 40000 40000 40000 40000 40000 40000 40000 40000 ]
[ 39999 39999 40000 40000 40000 40000 40000 40000 40000 40000 40000 40000 40000 40000 40000 40000 40000 40000 40000 40000 40000 40000 40000 40000 40000 ]
[ 39999 39999 39999 40000 40000 40000 40000 40000 40000 40000 40000 40000 40000 40000 40000 40000 40000 40000 40000 40000 40000 40000 40000 40000 40000 ]
[ 39999 39999 39999 39999 40000 40000 40000 40000 40000 40000 40000 40000 40000 40000 40000 40000 40000 40000 40000 40000 40000 40000 40000 40000 40000 ]
[ 39999 39999 39999 39999 39999 40000 40000 40000 40000 40000 40000 40000 40000 40000 40000 40000 40000 40000 40000 40000 40000 40000 40000 40000 40000 ]
[ 39999 39999 39999 39999 39999 39999 40000 40000 40000 40000 40000 40000 40000 40000 40000 40000 40000 40000 40000 40000 40000 40000 40000 40000 40000 ]
[ 39999 39999 39999 39999 39999 39999 39999 40000 40000 40000 40000 40000 40000 40000 40000 40000 40000 40000 40000 40000 40000 40000 40000 40000 40000 ]
[ 39999 39999 39999 39999 39999 39999 39999 39999 40000 40000 40000 40000 40000 40000 40000 40000 40000 40000 40000 40000 40000 40000 40000 40000 40000 ]
[ 39999 39999 39999 39999 39999 39999 39999 39999 39999 40000 40000 40000 40000 40000 40000 40000 40000 40000 40000 40000 40000 40000 40000 40000 40000 ]
[ 39999 39999 39999 39999 39999 39999 39999 39999 39999 39999 40000 40000 40000 40000 40000 40000 40000 40000 40000 40000 40000 40000 40000 40000 40000 ]
[ 39999 39999 39999 39999 39999 39999 39999 39999 39999 39999 39999 40000 40000 40000 40000 40000 40000 40000 40000 40000 40000 40000 40000 40000 40000 ]
[ 39999 39999 39999 39999 39999 39999 39999 39999 39999 39999 39999 39999 40000 40000 40000 40000 40000 40000 40000 40000 40000 40000 40000 40000 40000 ]
[ 39999 39999 39999 39999 39999 39999 39999 39999 39999 39999 39999 39999 39999 40000 40000 40000 40000 40000 40000 40000 40000 40000 40000 40000 40000 ]
[ 39999 39999 39999 39999 39999 39999 39999 39999 39999 39999 39999 39999 39999 39999 40000 40000 40000 40000 40000 40000 40000 40000 40000 40000 40000 ]
[ 39999 39999 39999 39999 39999 39999 39999 39999 39999 39999 39999 39999 39999 39999 39999 40000 40000 40000 40000 40000 40000 40000 40000 40000 40000 ]
[ 39999 39999 39999 39999 39999 39999 39999 39999 39999 39999 39999 39999 39999 39999 39999 39999 40000 40000 40000 40000 40000 40000 40000 40000 40000 ]
[ 39999 39999 39999 39999 39999 39999 39999 39999 39999 39999 39999 39999 39999 39999 39999 39999 39999 40000 40000 40000 40000 40000 40000 40000 40000 ]
[ 39999 39999 39999 39999 39999 39999 39999 39999 39999 39999 39999 39999 39999 39999 39999 39999 39999 39999 40000 40000 40000 40000 40000 40000 40000 ]
[ 39999 39999 39999 39999 39999 39999 39999 39999 39999 39999 39999 39999 39999 39999 39999 39999 39999 39999 39999 40000 40000 40000 40000 40000 40000 ]

Running merge sort algorithm: 
Timer (sort): 216ms real	180ms user	20ms sys
The output is sorted!
[ 0 0 0 0 0 0 0 0 0 0 0 0 0 0 0 0 0 0 0 0 0 0 0 0 1 ]
[ 0 0 0 0 0 0 0 0 0 0 0 0 0 0 0 0 0 0 0 0 0 0 0 1 1 ]
[ 0 0 0 0 0 0 0 0 0 0 0 0 0 0 0 0 0 0 0 0 0 0 1 1 1 ]
[ 0 0 0 0 0 0 0 0 0 0 0 0 0 0 0 0 0 0 0 0 0 1 1 1 1 ]
[ 0 0 0 0 0 0 0 0 0 0 0 0 0 0 0 0 0 0 0 0 1 1 1 1 1 ]
[ 0 0 0 0 0 0 0 0 0 0 0 0 0 0 0 0 0 0 0 1 1 1 1 1 1 ]
[ 0 0 0 0 0 0 0 0 0 0 0 0 0 0 0 0 0 0 1 1 1 1 1 1 1 ]
[ 0 0 0 0 0 0 0 0 0 0 0 0 0 0 0 0 0 1 1 1 1 1 1 1 1 ]
[ 0 0 0 0 0 0 0 0 0 0 0 0 0 0 0 0 1 1 1 1 1 1 1 1 1 ]
[ 0 0 0 0 0 0 0 0 0 0 0 0 0 0 0 1 1 1 1 1 1 1 1 1 1 ]
[ 0 0 0 0 0 0 0 0 0 0 0 0 0 0 1 1 1 1 1 1 1 1 1 1 1 ]
[ 0 0 0 0 0 0 0 0 0 0 0 0 0 1 1 1 1 1 1 1 1 1 1 1 1 ]
[ 0 0 0 0 0 0 0 0 0 0 0 0 1 1 1 1 1 1 1 1 1 1 1 1 1 ]
[ 0 0 0 0 0 0 0 0 0 0 0 1 1 1 1 1 1 1 1 1 1 1 1 1 1 ]
[ 0 0 0 0 0 0 0 0 0 0 1 1 1 1 1 1 1 1 1 1 1 1 1 1 1 ]
[ 0 0 0 0 0 0 0 0 0 1 1 1 1 1 1 1 1 1 1 1 1 1 1 1 1 ]
[ 0 0 0 0 0 0 0 0 1 1 1 1 1 1 1 1 1 1 1 1 1 1 1 1 1 ]
[ 0 0 0 0 0 0 0 1 1 1 1 1 1 1 1 1 1 1 1 1 1 1 1 1 1 ]
[ 0 0 0 0 0 0 1 1 1 1 1 1 1 1 1 1 1 1 1 1 1 1 1 1 1 ]
[ 0 0 0 0 0 1 1 1 1 1 1 1 1 1 1 1 1 1 1 1 1 1 1 1 1 ]

Timer (generate): 95ms real	50ms user	30ms sys
[ 40000 40000 40000 40000 40000 40000 40000 40000 40000 40000 40000 40000 40000 40000 40000 40000 40000 40000 40000 40000 40000 40000 40000 40000 40000 ]
[ 39999 40000 40000 40000 40000 40000 40000 40000 40000 40000 40000 40000 40000 40000 40000 40000 40000 40000 40000 40000 40000 40000 40000 40000 40000 ]
[ 39999 39999 40000 40000 40000 40000 40000 40000 40000 40000 40000 40000 40000 40000 40000 40000 40000 40000 40000 40000 40000 40000 40000 40000 40000 ]
[ 39999 39999 39999 40000 40000 40000 40000 40000 40000 40000 40000 40000 40000 40000 40000 40000 40000 40000 40000 40000 40000 40000 40000 40000 40000 ]
[ 39999 39999 39999 39999 40000 40000 40000 40000 40000 40000 40000 40000 40000 40000 40000 40000 40000 40000 40000 40000 40000 40000 40000 40000 40000 ]
[ 39999 39999 39999 39999 39999 40000 40000 40000 40000 40000 40000 40000 40000 40000 40000 40000 40000 40000 40000 40000 40000 40000 40000 40000 40000 ]
[ 39999 39999 39999 39999 39999 39999 40000 40000 40000 40000 40000 40000 40000 40000 40000 40000 40000 40000 40000 40000 40000 40000 40000 40000 40000 ]
[ 39999 39999 39999 39999 39999 39999 39999 40000 40000 40000 40000 40000 40000 40000 40000 40000 40000 40000 40000 40000 40000 40000 40000 40000 40000 ]
[ 39999 39999 39999 39999 39999 39999 39999 39999 40000 40000 40000 40000 40000 40000 40000 40000 40000 40000 40000 40000 40000 40000 40000 40000 40000 ]
[ 39999 39999 39999 39999 39999 39999 39999 39999 39999 40000 40000 40000 40000 40000 40000 40000 40000 40000 40000 40000 40000 40000 40000 40000 40000 ]
[ 39999 39999 39999 39999 39999 39999 39999 39999 39999 39999 40000 40000 40000 40000 40000 40000 40000 40000 40000 40000 40000 40000 40000 40000 40000 ]
[ 39999 39999 39999 39999 39999 39999 39999 39999 39999 39999 39999 40000 40000 40000 40000 40000 40000 40000 40000 40000 40000 40000 40000 40000 40000 ]
[ 39999 39999 39999 39999 39999 39999 39999 39999 39999 39999 39999 39999 40000 40000 40000 40000 40000 40000 40000 40000 40000 40000 40000 40000 40000 ]
[ 39999 39999 39999 39999 39999 39999 39999 39999 39999 39999 39999 39999 39999 40000 40000 40000 40000 40000 40000 40000 40000 40000 40000 40000 40000 ]
[ 39999 39999 39999 39999 39999 39999 39999 39999 39999 39999 39999 39999 39999 39999 40000 40000 40000 40000 40000 40000 40000 40000 40000 40000 40000 ]
[ 39999 39999 39999 39999 39999 39999 39999 39999 39999 39999 39999 39999 39999 39999 39999 40000 40000 40000 40000 40000 40000 40000 40000 40000 40000 ]
[ 39999 39999 39999 39999 39999 39999 39999 39999 39999 39999 39999 39999 39999 39999 39999 39999 40000 40000 40000 40000 40000 40000 40000 40000 40000 ]
[ 39999 39999 39999 39999 39999 39999 39999 39999 39999 39999 39999 39999 39999 39999 39999 39999 39999 40000 40000 40000 40000 40000 40000 40000 40000 ]
[ 39999 39999 39999 39999 39999 39999 39999 39999 39999 39999 39999 39999 39999 39999 39999 39999 39999 39999 40000 40000 40000 40000 40000 40000 40000 ]
[ 39999 39999 39999 39999 39999 39999 39999 39999 39999 39999 39999 39999 39999 39999 39999 39999 39999 39999 39999 40000 40000 40000 40000 40000 40000 ]

Running merge sort algorithm: 
Timer (sort): 227ms real	200ms user	40ms sys
The output is sorted!
[ 0 0 0 0 0 0 0 0 0 0 0 0 0 0 0 0 0 0 0 0 0 0 0 0 1 ]
[ 0 0 0 0 0 0 0 0 0 0 0 0 0 0 0 0 0 0 0 0 0 0 0 1 1 ]
[ 0 0 0 0 0 0 0 0 0 0 0 0 0 0 0 0 0 0 0 0 0 0 1 1 1 ]
[ 0 0 0 0 0 0 0 0 0 0 0 0 0 0 0 0 0 0 0 0 0 1 1 1 1 ]
[ 0 0 0 0 0 0 0 0 0 0 0 0 0 0 0 0 0 0 0 0 1 1 1 1 1 ]
[ 0 0 0 0 0 0 0 0 0 0 0 0 0 0 0 0 0 0 0 1 1 1 1 1 1 ]
[ 0 0 0 0 0 0 0 0 0 0 0 0 0 0 0 0 0 0 1 1 1 1 1 1 1 ]
[ 0 0 0 0 0 0 0 0 0 0 0 0 0 0 0 0 0 1 1 1 1 1 1 1 1 ]
[ 0 0 0 0 0 0 0 0 0 0 0 0 0 0 0 0 1 1 1 1 1 1 1 1 1 ]
[ 0 0 0 0 0 0 0 0 0 0 0 0 0 0 0 1 1 1 1 1 1 1 1 1 1 ]
[ 0 0 0 0 0 0 0 0 0 0 0 0 0 0 1 1 1 1 1 1 1 1 1 1 1 ]
[ 0 0 0 0 0 0 0 0 0 0 0 0 0 1 1 1 1 1 1 1 1 1 1 1 1 ]
[ 0 0 0 0 0 0 0 0 0 0 0 0 1 1 1 1 1 1 1 1 1 1 1 1 1 ]
[ 0 0 0 0 0 0 0 0 0 0 0 1 1 1 1 1 1 1 1 1 1 1 1 1 1 ]
[ 0 0 0 0 0 0 0 0 0 0 1 1 1 1 1 1 1 1 1 1 1 1 1 1 1 ]
[ 0 0 0 0 0 0 0 0 0 1 1 1 1 1 1 1 1 1 1 1 1 1 1 1 1 ]
[ 0 0 0 0 0 0 0 0 1 1 1 1 1 1 1 1 1 1 1 1 1 1 1 1 1 ]
[ 0 0 0 0 0 0 0 1 1 1 1 1 1 1 1 1 1 1 1 1 1 1 1 1 1 ]
[ 0 0 0 0 0 0 1 1 1 1 1 1 1 1 1 1 1 1 1 1 1 1 1 1 1 ]
[ 0 0 0 0 0 1 1 1 1 1 1 1 1 1 1 1 1 1 1 1 1 1 1 1 1 ]

Timer (generate): 91ms real	70ms user	20ms sys
[ 40000 40000 40000 40000 40000 40000 40000 40000 40000 40000 40000 40000 40000 40000 40000 40000 40000 40000 40000 40000 40000 40000 40000 40000 40000 ]
[ 39999 40000 40000 40000 40000 40000 40000 40000 40000 40000 40000 40000 40000 40000 40000 40000 40000 40000 40000 40000 40000 40000 40000 40000 40000 ]
[ 39999 39999 40000 40000 40000 40000 40000 40000 40000 40000 40000 40000 40000 40000 40000 40000 40000 40000 40000 40000 40000 40000 40000 40000 40000 ]
[ 39999 39999 39999 40000 40000 40000 40000 40000 40000 40000 40000 40000 40000 40000 40000 40000 40000 40000 40000 40000 40000 40000 40000 40000 40000 ]
[ 39999 39999 39999 39999 40000 40000 40000 40000 40000 40000 40000 40000 40000 40000 40000 40000 40000 40000 40000 40000 40000 40000 40000 40000 40000 ]
[ 39999 39999 39999 39999 39999 40000 40000 40000 40000 40000 40000 40000 40000 40000 40000 40000 40000 40000 40000 40000 40000 40000 40000 40000 40000 ]
[ 39999 39999 39999 39999 39999 39999 40000 40000 40000 40000 40000 40000 40000 40000 40000 40000 40000 40000 40000 40000 40000 40000 40000 40000 40000 ]
[ 39999 39999 39999 39999 39999 39999 39999 40000 40000 40000 40000 40000 40000 40000 40000 40000 40000 40000 40000 40000 40000 40000 40000 40000 40000 ]
[ 39999 39999 39999 39999 39999 39999 39999 39999 40000 40000 40000 40000 40000 40000 40000 40000 40000 40000 40000 40000 40000 40000 40000 40000 40000 ]
[ 39999 39999 39999 39999 39999 39999 39999 39999 39999 40000 40000 40000 40000 40000 40000 40000 40000 40000 40000 40000 40000 40000 40000 40000 40000 ]
[ 39999 39999 39999 39999 39999 39999 39999 39999 39999 39999 40000 40000 40000 40000 40000 40000 40000 40000 40000 40000 40000 40000 40000 40000 40000 ]
[ 39999 39999 39999 39999 39999 39999 39999 39999 39999 39999 39999 40000 40000 40000 40000 40000 40000 40000 40000 40000 40000 40000 40000 40000 40000 ]
[ 39999 39999 39999 39999 39999 39999 39999 39999 39999 39999 39999 39999 40000 40000 40000 40000 40000 40000 40000 40000 40000 40000 40000 40000 40000 ]
[ 39999 39999 39999 39999 39999 39999 39999 39999 39999 39999 39999 39999 39999 40000 40000 40000 40000 40000 40000 40000 40000 40000 40000 40000 40000 ]
[ 39999 39999 39999 39999 39999 39999 39999 39999 39999 39999 39999 39999 39999 39999 40000 40000 40000 40000 40000 40000 40000 40000 40000 40000 40000 ]
[ 39999 39999 39999 39999 39999 39999 39999 39999 39999 39999 39999 39999 39999 39999 39999 40000 40000 40000 40000 40000 40000 40000 40000 40000 40000 ]
[ 39999 39999 39999 39999 39999 39999 39999 39999 39999 39999 39999 39999 39999 39999 39999 39999 40000 40000 40000 40000 40000 40000 40000 40000 40000 ]
[ 39999 39999 39999 39999 39999 39999 39999 39999 39999 39999 39999 39999 39999 39999 39999 39999 39999 40000 40000 40000 40000 40000 40000 40000 40000 ]
[ 39999 39999 39999 39999 39999 39999 39999 39999 39999 39999 39999 39999 39999 39999 39999 39999 39999 39999 40000 40000 40000 40000 40000 40000 40000 ]
[ 39999 39999 39999 39999 39999 39999 39999 39999 39999 39999 39999 39999 39999 39999 39999 39999 39999 39999 39999 40000 40000 40000 40000 40000 40000 ]

Running merge sort algorithm: 
Timer (sort): 217ms real	170ms user	50ms sys
The output is sorted!
[ 0 0 0 0 0 0 0 0 0 0 0 0 0 0 0 0 0 0 0 0 0 0 0 0 1 ]
[ 0 0 0 0 0 0 0 0 0 0 0 0 0 0 0 0 0 0 0 0 0 0 0 1 1 ]
[ 0 0 0 0 0 0 0 0 0 0 0 0 0 0 0 0 0 0 0 0 0 0 1 1 1 ]
[ 0 0 0 0 0 0 0 0 0 0 0 0 0 0 0 0 0 0 0 0 0 1 1 1 1 ]
[ 0 0 0 0 0 0 0 0 0 0 0 0 0 0 0 0 0 0 0 0 1 1 1 1 1 ]
[ 0 0 0 0 0 0 0 0 0 0 0 0 0 0 0 0 0 0 0 1 1 1 1 1 1 ]
[ 0 0 0 0 0 0 0 0 0 0 0 0 0 0 0 0 0 0 1 1 1 1 1 1 1 ]
[ 0 0 0 0 0 0 0 0 0 0 0 0 0 0 0 0 0 1 1 1 1 1 1 1 1 ]
[ 0 0 0 0 0 0 0 0 0 0 0 0 0 0 0 0 1 1 1 1 1 1 1 1 1 ]
[ 0 0 0 0 0 0 0 0 0 0 0 0 0 0 0 1 1 1 1 1 1 1 1 1 1 ]
[ 0 0 0 0 0 0 0 0 0 0 0 0 0 0 1 1 1 1 1 1 1 1 1 1 1 ]
[ 0 0 0 0 0 0 0 0 0 0 0 0 0 1 1 1 1 1 1 1 1 1 1 1 1 ]
[ 0 0 0 0 0 0 0 0 0 0 0 0 1 1 1 1 1 1 1 1 1 1 1 1 1 ]
[ 0 0 0 0 0 0 0 0 0 0 0 1 1 1 1 1 1 1 1 1 1 1 1 1 1 ]
[ 0 0 0 0 0 0 0 0 0 0 1 1 1 1 1 1 1 1 1 1 1 1 1 1 1 ]
[ 0 0 0 0 0 0 0 0 0 1 1 1 1 1 1 1 1 1 1 1 1 1 1 1 1 ]
[ 0 0 0 0 0 0 0 0 1 1 1 1 1 1 1 1 1 1 1 1 1 1 1 1 1 ]
[ 0 0 0 0 0 0 0 1 1 1 1 1 1 1 1 1 1 1 1 1 1 1 1 1 1 ]
[ 0 0 0 0 0 0 1 1 1 1 1 1 1 1 1 1 1 1 1 1 1 1 1 1 1 ]
[ 0 0 0 0 0 1 1 1 1 1 1 1 1 1 1 1 1 1 1 1 1 1 1 1 1 ]

Timer (generate): 83ms real	50ms user	30ms sys
[ 40000 40000 40000 40000 40000 40000 40000 40000 40000 40000 40000 40000 40000 40000 40000 40000 40000 40000 40000 40000 40000 40000 40000 40000 40000 ]
[ 39999 40000 40000 40000 40000 40000 40000 40000 40000 40000 40000 40000 40000 40000 40000 40000 40000 40000 40000 40000 40000 40000 40000 40000 40000 ]
[ 39999 39999 40000 40000 40000 40000 40000 40000 40000 40000 40000 40000 40000 40000 40000 40000 40000 40000 40000 40000 40000 40000 40000 40000 40000 ]
[ 39999 39999 39999 40000 40000 40000 40000 40000 40000 40000 40000 40000 40000 40000 40000 40000 40000 40000 40000 40000 40000 40000 40000 40000 40000 ]
[ 39999 39999 39999 39999 40000 40000 40000 40000 40000 40000 40000 40000 40000 40000 40000 40000 40000 40000 40000 40000 40000 40000 40000 40000 40000 ]
[ 39999 39999 39999 39999 39999 40000 40000 40000 40000 40000 40000 40000 40000 40000 40000 40000 40000 40000 40000 40000 40000 40000 40000 40000 40000 ]
[ 39999 39999 39999 39999 39999 39999 40000 40000 40000 40000 40000 40000 40000 40000 40000 40000 40000 40000 40000 40000 40000 40000 40000 40000 40000 ]
[ 39999 39999 39999 39999 39999 39999 39999 40000 40000 40000 40000 40000 40000 40000 40000 40000 40000 40000 40000 40000 40000 40000 40000 40000 40000 ]
[ 39999 39999 39999 39999 39999 39999 39999 39999 40000 40000 40000 40000 40000 40000 40000 40000 40000 40000 40000 40000 40000 40000 40000 40000 40000 ]
[ 39999 39999 39999 39999 39999 39999 39999 39999 39999 40000 40000 40000 40000 40000 40000 40000 40000 40000 40000 40000 40000 40000 40000 40000 40000 ]
[ 39999 39999 39999 39999 39999 39999 39999 39999 39999 39999 40000 40000 40000 40000 40000 40000 40000 40000 40000 40000 40000 40000 40000 40000 40000 ]
[ 39999 39999 39999 39999 39999 39999 39999 39999 39999 39999 39999 40000 40000 40000 40000 40000 40000 40000 40000 40000 40000 40000 40000 40000 40000 ]
[ 39999 39999 39999 39999 39999 39999 39999 39999 39999 39999 39999 39999 40000 40000 40000 40000 40000 40000 40000 40000 40000 40000 40000 40000 40000 ]
[ 39999 39999 39999 39999 39999 39999 39999 39999 39999 39999 39999 39999 39999 40000 40000 40000 40000 40000 40000 40000 40000 40000 40000 40000 40000 ]
[ 39999 39999 39999 39999 39999 39999 39999 39999 39999 39999 39999 39999 39999 39999 40000 40000 40000 40000 40000 40000 40000 40000 40000 40000 40000 ]
[ 39999 39999 39999 39999 39999 39999 39999 39999 39999 39999 39999 39999 39999 39999 39999 40000 40000 40000 40000 40000 40000 40000 40000 40000 40000 ]
[ 39999 39999 39999 39999 39999 39999 39999 39999 39999 39999 39999 39999 39999 39999 39999 39999 40000 40000 40000 40000 40000 40000 40000 40000 40000 ]
[ 39999 39999 39999 39999 39999 39999 39999 39999 39999 39999 39999 39999 39999 39999 39999 39999 39999 40000 40000 40000 40000 40000 40000 40000 40000 ]
[ 39999 39999 39999 39999 39999 39999 39999 39999 39999 39999 39999 39999 39999 39999 39999 39999 39999 39999 40000 40000 40000 40000 40000 40000 40000 ]
[ 39999 39999 39999 39999 39999 39999 39999 39999 39999 39999 39999 39999 39999 39999 39999 39999 39999 39999 39999 40000 40000 40000 40000 40000 40000 ]

Running merge sort algorithm: 
Timer (sort): 222ms real	190ms user	30ms sys
The output is sorted!
[ 0 0 0 0 0 0 0 0 0 0 0 0 0 0 0 0 0 0 0 0 0 0 0 0 1 ]
[ 0 0 0 0 0 0 0 0 0 0 0 0 0 0 0 0 0 0 0 0 0 0 0 1 1 ]
[ 0 0 0 0 0 0 0 0 0 0 0 0 0 0 0 0 0 0 0 0 0 0 1 1 1 ]
[ 0 0 0 0 0 0 0 0 0 0 0 0 0 0 0 0 0 0 0 0 0 1 1 1 1 ]
[ 0 0 0 0 0 0 0 0 0 0 0 0 0 0 0 0 0 0 0 0 1 1 1 1 1 ]
[ 0 0 0 0 0 0 0 0 0 0 0 0 0 0 0 0 0 0 0 1 1 1 1 1 1 ]
[ 0 0 0 0 0 0 0 0 0 0 0 0 0 0 0 0 0 0 1 1 1 1 1 1 1 ]
[ 0 0 0 0 0 0 0 0 0 0 0 0 0 0 0 0 0 1 1 1 1 1 1 1 1 ]
[ 0 0 0 0 0 0 0 0 0 0 0 0 0 0 0 0 1 1 1 1 1 1 1 1 1 ]
[ 0 0 0 0 0 0 0 0 0 0 0 0 0 0 0 1 1 1 1 1 1 1 1 1 1 ]
[ 0 0 0 0 0 0 0 0 0 0 0 0 0 0 1 1 1 1 1 1 1 1 1 1 1 ]
[ 0 0 0 0 0 0 0 0 0 0 0 0 0 1 1 1 1 1 1 1 1 1 1 1 1 ]
[ 0 0 0 0 0 0 0 0 0 0 0 0 1 1 1 1 1 1 1 1 1 1 1 1 1 ]
[ 0 0 0 0 0 0 0 0 0 0 0 1 1 1 1 1 1 1 1 1 1 1 1 1 1 ]
[ 0 0 0 0 0 0 0 0 0 0 1 1 1 1 1 1 1 1 1 1 1 1 1 1 1 ]
[ 0 0 0 0 0 0 0 0 0 1 1 1 1 1 1 1 1 1 1 1 1 1 1 1 1 ]
[ 0 0 0 0 0 0 0 0 1 1 1 1 1 1 1 1 1 1 1 1 1 1 1 1 1 ]
[ 0 0 0 0 0 0 0 1 1 1 1 1 1 1 1 1 1 1 1 1 1 1 1 1 1 ]
[ 0 0 0 0 0 0 1 1 1 1 1 1 1 1 1 1 1 1 1 1 1 1 1 1 1 ]
[ 0 0 0 0 0 1 1 1 1 1 1 1 1 1 1 1 1 1 1 1 1 1 1 1 1 ]

Timer (generate): 98ms real	50ms user	30ms sys
[ 40000 40000 40000 40000 40000 40000 40000 40000 40000 40000 40000 40000 40000 40000 40000 40000 40000 40000 40000 40000 40000 40000 40000 40000 40000 ]
[ 39999 40000 40000 40000 40000 40000 40000 40000 40000 40000 40000 40000 40000 40000 40000 40000 40000 40000 40000 40000 40000 40000 40000 40000 40000 ]
[ 39999 39999 40000 40000 40000 40000 40000 40000 40000 40000 40000 40000 40000 40000 40000 40000 40000 40000 40000 40000 40000 40000 40000 40000 40000 ]
[ 39999 39999 39999 40000 40000 40000 40000 40000 40000 40000 40000 40000 40000 40000 40000 40000 40000 40000 40000 40000 40000 40000 40000 40000 40000 ]
[ 39999 39999 39999 39999 40000 40000 40000 40000 40000 40000 40000 40000 40000 40000 40000 40000 40000 40000 40000 40000 40000 40000 40000 40000 40000 ]
[ 39999 39999 39999 39999 39999 40000 40000 40000 40000 40000 40000 40000 40000 40000 40000 40000 40000 40000 40000 40000 40000 40000 40000 40000 40000 ]
[ 39999 39999 39999 39999 39999 39999 40000 40000 40000 40000 40000 40000 40000 40000 40000 40000 40000 40000 40000 40000 40000 40000 40000 40000 40000 ]
[ 39999 39999 39999 39999 39999 39999 39999 40000 40000 40000 40000 40000 40000 40000 40000 40000 40000 40000 40000 40000 40000 40000 40000 40000 40000 ]
[ 39999 39999 39999 39999 39999 39999 39999 39999 40000 40000 40000 40000 40000 40000 40000 40000 40000 40000 40000 40000 40000 40000 40000 40000 40000 ]
[ 39999 39999 39999 39999 39999 39999 39999 39999 39999 40000 40000 40000 40000 40000 40000 40000 40000 40000 40000 40000 40000 40000 40000 40000 40000 ]
[ 39999 39999 39999 39999 39999 39999 39999 39999 39999 39999 40000 40000 40000 40000 40000 40000 40000 40000 40000 40000 40000 40000 40000 40000 40000 ]
[ 39999 39999 39999 39999 39999 39999 39999 39999 39999 39999 39999 40000 40000 40000 40000 40000 40000 40000 40000 40000 40000 40000 40000 40000 40000 ]
[ 39999 39999 39999 39999 39999 39999 39999 39999 39999 39999 39999 39999 40000 40000 40000 40000 40000 40000 40000 40000 40000 40000 40000 40000 40000 ]
[ 39999 39999 39999 39999 39999 39999 39999 39999 39999 39999 39999 39999 39999 40000 40000 40000 40000 40000 40000 40000 40000 40000 40000 40000 40000 ]
[ 39999 39999 39999 39999 39999 39999 39999 39999 39999 39999 39999 39999 39999 39999 40000 40000 40000 40000 40000 40000 40000 40000 40000 40000 40000 ]
[ 39999 39999 39999 39999 39999 39999 39999 39999 39999 39999 39999 39999 39999 39999 39999 40000 40000 40000 40000 40000 40000 40000 40000 40000 40000 ]
[ 39999 39999 39999 39999 39999 39999 39999 39999 39999 39999 39999 39999 39999 39999 39999 39999 40000 40000 40000 40000 40000 40000 40000 40000 40000 ]
[ 39999 39999 39999 39999 39999 39999 39999 39999 39999 39999 39999 39999 39999 39999 39999 39999 39999 40000 40000 40000 40000 40000 40000 40000 40000 ]
[ 39999 39999 39999 39999 39999 39999 39999 39999 39999 39999 39999 39999 39999 39999 39999 39999 39999 39999 40000 40000 40000 40000 40000 40000 40000 ]
[ 39999 39999 39999 39999 39999 39999 39999 39999 39999 39999 39999 39999 39999 39999 39999 39999 39999 39999 39999 40000 40000 40000 40000 40000 40000 ]

Running merge sort algorithm: 
Timer (sort): 213ms real	190ms user	30ms sys
The output is sorted!
[ 0 0 0 0 0 0 0 0 0 0 0 0 0 0 0 0 0 0 0 0 0 0 0 0 1 ]
[ 0 0 0 0 0 0 0 0 0 0 0 0 0 0 0 0 0 0 0 0 0 0 0 1 1 ]
[ 0 0 0 0 0 0 0 0 0 0 0 0 0 0 0 0 0 0 0 0 0 0 1 1 1 ]
[ 0 0 0 0 0 0 0 0 0 0 0 0 0 0 0 0 0 0 0 0 0 1 1 1 1 ]
[ 0 0 0 0 0 0 0 0 0 0 0 0 0 0 0 0 0 0 0 0 1 1 1 1 1 ]
[ 0 0 0 0 0 0 0 0 0 0 0 0 0 0 0 0 0 0 0 1 1 1 1 1 1 ]
[ 0 0 0 0 0 0 0 0 0 0 0 0 0 0 0 0 0 0 1 1 1 1 1 1 1 ]
[ 0 0 0 0 0 0 0 0 0 0 0 0 0 0 0 0 0 1 1 1 1 1 1 1 1 ]
[ 0 0 0 0 0 0 0 0 0 0 0 0 0 0 0 0 1 1 1 1 1 1 1 1 1 ]
[ 0 0 0 0 0 0 0 0 0 0 0 0 0 0 0 1 1 1 1 1 1 1 1 1 1 ]
[ 0 0 0 0 0 0 0 0 0 0 0 0 0 0 1 1 1 1 1 1 1 1 1 1 1 ]
[ 0 0 0 0 0 0 0 0 0 0 0 0 0 1 1 1 1 1 1 1 1 1 1 1 1 ]
[ 0 0 0 0 0 0 0 0 0 0 0 0 1 1 1 1 1 1 1 1 1 1 1 1 1 ]
[ 0 0 0 0 0 0 0 0 0 0 0 1 1 1 1 1 1 1 1 1 1 1 1 1 1 ]
[ 0 0 0 0 0 0 0 0 0 0 1 1 1 1 1 1 1 1 1 1 1 1 1 1 1 ]
[ 0 0 0 0 0 0 0 0 0 1 1 1 1 1 1 1 1 1 1 1 1 1 1 1 1 ]
[ 0 0 0 0 0 0 0 0 1 1 1 1 1 1 1 1 1 1 1 1 1 1 1 1 1 ]
[ 0 0 0 0 0 0 0 1 1 1 1 1 1 1 1 1 1 1 1 1 1 1 1 1 1 ]
[ 0 0 0 0 0 0 1 1 1 1 1 1 1 1 1 1 1 1 1 1 1 1 1 1 1 ]
[ 0 0 0 0 0 1 1 1 1 1 1 1 1 1 1 1 1 1 1 1 1 1 1 1 1 ]

Timer (generate): 79ms real	60ms user	20ms sys
[ 40000 40000 40000 40000 40000 40000 40000 40000 40000 40000 40000 40000 40000 40000 40000 40000 40000 40000 40000 40000 40000 40000 40000 40000 40000 ]
[ 39999 40000 40000 40000 40000 40000 40000 40000 40000 40000 40000 40000 40000 40000 40000 40000 40000 40000 40000 40000 40000 40000 40000 40000 40000 ]
[ 39999 39999 40000 40000 40000 40000 40000 40000 40000 40000 40000 40000 40000 40000 40000 40000 40000 40000 40000 40000 40000 40000 40000 40000 40000 ]
[ 39999 39999 39999 40000 40000 40000 40000 40000 40000 40000 40000 40000 40000 40000 40000 40000 40000 40000 40000 40000 40000 40000 40000 40000 40000 ]
[ 39999 39999 39999 39999 40000 40000 40000 40000 40000 40000 40000 40000 40000 40000 40000 40000 40000 40000 40000 40000 40000 40000 40000 40000 40000 ]
[ 39999 39999 39999 39999 39999 40000 40000 40000 40000 40000 40000 40000 40000 40000 40000 40000 40000 40000 40000 40000 40000 40000 40000 40000 40000 ]
[ 39999 39999 39999 39999 39999 39999 40000 40000 40000 40000 40000 40000 40000 40000 40000 40000 40000 40000 40000 40000 40000 40000 40000 40000 40000 ]
[ 39999 39999 39999 39999 39999 39999 39999 40000 40000 40000 40000 40000 40000 40000 40000 40000 40000 40000 40000 40000 40000 40000 40000 40000 40000 ]
[ 39999 39999 39999 39999 39999 39999 39999 39999 40000 40000 40000 40000 40000 40000 40000 40000 40000 40000 40000 40000 40000 40000 40000 40000 40000 ]
[ 39999 39999 39999 39999 39999 39999 39999 39999 39999 40000 40000 40000 40000 40000 40000 40000 40000 40000 40000 40000 40000 40000 40000 40000 40000 ]
[ 39999 39999 39999 39999 39999 39999 39999 39999 39999 39999 40000 40000 40000 40000 40000 40000 40000 40000 40000 40000 40000 40000 40000 40000 40000 ]
[ 39999 39999 39999 39999 39999 39999 39999 39999 39999 39999 39999 40000 40000 40000 40000 40000 40000 40000 40000 40000 40000 40000 40000 40000 40000 ]
[ 39999 39999 39999 39999 39999 39999 39999 39999 39999 39999 39999 39999 40000 40000 40000 40000 40000 40000 40000 40000 40000 40000 40000 40000 40000 ]
[ 39999 39999 39999 39999 39999 39999 39999 39999 39999 39999 39999 39999 39999 40000 40000 40000 40000 40000 40000 40000 40000 40000 40000 40000 40000 ]
[ 39999 39999 39999 39999 39999 39999 39999 39999 39999 39999 39999 39999 39999 39999 40000 40000 40000 40000 40000 40000 40000 40000 40000 40000 40000 ]
[ 39999 39999 39999 39999 39999 39999 39999 39999 39999 39999 39999 39999 39999 39999 39999 40000 40000 40000 40000 40000 40000 40000 40000 40000 40000 ]
[ 39999 39999 39999 39999 39999 39999 39999 39999 39999 39999 39999 39999 39999 39999 39999 39999 40000 40000 40000 40000 40000 40000 40000 40000 40000 ]
[ 39999 39999 39999 39999 39999 39999 39999 39999 39999 39999 39999 39999 39999 39999 39999 39999 39999 40000 40000 40000 40000 40000 40000 40000 40000 ]
[ 39999 39999 39999 39999 39999 39999 39999 39999 39999 39999 39999 39999 39999 39999 39999 39999 39999 39999 40000 40000 40000 40000 40000 40000 40000 ]
[ 39999 39999 39999 39999 39999 39999 39999 39999 39999 39999 39999 39999 39999 39999 39999 39999 39999 39999 39999 40000 40000 40000 40000 40000 40000 ]

Running merge sort algorithm: 
Timer (sort): 229ms real	180ms user	50ms sys
The output is sorted!
[ 0 0 0 0 0 0 0 0 0 0 0 0 0 0 0 0 0 0 0 0 0 0 0 0 1 ]
[ 0 0 0 0 0 0 0 0 0 0 0 0 0 0 0 0 0 0 0 0 0 0 0 1 1 ]
[ 0 0 0 0 0 0 0 0 0 0 0 0 0 0 0 0 0 0 0 0 0 0 1 1 1 ]
[ 0 0 0 0 0 0 0 0 0 0 0 0 0 0 0 0 0 0 0 0 0 1 1 1 1 ]
[ 0 0 0 0 0 0 0 0 0 0 0 0 0 0 0 0 0 0 0 0 1 1 1 1 1 ]
[ 0 0 0 0 0 0 0 0 0 0 0 0 0 0 0 0 0 0 0 1 1 1 1 1 1 ]
[ 0 0 0 0 0 0 0 0 0 0 0 0 0 0 0 0 0 0 1 1 1 1 1 1 1 ]
[ 0 0 0 0 0 0 0 0 0 0 0 0 0 0 0 0 0 1 1 1 1 1 1 1 1 ]
[ 0 0 0 0 0 0 0 0 0 0 0 0 0 0 0 0 1 1 1 1 1 1 1 1 1 ]
[ 0 0 0 0 0 0 0 0 0 0 0 0 0 0 0 1 1 1 1 1 1 1 1 1 1 ]
[ 0 0 0 0 0 0 0 0 0 0 0 0 0 0 1 1 1 1 1 1 1 1 1 1 1 ]
[ 0 0 0 0 0 0 0 0 0 0 0 0 0 1 1 1 1 1 1 1 1 1 1 1 1 ]
[ 0 0 0 0 0 0 0 0 0 0 0 0 1 1 1 1 1 1 1 1 1 1 1 1 1 ]
[ 0 0 0 0 0 0 0 0 0 0 0 1 1 1 1 1 1 1 1 1 1 1 1 1 1 ]
[ 0 0 0 0 0 0 0 0 0 0 1 1 1 1 1 1 1 1 1 1 1 1 1 1 1 ]
[ 0 0 0 0 0 0 0 0 0 1 1 1 1 1 1 1 1 1 1 1 1 1 1 1 1 ]
[ 0 0 0 0 0 0 0 0 1 1 1 1 1 1 1 1 1 1 1 1 1 1 1 1 1 ]
[ 0 0 0 0 0 0 0 1 1 1 1 1 1 1 1 1 1 1 1 1 1 1 1 1 1 ]
[ 0 0 0 0 0 0 1 1 1 1 1 1 1 1 1 1 1 1 1 1 1 1 1 1 1 ]
[ 0 0 0 0 0 1 1 1 1 1 1 1 1 1 1 1 1 1 1 1 1 1 1 1 1 ]

Timer (generate): 87ms real	70ms user	10ms sys
[ 40000 40000 40000 40000 40000 40000 40000 40000 40000 40000 40000 40000 40000 40000 40000 40000 40000 40000 40000 40000 40000 40000 40000 40000 40000 ]
[ 39999 40000 40000 40000 40000 40000 40000 40000 40000 40000 40000 40000 40000 40000 40000 40000 40000 40000 40000 40000 40000 40000 40000 40000 40000 ]
[ 39999 39999 40000 40000 40000 40000 40000 40000 40000 40000 40000 40000 40000 40000 40000 40000 40000 40000 40000 40000 40000 40000 40000 40000 40000 ]
[ 39999 39999 39999 40000 40000 40000 40000 40000 40000 40000 40000 40000 40000 40000 40000 40000 40000 40000 40000 40000 40000 40000 40000 40000 40000 ]
[ 39999 39999 39999 39999 40000 40000 40000 40000 40000 40000 40000 40000 40000 40000 40000 40000 40000 40000 40000 40000 40000 40000 40000 40000 40000 ]
[ 39999 39999 39999 39999 39999 40000 40000 40000 40000 40000 40000 40000 40000 40000 40000 40000 40000 40000 40000 40000 40000 40000 40000 40000 40000 ]
[ 39999 39999 39999 39999 39999 39999 40000 40000 40000 40000 40000 40000 40000 40000 40000 40000 40000 40000 40000 40000 40000 40000 40000 40000 40000 ]
[ 39999 39999 39999 39999 39999 39999 39999 40000 40000 40000 40000 40000 40000 40000 40000 40000 40000 40000 40000 40000 40000 40000 40000 40000 40000 ]
[ 39999 39999 39999 39999 39999 39999 39999 39999 40000 40000 40000 40000 40000 40000 40000 40000 40000 40000 40000 40000 40000 40000 40000 40000 40000 ]
[ 39999 39999 39999 39999 39999 39999 39999 39999 39999 40000 40000 40000 40000 40000 40000 40000 40000 40000 40000 40000 40000 40000 40000 40000 40000 ]
[ 39999 39999 39999 39999 39999 39999 39999 39999 39999 39999 40000 40000 40000 40000 40000 40000 40000 40000 40000 40000 40000 40000 40000 40000 40000 ]
[ 39999 39999 39999 39999 39999 39999 39999 39999 39999 39999 39999 40000 40000 40000 40000 40000 40000 40000 40000 40000 40000 40000 40000 40000 40000 ]
[ 39999 39999 39999 39999 39999 39999 39999 39999 39999 39999 39999 39999 40000 40000 40000 40000 40000 40000 40000 40000 40000 40000 40000 40000 40000 ]
[ 39999 39999 39999 39999 39999 39999 39999 39999 39999 39999 39999 39999 39999 40000 40000 40000 40000 40000 40000 40000 40000 40000 40000 40000 40000 ]
[ 39999 39999 39999 39999 39999 39999 39999 39999 39999 39999 39999 39999 39999 39999 40000 40000 40000 40000 40000 40000 40000 40000 40000 40000 40000 ]
[ 39999 39999 39999 39999 39999 39999 39999 39999 39999 39999 39999 39999 39999 39999 39999 40000 40000 40000 40000 40000 40000 40000 40000 40000 40000 ]
[ 39999 39999 39999 39999 39999 39999 39999 39999 39999 39999 39999 39999 39999 39999 39999 39999 40000 40000 40000 40000 40000 40000 40000 40000 40000 ]
[ 39999 39999 39999 39999 39999 39999 39999 39999 39999 39999 39999 39999 39999 39999 39999 39999 39999 40000 40000 40000 40000 40000 40000 40000 40000 ]
[ 39999 39999 39999 39999 39999 39999 39999 39999 39999 39999 39999 39999 39999 39999 39999 39999 39999 39999 40000 40000 40000 40000 40000 40000 40000 ]
[ 39999 39999 39999 39999 39999 39999 39999 39999 39999 39999 39999 39999 39999 39999 39999 39999 39999 39999 39999 40000 40000 40000 40000 40000 40000 ]

Running merge sort algorithm: 
Timer (sort): 220ms real	200ms user	20ms sys
The output is sorted!
[ 0 0 0 0 0 0 0 0 0 0 0 0 0 0 0 0 0 0 0 0 0 0 0 0 1 ]
[ 0 0 0 0 0 0 0 0 0 0 0 0 0 0 0 0 0 0 0 0 0 0 0 1 1 ]
[ 0 0 0 0 0 0 0 0 0 0 0 0 0 0 0 0 0 0 0 0 0 0 1 1 1 ]
[ 0 0 0 0 0 0 0 0 0 0 0 0 0 0 0 0 0 0 0 0 0 1 1 1 1 ]
[ 0 0 0 0 0 0 0 0 0 0 0 0 0 0 0 0 0 0 0 0 1 1 1 1 1 ]
[ 0 0 0 0 0 0 0 0 0 0 0 0 0 0 0 0 0 0 0 1 1 1 1 1 1 ]
[ 0 0 0 0 0 0 0 0 0 0 0 0 0 0 0 0 0 0 1 1 1 1 1 1 1 ]
[ 0 0 0 0 0 0 0 0 0 0 0 0 0 0 0 0 0 1 1 1 1 1 1 1 1 ]
[ 0 0 0 0 0 0 0 0 0 0 0 0 0 0 0 0 1 1 1 1 1 1 1 1 1 ]
[ 0 0 0 0 0 0 0 0 0 0 0 0 0 0 0 1 1 1 1 1 1 1 1 1 1 ]
[ 0 0 0 0 0 0 0 0 0 0 0 0 0 0 1 1 1 1 1 1 1 1 1 1 1 ]
[ 0 0 0 0 0 0 0 0 0 0 0 0 0 1 1 1 1 1 1 1 1 1 1 1 1 ]
[ 0 0 0 0 0 0 0 0 0 0 0 0 1 1 1 1 1 1 1 1 1 1 1 1 1 ]
[ 0 0 0 0 0 0 0 0 0 0 0 1 1 1 1 1 1 1 1 1 1 1 1 1 1 ]
[ 0 0 0 0 0 0 0 0 0 0 1 1 1 1 1 1 1 1 1 1 1 1 1 1 1 ]
[ 0 0 0 0 0 0 0 0 0 1 1 1 1 1 1 1 1 1 1 1 1 1 1 1 1 ]
[ 0 0 0 0 0 0 0 0 1 1 1 1 1 1 1 1 1 1 1 1 1 1 1 1 1 ]
[ 0 0 0 0 0 0 0 1 1 1 1 1 1 1 1 1 1 1 1 1 1 1 1 1 1 ]
[ 0 0 0 0 0 0 1 1 1 1 1 1 1 1 1 1 1 1 1 1 1 1 1 1 1 ]
[ 0 0 0 0 0 1 1 1 1 1 1 1 1 1 1 1 1 1 1 1 1 1 1 1 1 ]

