Timer (generate): 42ms real	30ms user	10ms sys
[ 20000 20000 20000 20000 20000 20000 20000 20000 20000 20000 20000 20000 20000 20000 20000 20000 20000 20000 20000 20000 20000 20000 20000 20000 20000 ]
[ 19999 20000 20000 20000 20000 20000 20000 20000 20000 20000 20000 20000 20000 20000 20000 20000 20000 20000 20000 20000 20000 20000 20000 20000 20000 ]
[ 19999 19999 20000 20000 20000 20000 20000 20000 20000 20000 20000 20000 20000 20000 20000 20000 20000 20000 20000 20000 20000 20000 20000 20000 20000 ]
[ 19999 19999 19999 20000 20000 20000 20000 20000 20000 20000 20000 20000 20000 20000 20000 20000 20000 20000 20000 20000 20000 20000 20000 20000 20000 ]
[ 19999 19999 19999 19999 20000 20000 20000 20000 20000 20000 20000 20000 20000 20000 20000 20000 20000 20000 20000 20000 20000 20000 20000 20000 20000 ]
[ 19999 19999 19999 19999 19999 20000 20000 20000 20000 20000 20000 20000 20000 20000 20000 20000 20000 20000 20000 20000 20000 20000 20000 20000 20000 ]
[ 19999 19999 19999 19999 19999 19999 20000 20000 20000 20000 20000 20000 20000 20000 20000 20000 20000 20000 20000 20000 20000 20000 20000 20000 20000 ]
[ 19999 19999 19999 19999 19999 19999 19999 20000 20000 20000 20000 20000 20000 20000 20000 20000 20000 20000 20000 20000 20000 20000 20000 20000 20000 ]
[ 19999 19999 19999 19999 19999 19999 19999 19999 20000 20000 20000 20000 20000 20000 20000 20000 20000 20000 20000 20000 20000 20000 20000 20000 20000 ]
[ 19999 19999 19999 19999 19999 19999 19999 19999 19999 20000 20000 20000 20000 20000 20000 20000 20000 20000 20000 20000 20000 20000 20000 20000 20000 ]
[ 19999 19999 19999 19999 19999 19999 19999 19999 19999 19999 20000 20000 20000 20000 20000 20000 20000 20000 20000 20000 20000 20000 20000 20000 20000 ]
[ 19999 19999 19999 19999 19999 19999 19999 19999 19999 19999 19999 20000 20000 20000 20000 20000 20000 20000 20000 20000 20000 20000 20000 20000 20000 ]
[ 19999 19999 19999 19999 19999 19999 19999 19999 19999 19999 19999 19999 20000 20000 20000 20000 20000 20000 20000 20000 20000 20000 20000 20000 20000 ]
[ 19999 19999 19999 19999 19999 19999 19999 19999 19999 19999 19999 19999 19999 20000 20000 20000 20000 20000 20000 20000 20000 20000 20000 20000 20000 ]
[ 19999 19999 19999 19999 19999 19999 19999 19999 19999 19999 19999 19999 19999 19999 20000 20000 20000 20000 20000 20000 20000 20000 20000 20000 20000 ]
[ 19999 19999 19999 19999 19999 19999 19999 19999 19999 19999 19999 19999 19999 19999 19999 20000 20000 20000 20000 20000 20000 20000 20000 20000 20000 ]
[ 19999 19999 19999 19999 19999 19999 19999 19999 19999 19999 19999 19999 19999 19999 19999 19999 20000 20000 20000 20000 20000 20000 20000 20000 20000 ]
[ 19999 19999 19999 19999 19999 19999 19999 19999 19999 19999 19999 19999 19999 19999 19999 19999 19999 20000 20000 20000 20000 20000 20000 20000 20000 ]
[ 19999 19999 19999 19999 19999 19999 19999 19999 19999 19999 19999 19999 19999 19999 19999 19999 19999 19999 20000 20000 20000 20000 20000 20000 20000 ]
[ 19999 19999 19999 19999 19999 19999 19999 19999 19999 19999 19999 19999 19999 19999 19999 19999 19999 19999 19999 20000 20000 20000 20000 20000 20000 ]

Running merge sort algorithm: 
Timer (sort): 110ms real	70ms user	40ms sys
The output is sorted!
[ 0 0 0 0 0 0 0 0 0 0 0 0 0 0 0 0 0 0 0 0 0 0 0 0 1 ]
[ 0 0 0 0 0 0 0 0 0 0 0 0 0 0 0 0 0 0 0 0 0 0 0 1 1 ]
[ 0 0 0 0 0 0 0 0 0 0 0 0 0 0 0 0 0 0 0 0 0 0 1 1 1 ]
[ 0 0 0 0 0 0 0 0 0 0 0 0 0 0 0 0 0 0 0 0 0 1 1 1 1 ]
[ 0 0 0 0 0 0 0 0 0 0 0 0 0 0 0 0 0 0 0 0 1 1 1 1 1 ]
[ 0 0 0 0 0 0 0 0 0 0 0 0 0 0 0 0 0 0 0 1 1 1 1 1 1 ]
[ 0 0 0 0 0 0 0 0 0 0 0 0 0 0 0 0 0 0 1 1 1 1 1 1 1 ]
[ 0 0 0 0 0 0 0 0 0 0 0 0 0 0 0 0 0 1 1 1 1 1 1 1 1 ]
[ 0 0 0 0 0 0 0 0 0 0 0 0 0 0 0 0 1 1 1 1 1 1 1 1 1 ]
[ 0 0 0 0 0 0 0 0 0 0 0 0 0 0 0 1 1 1 1 1 1 1 1 1 1 ]
[ 0 0 0 0 0 0 0 0 0 0 0 0 0 0 1 1 1 1 1 1 1 1 1 1 1 ]
[ 0 0 0 0 0 0 0 0 0 0 0 0 0 1 1 1 1 1 1 1 1 1 1 1 1 ]
[ 0 0 0 0 0 0 0 0 0 0 0 0 1 1 1 1 1 1 1 1 1 1 1 1 1 ]
[ 0 0 0 0 0 0 0 0 0 0 0 1 1 1 1 1 1 1 1 1 1 1 1 1 1 ]
[ 0 0 0 0 0 0 0 0 0 0 1 1 1 1 1 1 1 1 1 1 1 1 1 1 1 ]
[ 0 0 0 0 0 0 0 0 0 1 1 1 1 1 1 1 1 1 1 1 1 1 1 1 1 ]
[ 0 0 0 0 0 0 0 0 1 1 1 1 1 1 1 1 1 1 1 1 1 1 1 1 1 ]
[ 0 0 0 0 0 0 0 1 1 1 1 1 1 1 1 1 1 1 1 1 1 1 1 1 1 ]
[ 0 0 0 0 0 0 1 1 1 1 1 1 1 1 1 1 1 1 1 1 1 1 1 1 1 ]
[ 0 0 0 0 0 1 1 1 1 1 1 1 1 1 1 1 1 1 1 1 1 1 1 1 1 ]

Timer (generate): 43ms real	30ms user	0ms sys
[ 20000 20000 20000 20000 20000 20000 20000 20000 20000 20000 20000 20000 20000 20000 20000 20000 20000 20000 20000 20000 20000 20000 20000 20000 20000 ]
[ 19999 20000 20000 20000 20000 20000 20000 20000 20000 20000 20000 20000 20000 20000 20000 20000 20000 20000 20000 20000 20000 20000 20000 20000 20000 ]
[ 19999 19999 20000 20000 20000 20000 20000 20000 20000 20000 20000 20000 20000 20000 20000 20000 20000 20000 20000 20000 20000 20000 20000 20000 20000 ]
[ 19999 19999 19999 20000 20000 20000 20000 20000 20000 20000 20000 20000 20000 20000 20000 20000 20000 20000 20000 20000 20000 20000 20000 20000 20000 ]
[ 19999 19999 19999 19999 20000 20000 20000 20000 20000 20000 20000 20000 20000 20000 20000 20000 20000 20000 20000 20000 20000 20000 20000 20000 20000 ]
[ 19999 19999 19999 19999 19999 20000 20000 20000 20000 20000 20000 20000 20000 20000 20000 20000 20000 20000 20000 20000 20000 20000 20000 20000 20000 ]
[ 19999 19999 19999 19999 19999 19999 20000 20000 20000 20000 20000 20000 20000 20000 20000 20000 20000 20000 20000 20000 20000 20000 20000 20000 20000 ]
[ 19999 19999 19999 19999 19999 19999 19999 20000 20000 20000 20000 20000 20000 20000 20000 20000 20000 20000 20000 20000 20000 20000 20000 20000 20000 ]
[ 19999 19999 19999 19999 19999 19999 19999 19999 20000 20000 20000 20000 20000 20000 20000 20000 20000 20000 20000 20000 20000 20000 20000 20000 20000 ]
[ 19999 19999 19999 19999 19999 19999 19999 19999 19999 20000 20000 20000 20000 20000 20000 20000 20000 20000 20000 20000 20000 20000 20000 20000 20000 ]
[ 19999 19999 19999 19999 19999 19999 19999 19999 19999 19999 20000 20000 20000 20000 20000 20000 20000 20000 20000 20000 20000 20000 20000 20000 20000 ]
[ 19999 19999 19999 19999 19999 19999 19999 19999 19999 19999 19999 20000 20000 20000 20000 20000 20000 20000 20000 20000 20000 20000 20000 20000 20000 ]
[ 19999 19999 19999 19999 19999 19999 19999 19999 19999 19999 19999 19999 20000 20000 20000 20000 20000 20000 20000 20000 20000 20000 20000 20000 20000 ]
[ 19999 19999 19999 19999 19999 19999 19999 19999 19999 19999 19999 19999 19999 20000 20000 20000 20000 20000 20000 20000 20000 20000 20000 20000 20000 ]
[ 19999 19999 19999 19999 19999 19999 19999 19999 19999 19999 19999 19999 19999 19999 20000 20000 20000 20000 20000 20000 20000 20000 20000 20000 20000 ]
[ 19999 19999 19999 19999 19999 19999 19999 19999 19999 19999 19999 19999 19999 19999 19999 20000 20000 20000 20000 20000 20000 20000 20000 20000 20000 ]
[ 19999 19999 19999 19999 19999 19999 19999 19999 19999 19999 19999 19999 19999 19999 19999 19999 20000 20000 20000 20000 20000 20000 20000 20000 20000 ]
[ 19999 19999 19999 19999 19999 19999 19999 19999 19999 19999 19999 19999 19999 19999 19999 19999 19999 20000 20000 20000 20000 20000 20000 20000 20000 ]
[ 19999 19999 19999 19999 19999 19999 19999 19999 19999 19999 19999 19999 19999 19999 19999 19999 19999 19999 20000 20000 20000 20000 20000 20000 20000 ]
[ 19999 19999 19999 19999 19999 19999 19999 19999 19999 19999 19999 19999 19999 19999 19999 19999 19999 19999 19999 20000 20000 20000 20000 20000 20000 ]

Running merge sort algorithm: 
Timer (sort): 116ms real	80ms user	40ms sys
The output is sorted!
[ 0 0 0 0 0 0 0 0 0 0 0 0 0 0 0 0 0 0 0 0 0 0 0 0 1 ]
[ 0 0 0 0 0 0 0 0 0 0 0 0 0 0 0 0 0 0 0 0 0 0 0 1 1 ]
[ 0 0 0 0 0 0 0 0 0 0 0 0 0 0 0 0 0 0 0 0 0 0 1 1 1 ]
[ 0 0 0 0 0 0 0 0 0 0 0 0 0 0 0 0 0 0 0 0 0 1 1 1 1 ]
[ 0 0 0 0 0 0 0 0 0 0 0 0 0 0 0 0 0 0 0 0 1 1 1 1 1 ]
[ 0 0 0 0 0 0 0 0 0 0 0 0 0 0 0 0 0 0 0 1 1 1 1 1 1 ]
[ 0 0 0 0 0 0 0 0 0 0 0 0 0 0 0 0 0 0 1 1 1 1 1 1 1 ]
[ 0 0 0 0 0 0 0 0 0 0 0 0 0 0 0 0 0 1 1 1 1 1 1 1 1 ]
[ 0 0 0 0 0 0 0 0 0 0 0 0 0 0 0 0 1 1 1 1 1 1 1 1 1 ]
[ 0 0 0 0 0 0 0 0 0 0 0 0 0 0 0 1 1 1 1 1 1 1 1 1 1 ]
[ 0 0 0 0 0 0 0 0 0 0 0 0 0 0 1 1 1 1 1 1 1 1 1 1 1 ]
[ 0 0 0 0 0 0 0 0 0 0 0 0 0 1 1 1 1 1 1 1 1 1 1 1 1 ]
[ 0 0 0 0 0 0 0 0 0 0 0 0 1 1 1 1 1 1 1 1 1 1 1 1 1 ]
[ 0 0 0 0 0 0 0 0 0 0 0 1 1 1 1 1 1 1 1 1 1 1 1 1 1 ]
[ 0 0 0 0 0 0 0 0 0 0 1 1 1 1 1 1 1 1 1 1 1 1 1 1 1 ]
[ 0 0 0 0 0 0 0 0 0 1 1 1 1 1 1 1 1 1 1 1 1 1 1 1 1 ]
[ 0 0 0 0 0 0 0 0 1 1 1 1 1 1 1 1 1 1 1 1 1 1 1 1 1 ]
[ 0 0 0 0 0 0 0 1 1 1 1 1 1 1 1 1 1 1 1 1 1 1 1 1 1 ]
[ 0 0 0 0 0 0 1 1 1 1 1 1 1 1 1 1 1 1 1 1 1 1 1 1 1 ]
[ 0 0 0 0 0 1 1 1 1 1 1 1 1 1 1 1 1 1 1 1 1 1 1 1 1 ]

Timer (generate): 40ms real	20ms user	20ms sys
[ 20000 20000 20000 20000 20000 20000 20000 20000 20000 20000 20000 20000 20000 20000 20000 20000 20000 20000 20000 20000 20000 20000 20000 20000 20000 ]
[ 19999 20000 20000 20000 20000 20000 20000 20000 20000 20000 20000 20000 20000 20000 20000 20000 20000 20000 20000 20000 20000 20000 20000 20000 20000 ]
[ 19999 19999 20000 20000 20000 20000 20000 20000 20000 20000 20000 20000 20000 20000 20000 20000 20000 20000 20000 20000 20000 20000 20000 20000 20000 ]
[ 19999 19999 19999 20000 20000 20000 20000 20000 20000 20000 20000 20000 20000 20000 20000 20000 20000 20000 20000 20000 20000 20000 20000 20000 20000 ]
[ 19999 19999 19999 19999 20000 20000 20000 20000 20000 20000 20000 20000 20000 20000 20000 20000 20000 20000 20000 20000 20000 20000 20000 20000 20000 ]
[ 19999 19999 19999 19999 19999 20000 20000 20000 20000 20000 20000 20000 20000 20000 20000 20000 20000 20000 20000 20000 20000 20000 20000 20000 20000 ]
[ 19999 19999 19999 19999 19999 19999 20000 20000 20000 20000 20000 20000 20000 20000 20000 20000 20000 20000 20000 20000 20000 20000 20000 20000 20000 ]
[ 19999 19999 19999 19999 19999 19999 19999 20000 20000 20000 20000 20000 20000 20000 20000 20000 20000 20000 20000 20000 20000 20000 20000 20000 20000 ]
[ 19999 19999 19999 19999 19999 19999 19999 19999 20000 20000 20000 20000 20000 20000 20000 20000 20000 20000 20000 20000 20000 20000 20000 20000 20000 ]
[ 19999 19999 19999 19999 19999 19999 19999 19999 19999 20000 20000 20000 20000 20000 20000 20000 20000 20000 20000 20000 20000 20000 20000 20000 20000 ]
[ 19999 19999 19999 19999 19999 19999 19999 19999 19999 19999 20000 20000 20000 20000 20000 20000 20000 20000 20000 20000 20000 20000 20000 20000 20000 ]
[ 19999 19999 19999 19999 19999 19999 19999 19999 19999 19999 19999 20000 20000 20000 20000 20000 20000 20000 20000 20000 20000 20000 20000 20000 20000 ]
[ 19999 19999 19999 19999 19999 19999 19999 19999 19999 19999 19999 19999 20000 20000 20000 20000 20000 20000 20000 20000 20000 20000 20000 20000 20000 ]
[ 19999 19999 19999 19999 19999 19999 19999 19999 19999 19999 19999 19999 19999 20000 20000 20000 20000 20000 20000 20000 20000 20000 20000 20000 20000 ]
[ 19999 19999 19999 19999 19999 19999 19999 19999 19999 19999 19999 19999 19999 19999 20000 20000 20000 20000 20000 20000 20000 20000 20000 20000 20000 ]
[ 19999 19999 19999 19999 19999 19999 19999 19999 19999 19999 19999 19999 19999 19999 19999 20000 20000 20000 20000 20000 20000 20000 20000 20000 20000 ]
[ 19999 19999 19999 19999 19999 19999 19999 19999 19999 19999 19999 19999 19999 19999 19999 19999 20000 20000 20000 20000 20000 20000 20000 20000 20000 ]
[ 19999 19999 19999 19999 19999 19999 19999 19999 19999 19999 19999 19999 19999 19999 19999 19999 19999 20000 20000 20000 20000 20000 20000 20000 20000 ]
[ 19999 19999 19999 19999 19999 19999 19999 19999 19999 19999 19999 19999 19999 19999 19999 19999 19999 19999 20000 20000 20000 20000 20000 20000 20000 ]
[ 19999 19999 19999 19999 19999 19999 19999 19999 19999 19999 19999 19999 19999 19999 19999 19999 19999 19999 19999 20000 20000 20000 20000 20000 20000 ]

Running merge sort algorithm: 
Timer (sort): 111ms real	90ms user	20ms sys
The output is sorted!
[ 0 0 0 0 0 0 0 0 0 0 0 0 0 0 0 0 0 0 0 0 0 0 0 0 1 ]
[ 0 0 0 0 0 0 0 0 0 0 0 0 0 0 0 0 0 0 0 0 0 0 0 1 1 ]
[ 0 0 0 0 0 0 0 0 0 0 0 0 0 0 0 0 0 0 0 0 0 0 1 1 1 ]
[ 0 0 0 0 0 0 0 0 0 0 0 0 0 0 0 0 0 0 0 0 0 1 1 1 1 ]
[ 0 0 0 0 0 0 0 0 0 0 0 0 0 0 0 0 0 0 0 0 1 1 1 1 1 ]
[ 0 0 0 0 0 0 0 0 0 0 0 0 0 0 0 0 0 0 0 1 1 1 1 1 1 ]
[ 0 0 0 0 0 0 0 0 0 0 0 0 0 0 0 0 0 0 1 1 1 1 1 1 1 ]
[ 0 0 0 0 0 0 0 0 0 0 0 0 0 0 0 0 0 1 1 1 1 1 1 1 1 ]
[ 0 0 0 0 0 0 0 0 0 0 0 0 0 0 0 0 1 1 1 1 1 1 1 1 1 ]
[ 0 0 0 0 0 0 0 0 0 0 0 0 0 0 0 1 1 1 1 1 1 1 1 1 1 ]
[ 0 0 0 0 0 0 0 0 0 0 0 0 0 0 1 1 1 1 1 1 1 1 1 1 1 ]
[ 0 0 0 0 0 0 0 0 0 0 0 0 0 1 1 1 1 1 1 1 1 1 1 1 1 ]
[ 0 0 0 0 0 0 0 0 0 0 0 0 1 1 1 1 1 1 1 1 1 1 1 1 1 ]
[ 0 0 0 0 0 0 0 0 0 0 0 1 1 1 1 1 1 1 1 1 1 1 1 1 1 ]
[ 0 0 0 0 0 0 0 0 0 0 1 1 1 1 1 1 1 1 1 1 1 1 1 1 1 ]
[ 0 0 0 0 0 0 0 0 0 1 1 1 1 1 1 1 1 1 1 1 1 1 1 1 1 ]
[ 0 0 0 0 0 0 0 0 1 1 1 1 1 1 1 1 1 1 1 1 1 1 1 1 1 ]
[ 0 0 0 0 0 0 0 1 1 1 1 1 1 1 1 1 1 1 1 1 1 1 1 1 1 ]
[ 0 0 0 0 0 0 1 1 1 1 1 1 1 1 1 1 1 1 1 1 1 1 1 1 1 ]
[ 0 0 0 0 0 1 1 1 1 1 1 1 1 1 1 1 1 1 1 1 1 1 1 1 1 ]

Timer (generate): 44ms real	20ms user	10ms sys
[ 20000 20000 20000 20000 20000 20000 20000 20000 20000 20000 20000 20000 20000 20000 20000 20000 20000 20000 20000 20000 20000 20000 20000 20000 20000 ]
[ 19999 20000 20000 20000 20000 20000 20000 20000 20000 20000 20000 20000 20000 20000 20000 20000 20000 20000 20000 20000 20000 20000 20000 20000 20000 ]
[ 19999 19999 20000 20000 20000 20000 20000 20000 20000 20000 20000 20000 20000 20000 20000 20000 20000 20000 20000 20000 20000 20000 20000 20000 20000 ]
[ 19999 19999 19999 20000 20000 20000 20000 20000 20000 20000 20000 20000 20000 20000 20000 20000 20000 20000 20000 20000 20000 20000 20000 20000 20000 ]
[ 19999 19999 19999 19999 20000 20000 20000 20000 20000 20000 20000 20000 20000 20000 20000 20000 20000 20000 20000 20000 20000 20000 20000 20000 20000 ]
[ 19999 19999 19999 19999 19999 20000 20000 20000 20000 20000 20000 20000 20000 20000 20000 20000 20000 20000 20000 20000 20000 20000 20000 20000 20000 ]
[ 19999 19999 19999 19999 19999 19999 20000 20000 20000 20000 20000 20000 20000 20000 20000 20000 20000 20000 20000 20000 20000 20000 20000 20000 20000 ]
[ 19999 19999 19999 19999 19999 19999 19999 20000 20000 20000 20000 20000 20000 20000 20000 20000 20000 20000 20000 20000 20000 20000 20000 20000 20000 ]
[ 19999 19999 19999 19999 19999 19999 19999 19999 20000 20000 20000 20000 20000 20000 20000 20000 20000 20000 20000 20000 20000 20000 20000 20000 20000 ]
[ 19999 19999 19999 19999 19999 19999 19999 19999 19999 20000 20000 20000 20000 20000 20000 20000 20000 20000 20000 20000 20000 20000 20000 20000 20000 ]
[ 19999 19999 19999 19999 19999 19999 19999 19999 19999 19999 20000 20000 20000 20000 20000 20000 20000 20000 20000 20000 20000 20000 20000 20000 20000 ]
[ 19999 19999 19999 19999 19999 19999 19999 19999 19999 19999 19999 20000 20000 20000 20000 20000 20000 20000 20000 20000 20000 20000 20000 20000 20000 ]
[ 19999 19999 19999 19999 19999 19999 19999 19999 19999 19999 19999 19999 20000 20000 20000 20000 20000 20000 20000 20000 20000 20000 20000 20000 20000 ]
[ 19999 19999 19999 19999 19999 19999 19999 19999 19999 19999 19999 19999 19999 20000 20000 20000 20000 20000 20000 20000 20000 20000 20000 20000 20000 ]
[ 19999 19999 19999 19999 19999 19999 19999 19999 19999 19999 19999 19999 19999 19999 20000 20000 20000 20000 20000 20000 20000 20000 20000 20000 20000 ]
[ 19999 19999 19999 19999 19999 19999 19999 19999 19999 19999 19999 19999 19999 19999 19999 20000 20000 20000 20000 20000 20000 20000 20000 20000 20000 ]
[ 19999 19999 19999 19999 19999 19999 19999 19999 19999 19999 19999 19999 19999 19999 19999 19999 20000 20000 20000 20000 20000 20000 20000 20000 20000 ]
[ 19999 19999 19999 19999 19999 19999 19999 19999 19999 19999 19999 19999 19999 19999 19999 19999 19999 20000 20000 20000 20000 20000 20000 20000 20000 ]
[ 19999 19999 19999 19999 19999 19999 19999 19999 19999 19999 19999 19999 19999 19999 19999 19999 19999 19999 20000 20000 20000 20000 20000 20000 20000 ]
[ 19999 19999 19999 19999 19999 19999 19999 19999 19999 19999 19999 19999 19999 19999 19999 19999 19999 19999 19999 20000 20000 20000 20000 20000 20000 ]

Running merge sort algorithm: 
Timer (sort): 114ms real	80ms user	30ms sys
The output is sorted!
[ 0 0 0 0 0 0 0 0 0 0 0 0 0 0 0 0 0 0 0 0 0 0 0 0 1 ]
[ 0 0 0 0 0 0 0 0 0 0 0 0 0 0 0 0 0 0 0 0 0 0 0 1 1 ]
[ 0 0 0 0 0 0 0 0 0 0 0 0 0 0 0 0 0 0 0 0 0 0 1 1 1 ]
[ 0 0 0 0 0 0 0 0 0 0 0 0 0 0 0 0 0 0 0 0 0 1 1 1 1 ]
[ 0 0 0 0 0 0 0 0 0 0 0 0 0 0 0 0 0 0 0 0 1 1 1 1 1 ]
[ 0 0 0 0 0 0 0 0 0 0 0 0 0 0 0 0 0 0 0 1 1 1 1 1 1 ]
[ 0 0 0 0 0 0 0 0 0 0 0 0 0 0 0 0 0 0 1 1 1 1 1 1 1 ]
[ 0 0 0 0 0 0 0 0 0 0 0 0 0 0 0 0 0 1 1 1 1 1 1 1 1 ]
[ 0 0 0 0 0 0 0 0 0 0 0 0 0 0 0 0 1 1 1 1 1 1 1 1 1 ]
[ 0 0 0 0 0 0 0 0 0 0 0 0 0 0 0 1 1 1 1 1 1 1 1 1 1 ]
[ 0 0 0 0 0 0 0 0 0 0 0 0 0 0 1 1 1 1 1 1 1 1 1 1 1 ]
[ 0 0 0 0 0 0 0 0 0 0 0 0 0 1 1 1 1 1 1 1 1 1 1 1 1 ]
[ 0 0 0 0 0 0 0 0 0 0 0 0 1 1 1 1 1 1 1 1 1 1 1 1 1 ]
[ 0 0 0 0 0 0 0 0 0 0 0 1 1 1 1 1 1 1 1 1 1 1 1 1 1 ]
[ 0 0 0 0 0 0 0 0 0 0 1 1 1 1 1 1 1 1 1 1 1 1 1 1 1 ]
[ 0 0 0 0 0 0 0 0 0 1 1 1 1 1 1 1 1 1 1 1 1 1 1 1 1 ]
[ 0 0 0 0 0 0 0 0 1 1 1 1 1 1 1 1 1 1 1 1 1 1 1 1 1 ]
[ 0 0 0 0 0 0 0 1 1 1 1 1 1 1 1 1 1 1 1 1 1 1 1 1 1 ]
[ 0 0 0 0 0 0 1 1 1 1 1 1 1 1 1 1 1 1 1 1 1 1 1 1 1 ]
[ 0 0 0 0 0 1 1 1 1 1 1 1 1 1 1 1 1 1 1 1 1 1 1 1 1 ]

Timer (generate): 45ms real	20ms user	20ms sys
[ 20000 20000 20000 20000 20000 20000 20000 20000 20000 20000 20000 20000 20000 20000 20000 20000 20000 20000 20000 20000 20000 20000 20000 20000 20000 ]
[ 19999 20000 20000 20000 20000 20000 20000 20000 20000 20000 20000 20000 20000 20000 20000 20000 20000 20000 20000 20000 20000 20000 20000 20000 20000 ]
[ 19999 19999 20000 20000 20000 20000 20000 20000 20000 20000 20000 20000 20000 20000 20000 20000 20000 20000 20000 20000 20000 20000 20000 20000 20000 ]
[ 19999 19999 19999 20000 20000 20000 20000 20000 20000 20000 20000 20000 20000 20000 20000 20000 20000 20000 20000 20000 20000 20000 20000 20000 20000 ]
[ 19999 19999 19999 19999 20000 20000 20000 20000 20000 20000 20000 20000 20000 20000 20000 20000 20000 20000 20000 20000 20000 20000 20000 20000 20000 ]
[ 19999 19999 19999 19999 19999 20000 20000 20000 20000 20000 20000 20000 20000 20000 20000 20000 20000 20000 20000 20000 20000 20000 20000 20000 20000 ]
[ 19999 19999 19999 19999 19999 19999 20000 20000 20000 20000 20000 20000 20000 20000 20000 20000 20000 20000 20000 20000 20000 20000 20000 20000 20000 ]
[ 19999 19999 19999 19999 19999 19999 19999 20000 20000 20000 20000 20000 20000 20000 20000 20000 20000 20000 20000 20000 20000 20000 20000 20000 20000 ]
[ 19999 19999 19999 19999 19999 19999 19999 19999 20000 20000 20000 20000 20000 20000 20000 20000 20000 20000 20000 20000 20000 20000 20000 20000 20000 ]
[ 19999 19999 19999 19999 19999 19999 19999 19999 19999 20000 20000 20000 20000 20000 20000 20000 20000 20000 20000 20000 20000 20000 20000 20000 20000 ]
[ 19999 19999 19999 19999 19999 19999 19999 19999 19999 19999 20000 20000 20000 20000 20000 20000 20000 20000 20000 20000 20000 20000 20000 20000 20000 ]
[ 19999 19999 19999 19999 19999 19999 19999 19999 19999 19999 19999 20000 20000 20000 20000 20000 20000 20000 20000 20000 20000 20000 20000 20000 20000 ]
[ 19999 19999 19999 19999 19999 19999 19999 19999 19999 19999 19999 19999 20000 20000 20000 20000 20000 20000 20000 20000 20000 20000 20000 20000 20000 ]
[ 19999 19999 19999 19999 19999 19999 19999 19999 19999 19999 19999 19999 19999 20000 20000 20000 20000 20000 20000 20000 20000 20000 20000 20000 20000 ]
[ 19999 19999 19999 19999 19999 19999 19999 19999 19999 19999 19999 19999 19999 19999 20000 20000 20000 20000 20000 20000 20000 20000 20000 20000 20000 ]
[ 19999 19999 19999 19999 19999 19999 19999 19999 19999 19999 19999 19999 19999 19999 19999 20000 20000 20000 20000 20000 20000 20000 20000 20000 20000 ]
[ 19999 19999 19999 19999 19999 19999 19999 19999 19999 19999 19999 19999 19999 19999 19999 19999 20000 20000 20000 20000 20000 20000 20000 20000 20000 ]
[ 19999 19999 19999 19999 19999 19999 19999 19999 19999 19999 19999 19999 19999 19999 19999 19999 19999 20000 20000 20000 20000 20000 20000 20000 20000 ]
[ 19999 19999 19999 19999 19999 19999 19999 19999 19999 19999 19999 19999 19999 19999 19999 19999 19999 19999 20000 20000 20000 20000 20000 20000 20000 ]
[ 19999 19999 19999 19999 19999 19999 19999 19999 19999 19999 19999 19999 19999 19999 19999 19999 19999 19999 19999 20000 20000 20000 20000 20000 20000 ]

Running merge sort algorithm: 
Timer (sort): 112ms real	80ms user	30ms sys
The output is sorted!
[ 0 0 0 0 0 0 0 0 0 0 0 0 0 0 0 0 0 0 0 0 0 0 0 0 1 ]
[ 0 0 0 0 0 0 0 0 0 0 0 0 0 0 0 0 0 0 0 0 0 0 0 1 1 ]
[ 0 0 0 0 0 0 0 0 0 0 0 0 0 0 0 0 0 0 0 0 0 0 1 1 1 ]
[ 0 0 0 0 0 0 0 0 0 0 0 0 0 0 0 0 0 0 0 0 0 1 1 1 1 ]
[ 0 0 0 0 0 0 0 0 0 0 0 0 0 0 0 0 0 0 0 0 1 1 1 1 1 ]
[ 0 0 0 0 0 0 0 0 0 0 0 0 0 0 0 0 0 0 0 1 1 1 1 1 1 ]
[ 0 0 0 0 0 0 0 0 0 0 0 0 0 0 0 0 0 0 1 1 1 1 1 1 1 ]
[ 0 0 0 0 0 0 0 0 0 0 0 0 0 0 0 0 0 1 1 1 1 1 1 1 1 ]
[ 0 0 0 0 0 0 0 0 0 0 0 0 0 0 0 0 1 1 1 1 1 1 1 1 1 ]
[ 0 0 0 0 0 0 0 0 0 0 0 0 0 0 0 1 1 1 1 1 1 1 1 1 1 ]
[ 0 0 0 0 0 0 0 0 0 0 0 0 0 0 1 1 1 1 1 1 1 1 1 1 1 ]
[ 0 0 0 0 0 0 0 0 0 0 0 0 0 1 1 1 1 1 1 1 1 1 1 1 1 ]
[ 0 0 0 0 0 0 0 0 0 0 0 0 1 1 1 1 1 1 1 1 1 1 1 1 1 ]
[ 0 0 0 0 0 0 0 0 0 0 0 1 1 1 1 1 1 1 1 1 1 1 1 1 1 ]
[ 0 0 0 0 0 0 0 0 0 0 1 1 1 1 1 1 1 1 1 1 1 1 1 1 1 ]
[ 0 0 0 0 0 0 0 0 0 1 1 1 1 1 1 1 1 1 1 1 1 1 1 1 1 ]
[ 0 0 0 0 0 0 0 0 1 1 1 1 1 1 1 1 1 1 1 1 1 1 1 1 1 ]
[ 0 0 0 0 0 0 0 1 1 1 1 1 1 1 1 1 1 1 1 1 1 1 1 1 1 ]
[ 0 0 0 0 0 0 1 1 1 1 1 1 1 1 1 1 1 1 1 1 1 1 1 1 1 ]
[ 0 0 0 0 0 1 1 1 1 1 1 1 1 1 1 1 1 1 1 1 1 1 1 1 1 ]

Timer (generate): 43ms real	30ms user	0ms sys
[ 20000 20000 20000 20000 20000 20000 20000 20000 20000 20000 20000 20000 20000 20000 20000 20000 20000 20000 20000 20000 20000 20000 20000 20000 20000 ]
[ 19999 20000 20000 20000 20000 20000 20000 20000 20000 20000 20000 20000 20000 20000 20000 20000 20000 20000 20000 20000 20000 20000 20000 20000 20000 ]
[ 19999 19999 20000 20000 20000 20000 20000 20000 20000 20000 20000 20000 20000 20000 20000 20000 20000 20000 20000 20000 20000 20000 20000 20000 20000 ]
[ 19999 19999 19999 20000 20000 20000 20000 20000 20000 20000 20000 20000 20000 20000 20000 20000 20000 20000 20000 20000 20000 20000 20000 20000 20000 ]
[ 19999 19999 19999 19999 20000 20000 20000 20000 20000 20000 20000 20000 20000 20000 20000 20000 20000 20000 20000 20000 20000 20000 20000 20000 20000 ]
[ 19999 19999 19999 19999 19999 20000 20000 20000 20000 20000 20000 20000 20000 20000 20000 20000 20000 20000 20000 20000 20000 20000 20000 20000 20000 ]
[ 19999 19999 19999 19999 19999 19999 20000 20000 20000 20000 20000 20000 20000 20000 20000 20000 20000 20000 20000 20000 20000 20000 20000 20000 20000 ]
[ 19999 19999 19999 19999 19999 19999 19999 20000 20000 20000 20000 20000 20000 20000 20000 20000 20000 20000 20000 20000 20000 20000 20000 20000 20000 ]
[ 19999 19999 19999 19999 19999 19999 19999 19999 20000 20000 20000 20000 20000 20000 20000 20000 20000 20000 20000 20000 20000 20000 20000 20000 20000 ]
[ 19999 19999 19999 19999 19999 19999 19999 19999 19999 20000 20000 20000 20000 20000 20000 20000 20000 20000 20000 20000 20000 20000 20000 20000 20000 ]
[ 19999 19999 19999 19999 19999 19999 19999 19999 19999 19999 20000 20000 20000 20000 20000 20000 20000 20000 20000 20000 20000 20000 20000 20000 20000 ]
[ 19999 19999 19999 19999 19999 19999 19999 19999 19999 19999 19999 20000 20000 20000 20000 20000 20000 20000 20000 20000 20000 20000 20000 20000 20000 ]
[ 19999 19999 19999 19999 19999 19999 19999 19999 19999 19999 19999 19999 20000 20000 20000 20000 20000 20000 20000 20000 20000 20000 20000 20000 20000 ]
[ 19999 19999 19999 19999 19999 19999 19999 19999 19999 19999 19999 19999 19999 20000 20000 20000 20000 20000 20000 20000 20000 20000 20000 20000 20000 ]
[ 19999 19999 19999 19999 19999 19999 19999 19999 19999 19999 19999 19999 19999 19999 20000 20000 20000 20000 20000 20000 20000 20000 20000 20000 20000 ]
[ 19999 19999 19999 19999 19999 19999 19999 19999 19999 19999 19999 19999 19999 19999 19999 20000 20000 20000 20000 20000 20000 20000 20000 20000 20000 ]
[ 19999 19999 19999 19999 19999 19999 19999 19999 19999 19999 19999 19999 19999 19999 19999 19999 20000 20000 20000 20000 20000 20000 20000 20000 20000 ]
[ 19999 19999 19999 19999 19999 19999 19999 19999 19999 19999 19999 19999 19999 19999 19999 19999 19999 20000 20000 20000 20000 20000 20000 20000 20000 ]
[ 19999 19999 19999 19999 19999 19999 19999 19999 19999 19999 19999 19999 19999 19999 19999 19999 19999 19999 20000 20000 20000 20000 20000 20000 20000 ]
[ 19999 19999 19999 19999 19999 19999 19999 19999 19999 19999 19999 19999 19999 19999 19999 19999 19999 19999 19999 20000 20000 20000 20000 20000 20000 ]

Running merge sort algorithm: 
Timer (sort): 100ms real	80ms user	20ms sys
The output is sorted!
[ 0 0 0 0 0 0 0 0 0 0 0 0 0 0 0 0 0 0 0 0 0 0 0 0 1 ]
[ 0 0 0 0 0 0 0 0 0 0 0 0 0 0 0 0 0 0 0 0 0 0 0 1 1 ]
[ 0 0 0 0 0 0 0 0 0 0 0 0 0 0 0 0 0 0 0 0 0 0 1 1 1 ]
[ 0 0 0 0 0 0 0 0 0 0 0 0 0 0 0 0 0 0 0 0 0 1 1 1 1 ]
[ 0 0 0 0 0 0 0 0 0 0 0 0 0 0 0 0 0 0 0 0 1 1 1 1 1 ]
[ 0 0 0 0 0 0 0 0 0 0 0 0 0 0 0 0 0 0 0 1 1 1 1 1 1 ]
[ 0 0 0 0 0 0 0 0 0 0 0 0 0 0 0 0 0 0 1 1 1 1 1 1 1 ]
[ 0 0 0 0 0 0 0 0 0 0 0 0 0 0 0 0 0 1 1 1 1 1 1 1 1 ]
[ 0 0 0 0 0 0 0 0 0 0 0 0 0 0 0 0 1 1 1 1 1 1 1 1 1 ]
[ 0 0 0 0 0 0 0 0 0 0 0 0 0 0 0 1 1 1 1 1 1 1 1 1 1 ]
[ 0 0 0 0 0 0 0 0 0 0 0 0 0 0 1 1 1 1 1 1 1 1 1 1 1 ]
[ 0 0 0 0 0 0 0 0 0 0 0 0 0 1 1 1 1 1 1 1 1 1 1 1 1 ]
[ 0 0 0 0 0 0 0 0 0 0 0 0 1 1 1 1 1 1 1 1 1 1 1 1 1 ]
[ 0 0 0 0 0 0 0 0 0 0 0 1 1 1 1 1 1 1 1 1 1 1 1 1 1 ]
[ 0 0 0 0 0 0 0 0 0 0 1 1 1 1 1 1 1 1 1 1 1 1 1 1 1 ]
[ 0 0 0 0 0 0 0 0 0 1 1 1 1 1 1 1 1 1 1 1 1 1 1 1 1 ]
[ 0 0 0 0 0 0 0 0 1 1 1 1 1 1 1 1 1 1 1 1 1 1 1 1 1 ]
[ 0 0 0 0 0 0 0 1 1 1 1 1 1 1 1 1 1 1 1 1 1 1 1 1 1 ]
[ 0 0 0 0 0 0 1 1 1 1 1 1 1 1 1 1 1 1 1 1 1 1 1 1 1 ]
[ 0 0 0 0 0 1 1 1 1 1 1 1 1 1 1 1 1 1 1 1 1 1 1 1 1 ]

Timer (generate): 42ms real	30ms user	10ms sys
[ 20000 20000 20000 20000 20000 20000 20000 20000 20000 20000 20000 20000 20000 20000 20000 20000 20000 20000 20000 20000 20000 20000 20000 20000 20000 ]
[ 19999 20000 20000 20000 20000 20000 20000 20000 20000 20000 20000 20000 20000 20000 20000 20000 20000 20000 20000 20000 20000 20000 20000 20000 20000 ]
[ 19999 19999 20000 20000 20000 20000 20000 20000 20000 20000 20000 20000 20000 20000 20000 20000 20000 20000 20000 20000 20000 20000 20000 20000 20000 ]
[ 19999 19999 19999 20000 20000 20000 20000 20000 20000 20000 20000 20000 20000 20000 20000 20000 20000 20000 20000 20000 20000 20000 20000 20000 20000 ]
[ 19999 19999 19999 19999 20000 20000 20000 20000 20000 20000 20000 20000 20000 20000 20000 20000 20000 20000 20000 20000 20000 20000 20000 20000 20000 ]
[ 19999 19999 19999 19999 19999 20000 20000 20000 20000 20000 20000 20000 20000 20000 20000 20000 20000 20000 20000 20000 20000 20000 20000 20000 20000 ]
[ 19999 19999 19999 19999 19999 19999 20000 20000 20000 20000 20000 20000 20000 20000 20000 20000 20000 20000 20000 20000 20000 20000 20000 20000 20000 ]
[ 19999 19999 19999 19999 19999 19999 19999 20000 20000 20000 20000 20000 20000 20000 20000 20000 20000 20000 20000 20000 20000 20000 20000 20000 20000 ]
[ 19999 19999 19999 19999 19999 19999 19999 19999 20000 20000 20000 20000 20000 20000 20000 20000 20000 20000 20000 20000 20000 20000 20000 20000 20000 ]
[ 19999 19999 19999 19999 19999 19999 19999 19999 19999 20000 20000 20000 20000 20000 20000 20000 20000 20000 20000 20000 20000 20000 20000 20000 20000 ]
[ 19999 19999 19999 19999 19999 19999 19999 19999 19999 19999 20000 20000 20000 20000 20000 20000 20000 20000 20000 20000 20000 20000 20000 20000 20000 ]
[ 19999 19999 19999 19999 19999 19999 19999 19999 19999 19999 19999 20000 20000 20000 20000 20000 20000 20000 20000 20000 20000 20000 20000 20000 20000 ]
[ 19999 19999 19999 19999 19999 19999 19999 19999 19999 19999 19999 19999 20000 20000 20000 20000 20000 20000 20000 20000 20000 20000 20000 20000 20000 ]
[ 19999 19999 19999 19999 19999 19999 19999 19999 19999 19999 19999 19999 19999 20000 20000 20000 20000 20000 20000 20000 20000 20000 20000 20000 20000 ]
[ 19999 19999 19999 19999 19999 19999 19999 19999 19999 19999 19999 19999 19999 19999 20000 20000 20000 20000 20000 20000 20000 20000 20000 20000 20000 ]
[ 19999 19999 19999 19999 19999 19999 19999 19999 19999 19999 19999 19999 19999 19999 19999 20000 20000 20000 20000 20000 20000 20000 20000 20000 20000 ]
[ 19999 19999 19999 19999 19999 19999 19999 19999 19999 19999 19999 19999 19999 19999 19999 19999 20000 20000 20000 20000 20000 20000 20000 20000 20000 ]
[ 19999 19999 19999 19999 19999 19999 19999 19999 19999 19999 19999 19999 19999 19999 19999 19999 19999 20000 20000 20000 20000 20000 20000 20000 20000 ]
[ 19999 19999 19999 19999 19999 19999 19999 19999 19999 19999 19999 19999 19999 19999 19999 19999 19999 19999 20000 20000 20000 20000 20000 20000 20000 ]
[ 19999 19999 19999 19999 19999 19999 19999 19999 19999 19999 19999 19999 19999 19999 19999 19999 19999 19999 19999 20000 20000 20000 20000 20000 20000 ]

Running merge sort algorithm: 
Timer (sort): 99ms real	70ms user	30ms sys
The output is sorted!
[ 0 0 0 0 0 0 0 0 0 0 0 0 0 0 0 0 0 0 0 0 0 0 0 0 1 ]
[ 0 0 0 0 0 0 0 0 0 0 0 0 0 0 0 0 0 0 0 0 0 0 0 1 1 ]
[ 0 0 0 0 0 0 0 0 0 0 0 0 0 0 0 0 0 0 0 0 0 0 1 1 1 ]
[ 0 0 0 0 0 0 0 0 0 0 0 0 0 0 0 0 0 0 0 0 0 1 1 1 1 ]
[ 0 0 0 0 0 0 0 0 0 0 0 0 0 0 0 0 0 0 0 0 1 1 1 1 1 ]
[ 0 0 0 0 0 0 0 0 0 0 0 0 0 0 0 0 0 0 0 1 1 1 1 1 1 ]
[ 0 0 0 0 0 0 0 0 0 0 0 0 0 0 0 0 0 0 1 1 1 1 1 1 1 ]
[ 0 0 0 0 0 0 0 0 0 0 0 0 0 0 0 0 0 1 1 1 1 1 1 1 1 ]
[ 0 0 0 0 0 0 0 0 0 0 0 0 0 0 0 0 1 1 1 1 1 1 1 1 1 ]
[ 0 0 0 0 0 0 0 0 0 0 0 0 0 0 0 1 1 1 1 1 1 1 1 1 1 ]
[ 0 0 0 0 0 0 0 0 0 0 0 0 0 0 1 1 1 1 1 1 1 1 1 1 1 ]
[ 0 0 0 0 0 0 0 0 0 0 0 0 0 1 1 1 1 1 1 1 1 1 1 1 1 ]
[ 0 0 0 0 0 0 0 0 0 0 0 0 1 1 1 1 1 1 1 1 1 1 1 1 1 ]
[ 0 0 0 0 0 0 0 0 0 0 0 1 1 1 1 1 1 1 1 1 1 1 1 1 1 ]
[ 0 0 0 0 0 0 0 0 0 0 1 1 1 1 1 1 1 1 1 1 1 1 1 1 1 ]
[ 0 0 0 0 0 0 0 0 0 1 1 1 1 1 1 1 1 1 1 1 1 1 1 1 1 ]
[ 0 0 0 0 0 0 0 0 1 1 1 1 1 1 1 1 1 1 1 1 1 1 1 1 1 ]
[ 0 0 0 0 0 0 0 1 1 1 1 1 1 1 1 1 1 1 1 1 1 1 1 1 1 ]
[ 0 0 0 0 0 0 1 1 1 1 1 1 1 1 1 1 1 1 1 1 1 1 1 1 1 ]
[ 0 0 0 0 0 1 1 1 1 1 1 1 1 1 1 1 1 1 1 1 1 1 1 1 1 ]

Timer (generate): 46ms real	30ms user	0ms sys
[ 20000 20000 20000 20000 20000 20000 20000 20000 20000 20000 20000 20000 20000 20000 20000 20000 20000 20000 20000 20000 20000 20000 20000 20000 20000 ]
[ 19999 20000 20000 20000 20000 20000 20000 20000 20000 20000 20000 20000 20000 20000 20000 20000 20000 20000 20000 20000 20000 20000 20000 20000 20000 ]
[ 19999 19999 20000 20000 20000 20000 20000 20000 20000 20000 20000 20000 20000 20000 20000 20000 20000 20000 20000 20000 20000 20000 20000 20000 20000 ]
[ 19999 19999 19999 20000 20000 20000 20000 20000 20000 20000 20000 20000 20000 20000 20000 20000 20000 20000 20000 20000 20000 20000 20000 20000 20000 ]
[ 19999 19999 19999 19999 20000 20000 20000 20000 20000 20000 20000 20000 20000 20000 20000 20000 20000 20000 20000 20000 20000 20000 20000 20000 20000 ]
[ 19999 19999 19999 19999 19999 20000 20000 20000 20000 20000 20000 20000 20000 20000 20000 20000 20000 20000 20000 20000 20000 20000 20000 20000 20000 ]
[ 19999 19999 19999 19999 19999 19999 20000 20000 20000 20000 20000 20000 20000 20000 20000 20000 20000 20000 20000 20000 20000 20000 20000 20000 20000 ]
[ 19999 19999 19999 19999 19999 19999 19999 20000 20000 20000 20000 20000 20000 20000 20000 20000 20000 20000 20000 20000 20000 20000 20000 20000 20000 ]
[ 19999 19999 19999 19999 19999 19999 19999 19999 20000 20000 20000 20000 20000 20000 20000 20000 20000 20000 20000 20000 20000 20000 20000 20000 20000 ]
[ 19999 19999 19999 19999 19999 19999 19999 19999 19999 20000 20000 20000 20000 20000 20000 20000 20000 20000 20000 20000 20000 20000 20000 20000 20000 ]
[ 19999 19999 19999 19999 19999 19999 19999 19999 19999 19999 20000 20000 20000 20000 20000 20000 20000 20000 20000 20000 20000 20000 20000 20000 20000 ]
[ 19999 19999 19999 19999 19999 19999 19999 19999 19999 19999 19999 20000 20000 20000 20000 20000 20000 20000 20000 20000 20000 20000 20000 20000 20000 ]
[ 19999 19999 19999 19999 19999 19999 19999 19999 19999 19999 19999 19999 20000 20000 20000 20000 20000 20000 20000 20000 20000 20000 20000 20000 20000 ]
[ 19999 19999 19999 19999 19999 19999 19999 19999 19999 19999 19999 19999 19999 20000 20000 20000 20000 20000 20000 20000 20000 20000 20000 20000 20000 ]
[ 19999 19999 19999 19999 19999 19999 19999 19999 19999 19999 19999 19999 19999 19999 20000 20000 20000 20000 20000 20000 20000 20000 20000 20000 20000 ]
[ 19999 19999 19999 19999 19999 19999 19999 19999 19999 19999 19999 19999 19999 19999 19999 20000 20000 20000 20000 20000 20000 20000 20000 20000 20000 ]
[ 19999 19999 19999 19999 19999 19999 19999 19999 19999 19999 19999 19999 19999 19999 19999 19999 20000 20000 20000 20000 20000 20000 20000 20000 20000 ]
[ 19999 19999 19999 19999 19999 19999 19999 19999 19999 19999 19999 19999 19999 19999 19999 19999 19999 20000 20000 20000 20000 20000 20000 20000 20000 ]
[ 19999 19999 19999 19999 19999 19999 19999 19999 19999 19999 19999 19999 19999 19999 19999 19999 19999 19999 20000 20000 20000 20000 20000 20000 20000 ]
[ 19999 19999 19999 19999 19999 19999 19999 19999 19999 19999 19999 19999 19999 19999 19999 19999 19999 19999 19999 20000 20000 20000 20000 20000 20000 ]

Running merge sort algorithm: 
Timer (sort): 108ms real	100ms user	10ms sys
The output is sorted!
[ 0 0 0 0 0 0 0 0 0 0 0 0 0 0 0 0 0 0 0 0 0 0 0 0 1 ]
[ 0 0 0 0 0 0 0 0 0 0 0 0 0 0 0 0 0 0 0 0 0 0 0 1 1 ]
[ 0 0 0 0 0 0 0 0 0 0 0 0 0 0 0 0 0 0 0 0 0 0 1 1 1 ]
[ 0 0 0 0 0 0 0 0 0 0 0 0 0 0 0 0 0 0 0 0 0 1 1 1 1 ]
[ 0 0 0 0 0 0 0 0 0 0 0 0 0 0 0 0 0 0 0 0 1 1 1 1 1 ]
[ 0 0 0 0 0 0 0 0 0 0 0 0 0 0 0 0 0 0 0 1 1 1 1 1 1 ]
[ 0 0 0 0 0 0 0 0 0 0 0 0 0 0 0 0 0 0 1 1 1 1 1 1 1 ]
[ 0 0 0 0 0 0 0 0 0 0 0 0 0 0 0 0 0 1 1 1 1 1 1 1 1 ]
[ 0 0 0 0 0 0 0 0 0 0 0 0 0 0 0 0 1 1 1 1 1 1 1 1 1 ]
[ 0 0 0 0 0 0 0 0 0 0 0 0 0 0 0 1 1 1 1 1 1 1 1 1 1 ]
[ 0 0 0 0 0 0 0 0 0 0 0 0 0 0 1 1 1 1 1 1 1 1 1 1 1 ]
[ 0 0 0 0 0 0 0 0 0 0 0 0 0 1 1 1 1 1 1 1 1 1 1 1 1 ]
[ 0 0 0 0 0 0 0 0 0 0 0 0 1 1 1 1 1 1 1 1 1 1 1 1 1 ]
[ 0 0 0 0 0 0 0 0 0 0 0 1 1 1 1 1 1 1 1 1 1 1 1 1 1 ]
[ 0 0 0 0 0 0 0 0 0 0 1 1 1 1 1 1 1 1 1 1 1 1 1 1 1 ]
[ 0 0 0 0 0 0 0 0 0 1 1 1 1 1 1 1 1 1 1 1 1 1 1 1 1 ]
[ 0 0 0 0 0 0 0 0 1 1 1 1 1 1 1 1 1 1 1 1 1 1 1 1 1 ]
[ 0 0 0 0 0 0 0 1 1 1 1 1 1 1 1 1 1 1 1 1 1 1 1 1 1 ]
[ 0 0 0 0 0 0 1 1 1 1 1 1 1 1 1 1 1 1 1 1 1 1 1 1 1 ]
[ 0 0 0 0 0 1 1 1 1 1 1 1 1 1 1 1 1 1 1 1 1 1 1 1 1 ]

Timer (generate): 48ms real	30ms user	0ms sys
[ 20000 20000 20000 20000 20000 20000 20000 20000 20000 20000 20000 20000 20000 20000 20000 20000 20000 20000 20000 20000 20000 20000 20000 20000 20000 ]
[ 19999 20000 20000 20000 20000 20000 20000 20000 20000 20000 20000 20000 20000 20000 20000 20000 20000 20000 20000 20000 20000 20000 20000 20000 20000 ]
[ 19999 19999 20000 20000 20000 20000 20000 20000 20000 20000 20000 20000 20000 20000 20000 20000 20000 20000 20000 20000 20000 20000 20000 20000 20000 ]
[ 19999 19999 19999 20000 20000 20000 20000 20000 20000 20000 20000 20000 20000 20000 20000 20000 20000 20000 20000 20000 20000 20000 20000 20000 20000 ]
[ 19999 19999 19999 19999 20000 20000 20000 20000 20000 20000 20000 20000 20000 20000 20000 20000 20000 20000 20000 20000 20000 20000 20000 20000 20000 ]
[ 19999 19999 19999 19999 19999 20000 20000 20000 20000 20000 20000 20000 20000 20000 20000 20000 20000 20000 20000 20000 20000 20000 20000 20000 20000 ]
[ 19999 19999 19999 19999 19999 19999 20000 20000 20000 20000 20000 20000 20000 20000 20000 20000 20000 20000 20000 20000 20000 20000 20000 20000 20000 ]
[ 19999 19999 19999 19999 19999 19999 19999 20000 20000 20000 20000 20000 20000 20000 20000 20000 20000 20000 20000 20000 20000 20000 20000 20000 20000 ]
[ 19999 19999 19999 19999 19999 19999 19999 19999 20000 20000 20000 20000 20000 20000 20000 20000 20000 20000 20000 20000 20000 20000 20000 20000 20000 ]
[ 19999 19999 19999 19999 19999 19999 19999 19999 19999 20000 20000 20000 20000 20000 20000 20000 20000 20000 20000 20000 20000 20000 20000 20000 20000 ]
[ 19999 19999 19999 19999 19999 19999 19999 19999 19999 19999 20000 20000 20000 20000 20000 20000 20000 20000 20000 20000 20000 20000 20000 20000 20000 ]
[ 19999 19999 19999 19999 19999 19999 19999 19999 19999 19999 19999 20000 20000 20000 20000 20000 20000 20000 20000 20000 20000 20000 20000 20000 20000 ]
[ 19999 19999 19999 19999 19999 19999 19999 19999 19999 19999 19999 19999 20000 20000 20000 20000 20000 20000 20000 20000 20000 20000 20000 20000 20000 ]
[ 19999 19999 19999 19999 19999 19999 19999 19999 19999 19999 19999 19999 19999 20000 20000 20000 20000 20000 20000 20000 20000 20000 20000 20000 20000 ]
[ 19999 19999 19999 19999 19999 19999 19999 19999 19999 19999 19999 19999 19999 19999 20000 20000 20000 20000 20000 20000 20000 20000 20000 20000 20000 ]
[ 19999 19999 19999 19999 19999 19999 19999 19999 19999 19999 19999 19999 19999 19999 19999 20000 20000 20000 20000 20000 20000 20000 20000 20000 20000 ]
[ 19999 19999 19999 19999 19999 19999 19999 19999 19999 19999 19999 19999 19999 19999 19999 19999 20000 20000 20000 20000 20000 20000 20000 20000 20000 ]
[ 19999 19999 19999 19999 19999 19999 19999 19999 19999 19999 19999 19999 19999 19999 19999 19999 19999 20000 20000 20000 20000 20000 20000 20000 20000 ]
[ 19999 19999 19999 19999 19999 19999 19999 19999 19999 19999 19999 19999 19999 19999 19999 19999 19999 19999 20000 20000 20000 20000 20000 20000 20000 ]
[ 19999 19999 19999 19999 19999 19999 19999 19999 19999 19999 19999 19999 19999 19999 19999 19999 19999 19999 19999 20000 20000 20000 20000 20000 20000 ]

Running merge sort algorithm: 
Timer (sort): 116ms real	110ms user	0ms sys
The output is sorted!
[ 0 0 0 0 0 0 0 0 0 0 0 0 0 0 0 0 0 0 0 0 0 0 0 0 1 ]
[ 0 0 0 0 0 0 0 0 0 0 0 0 0 0 0 0 0 0 0 0 0 0 0 1 1 ]
[ 0 0 0 0 0 0 0 0 0 0 0 0 0 0 0 0 0 0 0 0 0 0 1 1 1 ]
[ 0 0 0 0 0 0 0 0 0 0 0 0 0 0 0 0 0 0 0 0 0 1 1 1 1 ]
[ 0 0 0 0 0 0 0 0 0 0 0 0 0 0 0 0 0 0 0 0 1 1 1 1 1 ]
[ 0 0 0 0 0 0 0 0 0 0 0 0 0 0 0 0 0 0 0 1 1 1 1 1 1 ]
[ 0 0 0 0 0 0 0 0 0 0 0 0 0 0 0 0 0 0 1 1 1 1 1 1 1 ]
[ 0 0 0 0 0 0 0 0 0 0 0 0 0 0 0 0 0 1 1 1 1 1 1 1 1 ]
[ 0 0 0 0 0 0 0 0 0 0 0 0 0 0 0 0 1 1 1 1 1 1 1 1 1 ]
[ 0 0 0 0 0 0 0 0 0 0 0 0 0 0 0 1 1 1 1 1 1 1 1 1 1 ]
[ 0 0 0 0 0 0 0 0 0 0 0 0 0 0 1 1 1 1 1 1 1 1 1 1 1 ]
[ 0 0 0 0 0 0 0 0 0 0 0 0 0 1 1 1 1 1 1 1 1 1 1 1 1 ]
[ 0 0 0 0 0 0 0 0 0 0 0 0 1 1 1 1 1 1 1 1 1 1 1 1 1 ]
[ 0 0 0 0 0 0 0 0 0 0 0 1 1 1 1 1 1 1 1 1 1 1 1 1 1 ]
[ 0 0 0 0 0 0 0 0 0 0 1 1 1 1 1 1 1 1 1 1 1 1 1 1 1 ]
[ 0 0 0 0 0 0 0 0 0 1 1 1 1 1 1 1 1 1 1 1 1 1 1 1 1 ]
[ 0 0 0 0 0 0 0 0 1 1 1 1 1 1 1 1 1 1 1 1 1 1 1 1 1 ]
[ 0 0 0 0 0 0 0 1 1 1 1 1 1 1 1 1 1 1 1 1 1 1 1 1 1 ]
[ 0 0 0 0 0 0 1 1 1 1 1 1 1 1 1 1 1 1 1 1 1 1 1 1 1 ]
[ 0 0 0 0 0 1 1 1 1 1 1 1 1 1 1 1 1 1 1 1 1 1 1 1 1 ]

Timer (generate): 42ms real	20ms user	20ms sys
[ 20000 20000 20000 20000 20000 20000 20000 20000 20000 20000 20000 20000 20000 20000 20000 20000 20000 20000 20000 20000 20000 20000 20000 20000 20000 ]
[ 19999 20000 20000 20000 20000 20000 20000 20000 20000 20000 20000 20000 20000 20000 20000 20000 20000 20000 20000 20000 20000 20000 20000 20000 20000 ]
[ 19999 19999 20000 20000 20000 20000 20000 20000 20000 20000 20000 20000 20000 20000 20000 20000 20000 20000 20000 20000 20000 20000 20000 20000 20000 ]
[ 19999 19999 19999 20000 20000 20000 20000 20000 20000 20000 20000 20000 20000 20000 20000 20000 20000 20000 20000 20000 20000 20000 20000 20000 20000 ]
[ 19999 19999 19999 19999 20000 20000 20000 20000 20000 20000 20000 20000 20000 20000 20000 20000 20000 20000 20000 20000 20000 20000 20000 20000 20000 ]
[ 19999 19999 19999 19999 19999 20000 20000 20000 20000 20000 20000 20000 20000 20000 20000 20000 20000 20000 20000 20000 20000 20000 20000 20000 20000 ]
[ 19999 19999 19999 19999 19999 19999 20000 20000 20000 20000 20000 20000 20000 20000 20000 20000 20000 20000 20000 20000 20000 20000 20000 20000 20000 ]
[ 19999 19999 19999 19999 19999 19999 19999 20000 20000 20000 20000 20000 20000 20000 20000 20000 20000 20000 20000 20000 20000 20000 20000 20000 20000 ]
[ 19999 19999 19999 19999 19999 19999 19999 19999 20000 20000 20000 20000 20000 20000 20000 20000 20000 20000 20000 20000 20000 20000 20000 20000 20000 ]
[ 19999 19999 19999 19999 19999 19999 19999 19999 19999 20000 20000 20000 20000 20000 20000 20000 20000 20000 20000 20000 20000 20000 20000 20000 20000 ]
[ 19999 19999 19999 19999 19999 19999 19999 19999 19999 19999 20000 20000 20000 20000 20000 20000 20000 20000 20000 20000 20000 20000 20000 20000 20000 ]
[ 19999 19999 19999 19999 19999 19999 19999 19999 19999 19999 19999 20000 20000 20000 20000 20000 20000 20000 20000 20000 20000 20000 20000 20000 20000 ]
[ 19999 19999 19999 19999 19999 19999 19999 19999 19999 19999 19999 19999 20000 20000 20000 20000 20000 20000 20000 20000 20000 20000 20000 20000 20000 ]
[ 19999 19999 19999 19999 19999 19999 19999 19999 19999 19999 19999 19999 19999 20000 20000 20000 20000 20000 20000 20000 20000 20000 20000 20000 20000 ]
[ 19999 19999 19999 19999 19999 19999 19999 19999 19999 19999 19999 19999 19999 19999 20000 20000 20000 20000 20000 20000 20000 20000 20000 20000 20000 ]
[ 19999 19999 19999 19999 19999 19999 19999 19999 19999 19999 19999 19999 19999 19999 19999 20000 20000 20000 20000 20000 20000 20000 20000 20000 20000 ]
[ 19999 19999 19999 19999 19999 19999 19999 19999 19999 19999 19999 19999 19999 19999 19999 19999 20000 20000 20000 20000 20000 20000 20000 20000 20000 ]
[ 19999 19999 19999 19999 19999 19999 19999 19999 19999 19999 19999 19999 19999 19999 19999 19999 19999 20000 20000 20000 20000 20000 20000 20000 20000 ]
[ 19999 19999 19999 19999 19999 19999 19999 19999 19999 19999 19999 19999 19999 19999 19999 19999 19999 19999 20000 20000 20000 20000 20000 20000 20000 ]
[ 19999 19999 19999 19999 19999 19999 19999 19999 19999 19999 19999 19999 19999 19999 19999 19999 19999 19999 19999 20000 20000 20000 20000 20000 20000 ]

Running merge sort algorithm: 
Timer (sort): 101ms real	90ms user	10ms sys
The output is sorted!
[ 0 0 0 0 0 0 0 0 0 0 0 0 0 0 0 0 0 0 0 0 0 0 0 0 1 ]
[ 0 0 0 0 0 0 0 0 0 0 0 0 0 0 0 0 0 0 0 0 0 0 0 1 1 ]
[ 0 0 0 0 0 0 0 0 0 0 0 0 0 0 0 0 0 0 0 0 0 0 1 1 1 ]
[ 0 0 0 0 0 0 0 0 0 0 0 0 0 0 0 0 0 0 0 0 0 1 1 1 1 ]
[ 0 0 0 0 0 0 0 0 0 0 0 0 0 0 0 0 0 0 0 0 1 1 1 1 1 ]
[ 0 0 0 0 0 0 0 0 0 0 0 0 0 0 0 0 0 0 0 1 1 1 1 1 1 ]
[ 0 0 0 0 0 0 0 0 0 0 0 0 0 0 0 0 0 0 1 1 1 1 1 1 1 ]
[ 0 0 0 0 0 0 0 0 0 0 0 0 0 0 0 0 0 1 1 1 1 1 1 1 1 ]
[ 0 0 0 0 0 0 0 0 0 0 0 0 0 0 0 0 1 1 1 1 1 1 1 1 1 ]
[ 0 0 0 0 0 0 0 0 0 0 0 0 0 0 0 1 1 1 1 1 1 1 1 1 1 ]
[ 0 0 0 0 0 0 0 0 0 0 0 0 0 0 1 1 1 1 1 1 1 1 1 1 1 ]
[ 0 0 0 0 0 0 0 0 0 0 0 0 0 1 1 1 1 1 1 1 1 1 1 1 1 ]
[ 0 0 0 0 0 0 0 0 0 0 0 0 1 1 1 1 1 1 1 1 1 1 1 1 1 ]
[ 0 0 0 0 0 0 0 0 0 0 0 1 1 1 1 1 1 1 1 1 1 1 1 1 1 ]
[ 0 0 0 0 0 0 0 0 0 0 1 1 1 1 1 1 1 1 1 1 1 1 1 1 1 ]
[ 0 0 0 0 0 0 0 0 0 1 1 1 1 1 1 1 1 1 1 1 1 1 1 1 1 ]
[ 0 0 0 0 0 0 0 0 1 1 1 1 1 1 1 1 1 1 1 1 1 1 1 1 1 ]
[ 0 0 0 0 0 0 0 1 1 1 1 1 1 1 1 1 1 1 1 1 1 1 1 1 1 ]
[ 0 0 0 0 0 0 1 1 1 1 1 1 1 1 1 1 1 1 1 1 1 1 1 1 1 ]
[ 0 0 0 0 0 1 1 1 1 1 1 1 1 1 1 1 1 1 1 1 1 1 1 1 1 ]

