Timer (generate): 42ms real	40ms user	0ms sys
[ 100000 100000 100000 100000 100000 100000 100000 100000 100000 100000 ]
[ 99999 100000 100000 100000 100000 100000 100000 100000 100000 100000 ]
[ 99999 99999 100000 100000 100000 100000 100000 100000 100000 100000 ]
[ 99999 99999 99999 100000 100000 100000 100000 100000 100000 100000 ]
[ 99999 99999 99999 99999 100000 100000 100000 100000 100000 100000 ]
[ 99999 99999 99999 99999 99999 100000 100000 100000 100000 100000 ]
[ 99999 99999 99999 99999 99999 99999 100000 100000 100000 100000 ]
[ 99999 99999 99999 99999 99999 99999 99999 100000 100000 100000 ]
[ 99999 99999 99999 99999 99999 99999 99999 99999 100000 100000 ]
[ 99999 99999 99999 99999 99999 99999 99999 99999 99999 100000 ]
[ 99999 99999 99999 99999 99999 99999 99999 99999 99999 99999 ]
[ 99998 99999 99999 99999 99999 99999 99999 99999 99999 99999 ]
[ 99998 99998 99999 99999 99999 99999 99999 99999 99999 99999 ]
[ 99998 99998 99998 99999 99999 99999 99999 99999 99999 99999 ]
[ 99998 99998 99998 99998 99999 99999 99999 99999 99999 99999 ]
[ 99998 99998 99998 99998 99998 99999 99999 99999 99999 99999 ]
[ 99998 99998 99998 99998 99998 99998 99999 99999 99999 99999 ]
[ 99998 99998 99998 99998 99998 99998 99998 99999 99999 99999 ]
[ 99998 99998 99998 99998 99998 99998 99998 99998 99999 99999 ]
[ 99998 99998 99998 99998 99998 99998 99998 99998 99998 99999 ]

Running merge sort algorithm: 
Timer (sort): 189ms real	130ms user	60ms sys
The output is sorted!
[ 0 0 0 0 0 0 0 0 0 1 ]
[ 0 0 0 0 0 0 0 0 1 1 ]
[ 0 0 0 0 0 0 0 1 1 1 ]
[ 0 0 0 0 0 0 1 1 1 1 ]
[ 0 0 0 0 0 1 1 1 1 1 ]
[ 0 0 0 0 1 1 1 1 1 1 ]
[ 0 0 0 1 1 1 1 1 1 1 ]
[ 0 0 1 1 1 1 1 1 1 1 ]
[ 0 1 1 1 1 1 1 1 1 1 ]
[ 1 1 1 1 1 1 1 1 1 1 ]
[ 1 1 1 1 1 1 1 1 1 2 ]
[ 1 1 1 1 1 1 1 1 2 2 ]
[ 1 1 1 1 1 1 1 2 2 2 ]
[ 1 1 1 1 1 1 2 2 2 2 ]
[ 1 1 1 1 1 2 2 2 2 2 ]
[ 1 1 1 1 2 2 2 2 2 2 ]
[ 1 1 1 2 2 2 2 2 2 2 ]
[ 1 1 2 2 2 2 2 2 2 2 ]
[ 1 2 2 2 2 2 2 2 2 2 ]
[ 2 2 2 2 2 2 2 2 2 2 ]

Timer (generate): 43ms real	30ms user	10ms sys
[ 100000 100000 100000 100000 100000 100000 100000 100000 100000 100000 ]
[ 99999 100000 100000 100000 100000 100000 100000 100000 100000 100000 ]
[ 99999 99999 100000 100000 100000 100000 100000 100000 100000 100000 ]
[ 99999 99999 99999 100000 100000 100000 100000 100000 100000 100000 ]
[ 99999 99999 99999 99999 100000 100000 100000 100000 100000 100000 ]
[ 99999 99999 99999 99999 99999 100000 100000 100000 100000 100000 ]
[ 99999 99999 99999 99999 99999 99999 100000 100000 100000 100000 ]
[ 99999 99999 99999 99999 99999 99999 99999 100000 100000 100000 ]
[ 99999 99999 99999 99999 99999 99999 99999 99999 100000 100000 ]
[ 99999 99999 99999 99999 99999 99999 99999 99999 99999 100000 ]
[ 99999 99999 99999 99999 99999 99999 99999 99999 99999 99999 ]
[ 99998 99999 99999 99999 99999 99999 99999 99999 99999 99999 ]
[ 99998 99998 99999 99999 99999 99999 99999 99999 99999 99999 ]
[ 99998 99998 99998 99999 99999 99999 99999 99999 99999 99999 ]
[ 99998 99998 99998 99998 99999 99999 99999 99999 99999 99999 ]
[ 99998 99998 99998 99998 99998 99999 99999 99999 99999 99999 ]
[ 99998 99998 99998 99998 99998 99998 99999 99999 99999 99999 ]
[ 99998 99998 99998 99998 99998 99998 99998 99999 99999 99999 ]
[ 99998 99998 99998 99998 99998 99998 99998 99998 99999 99999 ]
[ 99998 99998 99998 99998 99998 99998 99998 99998 99998 99999 ]

Running merge sort algorithm: 
Timer (sort): 223ms real	170ms user	50ms sys
The output is sorted!
[ 0 0 0 0 0 0 0 0 0 1 ]
[ 0 0 0 0 0 0 0 0 1 1 ]
[ 0 0 0 0 0 0 0 1 1 1 ]
[ 0 0 0 0 0 0 1 1 1 1 ]
[ 0 0 0 0 0 1 1 1 1 1 ]
[ 0 0 0 0 1 1 1 1 1 1 ]
[ 0 0 0 1 1 1 1 1 1 1 ]
[ 0 0 1 1 1 1 1 1 1 1 ]
[ 0 1 1 1 1 1 1 1 1 1 ]
[ 1 1 1 1 1 1 1 1 1 1 ]
[ 1 1 1 1 1 1 1 1 1 2 ]
[ 1 1 1 1 1 1 1 1 2 2 ]
[ 1 1 1 1 1 1 1 2 2 2 ]
[ 1 1 1 1 1 1 2 2 2 2 ]
[ 1 1 1 1 1 2 2 2 2 2 ]
[ 1 1 1 1 2 2 2 2 2 2 ]
[ 1 1 1 2 2 2 2 2 2 2 ]
[ 1 1 2 2 2 2 2 2 2 2 ]
[ 1 2 2 2 2 2 2 2 2 2 ]
[ 2 2 2 2 2 2 2 2 2 2 ]

Timer (generate): 39ms real	20ms user	0ms sys
[ 100000 100000 100000 100000 100000 100000 100000 100000 100000 100000 ]
[ 99999 100000 100000 100000 100000 100000 100000 100000 100000 100000 ]
[ 99999 99999 100000 100000 100000 100000 100000 100000 100000 100000 ]
[ 99999 99999 99999 100000 100000 100000 100000 100000 100000 100000 ]
[ 99999 99999 99999 99999 100000 100000 100000 100000 100000 100000 ]
[ 99999 99999 99999 99999 99999 100000 100000 100000 100000 100000 ]
[ 99999 99999 99999 99999 99999 99999 100000 100000 100000 100000 ]
[ 99999 99999 99999 99999 99999 99999 99999 100000 100000 100000 ]
[ 99999 99999 99999 99999 99999 99999 99999 99999 100000 100000 ]
[ 99999 99999 99999 99999 99999 99999 99999 99999 99999 100000 ]
[ 99999 99999 99999 99999 99999 99999 99999 99999 99999 99999 ]
[ 99998 99999 99999 99999 99999 99999 99999 99999 99999 99999 ]
[ 99998 99998 99999 99999 99999 99999 99999 99999 99999 99999 ]
[ 99998 99998 99998 99999 99999 99999 99999 99999 99999 99999 ]
[ 99998 99998 99998 99998 99999 99999 99999 99999 99999 99999 ]
[ 99998 99998 99998 99998 99998 99999 99999 99999 99999 99999 ]
[ 99998 99998 99998 99998 99998 99998 99999 99999 99999 99999 ]
[ 99998 99998 99998 99998 99998 99998 99998 99999 99999 99999 ]
[ 99998 99998 99998 99998 99998 99998 99998 99998 99999 99999 ]
[ 99998 99998 99998 99998 99998 99998 99998 99998 99998 99999 ]

Running merge sort algorithm: 
Timer (sort): 196ms real	130ms user	60ms sys
The output is sorted!
[ 0 0 0 0 0 0 0 0 0 1 ]
[ 0 0 0 0 0 0 0 0 1 1 ]
[ 0 0 0 0 0 0 0 1 1 1 ]
[ 0 0 0 0 0 0 1 1 1 1 ]
[ 0 0 0 0 0 1 1 1 1 1 ]
[ 0 0 0 0 1 1 1 1 1 1 ]
[ 0 0 0 1 1 1 1 1 1 1 ]
[ 0 0 1 1 1 1 1 1 1 1 ]
[ 0 1 1 1 1 1 1 1 1 1 ]
[ 1 1 1 1 1 1 1 1 1 1 ]
[ 1 1 1 1 1 1 1 1 1 2 ]
[ 1 1 1 1 1 1 1 1 2 2 ]
[ 1 1 1 1 1 1 1 2 2 2 ]
[ 1 1 1 1 1 1 2 2 2 2 ]
[ 1 1 1 1 1 2 2 2 2 2 ]
[ 1 1 1 1 2 2 2 2 2 2 ]
[ 1 1 1 2 2 2 2 2 2 2 ]
[ 1 1 2 2 2 2 2 2 2 2 ]
[ 1 2 2 2 2 2 2 2 2 2 ]
[ 2 2 2 2 2 2 2 2 2 2 ]

Timer (generate): 44ms real	20ms user	10ms sys
[ 100000 100000 100000 100000 100000 100000 100000 100000 100000 100000 ]
[ 99999 100000 100000 100000 100000 100000 100000 100000 100000 100000 ]
[ 99999 99999 100000 100000 100000 100000 100000 100000 100000 100000 ]
[ 99999 99999 99999 100000 100000 100000 100000 100000 100000 100000 ]
[ 99999 99999 99999 99999 100000 100000 100000 100000 100000 100000 ]
[ 99999 99999 99999 99999 99999 100000 100000 100000 100000 100000 ]
[ 99999 99999 99999 99999 99999 99999 100000 100000 100000 100000 ]
[ 99999 99999 99999 99999 99999 99999 99999 100000 100000 100000 ]
[ 99999 99999 99999 99999 99999 99999 99999 99999 100000 100000 ]
[ 99999 99999 99999 99999 99999 99999 99999 99999 99999 100000 ]
[ 99999 99999 99999 99999 99999 99999 99999 99999 99999 99999 ]
[ 99998 99999 99999 99999 99999 99999 99999 99999 99999 99999 ]
[ 99998 99998 99999 99999 99999 99999 99999 99999 99999 99999 ]
[ 99998 99998 99998 99999 99999 99999 99999 99999 99999 99999 ]
[ 99998 99998 99998 99998 99999 99999 99999 99999 99999 99999 ]
[ 99998 99998 99998 99998 99998 99999 99999 99999 99999 99999 ]
[ 99998 99998 99998 99998 99998 99998 99999 99999 99999 99999 ]
[ 99998 99998 99998 99998 99998 99998 99998 99999 99999 99999 ]
[ 99998 99998 99998 99998 99998 99998 99998 99998 99999 99999 ]
[ 99998 99998 99998 99998 99998 99998 99998 99998 99998 99999 ]

Running merge sort algorithm: 
Timer (sort): 171ms real	140ms user	30ms sys
The output is sorted!
[ 0 0 0 0 0 0 0 0 0 1 ]
[ 0 0 0 0 0 0 0 0 1 1 ]
[ 0 0 0 0 0 0 0 1 1 1 ]
[ 0 0 0 0 0 0 1 1 1 1 ]
[ 0 0 0 0 0 1 1 1 1 1 ]
[ 0 0 0 0 1 1 1 1 1 1 ]
[ 0 0 0 1 1 1 1 1 1 1 ]
[ 0 0 1 1 1 1 1 1 1 1 ]
[ 0 1 1 1 1 1 1 1 1 1 ]
[ 1 1 1 1 1 1 1 1 1 1 ]
[ 1 1 1 1 1 1 1 1 1 2 ]
[ 1 1 1 1 1 1 1 1 2 2 ]
[ 1 1 1 1 1 1 1 2 2 2 ]
[ 1 1 1 1 1 1 2 2 2 2 ]
[ 1 1 1 1 1 2 2 2 2 2 ]
[ 1 1 1 1 2 2 2 2 2 2 ]
[ 1 1 1 2 2 2 2 2 2 2 ]
[ 1 1 2 2 2 2 2 2 2 2 ]
[ 1 2 2 2 2 2 2 2 2 2 ]
[ 2 2 2 2 2 2 2 2 2 2 ]

Timer (generate): 38ms real	30ms user	0ms sys
[ 100000 100000 100000 100000 100000 100000 100000 100000 100000 100000 ]
[ 99999 100000 100000 100000 100000 100000 100000 100000 100000 100000 ]
[ 99999 99999 100000 100000 100000 100000 100000 100000 100000 100000 ]
[ 99999 99999 99999 100000 100000 100000 100000 100000 100000 100000 ]
[ 99999 99999 99999 99999 100000 100000 100000 100000 100000 100000 ]
[ 99999 99999 99999 99999 99999 100000 100000 100000 100000 100000 ]
[ 99999 99999 99999 99999 99999 99999 100000 100000 100000 100000 ]
[ 99999 99999 99999 99999 99999 99999 99999 100000 100000 100000 ]
[ 99999 99999 99999 99999 99999 99999 99999 99999 100000 100000 ]
[ 99999 99999 99999 99999 99999 99999 99999 99999 99999 100000 ]
[ 99999 99999 99999 99999 99999 99999 99999 99999 99999 99999 ]
[ 99998 99999 99999 99999 99999 99999 99999 99999 99999 99999 ]
[ 99998 99998 99999 99999 99999 99999 99999 99999 99999 99999 ]
[ 99998 99998 99998 99999 99999 99999 99999 99999 99999 99999 ]
[ 99998 99998 99998 99998 99999 99999 99999 99999 99999 99999 ]
[ 99998 99998 99998 99998 99998 99999 99999 99999 99999 99999 ]
[ 99998 99998 99998 99998 99998 99998 99999 99999 99999 99999 ]
[ 99998 99998 99998 99998 99998 99998 99998 99999 99999 99999 ]
[ 99998 99998 99998 99998 99998 99998 99998 99998 99999 99999 ]
[ 99998 99998 99998 99998 99998 99998 99998 99998 99998 99999 ]

Running merge sort algorithm: 
Timer (sort): 179ms real	140ms user	30ms sys
The output is sorted!
[ 0 0 0 0 0 0 0 0 0 1 ]
[ 0 0 0 0 0 0 0 0 1 1 ]
[ 0 0 0 0 0 0 0 1 1 1 ]
[ 0 0 0 0 0 0 1 1 1 1 ]
[ 0 0 0 0 0 1 1 1 1 1 ]
[ 0 0 0 0 1 1 1 1 1 1 ]
[ 0 0 0 1 1 1 1 1 1 1 ]
[ 0 0 1 1 1 1 1 1 1 1 ]
[ 0 1 1 1 1 1 1 1 1 1 ]
[ 1 1 1 1 1 1 1 1 1 1 ]
[ 1 1 1 1 1 1 1 1 1 2 ]
[ 1 1 1 1 1 1 1 1 2 2 ]
[ 1 1 1 1 1 1 1 2 2 2 ]
[ 1 1 1 1 1 1 2 2 2 2 ]
[ 1 1 1 1 1 2 2 2 2 2 ]
[ 1 1 1 1 2 2 2 2 2 2 ]
[ 1 1 1 2 2 2 2 2 2 2 ]
[ 1 1 2 2 2 2 2 2 2 2 ]
[ 1 2 2 2 2 2 2 2 2 2 ]
[ 2 2 2 2 2 2 2 2 2 2 ]

Timer (generate): 44ms real	40ms user	0ms sys
[ 100000 100000 100000 100000 100000 100000 100000 100000 100000 100000 ]
[ 99999 100000 100000 100000 100000 100000 100000 100000 100000 100000 ]
[ 99999 99999 100000 100000 100000 100000 100000 100000 100000 100000 ]
[ 99999 99999 99999 100000 100000 100000 100000 100000 100000 100000 ]
[ 99999 99999 99999 99999 100000 100000 100000 100000 100000 100000 ]
[ 99999 99999 99999 99999 99999 100000 100000 100000 100000 100000 ]
[ 99999 99999 99999 99999 99999 99999 100000 100000 100000 100000 ]
[ 99999 99999 99999 99999 99999 99999 99999 100000 100000 100000 ]
[ 99999 99999 99999 99999 99999 99999 99999 99999 100000 100000 ]
[ 99999 99999 99999 99999 99999 99999 99999 99999 99999 100000 ]
[ 99999 99999 99999 99999 99999 99999 99999 99999 99999 99999 ]
[ 99998 99999 99999 99999 99999 99999 99999 99999 99999 99999 ]
[ 99998 99998 99999 99999 99999 99999 99999 99999 99999 99999 ]
[ 99998 99998 99998 99999 99999 99999 99999 99999 99999 99999 ]
[ 99998 99998 99998 99998 99999 99999 99999 99999 99999 99999 ]
[ 99998 99998 99998 99998 99998 99999 99999 99999 99999 99999 ]
[ 99998 99998 99998 99998 99998 99998 99999 99999 99999 99999 ]
[ 99998 99998 99998 99998 99998 99998 99998 99999 99999 99999 ]
[ 99998 99998 99998 99998 99998 99998 99998 99998 99999 99999 ]
[ 99998 99998 99998 99998 99998 99998 99998 99998 99998 99999 ]

Running merge sort algorithm: 
Timer (sort): 167ms real	150ms user	10ms sys
The output is sorted!
[ 0 0 0 0 0 0 0 0 0 1 ]
[ 0 0 0 0 0 0 0 0 1 1 ]
[ 0 0 0 0 0 0 0 1 1 1 ]
[ 0 0 0 0 0 0 1 1 1 1 ]
[ 0 0 0 0 0 1 1 1 1 1 ]
[ 0 0 0 0 1 1 1 1 1 1 ]
[ 0 0 0 1 1 1 1 1 1 1 ]
[ 0 0 1 1 1 1 1 1 1 1 ]
[ 0 1 1 1 1 1 1 1 1 1 ]
[ 1 1 1 1 1 1 1 1 1 1 ]
[ 1 1 1 1 1 1 1 1 1 2 ]
[ 1 1 1 1 1 1 1 1 2 2 ]
[ 1 1 1 1 1 1 1 2 2 2 ]
[ 1 1 1 1 1 1 2 2 2 2 ]
[ 1 1 1 1 1 2 2 2 2 2 ]
[ 1 1 1 1 2 2 2 2 2 2 ]
[ 1 1 1 2 2 2 2 2 2 2 ]
[ 1 1 2 2 2 2 2 2 2 2 ]
[ 1 2 2 2 2 2 2 2 2 2 ]
[ 2 2 2 2 2 2 2 2 2 2 ]

Timer (generate): 39ms real	20ms user	20ms sys
[ 100000 100000 100000 100000 100000 100000 100000 100000 100000 100000 ]
[ 99999 100000 100000 100000 100000 100000 100000 100000 100000 100000 ]
[ 99999 99999 100000 100000 100000 100000 100000 100000 100000 100000 ]
[ 99999 99999 99999 100000 100000 100000 100000 100000 100000 100000 ]
[ 99999 99999 99999 99999 100000 100000 100000 100000 100000 100000 ]
[ 99999 99999 99999 99999 99999 100000 100000 100000 100000 100000 ]
[ 99999 99999 99999 99999 99999 99999 100000 100000 100000 100000 ]
[ 99999 99999 99999 99999 99999 99999 99999 100000 100000 100000 ]
[ 99999 99999 99999 99999 99999 99999 99999 99999 100000 100000 ]
[ 99999 99999 99999 99999 99999 99999 99999 99999 99999 100000 ]
[ 99999 99999 99999 99999 99999 99999 99999 99999 99999 99999 ]
[ 99998 99999 99999 99999 99999 99999 99999 99999 99999 99999 ]
[ 99998 99998 99999 99999 99999 99999 99999 99999 99999 99999 ]
[ 99998 99998 99998 99999 99999 99999 99999 99999 99999 99999 ]
[ 99998 99998 99998 99998 99999 99999 99999 99999 99999 99999 ]
[ 99998 99998 99998 99998 99998 99999 99999 99999 99999 99999 ]
[ 99998 99998 99998 99998 99998 99998 99999 99999 99999 99999 ]
[ 99998 99998 99998 99998 99998 99998 99998 99999 99999 99999 ]
[ 99998 99998 99998 99998 99998 99998 99998 99998 99999 99999 ]
[ 99998 99998 99998 99998 99998 99998 99998 99998 99998 99999 ]

Running merge sort algorithm: 
Timer (sort): 184ms real	160ms user	20ms sys
The output is sorted!
[ 0 0 0 0 0 0 0 0 0 1 ]
[ 0 0 0 0 0 0 0 0 1 1 ]
[ 0 0 0 0 0 0 0 1 1 1 ]
[ 0 0 0 0 0 0 1 1 1 1 ]
[ 0 0 0 0 0 1 1 1 1 1 ]
[ 0 0 0 0 1 1 1 1 1 1 ]
[ 0 0 0 1 1 1 1 1 1 1 ]
[ 0 0 1 1 1 1 1 1 1 1 ]
[ 0 1 1 1 1 1 1 1 1 1 ]
[ 1 1 1 1 1 1 1 1 1 1 ]
[ 1 1 1 1 1 1 1 1 1 2 ]
[ 1 1 1 1 1 1 1 1 2 2 ]
[ 1 1 1 1 1 1 1 2 2 2 ]
[ 1 1 1 1 1 1 2 2 2 2 ]
[ 1 1 1 1 1 2 2 2 2 2 ]
[ 1 1 1 1 2 2 2 2 2 2 ]
[ 1 1 1 2 2 2 2 2 2 2 ]
[ 1 1 2 2 2 2 2 2 2 2 ]
[ 1 2 2 2 2 2 2 2 2 2 ]
[ 2 2 2 2 2 2 2 2 2 2 ]

Timer (generate): 50ms real	40ms user	0ms sys
[ 100000 100000 100000 100000 100000 100000 100000 100000 100000 100000 ]
[ 99999 100000 100000 100000 100000 100000 100000 100000 100000 100000 ]
[ 99999 99999 100000 100000 100000 100000 100000 100000 100000 100000 ]
[ 99999 99999 99999 100000 100000 100000 100000 100000 100000 100000 ]
[ 99999 99999 99999 99999 100000 100000 100000 100000 100000 100000 ]
[ 99999 99999 99999 99999 99999 100000 100000 100000 100000 100000 ]
[ 99999 99999 99999 99999 99999 99999 100000 100000 100000 100000 ]
[ 99999 99999 99999 99999 99999 99999 99999 100000 100000 100000 ]
[ 99999 99999 99999 99999 99999 99999 99999 99999 100000 100000 ]
[ 99999 99999 99999 99999 99999 99999 99999 99999 99999 100000 ]
[ 99999 99999 99999 99999 99999 99999 99999 99999 99999 99999 ]
[ 99998 99999 99999 99999 99999 99999 99999 99999 99999 99999 ]
[ 99998 99998 99999 99999 99999 99999 99999 99999 99999 99999 ]
[ 99998 99998 99998 99999 99999 99999 99999 99999 99999 99999 ]
[ 99998 99998 99998 99998 99999 99999 99999 99999 99999 99999 ]
[ 99998 99998 99998 99998 99998 99999 99999 99999 99999 99999 ]
[ 99998 99998 99998 99998 99998 99998 99999 99999 99999 99999 ]
[ 99998 99998 99998 99998 99998 99998 99998 99999 99999 99999 ]
[ 99998 99998 99998 99998 99998 99998 99998 99998 99999 99999 ]
[ 99998 99998 99998 99998 99998 99998 99998 99998 99998 99999 ]

Running merge sort algorithm: 
Timer (sort): 171ms real	110ms user	60ms sys
The output is sorted!
[ 0 0 0 0 0 0 0 0 0 1 ]
[ 0 0 0 0 0 0 0 0 1 1 ]
[ 0 0 0 0 0 0 0 1 1 1 ]
[ 0 0 0 0 0 0 1 1 1 1 ]
[ 0 0 0 0 0 1 1 1 1 1 ]
[ 0 0 0 0 1 1 1 1 1 1 ]
[ 0 0 0 1 1 1 1 1 1 1 ]
[ 0 0 1 1 1 1 1 1 1 1 ]
[ 0 1 1 1 1 1 1 1 1 1 ]
[ 1 1 1 1 1 1 1 1 1 1 ]
[ 1 1 1 1 1 1 1 1 1 2 ]
[ 1 1 1 1 1 1 1 1 2 2 ]
[ 1 1 1 1 1 1 1 2 2 2 ]
[ 1 1 1 1 1 1 2 2 2 2 ]
[ 1 1 1 1 1 2 2 2 2 2 ]
[ 1 1 1 1 2 2 2 2 2 2 ]
[ 1 1 1 2 2 2 2 2 2 2 ]
[ 1 1 2 2 2 2 2 2 2 2 ]
[ 1 2 2 2 2 2 2 2 2 2 ]
[ 2 2 2 2 2 2 2 2 2 2 ]

Timer (generate): 43ms real	20ms user	10ms sys
[ 100000 100000 100000 100000 100000 100000 100000 100000 100000 100000 ]
[ 99999 100000 100000 100000 100000 100000 100000 100000 100000 100000 ]
[ 99999 99999 100000 100000 100000 100000 100000 100000 100000 100000 ]
[ 99999 99999 99999 100000 100000 100000 100000 100000 100000 100000 ]
[ 99999 99999 99999 99999 100000 100000 100000 100000 100000 100000 ]
[ 99999 99999 99999 99999 99999 100000 100000 100000 100000 100000 ]
[ 99999 99999 99999 99999 99999 99999 100000 100000 100000 100000 ]
[ 99999 99999 99999 99999 99999 99999 99999 100000 100000 100000 ]
[ 99999 99999 99999 99999 99999 99999 99999 99999 100000 100000 ]
[ 99999 99999 99999 99999 99999 99999 99999 99999 99999 100000 ]
[ 99999 99999 99999 99999 99999 99999 99999 99999 99999 99999 ]
[ 99998 99999 99999 99999 99999 99999 99999 99999 99999 99999 ]
[ 99998 99998 99999 99999 99999 99999 99999 99999 99999 99999 ]
[ 99998 99998 99998 99999 99999 99999 99999 99999 99999 99999 ]
[ 99998 99998 99998 99998 99999 99999 99999 99999 99999 99999 ]
[ 99998 99998 99998 99998 99998 99999 99999 99999 99999 99999 ]
[ 99998 99998 99998 99998 99998 99998 99999 99999 99999 99999 ]
[ 99998 99998 99998 99998 99998 99998 99998 99999 99999 99999 ]
[ 99998 99998 99998 99998 99998 99998 99998 99998 99999 99999 ]
[ 99998 99998 99998 99998 99998 99998 99998 99998 99998 99999 ]

Running merge sort algorithm: 
Timer (sort): 203ms real	160ms user	40ms sys
The output is sorted!
[ 0 0 0 0 0 0 0 0 0 1 ]
[ 0 0 0 0 0 0 0 0 1 1 ]
[ 0 0 0 0 0 0 0 1 1 1 ]
[ 0 0 0 0 0 0 1 1 1 1 ]
[ 0 0 0 0 0 1 1 1 1 1 ]
[ 0 0 0 0 1 1 1 1 1 1 ]
[ 0 0 0 1 1 1 1 1 1 1 ]
[ 0 0 1 1 1 1 1 1 1 1 ]
[ 0 1 1 1 1 1 1 1 1 1 ]
[ 1 1 1 1 1 1 1 1 1 1 ]
[ 1 1 1 1 1 1 1 1 1 2 ]
[ 1 1 1 1 1 1 1 1 2 2 ]
[ 1 1 1 1 1 1 1 2 2 2 ]
[ 1 1 1 1 1 1 2 2 2 2 ]
[ 1 1 1 1 1 2 2 2 2 2 ]
[ 1 1 1 1 2 2 2 2 2 2 ]
[ 1 1 1 2 2 2 2 2 2 2 ]
[ 1 1 2 2 2 2 2 2 2 2 ]
[ 1 2 2 2 2 2 2 2 2 2 ]
[ 2 2 2 2 2 2 2 2 2 2 ]

Timer (generate): 39ms real	10ms user	10ms sys
[ 100000 100000 100000 100000 100000 100000 100000 100000 100000 100000 ]
[ 99999 100000 100000 100000 100000 100000 100000 100000 100000 100000 ]
[ 99999 99999 100000 100000 100000 100000 100000 100000 100000 100000 ]
[ 99999 99999 99999 100000 100000 100000 100000 100000 100000 100000 ]
[ 99999 99999 99999 99999 100000 100000 100000 100000 100000 100000 ]
[ 99999 99999 99999 99999 99999 100000 100000 100000 100000 100000 ]
[ 99999 99999 99999 99999 99999 99999 100000 100000 100000 100000 ]
[ 99999 99999 99999 99999 99999 99999 99999 100000 100000 100000 ]
[ 99999 99999 99999 99999 99999 99999 99999 99999 100000 100000 ]
[ 99999 99999 99999 99999 99999 99999 99999 99999 99999 100000 ]
[ 99999 99999 99999 99999 99999 99999 99999 99999 99999 99999 ]
[ 99998 99999 99999 99999 99999 99999 99999 99999 99999 99999 ]
[ 99998 99998 99999 99999 99999 99999 99999 99999 99999 99999 ]
[ 99998 99998 99998 99999 99999 99999 99999 99999 99999 99999 ]
[ 99998 99998 99998 99998 99999 99999 99999 99999 99999 99999 ]
[ 99998 99998 99998 99998 99998 99999 99999 99999 99999 99999 ]
[ 99998 99998 99998 99998 99998 99998 99999 99999 99999 99999 ]
[ 99998 99998 99998 99998 99998 99998 99998 99999 99999 99999 ]
[ 99998 99998 99998 99998 99998 99998 99998 99998 99999 99999 ]
[ 99998 99998 99998 99998 99998 99998 99998 99998 99998 99999 ]

Running merge sort algorithm: 
Timer (sort): 195ms real	150ms user	30ms sys
The output is sorted!
[ 0 0 0 0 0 0 0 0 0 1 ]
[ 0 0 0 0 0 0 0 0 1 1 ]
[ 0 0 0 0 0 0 0 1 1 1 ]
[ 0 0 0 0 0 0 1 1 1 1 ]
[ 0 0 0 0 0 1 1 1 1 1 ]
[ 0 0 0 0 1 1 1 1 1 1 ]
[ 0 0 0 1 1 1 1 1 1 1 ]
[ 0 0 1 1 1 1 1 1 1 1 ]
[ 0 1 1 1 1 1 1 1 1 1 ]
[ 1 1 1 1 1 1 1 1 1 1 ]
[ 1 1 1 1 1 1 1 1 1 2 ]
[ 1 1 1 1 1 1 1 1 2 2 ]
[ 1 1 1 1 1 1 1 2 2 2 ]
[ 1 1 1 1 1 1 2 2 2 2 ]
[ 1 1 1 1 1 2 2 2 2 2 ]
[ 1 1 1 1 2 2 2 2 2 2 ]
[ 1 1 1 2 2 2 2 2 2 2 ]
[ 1 1 2 2 2 2 2 2 2 2 ]
[ 1 2 2 2 2 2 2 2 2 2 ]
[ 2 2 2 2 2 2 2 2 2 2 ]

