Timer (generate): 43ms real	30ms user	0ms sys
[ 20 47 62 54 13 88 65 78 49 55 22 7 90 44 99 37 39 93 48 9 82 77 80 1 40 38 49 62 76 28 78 97 27 93 51 40 33 68 70 83 23 92 42 65 36 41 54 76 34 3 ]
[ 37 68 80 18 69 72 8 70 87 84 50 65 33 78 10 36 70 44 5 41 79 80 33 21 98 22 14 52 50 0 55 87 68 88 57 90 12 65 12 99 2 63 17 35 93 27 24 15 23 29 ]
[ 56 54 61 42 75 59 16 41 12 66 41 19 53 62 59 63 4 72 28 16 71 30 79 40 18 24 68 42 40 43 23 48 98 84 90 25 96 6 19 60 24 60 79 78 74 91 41 78 63 21 ]
[ 95 86 4 26 27 22 51 47 16 91 90 39 91 40 23 82 18 19 40 37 79 65 49 11 95 24 2 88 54 17 61 1 3 65 28 82 87 31 29 3 74 72 94 65 64 18 99 82 89 40 ]
[ 71 21 57 21 84 4 97 38 92 3 55 53 5 10 71 33 45 10 16 74 66 90 98 60 55 15 30 55 49 20 47 21 93 4 94 29 8 43 67 52 46 74 57 51 36 28 36 81 39 52 ]
[ 8 5 94 58 65 50 73 96 57 23 68 4 96 13 60 90 42 20 85 61 72 31 87 29 35 23 10 23 57 49 28 65 54 22 23 71 72 49 67 81 72 87 85 68 0 97 10 94 17 95 ]
[ 55 41 78 42 71 65 18 33 89 75 82 17 92 36 91 15 7 16 16 27 97 88 14 35 8 67 32 70 61 50 65 69 43 96 11 66 61 29 99 2 4 81 71 96 69 63 64 29 79 32 ]
[ 8 76 73 74 11 81 41 96 52 55 98 69 24 41 17 35 8 79 17 7 33 73 41 5 70 10 20 86 91 99 18 99 27 91 74 91 25 15 87 29 70 37 50 94 78 68 82 38 99 99 ]
[ 98 84 72 39 89 94 1 61 32 93 12 3 92 40 46 66 83 71 82 22 52 4 59 55 51 37 23 85 76 74 36 74 58 8 65 0 55 66 13 39 59 26 42 52 66 89 18 1 12 52 ]
[ 23 17 9 82 72 60 19 47 97 47 73 33 73 31 93 38 83 48 57 49 40 16 75 82 68 93 23 39 94 88 43 17 57 52 51 29 64 22 76 61 70 49 94 95 32 88 86 68 88 43 ]
[ 17 28 59 44 63 80 37 38 19 83 78 62 0 35 67 3 64 31 25 92 93 47 93 39 43 78 79 29 46 68 24 15 48 35 59 63 15 48 2 86 31 80 1 83 68 68 86 32 99 11 ]
[ 77 44 59 70 84 54 0 15 35 98 83 59 13 84 94 24 47 62 24 1 48 55 34 49 90 2 17 76 86 69 40 63 13 99 86 49 5 86 65 40 85 0 99 50 84 45 27 84 7 51 ]
[ 85 56 59 19 5 49 21 75 78 8 44 18 23 9 69 9 11 74 48 28 14 33 80 65 35 65 62 62 49 70 14 86 78 73 6 35 22 79 10 52 87 6 70 63 68 39 72 31 65 20 ]
[ 59 31 5 39 48 41 56 11 3 57 81 69 44 11 42 2 46 17 81 9 69 21 67 92 84 35 83 56 66 49 29 77 80 86 69 29 27 25 92 83 35 73 52 79 36 47 33 82 64 14 ]
[ 91 85 35 11 77 19 46 61 28 65 62 9 94 94 95 63 23 75 89 67 58 76 40 62 55 76 9 40 11 73 54 54 11 90 65 88 61 64 49 41 81 63 50 75 58 98 39 33 73 80 ]
[ 1 83 56 41 45 63 70 55 3 33 80 9 39 91 51 5 32 13 21 33 54 2 97 57 77 55 55 68 88 80 0 89 63 56 83 60 71 5 15 26 38 48 36 77 39 87 34 23 52 7 ]
[ 57 59 9 54 16 39 9 23 59 97 3 60 39 18 68 22 78 92 27 46 18 17 94 54 46 85 94 33 9 46 40 66 5 2 72 73 93 81 48 4 30 51 64 69 21 85 43 52 77 70 ]
[ 98 47 39 44 54 38 81 48 71 42 46 63 60 52 17 32 77 10 13 26 67 96 29 83 17 3 68 61 55 97 83 5 45 23 49 99 61 82 99 84 25 45 99 85 49 17 18 79 79 83 ]
[ 5 46 31 86 30 49 89 50 10 44 48 93 49 45 68 50 96 81 33 95 65 10 92 17 95 94 34 65 25 65 1 30 12 32 68 94 81 58 44 91 54 92 37 56 37 5 58 85 87 43 ]
[ 32 4 53 25 73 1 71 7 66 96 73 19 78 37 52 46 31 33 56 75 77 63 20 66 71 9 71 81 95 10 25 27 67 30 4 40 31 75 0 50 23 25 69 1 62 21 0 45 7 8 ]

Timer (sort): 1341ms real	1340ms user	0ms sys
The output is sorted!
[ 83 4 56 64 1 75 18 15 9 0 14 56 76 78 6 5 21 44 9 30 18 71 34 26 68 12 18 20 5 71 4 41 27 12 5 29 39 75 96 48 75 10 4 3 41 10 8 14 6 17 ]
[ 51 24 0 41 34 9 3 44 31 95 24 12 20 5 3 74 41 45 11 8 7 12 13 16 53 99 22 68 5 20 96 9 97 96 50 31 57 5 27 40 0 52 53 21 9 8 47 2 5 58 ]
[ 40 15 13 1 9 5 33 32 16 5 85 16 18 31 32 2 55 76 19 42 75 46 69 65 67 28 60 2 29 73 62 69 41 27 22 2 32 55 34 48 12 19 16 30 2 0 85 58 28 4 ]
[ 62 23 40 28 29 17 5 82 48 83 39 5 93 61 12 7 26 55 78 5 32 1 32 31 20 14 65 10 3 30 36 66 5 28 46 35 45 51 17 45 87 8 51 32 22 15 40 0 22 18 ]
[ 81 30 35 2 42 49 68 20 12 99 5 26 68 26 60 52 14 93 80 19 19 39 38 6 46 90 12 1 75 6 28 8 36 16 10 30 65 78 3 29 30 8 7 50 34 19 3 0 13 35 ]
[ 11 63 20 64 39 35 36 17 9 26 8 19 40 52 20 19 92 0 43 98 39 42 3 8 70 41 29 4 46 2 97 9 17 17 74 57 4 10 26 13 88 34 84 29 38 4 0 30 4 95 ]
[ 88 16 50 72 18 92 20 19 28 62 29 39 26 31 3 11 60 71 2 33 6 13 5 35 24 36 82 3 17 34 24 5 50 26 30 21 18 2 40 47 16 21 86 94 53 41 6 65 12 60 ]
[ 63 28 94 35 34 7 79 55 6 64 2 26 75 12 22 36 10 34 2 52 25 63 35 5 3 72 99 4 6 5 65 21 33 12 56 20 19 87 75 25 4 30 3 79 42 25 15 53 11 17 ]
[ 94 14 67 99 11 20 0 61 1 10 15 77 10 31 47 9 5 17 18 5 82 20 7 33 60 26 0 13 54 14 14 0 28 81 0 92 2 0 53 55 10 69 32 72 52 80 33 58 49 51 ]
[ 86 8 31 98 16 66 1 72 80 80 64 8 16 6 54 36 35 7 37 37 37 9 22 9 29 32 66 14 22 6 56 60 14 39 10 30 6 11 3 38 43 19 46 11 77 52 47 13 59 36 ]
[ 6 45 11 6 8 65 20 4 82 9 16 12 59 7 48 89 93 98 30 11 27 53 0 37 0 4 22 65 23 89 90 29 34 1 35 43 19 8 47 53 17 15 65 28 22 13 18 68 63 48 ]
[ 6 39 17 24 7 73 30 11 18 23 14 75 6 24 37 9 56 77 7 63 58 7 24 35 22 45 15 93 12 12 48 18 51 66 94 59 91 25 22 9 0 88 36 6 13 73 67 21 2 27 ]
[ 38 8 57 20 21 25 42 22 42 49 3 43 15 59 4 4 93 16 32 40 43 62 65 16 3 6 4 45 40 50 5 31 10 62 3 32 87 46 54 81 47 9 24 15 21 80 71 14 96 3 ]
[ 28 1 96 66 4 91 43 87 53 6 44 21 57 15 21 94 39 4 26 0 25 22 37 27 18 26 46 24 6 47 18 87 0 15 5 4 58 49 43 11 55 40 32 13 55 5 59 94 10 37 ]
[ 65 16 11 44 19 23 15 91 6 74 53 6 87 27 47 51 0 56 75 63 5 62 3 53 3 13 42 19 40 44 22 5 13 34 1 32 9 16 75 67 43 29 74 82 8 21 34 9 29 61 ]
[ 7 40 16 14 53 9 61 72 91 55 6 65 68 8 12 4 10 40 52 33 40 25 6 72 3 52 12 15 36 86 14 43 78 31 10 31 40 71 55 83 27 62 0 47 22 12 3 32 53 7 ]
[ 14 6 31 52 44 26 53 62 41 10 4 23 22 32 0 68 22 58 3 39 37 18 23 42 18 70 92 87 2 84 26 17 42 57 69 86 36 22 0 29 84 4 4 6 36 56 74 11 14 29 ]
[ 21 13 58 35 24 83 33 19 14 21 12 11 1 81 89 52 13 16 30 25 72 49 45 46 20 3 11 89 51 49 34 24 14 92 59 38 27 45 9 42 18 74 5 20 55 47 72 20 15 2 ]
[ 26 94 62 16 36 0 69 20 16 6 55 20 32 49 56 11 60 10 44 8 70 8 86 2 37 19 22 52 93 25 40 20 19 2 88 7 54 57 27 23 16 34 43 0 36 51 63 48 62 7 ]
[ 12 53 60 17 28 11 39 4 17 70 70 0 60 7 12 4 14 21 30 0 8 9 35 5 54 45 47 52 92 87 28 57 40 88 74 21 52 65 25 21 88 47 22 0 7 86 4 21 59 35 ]

Timer (generate): 45ms real	40ms user	0ms sys
[ 83 91 27 76 44 6 74 79 45 87 40 98 63 26 99 19 97 11 92 80 75 43 36 50 1 97 33 25 9 47 84 92 90 11 20 35 69 46 66 67 34 59 17 49 37 16 69 34 79 13 ]
[ 15 54 9 3 56 62 0 41 87 9 88 71 53 79 34 74 66 4 20 84 71 6 43 88 56 33 56 77 67 35 42 82 41 51 85 97 65 37 38 52 98 79 23 4 10 58 30 28 14 50 ]
[ 12 37 9 8 25 65 41 33 42 8 20 84 43 13 88 80 10 53 70 0 58 20 31 33 24 93 43 54 21 57 57 86 94 66 94 71 31 87 56 25 47 76 61 42 41 1 75 3 55 45 ]
[ 4 65 65 87 98 90 81 42 96 2 51 53 40 98 19 86 21 2 73 78 79 73 6 41 15 48 94 42 51 1 87 7 66 53 47 17 95 28 59 43 82 62 97 23 60 68 9 34 23 35 ]
[ 12 2 60 70 95 27 70 90 70 22 43 57 81 10 62 28 27 9 8 38 53 43 0 2 66 13 22 27 47 45 14 11 0 74 33 47 54 4 89 24 26 33 81 59 95 96 88 22 57 48 ]
[ 12 10 91 64 64 9 29 87 37 76 84 3 39 36 30 73 84 84 77 25 8 55 10 41 14 5 89 54 79 47 3 91 9 94 56 74 4 85 13 93 14 97 48 5 34 78 78 70 14 7 ]
[ 95 22 14 6 16 81 63 5 35 43 52 90 34 14 37 42 88 93 80 1 38 46 98 86 51 84 17 82 54 31 89 2 6 56 60 22 37 23 79 72 66 84 15 53 98 52 95 38 97 27 ]
[ 39 35 73 89 21 25 26 90 7 80 74 48 34 80 4 94 54 93 18 33 18 36 69 33 89 67 37 37 5 34 64 96 69 38 86 42 15 12 85 74 44 59 74 79 39 31 25 45 24 95 ]
[ 78 42 32 48 75 73 67 64 10 25 98 27 21 19 17 59 62 32 23 99 58 68 58 32 99 97 15 76 94 40 72 72 82 4 72 10 29 92 74 40 17 25 19 38 44 36 50 58 20 73 ]
[ 57 78 41 15 62 92 64 78 69 58 18 93 83 52 49 7 14 78 99 41 18 68 66 37 59 62 25 9 73 45 82 30 23 76 98 38 68 14 16 89 25 86 82 8 90 31 67 5 62 19 ]
[ 98 32 87 16 22 46 78 47 7 3 93 90 34 68 18 84 6 38 98 74 80 23 60 62 83 51 46 3 8 60 22 6 92 9 74 14 8 4 62 67 8 7 9 94 75 27 78 34 66 28 ]
[ 8 46 4 21 60 87 24 58 42 32 18 64 90 63 26 64 77 34 20 91 53 28 98 63 22 26 90 52 60 8 81 20 6 85 41 19 24 65 77 67 49 48 83 91 63 9 55 40 95 28 ]
[ 84 49 56 82 12 31 8 54 83 68 63 64 41 69 1 82 88 78 0 18 45 49 18 28 41 33 90 48 73 85 76 57 34 85 92 98 16 0 53 99 21 16 16 62 37 69 96 78 47 96 ]
[ 48 44 46 66 25 39 99 15 87 24 0 64 34 87 49 26 85 17 78 90 16 51 6 84 65 96 54 62 74 53 58 22 98 56 40 23 95 91 38 83 67 90 99 1 77 0 79 15 17 10 ]
[ 5 85 61 64 22 27 60 76 89 34 29 99 8 79 56 48 2 51 91 40 86 58 31 85 60 60 85 91 27 54 1 33 92 15 49 14 42 9 42 83 95 23 82 55 3 38 55 5 42 46 ]
[ 46 28 4 29 14 16 41 51 60 69 58 61 54 50 76 55 64 70 64 6 53 11 29 88 18 32 26 73 38 20 19 36 49 75 17 15 44 10 66 4 31 24 17 85 74 46 92 90 16 56 ]
[ 96 22 19 26 10 37 10 36 62 48 57 33 36 58 9 5 73 53 16 91 9 47 68 26 85 94 72 77 85 41 86 81 63 57 59 73 95 22 61 9 22 70 43 59 28 52 16 53 57 32 ]
[ 45 18 32 13 44 17 59 69 46 44 62 32 78 25 90 89 50 37 11 11 46 34 34 89 45 62 93 61 68 2 94 65 20 78 30 17 95 89 86 41 34 48 26 64 25 16 53 75 5 17 ]
[ 38 3 3 72 93 48 87 38 61 55 41 55 20 13 33 50 30 80 39 68 74 25 68 0 41 93 16 95 20 73 64 59 76 67 31 21 15 70 60 76 25 53 84 97 66 69 99 97 2 91 ]
[ 65 76 16 34 76 58 79 44 5 0 69 69 11 45 88 94 67 3 65 79 31 42 32 67 40 98 89 39 47 91 82 65 19 99 51 95 9 30 91 66 82 60 87 93 57 75 88 24 30 5 ]

Timer (sort): 1320ms real	1320ms user	0ms sys
The output is sorted!
[ 65 69 13 2 16 8 66 88 41 9 26 20 58 34 62 3 4 22 65 48 2 86 3 4 18 22 34 23 41 22 40 7 43 5 9 11 14 27 99 7 36 25 28 46 11 90 1 15 64 66 ]
[ 1 89 7 48 91 24 0 2 70 78 17 1 76 63 10 15 50 26 47 16 11 41 45 0 2 32 13 60 1 33 94 2 74 54 3 66 78 55 20 0 33 37 53 9 0 16 25 51 42 24 ]
[ 19 63 20 78 9 1 95 1 5 6 9 93 24 36 20 61 63 28 32 8 45 52 50 44 40 84 67 45 11 26 32 82 41 4 13 2 6 8 3 11 66 12 57 43 0 77 4 16 5 88 ]
[ 31 11 89 7 31 6 39 54 50 30 5 43 88 20 2 42 0 29 80 9 71 47 2 41 50 63 80 37 31 22 62 15 33 3 22 16 10 13 22 12 43 28 55 83 0 9 25 0 90 57 ]
[ 69 30 14 65 22 9 94 72 57 38 12 32 57 33 42 52 0 14 43 41 34 19 32 63 22 5 21 48 30 25 34 52 7 49 17 29 10 63 1 20 53 14 4 10 99 46 14 51 12 57 ]
[ 1 42 6 16 85 7 10 26 87 7 86 54 46 75 34 38 43 61 25 13 72 10 3 52 27 16 27 1 41 42 56 42 36 15 10 22 22 21 0 61 80 86 15 26 13 49 17 9 63 42 ]
[ 1 0 17 87 3 34 0 70 16 20 25 99 88 8 45 16 97 68 10 32 43 36 25 12 30 23 17 3 9 0 64 10 0 33 50 56 19 2 78 35 74 3 34 63 64 31 31 13 51 93 ]
[ 26 67 4 3 4 12 38 55 32 9 3 50 25 46 7 69 44 14 18 0 43 59 37 75 20 5 11 80 72 79 7 98 46 63 2 2 75 40 9 60 2 13 10 27 11 69 96 7 84 14 ]
[ 10 4 55 24 46 51 47 65 96 21 0 30 99 92 12 55 80 65 96 4 97 0 32 40 20 55 53 0 42 7 7 4 11 14 28 10 17 27 75 13 1 27 95 0 20 60 7 0 25 3 ]
[ 71 91 16 44 18 31 2 27 23 8 92 8 50 15 25 75 61 9 19 5 71 32 85 4 20 11 5 41 49 63 52 20 6 68 16 24 51 18 4 75 26 48 35 29 63 12 4 25 21 75 ]
[ 79 11 1 67 2 3 80 66 44 43 23 62 12 34 62 4 58 57 13 27 12 11 99 0 69 3 27 12 26 2 18 6 13 72 25 15 75 6 34 19 1 9 81 13 95 95 69 5 4 82 ]
[ 76 60 42 77 64 52 0 87 6 29 18 49 20 32 26 38 17 26 59 58 13 4 57 12 28 10 55 54 3 51 70 80 11 13 9 27 17 61 14 23 90 33 24 11 17 2 1 34 29 60 ]
[ 53 36 7 13 14 37 4 27 0 90 5 41 54 23 57 5 66 25 26 41 38 31 28 0 78 60 55 5 53 31 39 6 67 46 71 33 35 27 12 36 17 17 29 23 93 39 29 59 64 7 ]
[ 68 24 79 52 0 53 50 42 56 17 9 37 3 17 49 40 44 23 3 34 68 22 13 6 96 54 91 59 10 90 27 30 14 6 35 15 59 37 9 67 54 18 5 9 35 6 2 31 29 57 ]
[ 9 5 73 35 94 26 40 44 66 98 52 77 19 62 51 38 88 72 58 11 5 16 29 73 19 3 13 80 3 1 6 13 7 32 0 1 10 40 98 28 38 2 5 9 64 8 0 4 81 58 ]
[ 26 3 20 10 35 7 54 0 13 66 62 75 49 13 88 16 11 20 34 33 6 67 50 2 12 89 25 25 30 17 1 8 21 21 70 8 80 76 9 46 94 23 73 44 36 62 60 0 34 46 ]
[ 63 67 59 7 41 4 99 35 17 68 24 42 76 35 3 12 0 41 17 85 16 58 29 9 89 9 66 20 16 46 77 79 13 36 39 6 41 38 42 10 6 18 4 34 5 7 98 5 0 67 ]
[ 42 26 19 33 51 71 30 7 93 21 27 90 13 6 77 81 7 24 3 34 18 32 7 5 96 37 31 34 7 5 75 1 31 46 34 35 17 17 42 11 38 21 53 4 79 31 37 86 55 41 ]
[ 31 76 61 39 57 41 16 9 65 16 53 91 6 23 57 23 59 65 17 91 39 11 12 18 9 17 8 6 11 65 18 43 93 31 34 3 72 2 12 38 19 66 29 25 41 38 0 0 55 70 ]
[ 55 20 6 10 2 19 49 9 14 35 77 53 96 3 32 6 4 33 74 89 45 33 25 44 65 1 8 75 24 34 18 31 6 76 41 9 96 43 18 10 78 47 15 27 50 99 33 6 32 7 ]

Timer (generate): 50ms real	40ms user	10ms sys
[ 58 34 41 29 82 6 32 7 35 1 60 58 20 51 33 11 31 20 52 73 7 26 16 21 81 62 91 21 66 96 12 77 82 53 6 65 11 90 24 46 91 36 56 11 39 42 74 70 62 27 ]
[ 96 22 5 64 43 38 78 34 11 96 83 23 73 65 28 31 82 40 21 58 38 12 94 47 75 34 89 50 56 3 29 4 25 86 20 68 25 98 55 88 95 90 12 68 55 92 0 90 84 21 ]
[ 48 23 86 43 70 13 29 11 63 85 14 92 90 40 31 10 60 56 61 67 44 56 57 8 76 65 1 76 7 37 50 55 12 88 50 34 1 79 45 65 65 60 9 7 52 40 17 64 48 78 ]
[ 32 45 86 41 53 63 6 6 91 13 44 93 21 8 81 71 43 35 3 88 52 68 48 61 27 52 54 96 17 54 27 49 99 13 42 53 28 49 11 72 14 7 65 35 16 99 59 59 34 62 ]
[ 47 86 82 48 99 9 0 5 57 69 60 84 70 59 50 13 64 78 62 76 50 28 35 16 64 51 67 75 62 1 37 62 87 71 10 38 80 62 44 37 32 4 74 54 15 24 67 80 2 81 ]
[ 8 5 10 43 73 26 47 40 1 9 41 38 23 80 9 33 70 41 48 14 30 32 70 4 86 86 80 54 18 83 35 78 40 45 73 13 71 20 5 72 82 98 62 5 78 23 91 0 16 91 ]
[ 15 47 23 37 3 9 23 84 15 93 19 51 71 11 48 45 24 72 17 29 96 99 27 59 57 57 34 0 57 51 91 24 50 14 62 5 75 37 41 91 83 12 42 54 23 42 99 99 14 17 ]
[ 80 11 68 59 22 77 16 56 77 26 59 68 2 9 34 16 67 10 6 8 1 89 21 95 43 44 89 95 44 4 64 24 67 32 84 89 62 52 97 39 30 57 60 85 18 94 1 85 56 59 ]
[ 94 9 48 15 56 44 11 46 39 55 50 3 32 17 87 68 58 49 20 55 41 3 64 53 88 83 99 41 20 56 1 66 17 1 81 74 45 45 20 36 0 22 39 84 91 79 52 49 80 25 ]
[ 56 73 28 21 26 68 56 26 9 76 34 10 43 51 64 76 25 9 21 97 46 74 19 37 10 10 16 63 11 49 88 68 22 68 89 1 36 97 27 45 25 61 8 20 64 72 49 42 33 22 ]
[ 39 79 96 59 17 7 21 85 22 33 86 62 53 61 30 94 62 66 91 41 63 16 2 23 89 18 95 38 60 81 60 0 60 57 11 29 16 84 67 90 69 53 52 22 66 82 16 28 48 59 ]
[ 69 63 28 23 87 17 42 34 55 54 15 15 6 28 24 69 57 92 6 76 82 75 82 34 50 48 16 18 77 16 78 98 32 6 74 19 75 68 53 30 22 21 97 81 49 22 50 58 66 56 ]
[ 35 49 84 17 35 34 17 52 52 94 20 82 45 52 40 19 23 15 87 29 45 61 50 95 42 51 69 93 9 35 1 44 84 85 13 20 19 31 24 24 77 96 6 22 1 99 93 24 14 32 ]
[ 5 12 94 7 7 36 58 76 81 20 63 83 64 48 68 30 20 40 61 96 16 38 92 74 13 93 73 58 70 40 91 27 52 85 35 11 21 45 39 3 65 2 38 30 2 58 12 22 50 73 ]
[ 18 66 63 11 93 76 56 18 87 78 58 78 6 62 63 41 25 36 86 64 91 4 67 29 86 69 40 98 44 90 71 14 9 34 25 54 63 34 72 50 12 83 80 70 45 43 63 71 31 2 ]
[ 87 23 6 54 4 92 76 44 90 72 35 61 86 96 47 64 50 62 98 74 64 62 57 96 33 3 39 96 26 71 98 13 46 56 20 50 48 48 95 38 20 82 51 58 30 51 22 80 65 72 ]
[ 54 82 87 12 78 72 67 70 20 45 93 71 58 39 27 30 89 76 30 36 66 50 70 70 61 0 21 35 80 38 8 87 20 95 51 51 19 70 21 39 15 66 10 25 5 38 8 46 66 38 ]
[ 83 32 41 53 54 2 6 75 37 38 66 45 25 38 92 28 89 63 98 62 3 65 28 13 43 85 3 51 32 69 89 67 54 30 72 8 32 78 36 70 17 54 67 94 92 12 75 34 75 25 ]
[ 48 30 91 29 44 34 14 99 85 46 21 74 65 27 57 38 35 89 16 23 11 85 29 31 80 74 95 55 8 70 80 8 1 23 37 97 57 4 48 94 2 69 21 68 96 78 6 84 19 74 ]
[ 59 83 60 89 14 40 63 9 47 23 31 79 31 84 3 21 33 12 77 82 59 79 51 32 47 0 10 5 36 81 80 95 64 40 36 78 32 99 39 31 74 71 10 58 55 65 31 41 30 8 ]

Timer (sort): 1376ms real	1370ms user	0ms sys
The output is sorted!
[ 25 26 76 54 29 38 4 65 12 16 0 36 37 66 27 5 58 93 11 58 17 36 47 0 30 8 12 65 6 82 14 31 8 42 37 37 32 42 55 45 10 55 33 99 73 12 4 31 5 15 ]
[ 28 1 2 48 58 4 7 9 85 98 34 50 74 70 10 35 15 12 9 17 44 28 38 50 51 85 56 28 15 47 9 43 0 63 43 10 19 3 72 56 1 6 6 27 28 69 63 44 33 24 ]
[ 9 16 38 37 10 21 5 76 68 54 3 17 75 28 38 76 61 29 22 42 19 10 41 7 4 14 17 16 18 48 44 27 17 82 16 27 55 21 56 23 75 59 92 2 39 31 78 1 12 53 ]
[ 7 52 3 75 47 11 55 90 9 99 22 15 66 25 87 34 0 63 35 4 45 64 20 7 44 5 52 34 23 58 9 30 10 12 57 10 75 13 0 84 64 75 0 30 0 39 16 0 2 52 ]
[ 47 69 19 51 30 62 90 79 36 61 22 33 39 1 15 17 45 1 31 53 11 85 66 6 85 13 39 8 58 7 96 5 76 16 8 6 30 50 37 18 11 12 51 3 13 19 20 58 20 3 ]
[ 34 27 5 17 6 97 49 40 38 0 90 4 40 58 4 69 89 34 0 17 60 50 37 64 24 39 70 2 4 48 60 38 28 18 7 86 15 9 26 5 9 16 61 49 26 17 18 67 52 19 ]
[ 6 29 46 30 10 25 53 16 90 15 16 51 27 58 4 0 28 23 28 21 20 65 14 55 24 31 86 27 1 50 97 7 31 43 89 42 20 95 58 10 10 26 14 38 37 18 38 17 93 19 ]
[ 33 10 27 77 98 0 4 54 50 6 53 9 69 45 2 44 21 56 2 87 50 15 5 22 2 0 15 15 71 14 99 4 24 26 33 74 27 37 29 29 43 34 38 64 79 93 8 52 1 10 ]
[ 38 11 20 67 35 19 54 55 56 73 0 50 0 1 4 1 89 18 63 21 22 49 52 93 0 46 1 26 19 61 17 9 72 38 28 60 9 83 15 65 8 15 67 8 17 71 9 58 42 25 ]
[ 44 31 42 36 55 28 11 18 82 11 58 7 14 12 9 42 2 78 49 71 72 40 45 60 32 62 11 11 1 21 81 46 4 75 34 60 3 46 78 37 9 36 97 23 0 6 17 3 37 18 ]
[ 76 71 40 86 24 35 28 2 50 13 27 75 73 43 26 93 26 6 19 3 69 18 46 13 0 21 38 10 59 8 26 35 79 18 21 55 53 1 10 4 15 37 31 88 81 9 33 7 15 52 ]
[ 14 1 86 31 81 4 46 85 80 44 1 4 24 79 26 1 10 13 29 0 89 69 99 58 48 8 16 8 61 15 29 27 16 16 59 97 20 5 34 52 1 36 8 25 67 35 27 30 0 56 ]
[ 98 26 97 96 41 73 2 17 37 18 17 95 10 3 11 29 48 41 8 36 48 48 61 8 40 50 22 19 59 1 6 9 80 55 5 21 29 7 39 66 78 8 14 88 11 25 17 11 18 25 ]
[ 91 98 26 20 27 26 19 16 72 30 43 14 35 18 6 1 99 9 0 57 3 7 58 99 5 87 7 86 12 23 77 55 21 55 75 0 33 47 16 5 29 11 72 17 30 30 18 29 40 18 ]
[ 11 13 92 14 88 29 17 68 67 7 35 63 38 20 60 19 76 91 7 7 29 34 35 28 38 13 13 51 53 48 50 16 14 42 30 2 71 0 22 90 7 10 6 45 30 66 17 58 10 24 ]
[ 30 25 46 17 96 5 22 49 81 54 21 4 12 35 13 8 4 6 20 25 4 60 81 75 43 34 43 30 41 33 17 23 10 63 40 7 68 62 8 50 16 29 54 80 64 19 40 20 77 13 ]
[ 43 20 72 57 41 36 91 1 92 4 71 77 14 30 99 38 45 37 14 17 27 2 56 3 58 20 25 23 50 38 49 46 11 21 3 4 9 46 57 2 51 80 31 17 10 31 7 8 20 74 ]
[ 35 6 7 3 8 74 65 58 50 91 21 78 15 18 34 46 8 26 71 44 68 28 11 1 20 3 0 21 83 95 17 70 1 77 25 61 51 42 71 2 34 44 32 1 14 18 47 23 44 19 ]
[ 34 48 87 27 4 34 2 4 57 18 7 14 28 40 70 67 13 1 46 95 91 9 55 38 13 35 47 49 86 12 37 20 60 24 99 16 10 53 21 19 72 28 86 0 20 8 19 34 9 17 ]
[ 0 4 67 66 43 38 29 40 82 22 74 62 1 22 3 58 1 49 43 7 20 14 14 13 38 53 74 29 38 19 46 91 24 65 9 19 3 38 11 85 60 86 0 61 60 3 20 61 4 15 ]

Timer (generate): 49ms real	50ms user	0ms sys
[ 60 21 56 70 28 85 28 24 1 40 4 96 41 53 30 37 31 91 27 21 69 48 65 5 72 21 76 55 57 28 88 69 1 96 39 30 33 19 54 34 60 10 82 53 15 64 91 47 56 18 ]
[ 20 77 18 85 34 42 59 10 97 68 90 37 37 44 85 76 74 70 48 80 56 8 42 38 13 58 55 4 57 63 74 77 40 92 14 26 87 25 36 36 93 79 74 82 23 11 11 49 82 59 ]
[ 81 38 19 23 29 32 33 36 89 90 99 15 19 91 60 34 17 47 11 5 83 57 84 9 39 59 21 2 60 55 13 41 45 32 65 74 17 50 10 58 41 61 73 60 52 33 46 69 80 10 ]
[ 75 16 67 11 25 58 23 46 61 83 53 74 25 99 59 42 73 76 92 36 86 33 97 59 46 2 45 44 23 25 54 98 41 21 62 19 32 85 65 45 68 19 71 45 70 30 87 43 58 80 ]
[ 31 44 65 81 56 63 83 1 8 6 78 62 57 72 36 71 91 68 56 8 65 76 79 36 22 49 67 61 45 77 93 76 74 59 9 30 74 44 31 82 51 61 97 60 33 85 31 24 5 39 ]
[ 33 70 67 12 6 89 14 25 51 59 55 44 35 29 55 97 11 30 41 42 64 44 3 13 4 89 50 87 13 55 78 98 77 46 63 36 35 77 13 38 36 68 35 23 49 42 20 60 24 62 ]
[ 54 89 6 10 54 63 99 5 50 64 12 81 63 90 27 26 78 14 55 91 53 91 12 40 66 61 82 87 22 7 1 28 48 59 38 2 22 37 59 25 2 72 6 17 14 33 95 92 47 50 ]
[ 35 52 93 47 44 59 61 27 98 35 86 51 63 34 11 2 88 33 39 0 10 93 72 16 10 38 1 57 30 1 7 17 5 52 17 50 64 78 29 14 13 15 66 76 1 77 30 41 62 22 ]
[ 41 73 15 65 89 78 3 43 35 85 44 95 3 49 99 20 51 63 50 80 78 63 47 96 91 0 73 74 42 35 96 35 60 63 1 2 41 4 45 29 90 41 76 45 90 27 65 42 91 15 ]
[ 74 21 30 22 17 73 22 42 47 16 29 43 4 90 7 5 92 0 61 37 81 3 78 9 0 20 37 65 14 80 32 89 1 14 63 70 88 37 12 35 6 41 31 10 83 38 67 75 90 80 ]
[ 64 72 84 94 81 36 67 18 2 81 98 86 22 51 1 37 73 89 75 85 76 33 79 7 43 62 97 62 90 88 42 54 60 78 49 93 15 16 64 69 49 14 55 24 66 56 61 91 97 88 ]
[ 29 74 21 8 33 16 22 31 78 12 19 21 19 31 99 20 76 66 88 40 35 37 55 91 61 73 99 75 64 49 63 93 75 85 53 8 1 76 39 32 40 10 53 59 93 4 79 70 23 19 ]
[ 10 58 57 17 1 70 42 53 45 7 2 9 52 29 46 58 37 99 34 29 31 26 91 36 38 85 93 69 55 16 89 17 26 98 35 28 68 77 33 14 36 87 75 41 16 73 99 5 24 85 ]
[ 86 8 11 78 44 1 63 89 71 70 5 12 39 32 10 26 12 78 56 45 44 92 84 71 85 0 96 84 5 21 69 92 29 33 22 25 86 37 67 9 59 72 21 98 56 31 25 20 62 81 ]
[ 17 58 25 1 82 11 53 78 47 59 99 69 3 80 54 77 58 40 14 25 50 73 49 23 23 58 7 48 78 69 81 48 79 59 49 61 22 3 40 69 14 91 90 69 24 44 98 82 37 12 ]
[ 59 39 37 8 62 60 18 21 61 49 90 42 97 22 1 98 83 23 53 23 45 67 67 35 88 91 32 86 25 69 50 84 60 39 44 22 0 63 44 13 64 86 55 61 8 9 59 44 84 13 ]
[ 19 81 32 86 17 73 77 1 11 54 70 14 38 82 53 35 56 5 50 52 70 14 39 78 27 99 87 86 95 23 51 15 5 36 1 74 61 31 75 24 85 97 38 76 79 44 63 35 1 13 ]
[ 88 72 27 79 50 6 30 89 92 26 64 96 41 69 84 94 95 97 77 22 21 15 19 12 91 50 56 6 86 9 19 26 81 98 57 83 4 87 24 48 65 89 96 58 10 80 53 6 77 82 ]
[ 28 51 97 0 63 40 50 71 46 88 80 65 66 14 15 23 49 71 63 74 20 28 15 68 87 25 49 40 83 78 22 64 81 72 64 44 12 66 67 59 7 0 76 73 66 92 49 15 15 12 ]
[ 41 35 40 8 56 27 86 5 19 69 35 94 85 69 66 1 65 78 68 33 37 27 33 66 52 51 10 1 18 25 13 12 13 54 20 69 33 6 26 53 28 13 47 13 82 65 15 48 43 35 ]

Timer (sort): 1334ms real	1330ms user	0ms sys
The output is sorted!
[ 58 32 5 39 9 18 10 56 44 27 5 43 16 40 33 61 9 10 56 79 74 1 17 71 5 63 34 93 61 12 3 19 45 8 10 6 79 20 14 23 48 20 18 16 12 4 77 21 14 34 ]
[ 17 22 20 41 54 0 20 5 13 24 13 43 45 51 92 77 0 61 25 7 4 23 30 24 15 31 19 35 57 9 0 74 31 73 15 37 73 88 43 38 12 8 34 9 60 26 39 12 39 64 ]
[ 39 24 61 21 25 65 1 48 97 3 38 3 35 39 7 16 12 83 63 13 22 43 15 16 79 3 59 51 27 52 22 66 28 35 40 5 0 41 5 49 96 43 4 32 34 12 0 46 47 15 ]
[ 92 45 71 8 42 37 35 47 41 8 6 32 2 23 90 0 20 14 49 9 98 20 60 7 95 57 49 28 0 13 14 44 10 37 4 5 26 39 52 67 0 58 51 2 34 41 54 54 7 3 ]
[ 66 44 25 19 34 71 14 31 68 36 4 86 47 45 9 64 45 4 36 10 10 63 16 39 1 14 8 57 73 63 6 39 7 83 11 94 7 25 25 27 13 29 13 12 26 22 76 24 26 65 ]
[ 22 5 20 25 85 3 1 89 8 30 53 22 0 72 52 12 3 47 6 78 6 6 10 83 61 57 96 85 67 25 0 41 82 20 18 19 23 19 8 84 1 61 6 1 86 10 13 89 10 19 ]
[ 32 30 25 3 69 17 36 6 13 27 7 18 45 27 96 16 38 5 28 19 68 11 75 2 29 34 72 31 72 4 75 4 86 0 59 55 17 47 61 30 74 21 0 19 48 49 35 38 54 16 ]
[ 37 47 51 37 27 76 84 38 24 8 28 51 14 69 24 15 73 19 47 54 0 55 23 10 17 14 56 35 39 10 2 28 10 5 66 37 81 2 27 6 62 8 57 28 77 33 43 2 52 42 ]
[ 23 15 11 5 54 94 85 55 68 62 58 23 2 9 36 22 1 63 85 12 49 22 71 51 41 29 7 26 11 16 4 35 83 15 40 38 9 77 93 29 39 3 4 42 12 41 16 65 4 1 ]
[ 21 3 50 18 22 4 59 24 7 63 66 14 32 30 48 26 59 91 35 52 38 16 48 87 1 9 27 12 1 62 57 74 18 7 44 40 64 55 64 23 19 30 37 3 12 37 81 23 29 17 ]
[ 14 85 45 40 21 45 64 8 26 10 42 53 4 83 5 5 30 33 82 14 38 23 3 19 74 30 14 47 38 74 4 52 60 1 92 33 46 8 42 25 18 36 30 75 20 35 80 2 21 14 ]
[ 2 26 94 43 20 17 89 60 67 34 15 18 33 19 22 32 57 65 10 82 28 8 24 44 27 52 13 45 3 22 41 57 48 36 1 21 5 42 33 24 77 49 42 62 20 17 46 30 34 8 ]
[ 40 20 64 12 82 5 5 9 2 25 56 25 40 11 48 41 92 91 7 72 25 34 36 22 32 36 35 15 25 63 8 17 83 24 29 17 30 86 26 84 63 34 9 3 45 9 96 37 0 3 ]
[ 99 7 9 8 57 20 9 12 72 11 32 29 51 16 20 57 36 44 65 42 8 14 47 47 15 15 18 12 47 40 80 98 47 89 7 5 61 16 69 34 79 2 63 31 18 35 40 7 31 5 ]
[ 13 3 15 37 14 12 2 71 6 29 4 78 13 44 3 51 90 83 39 29 50 68 34 25 56 9 26 39 18 52 8 31 7 24 68 22 88 22 45 47 4 1 25 69 46 28 21 88 63 60 ]
[ 8 33 10 17 7 46 14 53 34 9 29 31 3 3 82 36 7 59 28 70 61 1 67 14 97 85 77 31 55 28 3 16 13 14 33 72 12 99 26 46 60 55 78 15 10 12 51 17 23 31 ]
[ 22 18 3 37 43 43 69 95 3 11 3 14 18 27 14 77 2 0 18 21 82 62 27 78 4 87 12 32 16 43 30 90 14 33 79 57 28 48 5 32 12 60 98 30 39 12 7 41 12 77 ]
[ 13 13 62 15 44 92 85 16 13 73 48 28 8 11 20 56 64 32 10 88 12 29 21 28 38 73 30 16 2 6 48 15 71 62 82 15 54 68 31 20 41 32 48 1 43 20 9 8 52 19 ]
[ 1 40 47 0 38 85 1 77 12 22 75 41 14 24 16 30 87 78 7 45 46 8 50 2 20 15 50 51 47 78 16 1 18 63 1 9 0 2 86 12 24 13 53 91 38 22 21 77 52 80 ]
[ 22 16 77 84 34 4 14 73 20 7 39 30 28 28 15 12 13 56 22 22 66 64 8 51 38 37 19 72 83 11 5 57 28 82 41 14 38 55 87 10 14 78 92 42 7 8 6 20 16 28 ]

Timer (generate): 45ms real	40ms user	0ms sys
[ 20 52 7 82 13 58 83 14 73 54 76 83 78 10 93 62 53 18 49 16 43 31 47 25 47 78 44 49 25 75 42 45 80 1 27 93 60 62 7 85 68 36 68 98 98 14 60 51 32 61 ]
[ 68 28 45 67 53 92 98 49 93 23 76 87 20 56 89 99 49 49 61 9 34 81 97 54 79 95 20 39 99 5 53 19 33 50 86 38 94 84 39 88 59 15 75 79 72 64 78 73 65 91 ]
[ 82 51 72 79 58 51 27 78 43 26 83 48 97 16 98 83 54 92 20 93 80 31 9 8 11 33 24 41 6 90 85 41 93 9 72 51 61 51 30 56 77 65 4 26 34 54 10 88 46 82 ]
[ 34 79 13 95 39 76 80 63 70 38 5 55 31 99 16 4 50 77 55 32 85 85 50 41 11 84 95 73 24 94 7 10 73 73 5 12 1 37 27 71 76 33 78 7 32 95 63 34 24 71 ]
[ 19 62 8 69 3 19 53 51 45 29 45 4 40 70 77 97 82 79 35 61 2 63 94 33 70 26 28 86 13 4 57 32 66 65 1 70 36 6 21 33 35 18 38 27 88 67 25 22 46 12 ]
[ 83 1 75 78 34 97 56 14 83 21 18 40 53 85 57 6 7 94 12 80 79 0 98 17 79 38 85 56 60 83 68 43 84 95 73 70 93 82 84 28 3 3 21 9 40 78 15 99 24 80 ]
[ 79 4 80 29 73 11 67 58 68 79 94 36 74 30 84 0 1 77 82 37 57 37 40 78 46 32 9 62 31 33 94 10 89 26 91 63 37 10 73 5 89 19 94 16 50 78 16 3 7 50 ]
[ 40 64 87 33 43 34 65 4 48 49 89 42 11 79 68 3 94 57 13 19 63 55 39 57 71 41 87 39 96 94 89 88 58 76 21 53 62 39 57 62 40 47 56 51 78 76 54 72 34 20 ]
[ 91 49 75 82 58 98 23 45 37 71 39 26 60 97 54 81 3 17 72 60 31 12 7 88 16 37 64 70 9 50 42 53 99 69 87 57 67 63 2 56 34 93 82 94 91 37 28 94 6 52 ]
[ 6 89 17 66 77 33 3 94 3 65 44 98 70 44 67 57 53 35 20 8 91 55 1 26 49 44 15 29 38 73 82 97 62 99 63 92 32 66 86 87 83 82 85 53 78 5 11 32 40 31 ]
[ 40 83 38 41 61 40 86 76 69 76 1 51 25 64 2 88 56 86 7 94 74 90 76 11 44 55 16 7 39 8 90 79 44 29 72 5 69 10 34 90 39 35 94 64 51 96 53 59 83 12 ]
[ 5 9 2 82 20 98 89 89 5 28 97 96 59 41 77 31 47 46 94 33 88 33 20 82 97 72 31 2 83 14 14 89 75 69 23 95 19 12 36 77 92 34 73 51 75 50 34 74 48 28 ]
[ 59 88 61 80 71 11 52 2 65 87 68 32 76 43 53 51 90 72 63 79 49 55 13 74 58 40 76 93 67 76 21 26 65 35 6 36 98 10 90 15 98 10 47 26 5 0 78 47 25 93 ]
[ 26 26 1 91 1 59 32 77 52 51 6 26 77 71 13 36 59 11 46 1 26 96 11 26 75 68 78 5 15 3 98 94 82 51 85 83 11 17 12 15 68 18 41 98 41 54 34 0 17 32 ]
[ 53 96 29 64 22 4 84 0 9 0 56 59 94 38 11 31 73 74 1 37 89 21 56 83 19 97 89 5 50 7 38 3 55 19 20 77 23 4 29 84 56 37 95 2 27 6 34 0 32 35 ]
[ 38 22 56 46 57 28 95 46 33 97 5 23 1 60 42 73 89 65 77 71 1 86 8 97 88 88 55 74 88 88 61 78 62 18 76 19 98 72 17 83 69 23 7 22 35 49 95 25 67 25 ]
[ 96 68 63 56 17 51 44 73 26 85 13 39 15 27 57 92 46 7 64 63 91 85 38 98 60 74 47 7 51 14 32 99 35 95 55 52 99 52 77 77 37 42 16 4 69 26 96 15 33 12 ]
[ 31 76 50 21 26 10 95 74 17 98 40 2 97 75 49 5 80 48 57 57 77 46 52 46 50 21 72 47 89 57 11 72 34 61 93 12 71 41 86 41 39 79 43 89 6 92 94 86 93 3 ]
[ 96 22 49 48 68 51 69 40 50 10 50 62 82 36 23 28 48 95 69 87 36 60 66 31 49 72 75 95 59 68 98 7 43 99 55 11 51 76 4 1 39 54 63 21 42 39 49 90 86 70 ]
[ 77 74 83 95 5 84 68 80 80 79 1 30 38 44 30 45 7 33 21 11 34 12 17 50 34 11 41 35 2 27 58 31 1 41 27 58 25 47 90 57 78 91 88 16 87 70 61 47 3 34 ]

Timer (sort): 1365ms real	1370ms user	0ms sys
The output is sorted!
[ 38 14 68 19 4 49 50 36 8 67 49 25 16 0 7 36 49 7 32 42 53 15 21 6 72 82 22 64 10 8 8 0 22 28 19 78 78 22 15 38 41 16 63 9 17 22 46 18 29 78 ]
[ 12 14 64 26 22 2 66 75 1 3 0 8 2 71 11 55 43 22 31 19 6 5 15 12 14 86 55 14 20 50 5 84 16 22 11 91 24 29 66 25 33 18 33 35 41 96 43 37 70 26 ]
[ 36 33 0 25 38 54 31 55 60 20 6 7 78 20 58 46 24 40 4 60 6 47 35 4 81 0 9 13 6 33 4 94 66 56 19 57 10 3 12 22 75 71 29 5 91 40 4 15 32 8 ]
[ 97 42 9 4 43 11 0 2 1 15 69 66 0 55 25 4 38 9 12 96 29 33 0 57 68 5 8 78 61 10 76 10 4 37 66 47 49 66 1 2 34 23 20 34 30 45 90 68 7 2 ]
[ 33 62 15 33 4 2 37 7 56 23 20 66 47 23 6 28 8 25 55 6 91 59 27 17 11 54 2 40 36 35 2 21 50 69 55 6 23 44 66 79 19 38 46 18 62 4 46 70 29 53 ]
[ 74 21 45 49 65 36 21 4 12 43 25 23 18 7 30 6 96 13 70 30 6 62 44 50 49 18 15 59 15 30 22 89 3 19 39 21 55 60 25 19 56 2 42 26 9 24 32 58 38 55 ]
[ 21 11 30 50 41 7 21 31 26 99 82 9 67 27 29 2 52 15 43 47 13 38 31 18 57 59 7 14 45 0 38 66 12 20 17 5 79 90 36 57 41 70 19 9 98 0 11 2 16 54 ]
[ 24 38 2 15 65 53 58 28 4 16 1 93 43 58 52 93 25 29 30 22 7 25 15 2 36 24 5 36 43 36 24 20 74 27 35 92 32 46 20 36 14 74 82 57 32 34 3 9 15 33 ]
[ 9 50 44 11 84 79 92 43 15 46 31 29 12 28 29 39 60 20 0 19 24 95 0 9 28 2 44 15 38 15 26 0 66 22 11 50 2 3 93 69 1 76 98 14 56 79 5 16 52 5 ]
[ 33 18 40 79 58 11 20 5 46 43 4 6 58 15 54 57 2 14 34 58 49 79 42 15 7 76 1 29 79 42 8 12 12 48 44 23 11 64 28 9 7 84 16 18 99 22 27 54 36 61 ]
[ 13 6 48 19 64 23 4 65 9 50 48 2 48 42 11 69 65 21 16 83 47 0 26 20 4 25 92 36 63 59 38 76 18 38 96 34 62 52 0 23 2 0 26 3 42 37 24 8 10 92 ]
[ 75 30 6 60 3 45 29 24 49 4 58 39 33 55 30 2 18 56 2 51 20 9 9 39 67 49 87 25 42 22 19 18 53 25 30 8 71 59 32 72 16 90 12 1 46 94 3 16 3 58 ]
[ 51 10 48 54 52 32 97 9 29 1 35 54 38 4 43 30 41 64 57 48 4 5 47 4 41 9 30 67 0 9 18 3 20 67 9 24 51 6 33 80 60 68 34 50 25 29 80 18 46 37 ]
[ 6 7 64 49 25 9 13 16 27 36 21 4 8 12 25 17 86 84 6 55 37 0 62 28 16 22 56 43 13 20 72 19 28 89 21 5 98 34 22 77 23 95 81 31 7 58 0 46 43 59 ]
[ 43 88 12 7 19 10 36 77 43 30 35 59 12 4 72 3 28 2 9 46 51 90 19 5 10 45 8 54 3 76 20 98 64 84 5 36 94 42 13 90 24 48 1 36 4 25 39 33 28 0 ]
[ 44 86 59 68 43 97 39 50 8 23 5 97 47 44 92 99 0 21 22 4 50 12 40 23 0 33 73 4 27 68 33 23 6 44 91 2 42 31 52 2 6 10 52 5 6 44 4 6 17 26 ]
[ 22 61 99 52 92 23 5 18 15 0 78 8 4 13 44 92 50 98 62 30 1 57 85 85 70 7 29 80 20 6 61 94 19 12 47 11 35 4 29 2 4 60 11 8 25 7 0 27 5 15 ]
[ 30 20 53 5 2 61 17 14 27 26 5 26 51 12 88 47 73 49 39 20 19 14 73 52 67 28 4 59 21 84 15 3 4 20 61 6 82 78 72 61 4 78 39 8 42 28 7 16 29 46 ]
[ 2 57 84 22 18 94 74 81 59 15 44 12 31 92 10 21 54 9 59 1 77 3 12 0 82 5 58 29 0 1 16 54 10 1 28 28 47 2 61 7 69 6 19 0 50 82 73 56 43 32 ]
[ 2 76 26 28 27 2 79 29 13 50 7 20 79 12 25 9 31 55 46 20 21 37 12 95 11 91 56 79 20 8 54 74 36 33 3 64 35 34 45 0 37 4 72 16 16 50 77 47 5 24 ]

Timer (generate): 48ms real	50ms user	0ms sys
[ 38 74 79 61 56 88 98 44 7 33 16 92 42 44 66 44 26 28 26 68 48 67 58 69 4 45 92 50 69 46 1 59 20 32 20 77 21 18 73 28 4 89 72 46 85 91 90 63 71 68 ]
[ 83 19 36 42 40 40 87 84 90 8 30 43 68 3 76 88 32 49 59 5 29 15 46 1 61 83 44 4 98 15 72 82 86 60 24 26 53 63 63 95 24 45 39 92 48 67 32 80 68 43 ]
[ 37 97 58 35 50 72 18 95 28 17 62 52 99 49 13 75 27 66 90 42 13 14 88 52 58 36 71 43 69 39 86 6 88 97 94 39 69 12 86 97 81 48 49 32 49 14 7 29 32 50 ]
[ 71 46 64 11 50 75 0 74 18 69 13 56 27 54 53 21 93 74 86 79 23 19 79 25 52 29 39 59 10 72 61 33 70 26 45 20 53 45 94 23 66 60 79 45 14 85 19 59 59 57 ]
[ 38 35 76 17 60 28 98 99 40 60 23 1 94 93 79 39 66 32 36 60 55 54 72 87 51 86 72 70 97 83 79 35 18 56 5 78 84 55 30 24 16 53 78 10 99 57 1 65 90 89 ]
[ 77 97 95 2 84 46 40 8 69 38 92 48 25 10 4 82 41 41 38 71 17 6 76 95 68 75 53 21 92 95 10 22 92 5 24 29 3 64 37 72 2 81 21 28 92 25 10 85 18 0 ]
[ 56 36 6 32 31 26 60 36 47 4 31 9 26 76 14 50 57 18 67 94 90 69 28 63 49 20 41 12 5 59 12 13 95 71 97 27 97 57 63 97 62 47 6 40 75 73 91 32 91 10 ]
[ 78 33 79 6 49 81 78 90 93 35 49 5 48 97 28 46 24 26 55 39 23 69 38 81 10 13 54 53 45 97 63 24 31 94 30 32 75 9 22 68 44 23 26 45 20 54 91 96 32 98 ]
[ 36 7 68 74 89 78 88 43 83 85 41 46 9 24 40 40 56 16 1 30 84 45 53 62 90 74 17 33 70 49 32 58 57 52 85 46 82 73 41 65 10 82 11 20 6 3 12 14 19 13 ]
[ 44 56 10 98 18 53 24 87 86 46 37 70 5 46 74 90 44 56 15 85 21 25 68 84 97 26 88 9 41 59 74 85 67 85 35 38 90 59 25 28 6 14 51 63 60 25 5 56 82 72 ]
[ 42 55 97 10 92 47 36 80 56 29 91 83 15 11 20 50 49 10 62 26 38 20 41 89 83 53 15 88 10 49 60 4 4 9 66 96 8 54 28 17 84 72 0 51 83 20 1 84 30 15 ]
[ 10 68 35 3 10 18 9 25 58 71 26 70 75 30 32 41 79 40 95 7 57 31 31 57 82 14 77 36 98 59 51 61 80 39 64 90 9 25 67 68 96 93 90 71 23 22 64 54 15 12 ]
[ 14 72 43 45 82 26 12 11 62 10 71 65 23 51 4 40 93 14 65 60 34 62 53 24 85 28 47 50 83 62 14 97 86 57 94 68 83 6 80 97 69 51 63 92 54 19 32 47 33 98 ]
[ 7 67 12 12 92 97 40 91 99 75 5 13 24 43 71 19 12 6 25 44 56 94 47 19 39 1 90 23 0 24 21 59 43 85 71 87 83 63 30 34 39 35 48 15 31 71 34 43 77 12 ]
[ 87 33 58 86 4 97 87 95 21 39 71 94 98 14 32 21 54 15 84 84 49 75 72 49 43 3 20 77 98 50 89 37 35 48 23 40 97 10 87 70 1 10 17 99 76 49 72 30 16 56 ]
[ 67 17 84 39 67 27 42 39 56 40 89 98 77 25 98 0 17 95 62 4 18 63 66 35 14 42 36 86 25 52 94 92 69 30 31 88 9 25 28 66 17 17 64 46 42 62 98 59 9 12 ]
[ 15 27 75 81 14 41 76 50 79 53 54 73 45 76 56 28 64 65 5 44 31 22 14 47 68 56 9 18 68 71 30 35 50 5 69 65 98 97 67 77 50 74 2 95 50 58 75 66 24 80 ]
[ 63 7 54 77 55 22 85 16 40 53 87 70 41 38 27 10 55 77 7 74 6 57 48 8 4 50 19 31 69 95 11 32 2 65 9 57 39 94 74 31 0 13 53 41 51 32 3 58 9 10 ]
[ 33 67 19 33 75 75 84 46 6 5 41 69 37 96 86 98 5 77 44 31 8 44 45 13 37 48 45 92 7 6 54 92 73 25 25 0 0 9 47 58 14 40 79 3 36 17 1 94 94 98 ]
[ 25 54 94 70 67 32 71 12 76 78 70 31 22 43 56 47 44 57 9 43 67 23 35 99 79 24 16 32 18 11 30 43 65 25 66 33 9 89 97 85 19 68 16 41 63 73 88 59 82 97 ]

Timer (sort): 1415ms real	1410ms user	0ms sys
The output is sorted!
[ 34 83 69 30 3 58 9 26 66 5 64 80 33 78 62 21 53 42 35 9 53 74 2 13 70 31 0 29 23 26 34 10 9 3 40 13 13 1 91 31 6 7 12 39 37 26 12 43 21 0 ]
[ 23 36 73 98 60 29 6 4 75 30 9 0 9 26 4 30 48 18 72 19 29 20 62 37 52 10 52 8 5 21 84 28 9 57 27 22 38 33 26 13 15 87 13 24 14 70 6 14 88 30 ]
[ 51 34 2 9 82 48 12 10 82 15 12 72 57 0 71 21 42 6 7 36 26 19 2 31 6 76 57 45 36 74 16 39 8 70 1 42 18 13 5 0 28 69 24 37 69 47 58 63 5 17 ]
[ 6 28 0 73 57 13 73 94 12 54 2 52 61 8 49 76 51 5 4 51 26 16 26 33 24 39 49 17 12 72 82 19 1 35 44 58 0 17 4 12 23 7 16 85 15 65 13 18 22 69 ]
[ 86 43 14 29 61 10 13 24 91 40 31 86 66 62 22 54 5 47 35 52 48 31 16 45 17 2 11 12 19 42 25 6 86 39 35 47 1 1 23 45 41 6 31 7 20 6 61 26 53 49 ]
[ 26 4 1 53 42 22 6 1 98 25 69 23 83 59 57 13 7 6 10 16 20 15 2 52 15 15 78 59 85 13 40 11 17 42 17 59 16 23 13 14 48 34 90 31 94 99 44 53 5 6 ]
[ 80 4 13 40 25 87 18 51 53 95 1 12 73 16 27 23 42 16 69 71 9 5 17 51 17 20 21 66 81 71 8 13 27 21 6 5 60 24 8 14 71 9 26 45 26 5 20 20 74 89 ]
[ 13 10 77 42 40 54 90 4 23 9 0 40 58 11 29 33 51 71 7 34 53 24 21 53 21 24 19 5 5 51 68 70 13 46 13 6 52 55 10 27 64 63 19 22 74 0 8 78 24 67 ]
[ 44 20 10 7 5 36 6 28 71 53 13 4 20 82 43 15 45 2 19 4 27 89 6 42 60 43 11 88 48 3 99 44 23 61 4 29 98 10 9 21 63 22 25 84 56 20 51 1 22 70 ]
[ 15 80 37 30 78 10 23 54 16 34 33 3 4 61 93 15 5 2 59 81 12 28 46 52 45 30 21 19 6 43 15 21 23 5 3 53 67 26 59 35 60 93 39 17 54 32 32 11 34 43 ]
[ 55 99 11 10 70 7 9 65 13 24 3 9 94 56 29 47 5 75 0 49 34 0 82 0 25 80 80 14 68 21 23 23 20 34 33 42 94 94 7 7 18 11 16 13 19 97 12 25 24 12 ]
[ 6 23 25 16 68 23 6 15 11 73 7 54 7 88 27 1 21 29 11 11 8 4 41 67 13 12 62 43 12 76 36 18 99 14 87 19 37 93 86 1 18 45 55 78 34 35 31 7 64 42 ]
[ 56 47 23 18 7 42 80 55 22 59 60 21 23 18 5 20 85 33 33 10 20 1 99 16 77 55 15 29 0 65 12 8 12 87 26 71 29 6 27 4 17 39 25 41 9 31 13 94 16 98 ]
[ 92 20 59 63 24 97 7 51 77 12 9 42 3 29 69 12 29 75 3 8 22 34 59 13 71 8 11 17 49 63 0 41 83 11 56 59 8 15 10 38 28 19 32 31 0 1 95 29 29 51 ]
[ 24 42 25 22 4 99 14 69 35 27 22 59 48 48 3 42 21 71 27 1 85 11 13 55 12 79 27 95 16 16 28 40 10 5 14 67 57 28 36 92 7 10 3 7 58 7 50 32 30 77 ]
[ 13 10 4 49 33 36 8 91 19 54 53 12 34 24 15 15 41 34 1 13 76 38 12 56 17 27 6 61 4 14 78 69 76 34 19 9 23 79 53 42 33 6 6 19 82 21 87 23 55 88 ]
[ 24 52 5 41 20 54 72 94 35 24 36 2 42 46 8 59 67 7 15 14 15 44 33 2 0 59 38 9 63 9 13 39 61 18 33 33 24 5 79 59 81 15 13 75 14 74 35 33 81 2 ]
[ 4 93 75 15 65 46 8 45 35 6 3 92 1 71 23 24 11 85 13 0 29 38 3 44 45 4 7 41 36 2 69 40 47 44 7 13 42 15 58 78 22 13 22 23 84 45 0 96 30 65 ]
[ 27 25 29 12 65 49 67 16 94 28 75 4 68 59 28 2 19 19 34 20 18 26 33 2 37 11 25 22 74 65 93 53 43 22 65 8 24 32 24 18 12 51 74 33 11 2 35 30 74 21 ]
[ 27 87 51 13 11 20 4 44 10 48 49 44 5 56 11 12 76 26 10 30 33 64 24 58 13 96 13 65 3 50 0 31 37 51 44 1 23 0 45 33 48 94 30 53 2 41 17 31 67 79 ]

Timer (generate): 41ms real	40ms user	0ms sys
[ 76 64 70 82 8 18 75 48 28 19 53 94 11 74 29 81 59 5 63 85 28 1 89 61 33 54 34 4 95 45 35 23 61 57 5 69 27 80 69 56 51 74 2 63 0 83 44 59 88 59 ]
[ 96 17 12 86 78 45 92 13 49 87 10 36 11 23 45 68 44 25 49 13 33 0 40 35 15 40 19 11 52 7 70 48 24 83 86 55 80 79 20 30 66 30 18 29 5 16 98 49 41 99 ]
[ 14 74 51 54 61 67 95 80 78 99 40 1 47 16 84 34 71 64 13 91 46 31 73 17 13 78 33 11 27 74 62 42 0 13 48 61 80 95 94 11 94 34 12 94 50 48 28 74 64 93 ]
[ 65 63 76 39 80 89 17 65 52 97 91 14 91 91 80 39 4 60 35 98 23 81 84 87 75 87 87 55 61 52 0 26 67 77 17 47 18 35 64 71 84 55 37 75 46 17 14 2 30 1 ]
[ 53 5 35 37 45 10 24 32 18 85 36 18 64 3 47 81 50 66 68 66 89 52 21 78 27 19 48 94 22 78 47 75 35 82 64 80 45 89 13 15 26 49 33 90 53 33 24 55 51 92 ]
[ 22 92 45 95 70 24 15 18 18 37 48 18 64 36 0 28 16 97 69 81 12 48 31 98 90 36 31 14 43 82 7 17 74 4 13 96 80 28 67 99 65 15 69 81 51 69 9 20 19 31 ]
[ 1 31 79 84 81 69 20 12 36 16 46 95 33 72 99 46 21 79 26 88 30 43 55 99 24 59 21 34 79 92 65 32 75 96 17 57 17 89 21 53 57 20 48 91 44 99 89 65 31 16 ]
[ 53 13 59 61 65 84 20 38 70 51 30 87 35 5 83 52 14 0 94 36 6 51 8 54 94 52 6 84 18 89 52 23 2 11 84 67 47 56 57 17 59 87 56 95 45 39 99 11 92 93 ]
[ 99 50 97 7 4 91 60 62 75 78 51 27 53 54 91 90 73 38 46 31 8 6 70 64 1 67 56 52 79 0 46 78 50 95 86 6 86 98 21 14 28 72 93 81 78 36 71 4 27 18 ]
[ 87 35 76 57 51 29 77 59 81 8 59 79 38 61 74 76 20 13 74 41 27 2 13 72 84 44 9 55 48 36 25 35 71 53 44 74 34 21 34 16 81 45 47 20 59 74 96 79 87 71 ]
[ 20 66 73 85 38 9 29 47 17 77 83 94 12 6 48 57 33 82 30 19 50 12 64 98 84 75 24 80 54 11 51 26 77 77 12 15 38 41 15 55 19 98 50 83 57 50 92 90 32 75 ]
[ 9 35 39 25 85 23 1 9 3 55 72 7 82 49 36 46 16 74 87 31 82 58 82 32 42 39 34 34 29 18 61 38 53 0 15 90 23 16 99 79 24 71 86 58 72 74 4 89 48 91 ]
[ 20 30 50 54 14 44 93 48 30 74 67 92 64 72 92 80 63 16 96 14 95 20 86 33 30 58 7 34 99 7 26 72 90 28 26 4 72 20 5 2 94 24 94 11 48 39 91 11 55 87 ]
[ 26 2 60 64 87 90 22 94 77 22 53 55 46 43 83 72 0 7 44 5 61 91 81 8 2 29 47 93 93 54 32 19 8 44 35 95 87 57 89 64 31 42 19 77 38 54 2 38 13 46 ]
[ 95 74 37 28 34 39 57 33 84 2 87 69 21 95 13 8 90 0 66 31 16 49 26 35 79 64 41 33 54 54 79 49 81 69 77 67 60 86 1 45 89 40 14 62 88 79 71 30 80 89 ]
[ 62 48 90 40 36 21 56 77 54 10 84 86 11 17 55 40 84 15 26 37 12 67 78 78 30 18 58 53 48 90 94 62 38 84 2 74 6 10 4 12 20 88 98 31 57 53 71 93 21 50 ]
[ 31 33 17 61 12 99 79 22 52 79 12 46 42 50 83 96 77 41 7 81 53 79 21 52 63 30 57 86 23 78 36 54 64 6 67 28 57 98 50 10 78 62 8 20 64 43 68 93 84 75 ]
[ 26 90 7 47 94 70 77 51 8 53 82 45 7 98 3 27 26 60 25 76 22 3 90 83 75 54 78 96 48 63 23 74 5 30 74 99 52 3 2 61 56 84 58 16 82 61 95 60 73 20 ]
[ 36 48 76 26 31 3 33 9 99 33 24 23 59 29 5 33 28 58 89 31 19 97 67 77 13 2 90 8 62 63 81 51 63 57 29 94 12 62 56 12 95 32 87 7 62 92 40 42 50 81 ]
[ 25 69 79 45 98 44 47 88 5 61 4 86 64 67 95 94 14 7 8 22 71 56 54 58 63 68 3 55 11 53 37 88 75 68 33 73 12 32 14 17 46 70 55 10 37 50 56 3 10 17 ]

Timer (sort): 1453ms real	1440ms user	0ms sys
The output is sorted!
[ 74 11 34 41 17 76 10 51 10 23 1 31 52 31 64 56 10 16 63 88 37 3 14 29 4 66 9 6 32 29 39 7 40 74 0 10 2 10 13 13 86 14 44 38 46 60 47 8 28 62 ]
[ 20 14 31 38 36 21 0 7 17 16 72 14 35 88 26 3 12 20 16 30 52 44 76 32 5 82 1 29 39 56 41 59 22 25 50 10 46 2 17 63 18 89 78 5 77 56 8 41 28 25 ]
[ 28 98 16 48 1 52 21 44 54 29 7 59 12 1 5 39 45 50 14 6 16 67 16 58 6 23 64 37 72 66 17 0 17 33 0 70 38 21 15 44 2 22 55 67 76 61 6 21 63 20 ]
[ 34 60 67 98 68 32 16 4 1 27 0 29 62 74 33 68 1 73 21 23 3 60 13 7 23 13 61 38 11 81 48 45 41 15 43 9 0 59 13 1 86 13 30 0 40 15 21 41 40 42 ]
[ 12 14 47 10 9 48 6 26 38 66 20 58 75 3 84 97 31 97 10 36 15 25 27 49 6 33 2 43 42 35 4 54 2 3 16 11 4 22 89 42 41 9 52 68 64 37 18 48 34 28 ]
[ 26 38 26 38 13 6 36 53 14 11 43 28 4 21 55 48 82 15 30 20 21 59 27 26 28 36 69 12 48 32 78 75 70 5 13 35 63 1 40 29 13 84 9 69 5 17 69 39 32 0 ]
[ 36 63 70 49 77 15 94 24 96 47 2 89 45 18 28 61 16 35 26 28 36 1 38 50 52 17 12 24 28 44 16 16 7 39 17 36 54 11 12 2 10 14 91 7 32 20 69 0 7 47 ]
[ 34 74 43 10 30 4 42 27 30 6 86 45 93 31 11 19 18 85 26 98 63 4 21 2 18 7 2 84 17 55 1 3 29 96 13 11 1 8 38 83 14 24 28 59 7 91 31 25 76 9 ]
[ 9 15 39 63 1 11 95 36 7 43 18 37 42 4 51 2 20 11 96 21 16 53 82 30 65 45 28 7 10 52 98 19 67 37 35 21 0 82 57 8 25 27 45 20 31 48 22 4 12 70 ]
[ 58 89 0 20 68 19 2 6 50 44 93 8 86 10 5 23 24 28 14 16 16 69 11 65 54 10 39 11 93 16 83 3 6 35 75 26 6 29 33 8 25 78 16 11 88 73 87 12 2 1 ]
[ 0 6 16 39 90 2 54 19 26 41 28 31 11 1 28 22 14 40 10 63 47 81 34 65 26 14 19 31 79 0 67 31 6 36 22 48 90 29 19 69 70 47 0 33 1 80 55 15 72 18 ]
[ 48 65 25 54 10 66 37 49 98 36 26 27 16 37 7 18 51 23 6 22 79 11 4 42 87 17 19 10 32 38 25 33 4 2 87 66 20 24 67 19 13 45 46 29 82 5 0 33 29 58 ]
[ 4 93 69 51 33 72 1 2 48 68 38 42 31 58 58 4 4 36 84 14 16 57 2 88 2 10 19 39 50 25 7 6 18 77 57 3 1 58 6 2 78 44 44 61 2 54 65 6 42 1 ]
[ 3 18 24 68 6 57 16 24 49 6 50 8 51 76 19 66 27 66 84 32 19 2 23 65 39 2 2 32 66 50 5 69 21 81 37 27 38 6 52 40 12 2 0 16 31 20 82 58 86 18 ]
[ 41 27 64 13 74 16 9 48 7 73 8 64 83 24 7 71 60 17 9 71 59 1 5 67 71 28 61 10 8 70 8 1 49 25 14 23 41 23 71 1 48 32 17 84 56 24 7 16 41 16 ]
[ 23 41 51 47 6 38 0 40 8 28 31 31 15 47 55 34 6 67 4 30 9 20 23 3 80 13 53 5 92 80 9 16 73 12 63 32 51 15 24 11 95 55 42 11 54 49 97 12 68 2 ]
[ 89 3 11 57 15 55 47 21 80 43 21 25 8 59 89 25 18 23 17 12 22 44 63 4 38 70 72 71 10 15 74 51 18 38 9 33 45 8 7 25 3 28 2 12 87 91 89 5 15 6 ]
[ 15 43 80 99 4 27 1 17 12 8 35 79 69 15 24 3 25 72 24 78 37 25 54 36 96 26 62 50 0 4 76 67 47 8 18 3 35 72 20 0 80 8 79 1 23 3 4 0 28 81 ]
[ 2 8 55 14 19 77 79 10 47 67 55 11 60 16 82 42 17 23 55 15 65 17 2 55 23 61 85 13 3 36 19 5 44 27 19 15 4 50 26 3 69 33 66 82 1 0 24 18 76 79 ]
[ 70 1 95 5 78 11 39 36 8 1 2 33 22 13 75 75 0 35 92 41 46 63 13 59 33 54 38 7 34 77 7 5 31 2 10 61 14 2 97 22 3 51 8 25 16 83 52 17 18 96 ]

Timer (generate): 41ms real	30ms user	0ms sys
[ 78 10 50 89 7 82 41 97 64 77 39 74 83 29 76 11 96 40 5 49 77 47 24 64 65 64 27 32 45 89 25 76 99 76 65 6 58 7 55 74 84 47 48 20 28 24 83 77 64 88 ]
[ 26 94 87 3 58 4 19 38 36 17 27 14 93 79 42 58 37 52 17 45 26 54 92 75 26 72 51 9 49 16 49 28 62 36 31 20 93 50 58 29 67 38 43 12 69 85 23 6 37 40 ]
[ 51 64 46 95 91 72 68 42 81 69 10 82 97 72 71 80 93 64 83 3 93 50 93 89 15 62 74 38 69 64 30 72 80 77 20 71 49 40 65 83 9 76 17 59 0 88 39 93 52 22 ]
[ 49 98 25 42 87 40 5 13 78 26 29 8 50 9 85 70 32 87 62 50 22 72 78 39 83 78 28 22 24 32 45 73 30 70 67 69 10 72 35 40 50 64 0 1 26 38 23 58 25 86 ]
[ 60 99 10 38 38 93 17 18 15 41 51 12 66 33 82 33 55 44 58 90 36 8 54 37 61 80 75 85 91 52 71 3 51 33 42 41 26 11 12 93 4 15 6 22 48 40 55 3 85 65 ]
[ 45 21 26 0 58 87 32 85 24 75 89 47 79 40 80 73 34 58 36 46 52 40 13 58 62 61 98 69 17 35 35 62 57 13 14 67 52 99 53 77 26 42 24 57 35 5 30 21 63 66 ]
[ 19 67 58 32 77 20 45 28 42 14 63 77 29 72 42 95 40 94 94 45 71 21 39 96 78 26 53 61 99 68 79 18 36 38 2 65 10 0 93 52 14 57 81 43 29 23 39 21 18 85 ]
[ 18 41 6 58 89 37 36 94 50 36 63 81 6 51 71 9 16 34 9 62 86 23 19 20 19 0 95 10 22 65 95 40 7 54 50 48 43 87 43 93 23 58 26 29 9 98 90 77 32 51 ]
[ 39 70 27 10 42 46 11 38 56 85 3 3 77 62 57 28 11 0 67 54 45 90 64 24 71 25 74 14 2 58 65 94 28 44 56 23 90 19 61 98 4 16 54 34 79 11 62 42 64 29 ]
[ 48 61 71 12 85 94 37 59 8 91 17 26 37 98 70 94 21 13 13 34 63 70 50 17 56 81 81 18 23 97 99 23 58 22 35 44 16 24 55 77 16 25 55 5 23 77 99 96 90 65 ]
[ 30 6 87 80 75 43 14 56 13 89 53 64 13 64 86 0 60 2 25 15 31 93 40 38 98 15 16 50 11 58 67 93 64 54 26 40 49 40 48 14 29 54 78 42 18 64 43 78 18 20 ]
[ 93 2 13 86 40 63 53 56 13 17 15 32 10 31 38 36 71 87 76 72 1 58 26 31 0 44 95 95 22 14 67 67 68 32 5 8 96 59 65 61 76 32 94 38 63 84 75 35 72 3 ]
[ 59 25 61 85 57 14 29 4 61 3 70 29 22 38 61 28 47 9 39 12 71 67 44 17 5 59 1 80 46 25 36 5 3 49 90 12 63 71 16 25 74 87 6 49 25 19 77 72 29 68 ]
[ 36 52 35 32 21 40 92 74 73 38 52 61 44 55 10 86 67 74 58 35 51 84 22 9 33 0 28 62 72 9 30 61 61 17 93 34 10 37 9 83 28 13 96 72 68 6 58 87 32 68 ]
[ 22 35 53 97 44 86 97 25 1 21 34 31 82 48 49 28 34 59 65 95 94 93 8 90 17 76 48 28 15 81 96 90 16 49 87 13 88 36 90 89 57 76 72 40 24 21 20 11 32 85 ]
[ 6 78 31 15 20 0 43 69 28 59 50 77 1 18 78 88 83 66 76 73 7 33 50 80 25 26 53 45 37 38 83 44 16 66 59 37 66 54 58 47 13 8 24 66 78 2 6 62 21 82 ]
[ 87 28 16 37 60 41 64 66 39 53 4 22 97 72 88 8 61 54 63 19 1 28 79 77 47 58 80 53 72 53 36 59 81 52 49 94 45 65 60 84 18 16 6 68 40 46 76 2 53 91 ]
[ 73 6 72 5 84 19 63 16 24 87 69 60 98 2 64 47 48 10 12 8 46 31 76 5 99 69 51 27 23 4 71 96 63 95 1 47 66 16 15 90 55 84 51 54 38 15 1 87 77 66 ]
[ 47 24 49 76 29 0 45 32 79 68 37 50 16 52 97 70 99 15 38 66 6 94 50 9 0 88 76 53 27 54 19 75 30 68 51 11 20 96 43 0 16 80 2 32 32 0 54 83 15 93 ]
[ 49 73 39 51 82 39 92 11 92 19 65 64 46 47 84 97 58 5 45 1 5 61 34 7 46 18 59 52 54 75 45 55 0 36 7 83 75 51 94 20 22 11 36 69 10 20 66 68 77 64 ]

Timer (sort): 1376ms real	1380ms user	0ms sys
The output is sorted!
[ 26 24 28 13 31 47 7 14 19 3 3 6 48 16 27 6 69 67 4 6 90 48 32 48 29 52 9 19 18 8 2 96 33 31 10 16 30 69 30 1 24 86 7 25 54 86 83 24 6 87 ]
[ 1 36 43 54 4 10 27 25 57 37 20 59 16 64 69 2 64 86 29 4 88 78 27 8 3 5 42 13 13 34 19 66 22 14 20 79 25 0 4 82 89 76 93 5 40 14 7 4 0 36 ]
[ 73 75 5 88 7 6 53 30 38 46 23 50 4 3 10 67 91 26 24 82 8 17 35 45 20 25 24 24 0 13 40 26 41 97 14 48 4 19 30 94 18 6 97 22 9 7 42 0 34 66 ]
[ 67 64 21 37 9 24 56 17 24 43 33 4 12 49 4 32 62 2 90 69 16 18 72 0 21 7 15 2 16 90 25 83 54 47 21 15 23 29 33 47 72 18 3 36 67 7 69 30 61 11 ]
[ 5 10 49 37 9 6 75 44 94 16 7 20 40 4 20 19 23 63 63 27 23 6 87 2 31 2 44 65 18 4 26 24 66 27 13 76 34 40 72 80 9 80 52 49 36 24 20 11 40 36 ]
[ 46 4 22 47 23 69 97 26 11 1 16 25 59 26 54 93 40 21 1 10 49 26 27 65 9 2 80 17 4 16 1 3 20 23 50 95 44 99 74 7 53 90 33 12 69 39 5 9 13 7 ]
[ 50 19 5 95 39 72 6 22 19 20 42 61 44 13 86 9 60 45 50 0 21 33 31 16 44 47 35 17 29 48 7 31 67 13 26 7 37 32 81 57 4 23 18 48 36 56 10 48 2 60 ]
[ 0 19 35 92 8 3 11 68 62 86 77 7 4 60 20 1 3 7 70 19 4 6 4 63 65 13 79 40 12 83 29 12 54 64 56 15 19 67 83 33 5 12 41 9 72 13 10 27 20 81 ]
[ 18 14 22 3 21 12 23 16 70 51 35 21 89 35 57 44 35 32 93 22 6 30 18 48 88 59 3 40 12 52 26 31 18 0 34 92 12 10 8 83 13 43 4 3 31 13 99 18 45 92 ]
[ 46 51 17 15 67 19 50 54 21 7 28 13 77 20 20 64 21 76 11 65 9 68 27 22 61 30 20 16 2 22 16 48 73 33 15 40 4 17 46 77 24 26 42 1 46 14 17 67 90 29 ]
[ 36 37 9 47 2 33 92 6 35 22 18 58 14 23 26 40 69 13 34 9 36 37 0 30 81 0 89 52 28 14 24 64 4 85 64 6 70 56 13 6 30 83 16 44 6 42 37 76 7 23 ]
[ 6 67 72 45 52 34 62 90 25 43 44 42 51 4 89 16 39 28 48 74 54 13 17 22 16 28 53 1 1 4 39 7 23 11 4 27 45 18 17 23 14 61 17 65 18 58 33 57 39 33 ]
[ 29 23 28 30 30 38 37 29 53 10 10 50 17 58 10 17 70 0 57 55 41 95 97 80 10 53 89 46 3 27 25 32 2 5 14 32 95 3 61 1 13 23 51 31 81 13 0 3 66 9 ]
[ 46 7 35 64 65 96 0 0 11 9 84 18 32 23 8 14 4 81 22 13 35 55 15 18 99 5 40 4 19 19 87 17 26 22 34 91 19 34 91 82 44 27 0 28 50 61 42 6 42 17 ]
[ 76 25 62 13 97 87 20 43 31 35 2 14 15 14 30 27 62 44 18 78 19 70 83 20 2 1 46 46 58 82 4 34 7 18 99 4 6 19 99 37 6 1 3 22 68 34 1 30 30 19 ]
[ 32 38 55 49 6 39 11 31 6 59 22 20 14 8 70 15 72 50 12 20 12 3 2 22 19 53 33 76 71 33 21 55 23 28 5 81 67 68 12 73 28 86 45 42 94 15 9 19 17 21 ]
[ 46 47 35 39 66 21 47 4 3 70 27 25 36 9 35 70 69 7 4 23 16 15 21 45 73 87 46 22 45 52 29 91 0 16 31 18 37 30 22 93 52 49 18 41 10 6 11 32 13 67 ]
[ 31 21 7 35 32 19 8 6 7 17 76 70 10 14 36 67 63 39 66 20 47 13 14 58 98 25 14 43 75 66 13 7 39 21 42 24 40 2 30 0 19 6 22 81 72 59 48 36 50 66 ]
[ 26 9 32 94 26 2 81 0 20 14 0 15 12 69 11 47 31 6 86 67 37 73 52 36 25 63 74 37 33 18 72 59 27 4 6 5 6 87 5 27 53 58 42 66 27 5 13 11 11 99 ]
[ 22 36 6 33 32 31 43 24 65 28 1 80 22 61 0 17 17 66 69 48 33 7 44 26 39 43 35 3 47 24 21 70 12 27 55 44 11 50 21 28 78 22 61 1 35 13 18 52 80 87 ]

Timer (generate): 47ms real	40ms user	0ms sys
[ 30 29 84 35 22 90 5 52 1 36 90 91 75 0 84 83 21 49 22 63 12 11 71 90 50 37 91 97 32 67 54 63 96 90 98 70 33 3 23 34 91 65 77 19 18 13 54 39 63 76 ]
[ 54 27 87 25 17 37 62 8 87 47 28 41 10 76 83 60 47 16 15 22 3 58 87 32 77 5 46 32 96 9 8 50 36 48 76 5 37 90 65 24 37 93 65 99 70 1 11 17 69 26 ]
[ 39 24 37 78 57 14 36 3 98 32 64 59 83 52 7 11 57 44 1 22 69 91 16 86 90 38 39 54 55 9 32 46 33 69 76 42 36 12 45 86 45 61 45 80 13 4 91 70 49 44 ]
[ 45 70 35 61 8 78 51 0 32 6 61 64 4 46 86 80 89 22 45 86 8 42 48 54 22 61 58 65 84 59 9 29 81 97 42 42 75 93 94 7 51 55 23 55 1 9 87 42 83 84 ]
[ 29 92 26 29 98 0 90 8 17 26 20 27 55 53 76 97 47 51 42 41 10 93 96 85 0 50 95 88 92 78 24 73 22 51 2 72 3 45 81 21 71 53 0 79 6 76 76 54 79 71 ]
[ 47 89 64 96 74 65 46 21 5 90 52 29 64 74 32 66 47 88 11 80 9 83 33 61 14 39 37 90 45 16 13 93 57 78 89 31 95 87 5 0 77 57 81 41 83 66 60 82 54 71 ]
[ 62 15 6 47 76 20 39 65 63 84 33 76 29 90 6 70 73 1 57 78 53 87 87 35 28 71 53 88 53 7 12 68 22 70 15 50 91 6 15 6 43 48 34 72 38 41 95 63 42 52 ]
[ 42 48 91 29 83 20 52 36 60 58 95 24 78 69 95 45 19 86 52 86 44 95 34 78 67 24 19 14 39 14 19 81 62 10 63 97 82 67 85 43 25 80 19 55 1 14 1 20 52 53 ]
[ 6 96 48 92 75 67 68 94 82 7 60 1 41 22 11 56 71 94 23 56 89 1 88 8 56 89 75 57 9 27 62 67 24 10 11 99 78 31 45 12 91 6 13 32 80 76 40 52 22 15 ]
[ 8 63 68 49 72 25 38 47 34 0 26 97 19 50 59 83 1 89 14 47 1 57 5 66 41 37 43 81 89 65 97 50 29 65 99 53 42 89 52 29 89 78 78 9 81 37 92 82 27 58 ]
[ 29 28 16 86 47 57 24 90 39 65 7 88 15 88 5 66 93 0 56 97 29 45 76 59 6 9 96 50 91 75 9 73 56 25 59 3 34 35 93 25 1 52 13 68 93 71 35 86 71 43 ]
[ 84 52 88 12 11 47 21 59 97 64 35 6 37 91 83 49 94 18 84 39 43 85 91 9 6 84 32 41 23 3 84 59 7 24 23 18 71 44 77 21 60 12 27 98 55 63 47 49 33 83 ]
[ 88 28 21 32 37 27 68 21 20 43 24 56 2 83 80 25 1 4 21 31 77 82 95 4 32 51 19 31 52 52 14 93 81 35 25 70 14 45 92 34 89 68 90 43 52 23 69 5 27 42 ]
[ 88 56 76 36 12 8 87 32 91 39 36 6 84 69 93 9 40 8 7 84 42 48 4 85 91 8 8 12 66 87 55 6 43 31 42 55 92 29 87 83 21 76 41 5 45 35 67 37 95 74 ]
[ 21 89 22 78 74 65 86 34 78 4 21 33 11 16 16 53 72 60 35 11 44 8 87 37 65 85 24 32 22 19 58 44 61 32 74 35 50 12 22 28 17 95 13 80 12 29 85 36 42 20 ]
[ 99 38 28 39 75 46 24 0 78 46 71 89 42 32 73 16 20 23 29 42 51 98 37 16 30 1 46 15 37 40 36 37 78 16 76 53 62 0 5 93 98 77 34 41 61 7 9 81 83 90 ]
[ 75 86 88 65 3 70 66 1 86 56 41 74 45 19 90 21 24 5 73 30 50 23 7 84 64 20 43 74 2 26 64 29 13 5 94 16 75 13 69 13 69 10 87 66 29 30 39 53 35 12 ]
[ 35 85 35 94 69 52 15 64 78 69 91 42 98 4 99 93 72 27 58 41 40 79 3 28 45 32 58 84 37 45 48 25 30 35 19 51 87 34 15 65 3 58 60 54 14 59 47 38 86 57 ]
[ 79 79 36 34 7 81 18 17 65 8 62 13 33 44 48 52 47 88 39 14 53 94 73 65 48 87 25 47 26 63 4 57 42 92 44 1 73 62 70 90 70 32 55 3 28 4 8 75 92 99 ]
[ 42 97 93 15 63 94 54 40 93 32 55 50 42 50 42 86 51 68 48 22 58 19 6 14 74 35 70 82 62 14 81 4 11 27 71 26 21 26 18 66 10 74 16 52 24 11 90 27 79 39 ]

Timer (sort): 1395ms real	1400ms user	0ms sys
The output is sorted!
[ 14 16 56 34 18 46 21 28 32 19 67 1 52 61 3 48 30 12 27 26 6 46 34 6 28 4 23 18 18 38 66 32 55 22 18 25 20 40 5 52 11 72 5 63 85 9 63 16 21 43 ]
[ 0 4 37 25 36 12 10 22 56 16 4 71 38 8 4 4 40 3 15 7 31 5 30 51 45 2 21 0 59 42 97 12 47 35 37 83 99 47 5 56 16 62 27 6 22 32 10 14 87 77 ]
[ 84 41 2 15 67 2 3 32 5 14 53 24 21 28 0 55 12 23 13 93 64 9 58 19 10 64 43 42 67 56 1 51 50 3 19 17 57 22 1 63 88 6 39 9 34 39 17 98 15 30 ]
[ 15 28 18 57 0 0 40 40 38 2 17 3 56 80 20 54 62 26 28 34 54 37 25 16 43 46 19 9 37 28 8 52 56 26 61 8 26 1 1 16 56 18 20 64 50 40 70 12 66 99 ]
[ 85 51 26 1 41 40 31 24 15 30 83 54 1 51 7 10 4 8 27 49 30 38 43 22 98 98 15 5 12 14 18 49 17 44 50 11 36 33 35 3 63 18 10 16 22 69 79 26 77 6 ]
[ 74 62 98 20 0 35 15 17 10 0 4 12 4 18 28 69 32 13 65 39 2 32 19 59 54 34 44 16 58 71 92 32 34 42 4 86 29 19 3 39 72 7 4 28 78 32 49 10 46 14 ]
[ 7 7 0 22 20 24 43 25 36 26 58 48 57 20 19 52 6 17 18 67 3 27 4 97 76 73 1 61 3 42 5 63 1 6 85 21 82 80 46 18 6 56 18 16 28 89 68 35 6 39 ]
[ 63 4 69 2 9 26 94 50 97 52 3 48 36 19 23 61 26 83 17 83 21 24 8 3 44 23 21 2 7 63 10 70 19 31 24 29 9 18 79 7 22 35 7 58 54 30 19 32 65 37 ]
[ 12 0 76 32 41 38 75 11 0 10 15 58 6 6 83 48 57 46 23 53 24 24 39 19 2 33 71 28 8 51 94 73 51 70 5 44 60 33 8 12 95 23 23 1 82 6 1 39 4 25 ]
[ 35 16 48 4 5 39 3 52 0 6 90 91 50 78 84 37 84 25 66 16 34 69 2 3 14 8 31 6 13 39 64 0 7 12 5 12 3 8 17 4 15 59 95 17 37 80 54 73 57 73 ]
[ 6 26 46 1 31 87 29 98 5 8 78 51 63 49 39 5 27 31 1 48 24 39 24 44 59 2 29 25 1 19 2 59 45 1 13 76 40 42 27 45 50 5 48 14 55 87 71 34 18 25 ]
[ 29 70 28 45 68 12 61 16 18 3 7 1 62 21 82 59 35 4 15 33 16 68 71 47 27 11 78 32 25 44 22 54 15 50 51 35 14 12 3 32 67 10 85 81 31 19 40 19 23 8 ]
[ 4 18 24 10 48 19 11 69 25 44 40 39 9 98 76 84 0 70 77 54 44 6 65 44 14 97 18 12 44 34 35 48 5 59 10 5 30 22 27 7 18 19 46 27 17 23 64 18 45 41 ]
[ 89 3 24 70 32 38 3 85 17 58 3 30 14 38 10 25 0 60 65 52 30 7 67 36 30 3 29 5 43 46 39 32 1 64 3 85 54 6 70 24 16 25 6 31 64 16 56 64 28 73 ]
[ 9 55 19 41 4 49 1 62 45 79 3 23 1 66 23 48 5 57 94 25 10 40 74 3 23 63 79 29 11 1 81 21 56 1 14 12 2 15 27 99 47 30 74 0 48 50 48 53 7 42 ]
[ 29 64 94 72 76 92 62 4 10 36 39 6 94 28 19 22 16 28 24 22 4 33 29 89 55 89 24 11 8 19 58 38 83 5 62 11 49 24 15 11 12 6 17 7 35 88 29 3 17 5 ]
[ 24 42 22 6 4 3 3 20 14 7 41 30 77 42 52 43 21 54 40 44 33 22 3 46 43 73 28 29 10 7 24 35 49 46 93 5 1 48 26 15 55 67 97 84 61 50 79 34 4 20 ]
[ 96 69 45 0 27 9 45 47 10 11 27 58 14 0 12 19 62 50 36 85 39 79 13 22 34 19 36 10 32 19 17 28 40 62 81 67 23 26 15 33 37 42 91 4 94 3 23 56 6 12 ]
[ 27 40 25 0 18 87 54 31 34 69 56 50 25 19 20 5 88 26 54 22 28 49 17 10 93 37 35 71 34 50 36 14 43 61 14 13 0 21 45 34 42 1 37 19 73 9 24 61 35 30 ]
[ 5 40 26 93 99 23 46 67 8 54 11 45 40 35 84 20 8 48 47 17 95 46 54 11 37 53 4 22 12 51 23 17 91 1 10 91 24 9 10 32 15 21 29 7 56 66 28 16 14 27 ]

Timer (generate): 47ms real	40ms user	0ms sys
[ 67 57 99 55 52 87 61 7 64 15 70 83 90 34 91 7 53 63 33 44 87 89 66 57 18 49 17 20 69 66 5 37 23 5 44 75 44 6 34 8 21 57 43 63 43 35 22 96 50 7 ]
[ 92 37 49 11 46 67 60 64 40 30 30 45 19 6 2 63 33 98 21 20 7 43 29 50 58 72 37 33 20 87 40 12 76 89 75 23 9 36 39 49 18 69 46 89 27 1 52 61 99 74 ]
[ 81 6 69 10 9 79 34 46 12 54 34 5 18 10 94 94 85 55 82 24 4 0 46 3 41 73 4 93 86 55 19 19 14 88 81 23 20 15 69 32 69 55 37 40 18 84 34 3 39 16 ]
[ 28 96 68 26 51 9 99 55 54 38 62 74 57 76 14 39 99 86 54 21 19 76 76 8 16 94 44 50 98 36 18 78 32 38 56 35 99 7 42 5 45 4 31 3 81 46 42 32 32 96 ]
[ 53 3 72 30 64 40 24 8 42 74 44 12 4 28 50 60 63 1 20 5 7 65 10 38 68 43 36 10 75 21 59 29 76 83 59 40 24 35 49 66 62 45 79 18 74 81 31 89 83 51 ]
[ 95 42 16 57 80 85 0 69 47 27 90 6 56 66 90 67 59 14 55 8 32 17 5 63 87 79 97 18 21 32 69 16 74 38 25 6 23 77 75 22 4 17 29 61 36 19 80 95 85 35 ]
[ 55 69 4 60 85 92 40 82 10 61 14 32 29 40 70 6 98 45 83 26 67 87 43 48 0 79 67 33 26 4 68 81 26 73 42 11 17 34 93 79 47 59 11 76 51 33 82 49 30 17 ]
[ 27 98 4 71 46 57 2 66 90 29 22 58 10 48 83 52 11 52 38 56 32 85 15 43 61 18 29 95 20 59 12 47 9 69 70 8 26 73 26 68 54 48 78 16 49 14 69 60 66 59 ]
[ 17 98 45 84 94 6 55 23 54 75 82 18 74 92 39 45 0 17 70 26 85 24 26 64 92 75 78 13 88 96 73 57 95 18 41 89 76 96 64 30 23 46 1 50 90 40 95 42 58 17 ]
[ 20 95 93 47 59 85 74 89 99 14 38 72 71 85 90 65 74 66 13 90 49 89 88 50 39 31 90 34 73 0 3 46 96 96 45 7 81 19 49 80 86 87 52 9 72 42 74 98 9 40 ]
[ 40 58 29 28 60 68 59 2 54 85 3 57 31 51 53 76 58 34 47 59 15 33 98 19 43 70 62 69 20 23 9 60 33 38 41 45 6 0 47 60 85 2 17 16 53 70 92 64 57 40 ]
[ 23 72 25 74 43 68 96 57 90 17 80 99 29 65 38 70 10 96 23 10 9 60 12 26 77 66 49 21 30 58 13 5 82 39 79 25 59 76 83 49 45 15 1 26 81 91 97 43 87 72 ]
[ 53 96 32 66 75 61 84 76 83 66 34 48 71 16 87 3 41 99 31 76 0 76 92 1 2 25 92 51 68 32 23 74 80 8 92 55 69 76 83 4 42 17 53 65 85 92 68 79 43 99 ]
[ 55 44 27 99 97 30 24 42 33 45 26 9 19 6 17 63 14 38 91 97 43 85 67 48 50 52 92 71 83 88 22 39 32 2 38 81 84 15 75 17 60 1 26 31 8 95 94 22 34 37 ]
[ 19 77 22 38 77 72 91 21 95 26 9 18 65 93 72 56 75 56 71 50 73 83 4 52 14 12 47 60 34 81 97 5 10 71 44 39 43 87 61 91 13 70 61 31 64 33 39 91 89 62 ]
[ 93 14 45 97 66 11 9 14 23 95 47 72 1 58 43 97 97 38 36 10 29 1 81 90 32 45 75 71 88 64 85 81 79 30 79 45 93 88 11 16 84 59 40 37 69 83 86 18 74 22 ]
[ 29 3 75 10 46 8 7 21 31 95 38 17 76 17 99 7 14 93 96 26 61 32 37 2 21 6 37 7 24 11 81 53 67 56 15 13 16 74 86 48 21 24 17 50 93 16 57 8 9 53 ]
[ 86 23 37 23 77 58 29 14 65 5 78 98 11 45 7 78 10 23 53 48 23 26 25 40 76 18 57 34 26 18 39 12 41 77 87 18 35 68 85 53 74 63 3 37 60 10 67 22 86 20 ]
[ 22 9 99 47 50 75 66 59 61 44 77 1 57 19 30 96 89 65 65 74 70 91 37 26 80 49 36 47 23 22 20 46 84 19 93 34 94 59 93 8 4 22 9 13 41 91 9 83 8 26 ]
[ 57 79 17 47 5 97 96 93 45 72 68 17 18 52 36 11 38 82 23 83 90 79 5 51 92 99 42 53 82 51 32 39 82 1 38 39 99 87 32 96 59 0 13 77 4 1 40 42 83 63 ]

Timer (sort): 1438ms real	1440ms user	0ms sys
The output is sorted!
[ 3 36 51 12 56 9 28 49 36 72 8 21 16 67 9 17 33 12 52 7 4 17 78 66 8 16 37 24 45 10 50 0 47 53 12 3 63 92 4 51 17 12 25 85 31 34 2 64 98 54 ]
[ 10 0 56 45 74 78 18 57 13 34 20 21 14 60 25 22 2 24 50 33 57 7 27 1 80 3 79 24 53 36 17 15 36 73 60 62 3 30 20 16 17 40 90 31 1 15 53 3 91 4 ]
[ 30 38 68 21 2 90 36 3 52 62 1 55 31 13 81 6 18 80 14 1 73 4 1 48 36 1 82 83 0 12 5 31 50 73 52 4 63 40 7 15 3 9 22 34 74 4 92 44 36 6 ]
[ 3 45 33 30 90 13 4 53 16 31 5 30 17 14 7 16 56 2 23 5 11 4 41 5 83 94 91 12 50 17 23 54 62 57 36 5 22 40 58 39 23 63 21 40 29 29 9 85 83 32 ]
[ 16 58 15 22 69 19 51 86 3 21 10 83 12 3 2 97 2 55 17 2 3 49 81 36 25 58 37 11 60 25 75 76 36 43 50 5 14 1 91 17 22 53 1 35 8 3 84 63 11 1 ]
[ 31 70 0 26 5 15 85 3 19 72 1 66 44 3 92 2 26 75 38 36 4 8 92 10 21 56 0 36 12 19 71 43 41 23 22 46 91 59 1 10 32 3 29 76 58 21 30 37 48 21 ]
[ 10 89 14 28 1 46 30 39 87 3 16 28 79 41 34 5 85 19 30 63 19 8 17 63 18 38 14 67 14 30 2 25 19 68 5 20 15 35 12 54 38 80 35 69 21 21 74 6 41 57 ]
[ 30 36 32 69 18 20 23 15 19 4 37 8 54 3 50 95 13 15 82 7 58 42 92 1 12 17 44 72 83 40 27 13 28 59 34 98 31 10 13 2 14 2 11 21 57 61 16 70 28 51 ]
[ 42 96 2 4 21 4 0 97 30 1 50 81 3 59 34 81 7 17 98 88 45 69 16 40 56 6 6 12 55 30 4 49 27 6 54 0 10 6 50 41 7 0 22 62 11 56 44 18 26 94 ]
[ 20 16 25 65 32 90 2 25 32 38 93 6 75 9 19 5 85 34 39 23 17 80 1 99 9 76 23 32 9 87 1 29 56 78 46 40 21 1 17 53 39 11 12 14 72 31 19 9 18 10 ]
[ 1 31 37 37 5 58 70 61 11 25 1 0 10 41 76 18 49 46 75 19 9 2 7 56 52 17 94 0 12 84 28 14 67 17 3 72 76 26 33 39 51 86 39 13 80 15 31 29 13 7 ]
[ 23 51 61 23 3 69 21 45 13 10 11 8 6 38 27 45 18 24 83 7 11 95 6 24 61 90 7 30 4 65 58 28 16 71 3 20 40 24 65 5 87 28 13 93 18 40 90 37 17 25 ]
[ 30 73 14 3 8 37 19 93 26 6 85 12 97 24 4 76 97 16 28 35 28 10 53 5 19 44 8 11 66 15 0 96 88 14 51 49 3 22 42 29 29 79 42 78 3 46 6 1 14 34 ]
[ 49 10 94 41 60 94 5 17 12 25 45 57 43 55 15 23 39 44 0 11 3 12 14 26 48 7 58 41 11 18 29 12 28 23 53 41 70 11 58 82 36 55 91 79 10 7 54 49 3 7 ]
[ 5 92 78 51 57 5 35 17 38 41 50 82 2 25 46 33 13 63 44 49 29 54 18 3 56 40 4 32 9 91 14 14 35 44 18 93 2 5 62 40 46 12 22 1 89 20 34 2 35 30 ]
[ 18 1 51 65 3 85 13 22 3 63 21 51 58 73 0 59 20 12 18 14 95 19 19 59 11 79 56 27 82 65 3 1 18 6 18 21 43 83 44 46 46 17 50 4 42 2 16 63 66 34 ]
[ 5 67 73 15 9 83 15 24 18 49 32 97 4 53 30 37 84 4 45 21 87 15 18 38 7 27 33 2 28 58 13 33 25 38 0 86 21 16 62 91 17 47 40 21 0 71 10 85 27 7 ]
[ 65 36 36 44 39 2 4 16 8 42 43 15 34 99 48 81 29 85 44 61 52 7 61 10 19 29 2 22 44 65 48 9 2 36 54 41 38 10 9 98 5 5 13 39 4 14 20 85 99 17 ]
[ 84 52 14 42 31 14 40 34 98 6 98 73 54 6 27 0 25 30 7 10 1 44 56 20 4 98 11 10 26 86 42 10 38 56 4 22 22 97 8 20 3 6 94 9 12 73 10 90 3 69 ]
[ 52 13 74 2 14 59 0 0 18 55 15 36 4 70 75 22 13 62 64 54 10 77 9 21 64 22 42 10 1 85 32 53 98 6 7 64 17 7 16 35 62 31 23 67 53 98 41 19 13 6 ]

