Timer (generate): 45ms real	40ms user	0ms sys
[ 49 16 40 33 8 91 98 60 6 64 ]
[ 14 21 34 58 2 21 33 32 8 11 ]
[ 38 76 52 22 29 81 9 4 39 50 ]
[ 86 89 18 78 74 78 69 72 39 75 ]
[ 36 53 48 22 11 50 43 96 34 52 ]
[ 59 25 28 12 47 58 45 56 62 36 ]
[ 7 0 25 77 31 51 56 0 23 95 ]
[ 28 11 48 28 34 11 31 29 59 65 ]
[ 81 19 90 62 83 89 72 28 46 34 ]
[ 64 5 87 42 82 18 93 90 70 69 ]
[ 85 50 80 85 79 14 48 10 96 8 ]
[ 27 77 79 18 91 14 7 63 42 5 ]
[ 50 58 62 89 52 97 7 98 87 29 ]
[ 67 25 32 47 10 63 14 11 25 10 ]
[ 71 52 39 50 22 83 64 82 46 58 ]
[ 39 48 68 2 37 21 51 44 19 38 ]
[ 26 38 63 10 85 26 73 51 37 50 ]
[ 13 8 2 5 10 77 88 74 59 34 ]
[ 84 50 83 52 4 20 25 55 17 44 ]
[ 46 95 34 61 5 72 87 30 23 76 ]

Timer (sort): 31495ms real	31500ms user	0ms sys
The output is sorted!
[ 3 19 3 1 5 38 15 4 2 7 ]
[ 18 1 11 18 0 0 22 13 5 37 ]
[ 3 2 1 6 2 11 50 28 18 7 ]
[ 1 1 11 17 21 19 13 18 4 30 ]
[ 1 13 40 35 13 2 18 13 0 2 ]
[ 1 21 17 44 9 1 36 6 3 4 ]
[ 35 23 22 9 3 2 15 2 8 25 ]
[ 8 28 15 7 9 13 20 1 50 3 ]
[ 13 55 0 24 16 18 1 4 14 11 ]
[ 8 7 0 22 5 13 26 30 7 40 ]
[ 6 3 21 0 2 5 9 0 23 89 ]
[ 1 13 23 6 17 3 27 13 11 44 ]
[ 13 13 15 23 7 26 14 1 0 48 ]
[ 11 8 32 23 12 40 6 27 2 2 ]
[ 18 42 28 11 4 5 24 1 32 0 ]
[ 3 26 16 28 40 4 6 4 23 17 ]
[ 2 27 5 6 47 3 16 35 10 16 ]
[ 11 3 9 41 51 23 17 2 1 11 ]
[ 12 12 2 22 19 14 62 11 5 13 ]
[ 8 3 44 16 6 18 61 7 8 3 ]

Timer (generate): 54ms real	50ms user	0ms sys
[ 46 28 86 84 89 72 94 34 9 41 ]
[ 49 94 86 50 26 82 43 23 28 51 ]
[ 64 9 52 16 22 91 45 86 87 97 ]
[ 24 85 25 63 21 66 35 67 53 44 ]
[ 8 54 38 94 5 64 28 0 87 56 ]
[ 52 4 18 4 20 40 48 17 78 35 ]
[ 66 3 20 43 66 93 62 1 60 15 ]
[ 45 68 69 36 14 26 52 43 27 92 ]
[ 51 79 48 69 35 20 10 83 37 40 ]
[ 70 55 43 42 98 61 35 60 14 95 ]
[ 27 12 15 49 48 82 75 52 25 54 ]
[ 96 76 85 44 98 73 64 60 8 53 ]
[ 0 79 8 96 21 59 57 9 71 72 ]
[ 4 99 84 72 0 84 54 27 88 79 ]
[ 82 85 7 19 29 5 92 46 65 53 ]
[ 99 18 84 60 14 57 19 23 66 42 ]
[ 95 23 93 31 95 93 67 49 21 56 ]
[ 80 55 41 87 26 22 45 71 68 62 ]
[ 24 68 80 8 28 46 65 99 70 32 ]
[ 93 17 55 87 1 50 32 68 51 5 ]

Timer (sort): 32812ms real	32810ms user	0ms sys
The output is sorted!
[ 4 25 3 21 13 4 0 5 16 0 ]
[ 5 0 13 27 3 12 26 21 7 1 ]
[ 26 14 12 23 1 12 2 6 19 2 ]
[ 11 12 11 53 9 2 18 8 1 12 ]
[ 5 24 5 12 24 17 11 24 10 11 ]
[ 31 5 31 3 0 8 2 2 49 19 ]
[ 2 19 15 6 20 43 3 0 45 0 ]
[ 29 11 40 5 35 9 0 8 14 5 ]
[ 8 10 15 10 19 24 13 38 13 8 ]
[ 3 10 18 47 0 27 17 8 14 14 ]
[ 5 5 42 5 11 7 8 62 2 14 ]
[ 10 26 48 6 7 10 33 2 6 15 ]
[ 14 12 18 13 8 6 14 18 63 2 ]
[ 17 5 35 6 15 54 5 0 12 22 ]
[ 2 15 11 28 12 32 4 8 31 28 ]
[ 17 19 17 18 29 2 22 20 2 26 ]
[ 3 29 4 36 3 41 7 20 13 18 ]
[ 72 24 12 6 7 15 8 15 6 10 ]
[ 18 4 19 13 0 4 2 88 19 8 ]
[ 2 6 24 45 19 12 5 11 8 46 ]

Timer (generate): 59ms real	60ms user	0ms sys
[ 30 61 83 28 89 40 67 47 61 90 ]
[ 65 70 69 21 3 71 92 61 14 67 ]
[ 28 23 90 11 49 55 59 81 58 82 ]
[ 87 40 44 23 69 33 63 88 32 24 ]
[ 78 98 95 99 19 50 23 63 64 37 ]
[ 83 92 12 25 55 61 80 66 95 90 ]
[ 49 82 83 45 5 52 30 21 40 63 ]
[ 45 71 61 92 22 32 43 45 47 7 ]
[ 35 82 51 47 8 58 61 88 25 56 ]
[ 31 26 90 14 23 48 18 5 69 58 ]
[ 68 66 81 81 59 56 65 54 53 65 ]
[ 13 88 47 64 88 55 74 1 96 51 ]
[ 57 27 29 99 41 52 47 59 10 68 ]
[ 69 78 35 3 12 94 59 29 48 12 ]
[ 94 61 53 42 77 93 97 51 94 45 ]
[ 55 3 72 84 2 65 89 2 76 99 ]
[ 70 98 29 5 1 41 99 12 23 99 ]
[ 76 17 12 29 59 89 74 9 93 68 ]
[ 6 0 71 79 84 26 96 73 28 73 ]
[ 24 98 71 54 4 24 47 55 36 70 ]

Timer (sort): 36856ms real	36850ms user	0ms sys
The output is sorted!
[ 11 43 27 0 6 10 7 8 14 22 ]
[ 59 0 10 6 6 3 14 16 31 7 ]
[ 10 8 41 5 8 11 38 22 7 3 ]
[ 18 29 2 1 4 13 22 20 44 2 ]
[ 17 13 16 6 13 5 48 19 19 0 ]
[ 1 47 4 5 18 2 10 50 3 19 ]
[ 5 1 8 5 19 22 4 16 30 50 ]
[ 9 18 14 25 14 7 31 10 7 32 ]
[ 4 0 61 8 18 9 14 14 39 1 ]
[ 5 5 8 33 26 25 8 41 3 16 ]
[ 30 23 3 30 6 9 30 37 2 1 ]
[ 24 35 6 0 37 9 11 14 13 24 ]
[ 15 12 1 50 50 10 11 2 18 4 ]
[ 16 7 6 10 33 14 12 9 66 0 ]
[ 6 1 13 12 14 40 9 17 9 52 ]
[ 22 5 18 4 23 38 44 0 4 15 ]
[ 10 28 3 17 27 11 12 1 51 15 ]
[ 20 87 13 11 2 0 4 8 29 1 ]
[ 20 10 1 22 2 20 36 41 11 12 ]
[ 3 40 8 15 6 34 4 9 25 31 ]

Timer (generate): 54ms real	50ms user	0ms sys
[ 10 55 18 94 6 77 17 72 98 19 ]
[ 31 65 84 22 90 69 36 21 57 39 ]
[ 33 99 30 4 22 80 15 19 55 2 ]
[ 6 17 57 24 11 63 1 81 36 99 ]
[ 0 19 16 36 93 7 6 30 80 15 ]
[ 21 13 14 3 17 89 83 85 8 90 ]
[ 87 14 7 45 38 71 60 39 4 48 ]
[ 90 4 67 6 93 61 65 51 43 46 ]
[ 66 64 59 81 67 77 70 2 62 30 ]
[ 44 1 96 51 46 34 74 7 25 78 ]
[ 7 67 35 75 73 28 88 91 79 83 ]
[ 37 97 47 48 78 66 25 0 20 39 ]
[ 82 64 41 78 67 39 64 42 98 41 ]
[ 72 6 8 7 33 34 87 21 25 66 ]
[ 56 14 64 55 62 94 21 40 47 93 ]
[ 79 29 57 72 8 24 64 24 18 62 ]
[ 66 91 20 74 98 53 60 38 26 37 ]
[ 4 82 51 20 37 66 67 10 6 14 ]
[ 3 37 95 60 62 55 37 26 80 55 ]
[ 88 46 98 9 72 49 14 85 87 41 ]

Timer (sort): 33076ms real	33080ms user	0ms sys
The output is sorted!
[ 7 0 19 4 2 4 6 35 5 55 ]
[ 31 2 21 27 8 26 8 14 1 4 ]
[ 39 29 4 29 6 0 4 3 6 32 ]
[ 25 47 18 19 4 6 3 0 24 10 ]
[ 19 3 17 9 27 11 40 19 0 13 ]
[ 18 7 21 20 10 57 8 3 5 9 ]
[ 27 14 0 7 24 6 29 17 1 35 ]
[ 39 18 7 21 3 8 4 4 53 4 ]
[ 0 48 9 2 15 41 4 14 13 15 ]
[ 6 22 51 32 3 4 4 30 7 3 ]
[ 11 1 4 0 29 46 10 40 16 7 ]
[ 7 44 30 28 7 4 5 23 1 17 ]
[ 3 0 12 7 27 38 21 33 16 9 ]
[ 24 9 19 9 18 10 12 36 18 12 ]
[ 2 8 25 0 56 3 4 19 41 10 ]
[ 18 58 2 10 23 0 8 13 6 30 ]
[ 31 0 17 24 18 17 19 3 36 4 ]
[ 21 10 21 3 48 0 13 15 27 12 ]
[ 4 31 60 1 4 22 2 1 0 45 ]
[ 5 48 45 3 5 10 11 5 19 19 ]

Timer (generate): 50ms real	40ms user	10ms sys
[ 66 13 19 94 18 53 98 80 46 37 ]
[ 3 12 51 71 37 61 8 39 64 29 ]
[ 83 15 85 99 86 78 18 45 11 74 ]
[ 93 29 39 13 23 10 18 74 42 64 ]
[ 11 98 29 63 69 18 24 29 9 40 ]
[ 10 92 56 95 44 94 74 14 39 37 ]
[ 41 33 66 80 98 89 42 16 63 85 ]
[ 32 27 83 13 90 4 84 66 86 93 ]
[ 7 96 86 15 92 30 9 18 96 0 ]
[ 7 37 33 73 70 83 14 12 51 78 ]
[ 97 36 57 32 49 47 37 33 65 23 ]
[ 27 24 71 65 39 15 47 0 85 43 ]
[ 1 92 81 86 65 3 70 80 15 21 ]
[ 10 65 57 67 97 59 66 86 44 83 ]
[ 61 23 8 85 88 99 0 35 52 86 ]
[ 31 53 78 64 91 96 67 61 28 82 ]
[ 35 38 99 44 57 97 3 75 35 48 ]
[ 58 49 71 18 34 12 70 34 99 74 ]
[ 72 30 79 3 46 70 99 13 84 27 ]
[ 48 19 17 47 63 74 96 19 1 84 ]

Timer (sort): 33966ms real	33960ms user	0ms sys
The output is sorted!
[ 29 12 6 27 4 1 4 5 8 7 ]
[ 15 8 17 7 19 24 11 2 0 11 ]
[ 21 21 37 1 10 3 0 13 2 26 ]
[ 22 5 0 23 11 15 10 13 10 28 ]
[ 25 20 3 1 2 3 44 5 4 32 ]
[ 31 28 18 12 20 0 8 8 15 0 ]
[ 19 5 54 8 2 33 13 9 2 0 ]
[ 13 31 12 11 13 0 51 0 11 14 ]
[ 29 25 9 17 5 40 3 2 6 20 ]
[ 48 4 8 20 23 28 1 24 1 0 ]
[ 6 14 11 8 34 8 3 20 18 35 ]
[ 90 4 7 19 5 4 4 1 12 13 ]
[ 12 21 12 6 43 14 14 30 3 7 ]
[ 19 14 0 15 20 14 2 51 25 3 ]
[ 52 0 14 22 2 18 25 10 21 1 ]
[ 7 10 15 11 5 3 3 63 14 35 ]
[ 1 13 11 43 44 6 11 13 16 10 ]
[ 55 3 29 27 3 15 8 12 10 6 ]
[ 2 2 22 8 30 6 22 36 27 14 ]
[ 6 2 9 2 6 27 9 1 73 35 ]

Timer (generate): 55ms real	50ms user	0ms sys
[ 10 84 7 96 53 64 86 24 70 56 ]
[ 6 2 94 8 16 51 79 82 88 2 ]
[ 2 35 62 50 66 73 92 16 71 6 ]
[ 56 81 42 15 29 47 80 67 71 50 ]
[ 23 29 4 17 37 20 68 69 54 9 ]
[ 71 8 96 85 58 62 58 3 30 82 ]
[ 61 87 15 3 2 45 51 34 12 74 ]
[ 84 88 56 89 5 45 61 26 66 68 ]
[ 87 37 76 35 74 87 97 85 90 28 ]
[ 67 51 67 82 6 21 79 9 56 92 ]
[ 36 92 80 44 33 37 89 47 15 56 ]
[ 15 54 45 91 89 20 30 87 5 20 ]
[ 67 24 23 86 58 82 59 38 43 67 ]
[ 82 79 60 62 23 45 51 65 92 19 ]
[ 21 7 73 18 51 63 90 81 2 47 ]
[ 54 21 71 77 7 30 59 18 20 3 ]
[ 86 2 34 98 16 10 43 67 75 36 ]
[ 86 48 95 12 66 46 75 57 80 29 ]
[ 56 34 50 28 63 57 10 23 27 30 ]
[ 78 13 84 64 11 0 74 7 67 49 ]

Timer (sort): 32862ms real	32850ms user	0ms sys
The output is sorted!
[ 11 20 15 26 9 16 7 1 9 2 ]
[ 6 11 0 22 3 5 2 14 34 30 ]
[ 3 2 0 3 13 44 40 7 9 10 ]
[ 73 0 2 0 4 43 2 1 8 0 ]
[ 11 18 5 8 4 17 40 26 0 4 ]
[ 21 27 11 0 0 10 33 5 26 15 ]
[ 6 27 38 19 4 20 7 10 3 14 ]
[ 40 2 8 13 6 18 12 26 10 17 ]
[ 1 9 16 7 2 45 20 15 33 5 ]
[ 5 30 0 4 20 11 36 15 11 22 ]
[ 17 1 0 30 32 9 28 32 6 0 ]
[ 18 0 19 12 12 19 7 32 8 34 ]
[ 51 11 3 24 0 21 5 8 11 28 ]
[ 6 10 28 8 32 2 7 14 42 13 ]
[ 25 19 0 12 12 7 33 15 41 1 ]
[ 1 2 2 26 35 37 28 18 5 12 ]
[ 12 21 11 17 9 12 9 11 58 8 ]
[ 1 93 3 9 14 18 13 6 3 9 ]
[ 12 53 5 48 2 13 21 1 2 12 ]
[ 1 4 0 9 45 7 52 7 28 19 ]

Timer (generate): 52ms real	50ms user	0ms sys
[ 35 73 78 33 57 29 90 77 21 30 ]
[ 18 84 40 31 4 3 97 86 56 16 ]
[ 18 8 71 83 64 10 26 17 63 67 ]
[ 94 98 92 24 32 1 5 74 79 26 ]
[ 4 49 63 96 33 19 0 30 5 56 ]
[ 46 23 17 70 6 81 32 32 98 95 ]
[ 51 44 93 95 20 25 97 26 51 28 ]
[ 4 7 77 67 4 10 86 56 93 43 ]
[ 64 91 66 81 61 24 63 93 8 13 ]
[ 88 11 10 34 7 30 11 56 8 63 ]
[ 84 13 70 13 32 74 24 19 82 69 ]
[ 14 47 60 81 28 74 57 43 67 18 ]
[ 57 8 29 67 42 88 49 5 44 58 ]
[ 68 28 23 39 94 55 65 18 74 48 ]
[ 39 41 47 99 22 75 73 31 19 93 ]
[ 49 28 53 79 47 47 67 96 52 12 ]
[ 6 21 92 29 12 86 85 29 56 11 ]
[ 29 95 52 76 47 26 4 72 58 23 ]
[ 65 59 3 70 38 50 17 58 98 70 ]
[ 22 57 43 66 86 7 5 23 88 13 ]

Timer (sort): 35278ms real	35280ms user	0ms sys
The output is sorted!
[ 4 21 28 8 24 9 21 3 0 9 ]
[ 9 12 14 0 11 33 18 29 0 2 ]
[ 8 2 29 8 25 4 19 5 33 5 ]
[ 6 23 22 20 2 0 7 17 5 39 ]
[ 6 11 30 1 32 5 15 12 7 24 ]
[ 0 0 10 52 13 24 5 6 1 36 ]
[ 16 3 13 5 29 10 24 3 27 18 ]
[ 0 6 2 19 21 1 4 1 62 33 ]
[ 12 21 44 3 0 17 3 22 16 13 ]
[ 6 30 19 9 0 2 40 34 8 4 ]
[ 25 11 17 19 2 27 5 27 0 19 ]
[ 15 6 19 26 9 4 5 37 29 4 ]
[ 13 6 1 3 25 1 13 33 0 61 ]
[ 17 9 4 5 40 26 31 24 0 3 ]
[ 13 4 4 34 27 32 4 16 18 10 ]
[ 8 24 6 17 18 16 19 19 5 30 ]
[ 9 2 33 23 12 5 6 26 2 45 ]
[ 21 14 29 16 26 10 12 26 2 7 ]
[ 5 12 29 12 4 25 23 20 2 32 ]
[ 6 9 12 39 1 5 4 14 65 11 ]

Timer (generate): 56ms real	50ms user	0ms sys
[ 21 73 80 20 74 90 9 93 78 83 ]
[ 55 73 8 91 8 11 15 80 3 0 ]
[ 63 48 62 73 3 66 6 49 91 70 ]
[ 51 13 95 84 85 21 74 94 14 52 ]
[ 30 22 78 38 13 86 49 80 18 52 ]
[ 80 33 52 42 6 56 61 64 57 52 ]
[ 34 9 17 81 93 55 3 19 49 17 ]
[ 24 31 91 2 69 5 40 70 85 58 ]
[ 23 66 92 27 60 50 35 21 67 93 ]
[ 26 53 54 95 35 99 50 38 70 52 ]
[ 7 94 83 99 96 53 56 88 23 41 ]
[ 47 98 59 91 78 72 93 13 45 60 ]
[ 58 71 14 12 67 1 63 69 39 34 ]
[ 21 46 28 5 97 77 58 53 17 33 ]
[ 47 64 84 6 7 62 78 1 27 24 ]
[ 13 86 47 79 50 66 80 14 36 19 ]
[ 0 57 18 80 62 67 57 72 21 75 ]
[ 58 68 91 42 26 51 56 57 4 83 ]
[ 33 17 69 32 49 72 99 29 86 87 ]
[ 1 86 44 71 66 59 38 76 83 59 ]

Timer (sort): 35406ms real	35410ms user	0ms sys
The output is sorted!
[ 30 14 3 4 22 11 4 8 1 16 ]
[ 6 3 8 8 14 75 9 4 4 11 ]
[ 1 13 32 2 29 30 11 13 13 1 ]
[ 8 0 17 47 1 13 18 11 11 24 ]
[ 26 13 9 11 23 11 36 10 3 9 ]
[ 33 32 17 4 1 16 9 16 8 19 ]
[ 15 15 7 5 28 19 1 56 8 2 ]
[ 22 21 37 49 14 1 4 6 0 2 ]
[ 36 12 3 32 28 9 0 13 1 26 ]
[ 16 32 6 7 2 24 16 1 2 54 ]
[ 5 40 6 14 33 10 11 0 7 34 ]
[ 2 0 2 20 30 7 16 0 55 29 ]
[ 15 17 15 44 3 22 11 13 3 18 ]
[ 0 7 9 50 32 23 21 9 12 0 ]
[ 6 0 9 7 65 24 7 25 16 5 ]
[ 5 25 6 34 26 11 18 1 25 14 ]
[ 14 50 11 9 6 0 26 43 3 3 ]
[ 33 32 19 6 0 24 27 9 3 13 ]
[ 16 10 16 2 1 34 29 16 9 34 ]
[ 39 0 15 14 5 21 13 9 18 35 ]

Timer (generate): 51ms real	50ms user	0ms sys
[ 29 20 36 36 12 89 20 79 80 4 ]
[ 50 21 13 54 28 13 7 67 45 85 ]
[ 79 89 70 86 77 40 62 65 21 72 ]
[ 9 2 92 97 38 5 38 58 36 18 ]
[ 14 86 91 27 92 19 40 0 38 37 ]
[ 85 69 26 7 7 56 0 21 73 21 ]
[ 94 34 75 86 31 13 43 21 23 80 ]
[ 39 89 66 30 16 11 1 8 11 91 ]
[ 45 48 13 24 7 72 80 7 94 5 ]
[ 80 88 39 55 26 22 20 70 95 95 ]
[ 50 34 84 68 16 0 31 69 8 42 ]
[ 12 54 42 25 78 50 98 10 57 44 ]
[ 67 90 32 6 45 58 80 66 28 75 ]
[ 13 30 61 98 51 29 98 82 98 59 ]
[ 77 10 65 19 88 95 21 38 57 79 ]
[ 82 24 21 66 82 66 24 14 84 5 ]
[ 89 98 87 2 96 38 31 46 73 81 ]
[ 57 50 43 22 21 83 69 43 21 26 ]
[ 74 55 50 95 21 84 13 98 98 98 ]
[ 55 39 48 42 41 44 33 24 42 58 ]

Timer (sort): 35595ms real	35590ms user	0ms sys
The output is sorted!
[ 4 5 10 13 3 9 60 1 4 5 ]
[ 5 44 23 6 10 0 2 20 6 12 ]
[ 0 8 11 19 46 25 2 17 2 5 ]
[ 13 12 38 5 13 10 21 2 4 24 ]
[ 9 12 2 27 9 23 28 12 3 20 ]
[ 38 6 20 1 33 0 2 12 3 31 ]
[ 2 14 22 1 8 34 0 23 28 14 ]
[ 9 15 20 0 18 11 8 9 38 19 ]
[ 10 33 3 10 20 13 0 16 29 15 ]
[ 7 0 69 6 2 36 26 2 1 2 ]
[ 10 4 54 0 41 11 5 9 6 11 ]
[ 1 18 7 23 11 8 3 52 13 16 ]
[ 3 42 2 0 44 6 22 12 16 6 ]
[ 2 2 5 28 10 41 1 34 6 25 ]
[ 8 7 42 11 30 13 5 24 6 10 ]
[ 23 9 15 0 32 0 47 4 4 25 ]
[ 1 6 74 26 7 3 13 19 4 8 ]
[ 11 20 13 74 4 8 23 2 0 8 ]
[ 1 11 7 28 3 20 6 31 0 57 ]
[ 11 12 14 54 10 8 7 23 3 23 ]

Timer (generate): 54ms real	50ms user	0ms sys
[ 78 37 51 94 3 48 80 20 82 23 ]
[ 24 16 55 51 19 91 92 80 76 56 ]
[ 10 87 78 12 85 19 85 90 85 71 ]
[ 35 64 61 86 58 64 34 90 84 69 ]
[ 14 60 85 21 11 56 64 55 37 41 ]
[ 11 99 80 90 11 65 61 49 55 47 ]
[ 20 90 63 81 28 21 97 15 63 34 ]
[ 84 77 94 21 50 58 77 67 13 14 ]
[ 60 77 13 40 19 77 5 80 26 13 ]
[ 79 46 55 42 80 36 15 77 51 79 ]
[ 11 35 8 58 8 59 16 85 78 29 ]
[ 52 38 6 65 30 77 42 35 58 20 ]
[ 0 89 19 8 32 99 96 47 28 47 ]
[ 26 92 34 35 2 42 46 18 27 76 ]
[ 99 79 14 58 97 44 35 91 31 45 ]
[ 12 84 35 83 44 67 34 40 66 62 ]
[ 39 45 6 73 80 8 15 78 78 94 ]
[ 54 30 26 20 88 75 16 75 18 99 ]
[ 21 82 35 56 65 79 75 99 19 41 ]
[ 14 10 86 72 83 18 33 50 48 11 ]

Timer (sort): 35688ms real	35690ms user	0ms sys
The output is sorted!
[ 11 8 6 19 3 4 11 5 12 10 ]
[ 2 2 2 3 29 6 6 34 7 21 ]
[ 18 6 9 23 14 12 14 5 2 11 ]
[ 9 3 2 17 41 7 15 6 14 8 ]
[ 9 23 10 34 8 6 14 8 3 11 ]
[ 14 11 12 31 6 10 9 12 30 10 ]
[ 47 11 0 11 11 10 4 2 41 11 ]
[ 22 25 18 11 11 5 38 2 10 6 ]
[ 16 7 13 41 2 23 19 7 2 22 ]
[ 5 18 16 3 15 65 6 21 0 5 ]
[ 40 0 42 7 21 6 7 3 25 5 ]
[ 5 2 6 65 15 0 24 3 4 34 ]
[ 26 3 11 30 14 4 5 13 14 39 ]
[ 23 21 26 2 26 16 11 11 8 19 ]
[ 8 0 53 35 23 6 24 2 6 7 ]
[ 2 6 29 11 38 33 0 14 18 15 ]
[ 20 17 1 32 46 3 17 3 9 19 ]
[ 23 5 15 38 19 8 3 1 27 29 ]
[ 9 54 0 18 12 26 0 26 0 24 ]
[ 8 8 52 1 11 4 17 47 18 3 ]

Timer (generate): 45ms real	40ms user	0ms sys
[ 90 41 8 27 17 59 55 81 40 99 ]
[ 51 5 98 86 90 79 24 73 34 35 ]
[ 29 25 72 85 7 77 14 46 6 43 ]
[ 31 48 36 39 27 54 98 34 87 90 ]
[ 33 90 96 83 77 86 63 53 11 49 ]
[ 88 92 75 12 78 82 89 44 28 47 ]
[ 88 11 47 76 3 75 30 1 61 69 ]
[ 44 95 60 40 30 89 78 45 42 89 ]
[ 95 82 82 70 47 12 4 88 56 84 ]
[ 36 96 95 35 25 98 62 55 52 24 ]
[ 77 96 71 37 88 1 78 66 47 20 ]
[ 7 42 54 41 64 1 53 68 90 62 ]
[ 4 78 10 99 13 35 50 76 43 54 ]
[ 0 20 50 71 9 38 24 87 56 71 ]
[ 7 63 65 61 5 29 15 10 49 5 ]
[ 24 53 83 87 5 48 74 7 24 17 ]
[ 61 76 89 63 47 98 53 24 85 9 ]
[ 95 44 24 13 58 81 42 73 44 44 ]
[ 30 68 49 65 7 54 13 82 13 38 ]
[ 51 74 14 41 89 14 39 42 38 77 ]

Timer (sort): 29655ms real	29660ms user	0ms sys
The output is sorted!
[ 2 1 6 23 22 1 26 25 0 10 ]
[ 4 11 30 0 9 41 0 4 13 6 ]
[ 31 26 2 21 9 0 5 0 35 2 ]
[ 3 0 0 6 4 26 1 84 5 3 ]
[ 5 5 14 16 20 0 30 2 5 37 ]
[ 0 2 23 12 5 15 16 28 3 30 ]
[ 36 17 1 11 10 3 2 46 6 8 ]
[ 3 6 8 9 29 12 51 8 0 15 ]
[ 2 37 0 13 6 6 4 25 9 41 ]
[ 3 1 32 10 7 3 2 5 43 37 ]
[ 24 5 56 7 6 23 9 6 6 1 ]
[ 11 12 21 5 30 34 7 6 11 8 ]
[ 10 11 3 3 1 17 16 61 13 10 ]
[ 2 10 10 28 2 13 21 5 52 5 ]
[ 14 29 0 26 8 6 0 17 52 1 ]
[ 4 5 33 7 2 9 4 32 44 13 ]
[ 9 22 18 7 19 1 9 26 38 6 ]
[ 2 9 23 26 11 18 17 5 12 33 ]
[ 11 23 21 29 45 2 0 11 12 10 ]
[ 16 1 0 17 15 30 13 10 60 3 ]

Timer (generate): 41ms real	40ms user	0ms sys
[ 25 56 47 5 88 53 96 23 37 90 ]
[ 40 70 76 51 58 22 12 66 2 27 ]
[ 59 59 25 86 18 31 63 81 22 65 ]
[ 31 47 21 31 5 61 84 1 37 74 ]
[ 91 77 96 19 81 54 41 93 72 43 ]
[ 20 83 54 98 70 25 81 85 6 3 ]
[ 50 89 3 24 20 60 85 57 13 74 ]
[ 31 56 52 27 75 33 33 16 26 6 ]
[ 12 99 41 66 49 11 91 30 48 49 ]
[ 85 51 91 88 75 11 0 12 68 13 ]
[ 87 51 69 39 78 44 24 64 13 2 ]
[ 22 25 53 63 43 2 27 35 84 27 ]
[ 36 70 78 27 10 53 91 63 18 59 ]
[ 76 5 11 46 96 41 42 20 57 55 ]
[ 74 79 32 28 95 76 82 22 63 19 ]
[ 49 51 41 80 79 51 33 70 14 51 ]
[ 81 43 8 44 41 4 38 83 76 95 ]
[ 91 51 27 75 31 22 51 65 96 66 ]
[ 84 97 18 25 77 49 29 63 71 95 ]
[ 66 4 38 75 49 79 31 39 15 8 ]

Timer (sort): 30717ms real	30720ms user	0ms sys
The output is sorted!
[ 1 24 60 1 1 10 3 27 17 6 ]
[ 41 18 2 30 5 3 3 14 34 1 ]
[ 2 10 14 1 5 7 68 28 8 9 ]
[ 0 6 10 18 37 4 14 19 40 8 ]
[ 12 37 26 21 8 0 14 18 9 11 ]
[ 18 0 19 25 10 7 7 22 6 43 ]
[ 62 2 17 4 22 9 28 18 3 1 ]
[ 15 51 29 0 1 22 14 1 23 10 ]
[ 27 16 2 72 14 10 3 2 19 1 ]
[ 3 6 41 0 1 2 46 23 44 1 ]
[ 9 34 2 37 7 19 4 1 32 23 ]
[ 5 16 14 6 63 7 2 6 3 46 ]
[ 1 6 32 15 13 46 34 0 19 3 ]
[ 16 0 7 8 3 24 21 14 2 76 ]
[ 58 43 2 0 19 5 39 3 1 1 ]
[ 6 19 11 39 39 2 2 11 15 27 ]
[ 14 23 7 29 28 18 1 15 32 7 ]
[ 3 11 22 18 2 14 8 12 0 84 ]
[ 9 2 5 1 11 0 37 12 36 62 ]
[ 5 1 25 19 26 23 4 25 10 38 ]

Timer (generate): 45ms real	30ms user	0ms sys
[ 45 91 13 38 90 8 38 24 56 3 ]
[ 53 30 42 37 62 17 12 63 35 19 ]
[ 64 95 37 46 1 23 26 91 92 49 ]
[ 11 89 40 76 27 82 84 17 58 93 ]
[ 20 12 75 14 49 37 31 13 52 67 ]
[ 84 17 14 74 15 15 97 41 58 41 ]
[ 43 70 30 83 98 9 18 83 26 76 ]
[ 28 98 88 3 12 89 93 43 54 45 ]
[ 62 91 14 77 65 29 44 14 23 55 ]
[ 55 66 77 37 1 75 46 71 58 24 ]
[ 48 38 22 88 94 86 78 87 81 84 ]
[ 84 44 75 51 73 92 80 17 6 55 ]
[ 72 61 73 49 98 27 25 96 98 35 ]
[ 20 46 26 94 35 20 32 65 59 14 ]
[ 49 95 10 77 46 83 21 79 52 28 ]
[ 34 77 41 60 78 40 87 55 88 85 ]
[ 91 61 84 69 7 71 89 40 36 48 ]
[ 6 37 95 16 66 42 51 88 21 55 ]
[ 68 7 32 9 19 11 1 6 66 90 ]
[ 44 9 3 80 78 10 51 19 50 39 ]

Timer (sort): 30175ms real	30170ms user	10ms sys
The output is sorted!
[ 30 25 37 6 0 7 0 2 13 11 ]
[ 50 6 23 10 0 23 8 10 2 6 ]
[ 21 14 15 8 17 16 11 8 3 33 ]
[ 29 5 3 6 6 35 2 42 0 20 ]
[ 4 27 6 28 10 10 39 16 6 4 ]
[ 35 8 29 41 1 7 18 4 9 2 ]
[ 6 25 0 21 1 20 30 19 14 19 ]
[ 0 18 4 56 5 13 40 17 10 0 ]
[ 2 21 6 36 12 6 4 33 29 15 ]
[ 10 14 3 27 21 17 57 3 11 1 ]
[ 18 13 22 3 41 32 12 2 22 0 ]
[ 4 18 32 35 4 31 22 10 6 4 ]
[ 46 29 16 1 7 2 28 29 1 8 ]
[ 8 48 6 6 49 0 2 5 18 25 ]
[ 7 37 30 7 21 7 3 9 47 1 ]
[ 0 25 8 9 20 3 4 20 4 78 ]
[ 13 7 53 17 40 25 0 5 2 12 ]
[ 1 55 39 6 5 11 18 2 29 9 ]
[ 7 11 25 38 11 42 5 5 17 14 ]
[ 1 8 1 6 17 0 37 22 47 38 ]

Timer (generate): 44ms real	40ms user	0ms sys
[ 13 43 78 10 93 68 27 59 67 62 ]
[ 27 10 39 74 91 40 4 57 13 15 ]
[ 89 74 75 84 1 37 61 83 77 57 ]
[ 83 90 52 61 0 45 81 79 4 49 ]
[ 41 83 11 80 58 2 72 14 59 86 ]
[ 29 0 60 5 85 13 42 98 48 19 ]
[ 7 31 62 60 45 62 5 26 42 62 ]
[ 27 83 45 38 16 3 92 88 69 3 ]
[ 74 99 4 86 56 41 51 98 39 99 ]
[ 70 46 83 32 6 80 46 64 58 88 ]
[ 26 86 24 23 76 40 79 21 28 48 ]
[ 24 55 47 28 93 3 69 45 54 8 ]
[ 96 76 7 79 60 13 59 6 29 70 ]
[ 47 55 56 71 79 84 11 10 5 91 ]
[ 58 82 46 58 10 40 13 80 37 67 ]
[ 40 33 95 47 13 7 13 24 66 42 ]
[ 94 13 50 2 84 81 39 47 91 96 ]
[ 38 1 78 85 59 41 77 73 21 14 ]
[ 92 13 47 40 13 12 47 78 89 13 ]
[ 20 35 26 22 90 62 3 29 9 94 ]

Timer (sort): 30948ms real	30950ms user	0ms sys
The output is sorted!
[ 7 0 0 18 4 9 3 8 1 79 ]
[ 21 17 9 37 10 6 1 13 6 13 ]
[ 46 15 20 23 5 5 8 2 9 7 ]
[ 12 5 4 32 4 2 6 0 32 47 ]
[ 38 11 9 1 15 11 25 19 3 14 ]
[ 9 10 7 12 33 28 22 2 21 2 ]
[ 1 4 11 23 7 16 33 4 22 31 ]
[ 53 8 4 10 28 2 9 1 4 34 ]
[ 25 19 3 43 11 7 7 4 15 22 ]
[ 0 1 7 3 0 16 69 18 28 17 ]
[ 49 8 22 12 35 5 0 18 1 9 ]
[ 8 36 10 13 20 1 53 1 9 9 ]
[ 0 15 10 4 17 5 6 10 72 22 ]
[ 4 2 5 4 32 34 20 9 26 28 ]
[ 43 5 8 21 1 19 30 2 21 14 ]
[ 42 16 11 3 15 13 15 16 32 1 ]
[ 12 65 11 5 2 7 13 3 44 4 ]
[ 10 4 35 18 12 0 32 21 30 6 ]
[ 17 8 55 23 1 47 5 8 5 1 ]
[ 20 21 1 0 16 13 18 64 14 5 ]

Timer (generate): 41ms real	30ms user	0ms sys
[ 40 86 86 5 51 90 83 61 11 46 ]
[ 33 49 30 55 57 49 63 0 5 58 ]
[ 15 25 21 91 0 41 7 58 68 70 ]
[ 9 60 56 47 65 59 89 1 21 52 ]
[ 99 54 1 29 62 58 30 25 59 35 ]
[ 35 26 13 57 17 65 98 24 23 66 ]
[ 46 84 27 55 84 44 14 25 97 35 ]
[ 78 97 42 79 78 4 90 9 81 1 ]
[ 96 16 27 9 25 96 75 24 72 50 ]
[ 42 18 87 21 73 71 18 40 48 67 ]
[ 75 26 16 69 58 95 25 48 56 58 ]
[ 1 52 75 28 62 52 24 89 28 96 ]
[ 91 71 66 78 44 40 1 62 80 50 ]
[ 82 7 28 98 29 86 93 6 86 49 ]
[ 65 87 2 92 67 16 44 43 57 73 ]
[ 39 48 96 6 79 40 98 32 55 30 ]
[ 34 37 89 63 35 70 1 81 77 40 ]
[ 30 94 79 84 86 47 52 30 90 9 ]
[ 3 82 10 99 40 89 92 90 21 47 ]
[ 20 8 36 61 71 71 84 24 52 61 ]

Timer (sort): 30131ms real	30130ms user	0ms sys
The output is sorted!
[ 13 3 1 12 20 1 8 18 24 12 ]
[ 39 19 4 6 22 1 5 9 6 18 ]
[ 19 2 15 18 29 13 0 19 9 10 ]
[ 15 18 11 6 3 20 37 10 7 12 ]
[ 4 9 29 6 8 16 54 19 5 5 ]
[ 14 23 4 19 15 5 18 3 40 18 ]
[ 11 8 58 1 30 15 2 6 8 22 ]
[ 3 1 9 30 21 10 56 5 22 5 ]
[ 26 8 37 33 2 5 12 3 2 35 ]
[ 41 9 21 6 45 9 12 2 18 2 ]
[ 6 36 35 20 5 11 10 4 31 8 ]
[ 7 18 31 1 18 13 18 34 5 21 ]
[ 10 25 10 32 11 24 21 15 0 19 ]
[ 8 8 0 7 6 27 89 8 11 3 ]
[ 8 24 30 18 22 23 1 1 20 21 ]
[ 8 11 25 41 39 1 38 2 1 2 ]
[ 0 22 21 29 2 31 8 9 39 8 ]
[ 16 2 15 4 1 18 38 28 21 26 ]
[ 37 5 59 6 42 2 8 2 7 4 ]
[ 64 25 4 27 16 1 4 16 3 13 ]

Timer (generate): 42ms real	40ms user	0ms sys
[ 14 62 59 4 54 16 45 90 4 7 ]
[ 62 24 52 68 79 1 4 98 81 68 ]
[ 94 83 1 85 91 98 91 65 11 27 ]
[ 73 25 90 32 82 44 0 79 86 4 ]
[ 39 49 29 91 17 60 44 73 58 77 ]
[ 93 52 60 46 89 3 44 81 20 55 ]
[ 60 93 32 50 77 14 47 78 46 33 ]
[ 34 85 34 15 28 3 75 72 28 85 ]
[ 49 21 37 61 67 79 64 11 12 85 ]
[ 18 72 30 3 23 60 69 70 90 15 ]
[ 3 24 52 90 92 80 93 67 52 22 ]
[ 53 53 43 42 14 11 73 31 74 85 ]
[ 68 93 58 50 96 81 10 65 3 0 ]
[ 33 58 25 85 48 17 66 94 36 70 ]
[ 16 41 24 59 36 90 22 9 73 97 ]
[ 95 41 42 5 92 90 38 2 55 41 ]
[ 55 40 51 80 26 52 49 92 46 37 ]
[ 14 62 31 90 73 19 33 48 28 6 ]
[ 45 75 0 39 80 44 29 70 46 36 ]
[ 63 53 77 15 85 3 67 86 47 65 ]

Timer (sort): 30746ms real	30730ms user	0ms sys
The output is sorted!
[ 9 0 4 13 0 9 15 37 21 33 ]
[ 9 26 11 0 18 6 6 3 46 20 ]
[ 33 23 0 13 4 40 12 16 0 4 ]
[ 10 16 0 6 1 2 2 48 11 51 ]
[ 2 29 16 4 1 10 14 1 26 50 ]
[ 21 69 1 0 27 16 2 8 1 9 ]
[ 38 53 4 12 0 5 17 22 1 3 ]
[ 1 7 9 10 1 41 7 36 16 29 ]
[ 22 8 26 1 20 21 13 3 45 0 ]
[ 31 15 10 3 26 18 0 8 1 47 ]
[ 1 6 28 12 40 0 43 0 19 10 ]
[ 3 18 26 4 15 11 15 47 7 14 ]
[ 28 0 46 1 15 12 9 6 24 19 ]
[ 16 9 24 33 1 14 10 38 13 3 ]
[ 47 8 18 5 5 6 14 8 22 31 ]
[ 19 0 43 39 9 21 2 1 29 1 ]
[ 3 2 21 2 10 58 4 18 2 46 ]
[ 18 6 25 8 0 87 14 5 3 2 ]
[ 6 3 10 3 7 20 37 37 24 21 ]
[ 1 6 9 2 27 47 4 68 3 1 ]

Timer (generate): 44ms real	30ms user	10ms sys
[ 57 83 53 49 73 61 12 12 33 56 ]
[ 16 16 51 8 54 18 51 37 20 64 ]
[ 37 31 0 23 82 76 74 34 38 26 ]
[ 21 95 9 26 44 83 39 57 47 72 ]
[ 65 63 40 69 23 94 87 75 84 60 ]
[ 39 21 91 39 97 25 67 71 59 5 ]
[ 97 33 0 59 59 97 94 99 54 41 ]
[ 23 19 57 16 40 80 10 80 55 46 ]
[ 92 94 20 35 86 17 60 5 88 19 ]
[ 11 38 52 63 49 64 60 43 15 66 ]
[ 84 38 38 93 6 78 74 69 58 29 ]
[ 15 50 76 35 85 14 52 45 19 93 ]
[ 17 30 83 21 46 32 37 58 27 52 ]
[ 25 63 43 63 57 49 93 31 18 52 ]
[ 60 86 54 88 73 92 2 78 89 22 ]
[ 71 58 4 6 80 2 90 17 61 17 ]
[ 70 86 80 65 1 37 14 94 20 85 ]
[ 98 33 23 5 21 96 97 24 74 38 ]
[ 98 97 97 54 3 77 57 45 46 18 ]
[ 62 68 56 95 33 57 32 0 3 5 ]

Timer (sort): 31294ms real	31290ms user	0ms sys
The output is sorted!
[ 4 19 0 0 10 2 19 1 1 18 ]
[ 1 3 3 9 9 3 15 50 6 21 ]
[ 20 8 9 19 4 4 37 9 8 13 ]
[ 3 15 34 5 31 15 14 2 13 4 ]
[ 8 2 11 15 34 6 23 0 40 0 ]
[ 3 13 1 10 7 10 41 37 4 14 ]
[ 24 25 8 13 5 5 4 1 3 62 ]
[ 4 18 3 5 29 27 2 10 34 18 ]
[ 8 41 33 0 3 2 15 4 20 25 ]
[ 3 27 11 17 8 0 44 18 8 16 ]
[ 26 4 13 37 1 27 15 16 13 1 ]
[ 17 9 0 5 1 35 21 12 56 4 ]
[ 48 26 2 24 38 3 13 8 1 1 ]
[ 8 23 6 43 2 23 21 6 11 22 ]
[ 6 3 67 28 14 15 1 1 7 24 ]
[ 56 14 24 30 3 11 13 10 4 2 ]
[ 15 11 17 30 3 6 37 31 8 10 ]
[ 0 6 11 68 20 48 9 6 0 0 ]
[ 6 8 44 10 7 41 22 23 1 6 ]
[ 4 41 0 18 38 5 39 6 10 10 ]

Timer (generate): 47ms real	40ms user	0ms sys
[ 33 81 32 65 14 97 96 45 46 39 ]
[ 65 37 41 40 41 3 73 14 62 76 ]
[ 89 77 57 54 26 4 9 73 95 98 ]
[ 17 28 79 49 93 46 98 42 91 96 ]
[ 33 9 85 74 1 27 29 75 41 92 ]
[ 3 30 21 60 36 47 17 45 20 12 ]
[ 96 89 92 75 38 37 73 36 31 17 ]
[ 32 64 26 18 90 27 45 20 54 38 ]
[ 12 10 20 85 22 56 33 91 53 5 ]
[ 55 1 95 99 77 85 37 2 22 20 ]
[ 19 6 85 97 24 75 77 21 95 31 ]
[ 11 59 93 31 45 16 39 30 7 45 ]
[ 35 15 46 82 14 75 68 3 30 42 ]
[ 24 49 48 9 47 25 36 24 98 32 ]
[ 7 10 43 53 93 40 69 85 70 28 ]
[ 82 58 43 80 92 10 56 60 13 38 ]
[ 2 37 87 3 46 86 28 83 62 78 ]
[ 67 22 40 62 75 34 3 96 71 25 ]
[ 76 53 83 72 85 76 82 93 88 95 ]
[ 31 43 33 19 98 31 57 26 66 72 ]

Timer (sort): 29830ms real	29830ms user	0ms sys
The output is sorted!
[ 11 8 4 18 46 7 5 5 3 7 ]
[ 13 9 7 20 22 1 2 0 1 41 ]
[ 42 0 13 16 4 4 7 24 1 19 ]
[ 15 31 5 6 17 15 4 0 16 26 ]
[ 49 0 3 29 20 9 0 10 14 6 ]
[ 12 15 21 3 27 10 7 26 10 12 ]
[ 24 22 0 17 31 0 31 6 6 7 ]
[ 6 52 8 21 12 8 28 5 0 11 ]
[ 35 3 7 64 20 1 1 3 17 1 ]
[ 3 4 15 5 44 11 12 44 11 6 ]
[ 52 11 18 29 1 17 2 0 19 9 ]
[ 7 5 6 34 21 2 12 29 32 11 ]
[ 0 27 19 10 0 33 9 31 13 17 ]
[ 3 50 1 13 27 13 14 20 11 10 ]
[ 9 2 62 32 14 1 14 7 5 16 ]
[ 49 12 3 9 21 10 4 17 3 35 ]
[ 31 12 12 28 26 3 19 14 18 0 ]
[ 5 18 39 13 14 15 6 21 3 30 ]
[ 18 19 14 18 23 25 5 21 19 2 ]
[ 0 31 12 10 28 1 23 5 4 51 ]

Timer (generate): 46ms real	40ms user	0ms sys
[ 85 79 50 9 37 10 8 34 36 47 ]
[ 74 92 60 28 59 97 50 8 74 7 ]
[ 35 75 77 54 50 66 20 71 1 8 ]
[ 18 86 88 68 47 77 79 7 12 67 ]
[ 55 38 11 67 66 22 16 16 30 91 ]
[ 75 65 18 5 20 20 23 40 91 25 ]
[ 0 62 63 40 30 11 18 61 18 30 ]
[ 80 25 68 91 44 87 13 61 55 44 ]
[ 4 31 61 22 88 81 43 11 73 86 ]
[ 88 74 48 52 14 31 15 32 92 33 ]
[ 14 25 11 83 16 55 70 30 68 77 ]
[ 26 72 8 87 47 48 21 90 60 94 ]
[ 28 48 20 29 52 35 60 67 19 4 ]
[ 53 34 29 16 69 46 71 91 28 40 ]
[ 68 54 64 29 93 11 77 14 53 89 ]
[ 9 82 90 29 11 42 16 23 62 88 ]
[ 27 67 74 57 83 95 55 54 86 83 ]
[ 46 54 89 11 35 82 74 65 97 28 ]
[ 54 58 10 96 39 73 91 8 96 53 ]
[ 96 23 72 22 32 55 17 87 61 3 ]

Timer (sort): 30145ms real	30150ms user	0ms sys
The output is sorted!
[ 19 8 19 3 6 2 7 31 32 0 ]
[ 9 9 2 42 26 22 0 9 6 6 ]
[ 7 7 1 22 4 30 5 16 3 37 ]
[ 29 29 3 6 9 7 6 25 22 0 ]
[ 17 26 32 5 0 2 10 20 18 9 ]
[ 33 7 16 14 18 4 0 22 12 18 ]
[ 7 34 7 1 9 2 39 21 22 3 ]
[ 1 2 19 24 5 23 3 58 4 8 ]
[ 7 2 8 29 28 23 12 24 6 11 ]
[ 0 14 7 2 0 71 0 28 10 20 ]
[ 17 10 7 24 20 19 34 16 3 6 ]
[ 4 8 8 1 25 52 39 5 14 1 ]
[ 0 7 3 20 17 1 24 53 13 22 ]
[ 24 24 26 3 8 24 27 6 18 1 ]
[ 27 2 39 21 4 9 9 30 5 17 ]
[ 16 20 2 14 34 18 43 1 4 13 ]
[ 3 9 11 25 31 4 36 10 7 30 ]
[ 6 8 1 83 5 2 24 16 12 9 ]
[ 11 2 26 33 6 9 35 26 16 3 ]
[ 17 4 0 5 60 12 19 1 30 22 ]

Timer (generate): 42ms real	40ms user	0ms sys
[ 58 94 51 66 55 71 99 49 52 53 ]
[ 86 79 31 39 72 37 88 99 75 96 ]
[ 82 43 64 81 33 98 16 62 59 98 ]
[ 16 70 93 67 36 0 91 35 49 43 ]
[ 88 87 74 71 78 98 61 66 97 88 ]
[ 62 31 31 79 64 64 29 81 78 88 ]
[ 79 46 58 72 66 94 25 57 81 74 ]
[ 52 21 14 26 93 92 76 54 59 74 ]
[ 94 73 57 25 52 22 41 33 3 71 ]
[ 22 82 17 80 7 83 27 32 92 60 ]
[ 58 96 82 24 74 27 17 51 33 76 ]
[ 77 27 1 34 52 6 8 45 39 11 ]
[ 16 61 46 33 94 5 69 21 37 61 ]
[ 81 47 10 15 72 84 42 41 35 75 ]
[ 17 64 2 70 99 6 76 7 51 16 ]
[ 71 67 29 69 53 23 74 22 96 63 ]
[ 35 30 62 45 45 34 82 88 27 69 ]
[ 15 96 34 70 67 33 76 43 92 80 ]
[ 11 15 47 93 84 52 16 10 74 13 ]
[ 73 62 43 36 59 40 22 41 28 50 ]

Timer (sort): 30609ms real	30610ms user	0ms sys
The output is sorted!
[ 2 4 20 10 24 3 5 7 48 0 ]
[ 10 0 6 0 28 20 6 15 55 5 ]
[ 29 36 22 7 9 2 4 3 11 22 ]
[ 21 17 9 2 31 19 13 1 22 11 ]
[ 16 2 4 8 26 24 1 17 55 1 ]
[ 33 29 9 42 4 21 3 5 2 9 ]
[ 11 2 2 2 6 39 50 10 9 27 ]
[ 7 38 7 9 6 29 12 2 3 46 ]
[ 2 13 7 48 20 2 27 25 5 14 ]
[ 8 7 22 20 24 32 4 26 14 8 ]
[ 6 15 37 7 8 5 24 15 14 34 ]
[ 21 9 31 2 18 16 10 11 24 25 ]
[ 19 3 9 11 0 11 11 23 63 17 ]
[ 17 33 0 35 7 0 30 4 29 12 ]
[ 62 0 11 11 4 1 19 26 18 15 ]
[ 64 19 10 12 4 32 7 5 12 2 ]
[ 12 20 27 37 22 25 0 11 13 0 ]
[ 0 13 6 8 1 56 40 13 15 17 ]
[ 14 2 0 17 48 8 8 18 13 41 ]
[ 3 52 19 38 28 5 21 0 2 2 ]

