Timer (generate): 475ms real	410ms user	60ms sys
[ 14 45 24 87 9 86 38 28 76 7 91 76 17 27 36 42 22 58 96 58 15 93 49 17 9 5 93 81 32 58 62 46 3 38 34 12 25 24 40 53 31 84 82 0 63 70 95 37 28 91 ]
[ 95 96 84 97 13 46 54 58 27 39 16 41 85 71 79 71 83 56 95 75 62 79 11 44 31 74 14 26 12 43 69 59 91 54 8 56 52 63 14 79 2 30 72 39 1 3 63 36 60 10 ]
[ 63 22 41 75 18 73 49 32 51 13 27 21 25 18 27 33 74 79 48 88 10 2 70 34 42 71 37 57 59 49 67 23 23 61 98 41 34 99 74 37 65 53 58 42 72 37 75 46 16 76 ]
[ 87 78 78 57 12 72 81 50 29 40 51 49 15 75 10 65 16 96 65 42 33 82 96 44 24 20 33 51 18 2 27 5 80 6 15 45 30 96 47 60 88 98 61 56 73 71 21 42 19 38 ]
[ 36 4 20 84 48 96 4 82 48 23 84 27 80 16 85 95 61 16 43 8 28 32 59 89 88 32 12 61 26 31 0 63 35 72 47 36 69 52 18 69 27 54 48 7 70 34 3 84 50 46 ]
[ 44 78 30 3 67 70 88 79 32 14 62 84 77 97 56 77 33 77 29 3 98 8 9 47 15 80 81 70 16 83 69 60 61 51 16 80 22 4 11 6 18 73 90 48 22 98 25 8 28 6 ]
[ 11 78 66 21 25 81 53 58 4 21 41 25 81 54 76 97 34 50 53 45 56 72 70 98 72 45 49 49 53 77 55 64 55 21 37 33 54 42 91 10 63 85 35 97 39 12 46 26 14 0 ]
[ 23 71 72 94 21 96 39 70 45 92 99 52 8 7 73 98 40 79 40 83 90 56 68 77 53 60 41 99 86 56 99 9 79 23 55 0 19 46 23 16 90 74 68 99 81 41 49 73 73 41 ]
[ 57 15 97 77 92 2 89 34 54 75 90 53 37 21 29 92 21 0 39 96 17 29 71 85 80 4 79 29 78 52 23 35 67 72 64 59 75 54 45 29 29 87 34 18 8 63 11 82 64 2 ]
[ 78 81 31 1 18 64 6 97 45 84 49 68 71 68 41 35 80 68 41 25 49 23 13 83 41 21 99 4 55 15 6 34 96 90 87 14 54 45 64 99 29 65 68 52 34 61 40 66 81 81 ]
[ 43 30 56 56 65 98 30 16 54 37 31 61 23 79 51 11 46 57 56 10 56 38 75 76 42 61 89 82 79 70 16 23 52 24 31 70 74 13 86 29 51 70 90 74 49 93 85 47 50 94 ]
[ 57 58 32 85 35 26 98 24 9 78 47 77 1 51 1 32 73 76 46 12 5 97 82 47 23 83 92 9 31 42 55 40 52 87 25 87 13 76 64 74 54 63 3 7 14 5 39 40 33 37 ]
[ 52 90 86 86 89 10 69 81 71 0 75 26 93 27 65 70 15 30 46 31 57 0 94 60 7 60 17 99 0 50 36 52 40 75 38 81 85 60 62 8 12 37 34 5 65 99 76 32 81 22 ]
[ 15 38 75 9 99 34 69 16 33 70 19 22 74 11 97 65 93 34 25 55 42 37 45 28 43 62 27 19 46 60 93 61 99 68 70 50 3 91 18 88 13 37 10 88 49 59 53 94 45 78 ]
[ 1 87 15 46 15 10 60 94 29 6 55 75 19 6 95 89 56 98 33 74 39 46 64 1 34 65 13 39 59 58 17 12 98 85 59 13 95 71 60 77 30 67 52 49 73 47 91 81 98 24 ]
[ 7 89 70 71 90 57 88 55 96 47 14 66 12 12 51 23 77 98 94 37 75 24 56 79 74 81 79 17 62 77 41 22 18 63 45 8 20 34 64 69 33 30 35 45 42 86 68 71 84 63 ]
[ 9 12 39 17 91 13 99 70 82 61 99 23 35 17 87 81 78 59 15 94 28 48 24 15 94 18 53 62 89 90 77 50 2 17 68 45 82 67 16 65 80 67 88 16 85 27 49 15 39 64 ]
[ 61 19 12 37 35 58 55 88 73 96 30 50 99 32 67 19 78 50 86 46 67 18 65 55 86 2 35 35 17 26 99 78 45 64 67 80 74 74 21 47 71 51 50 22 36 17 41 66 19 79 ]
[ 64 86 49 29 94 36 32 81 23 1 7 75 32 52 39 99 85 65 74 58 13 97 61 15 19 97 32 12 15 4 91 79 42 40 9 36 28 93 69 52 94 76 27 26 81 18 26 18 83 52 ]
[ 76 48 49 37 63 20 87 48 32 2 52 75 82 94 67 43 83 96 36 52 48 30 81 27 9 62 45 87 80 80 39 8 81 40 45 44 60 84 44 92 87 96 19 69 43 86 64 78 82 0 ]

Timer (sort): 111943ms real	111940ms user	0ms sys
The output is sorted!
[ 13 12 8 18 41 41 8 19 20 13 13 89 25 77 0 63 77 31 1 18 49 7 38 21 14 91 36 66 26 5 0 40 69 8 10 10 49 18 82 21 32 47 11 9 24 63 24 53 46 26 ]
[ 12 1 11 0 72 43 54 23 20 23 14 5 29 3 41 89 86 9 13 75 40 26 30 27 78 10 3 17 41 32 23 5 85 34 5 58 29 59 33 50 35 0 55 64 3 49 5 41 10 18 ]
[ 53 15 5 23 39 52 64 1 9 71 23 32 19 73 5 27 44 19 0 1 54 44 63 23 59 90 31 0 47 6 7 0 73 65 24 12 17 40 13 26 63 36 10 82 10 15 10 6 86 10 ]
[ 54 15 18 13 3 24 13 25 47 11 19 28 24 7 0 39 8 5 0 38 23 76 24 73 48 12 23 90 61 34 58 67 2 28 80 5 5 45 30 4 56 2 32 32 9 33 71 69 90 24 ]
[ 15 0 1 48 17 14 19 46 34 39 31 67 24 54 14 54 30 6 17 59 32 8 53 23 24 65 35 79 6 1 50 21 2 3 22 19 70 41 17 4 33 1 24 57 7 90 11 89 96 28 ]
[ 10 29 0 42 60 13 6 63 45 62 0 81 12 26 11 34 1 31 52 0 73 22 9 65 42 4 18 4 18 15 11 28 45 11 23 57 77 81 20 74 43 20 55 7 46 18 94 0 2 46 ]
[ 54 24 25 83 15 37 16 17 17 0 27 16 3 36 22 51 28 64 36 19 2 7 21 92 62 2 67 86 2 17 25 8 41 2 91 57 40 59 26 9 11 6 25 15 42 47 18 70 64 6 ]
[ 62 0 5 63 28 5 25 30 5 2 13 79 30 18 41 59 4 86 14 69 24 92 33 13 11 22 0 25 57 53 66 71 53 23 34 33 28 12 16 33 14 29 64 96 0 5 8 4 44 22 ]
[ 0 24 11 7 8 28 24 26 24 14 35 99 6 7 15 30 90 56 92 29 4 45 83 35 32 30 17 75 5 19 35 57 43 99 17 3 27 41 29 4 7 16 3 13 24 18 95 14 75 39 ]
[ 6 55 9 9 49 31 70 65 53 10 78 14 1 22 53 2 29 55 75 93 31 40 15 44 61 2 25 52 9 48 23 15 3 32 76 5 15 46 22 69 9 0 35 10 22 40 12 4 47 40 ]
[ 93 61 97 10 1 23 19 60 0 9 34 70 18 15 23 44 81 36 44 98 12 31 4 45 19 27 21 5 2 46 28 47 7 26 10 61 1 29 21 54 38 56 76 9 23 0 5 4 88 1 ]
[ 27 10 20 1 36 19 2 28 13 44 22 31 7 1 17 11 85 94 98 71 2 24 32 5 27 37 35 56 26 6 69 53 16 41 6 4 60 8 33 25 4 7 56 12 60 26 75 97 20 74 ]
[ 27 5 5 36 79 41 60 2 4 10 57 10 62 9 22 70 13 22 86 29 26 17 12 87 83 38 9 85 7 40 18 34 97 23 22 28 16 82 31 20 44 40 30 6 1 4 28 15 27 14 ]
[ 36 14 36 85 23 46 67 24 13 93 17 53 32 22 13 18 29 19 66 16 36 21 48 34 18 7 29 25 63 35 67 0 1 55 37 25 2 4 1 15 50 19 20 82 41 33 52 70 5 18 ]
[ 88 10 4 68 42 75 12 15 5 73 34 7 22 90 47 13 62 72 15 8 47 9 44 69 34 4 6 6 80 4 8 20 14 12 88 8 39 53 23 45 26 9 4 0 51 3 14 14 75 81 ]
[ 94 67 11 84 12 44 61 8 49 7 31 17 36 40 22 40 29 1 16 42 20 22 11 1 2 22 90 12 27 93 50 21 13 62 5 25 6 19 85 8 26 16 25 62 9 99 54 38 0 22 ]
[ 40 26 11 5 5 18 20 66 22 19 22 79 20 18 65 38 40 21 16 48 34 3 7 85 19 16 84 9 36 64 19 28 42 30 33 47 0 6 13 22 25 36 53 97 6 19 87 46 92 3 ]
[ 3 15 23 14 49 49 2 28 27 41 34 87 67 2 29 90 45 2 31 4 76 30 4 21 11 72 65 29 31 33 94 35 0 17 1 50 18 4 30 46 45 16 33 64 18 14 54 15 16 85 ]
[ 1 40 30 49 33 17 62 77 21 44 9 2 25 14 9 47 17 80 41 6 76 1 98 43 26 29 5 7 40 14 29 41 7 11 42 92 28 57 69 2 1 30 4 79 45 65 26 14 45 20 ]
[ 21 19 24 23 15 3 35 33 35 5 1 5 41 66 60 4 12 11 28 99 5 52 47 99 0 4 91 38 33 91 28 6 62 4 29 77 7 17 62 43 22 16 48 16 82 61 20 46 24 1 ]

Timer (generate): 513ms real	470ms user	40ms sys
[ 58 18 36 38 81 77 16 37 56 35 66 33 66 64 62 86 17 28 89 0 62 15 69 30 93 7 51 72 33 71 77 91 41 66 29 74 95 97 11 51 84 30 36 51 94 51 89 63 79 30 ]
[ 64 93 46 85 23 91 92 26 64 25 97 93 68 38 59 97 64 54 46 76 57 83 6 94 86 52 97 75 15 28 6 79 21 4 65 44 47 57 22 11 35 19 57 3 9 68 53 73 75 51 ]
[ 1 32 34 59 78 20 11 75 48 27 3 54 6 24 10 23 20 57 33 42 21 68 13 78 71 74 98 24 48 73 76 1 58 62 61 36 83 72 64 83 99 67 37 58 44 99 81 16 56 66 ]
[ 11 29 34 76 59 6 51 58 82 51 83 10 52 41 73 13 30 8 38 94 91 89 13 80 47 9 31 81 26 87 47 89 69 82 65 28 40 68 38 74 19 22 37 24 15 62 37 45 70 27 ]
[ 91 13 17 5 45 64 14 76 97 92 15 45 81 36 79 99 65 71 67 55 45 87 77 82 11 45 96 0 90 66 28 82 31 97 39 28 61 5 56 11 98 24 56 31 60 87 30 77 58 50 ]
[ 33 55 37 10 90 0 7 86 52 98 5 32 32 88 29 23 17 43 28 25 54 78 49 62 10 10 49 92 87 59 42 20 14 31 83 56 83 90 43 36 40 0 20 24 88 2 47 57 97 76 ]
[ 83 51 54 32 65 16 94 14 9 34 25 51 54 91 83 89 48 66 32 91 54 24 91 75 49 31 29 48 89 26 24 72 77 31 56 42 99 51 8 8 85 33 12 91 24 95 33 24 13 17 ]
[ 67 68 41 58 95 90 42 24 39 31 50 15 3 79 98 59 73 98 62 33 58 47 18 70 91 94 17 24 19 31 41 86 99 34 97 94 25 39 70 16 70 72 83 25 51 34 36 76 84 99 ]
[ 9 42 98 79 65 41 73 82 17 44 13 10 31 64 45 80 10 22 71 80 38 93 52 21 18 55 7 6 31 91 57 92 34 56 23 51 49 97 33 67 93 99 77 76 63 22 56 74 44 27 ]
[ 54 34 20 59 8 90 14 15 97 98 7 54 42 93 62 66 44 12 15 77 79 8 76 8 85 92 31 93 66 27 73 72 62 93 31 70 36 98 85 33 48 92 39 90 85 2 8 81 66 23 ]
[ 59 97 84 87 5 21 79 88 14 45 16 87 70 78 33 1 0 69 51 37 54 99 82 45 42 19 99 50 1 65 26 60 62 10 47 20 31 79 8 97 76 76 85 46 54 70 0 6 91 51 ]
[ 44 97 3 26 42 45 45 42 47 46 59 73 58 74 83 58 94 66 37 54 64 13 31 1 60 37 71 12 44 14 15 88 11 18 66 53 15 63 47 63 10 7 36 68 33 72 78 27 38 15 ]
[ 81 54 29 12 7 41 2 78 5 46 44 20 86 55 39 52 61 6 15 8 69 77 67 6 98 0 30 76 79 20 92 13 75 73 25 82 66 79 13 71 25 57 43 11 65 82 15 26 89 83 ]
[ 86 10 12 54 68 10 6 98 87 86 19 31 99 46 56 76 80 74 56 45 97 33 55 40 97 20 75 12 98 16 47 84 26 60 90 95 22 49 45 9 87 16 92 86 62 48 14 95 74 22 ]
[ 40 71 56 47 12 5 67 87 69 17 3 17 54 81 29 44 76 51 93 74 13 80 90 5 18 53 6 85 0 80 59 92 52 67 40 16 72 59 3 42 77 58 59 31 39 40 27 16 91 73 ]
[ 42 4 5 32 62 76 37 20 61 37 0 20 30 4 40 70 20 12 29 75 54 58 33 65 89 73 5 69 41 97 42 83 53 47 15 15 23 53 35 36 42 88 9 72 44 49 94 65 61 76 ]
[ 92 68 34 26 33 76 99 39 45 92 88 87 75 41 86 42 9 62 47 96 98 42 36 7 14 81 56 61 98 70 37 90 38 23 16 71 51 67 62 48 11 2 35 38 96 74 33 5 36 80 ]
[ 53 34 22 90 94 89 71 2 2 21 72 91 11 10 66 80 34 18 99 96 66 11 51 54 49 47 28 82 52 16 15 57 2 89 47 96 30 70 99 32 91 71 75 3 34 42 35 20 60 34 ]
[ 68 78 97 19 32 47 66 12 81 70 80 48 28 83 90 27 79 20 98 30 5 41 54 80 96 40 74 31 60 86 18 28 65 15 48 49 14 66 14 48 37 94 96 65 29 38 44 9 59 42 ]
[ 91 16 36 45 48 32 37 23 16 97 61 34 26 26 49 26 28 64 92 42 64 29 88 12 46 18 51 43 79 62 37 22 78 73 20 78 6 57 1 22 55 15 8 33 41 57 11 21 73 3 ]

Timer (sort): 118312ms real	118300ms user	10ms sys
The output is sorted!
[ 65 6 1 33 83 7 16 86 23 17 55 55 50 40 75 11 41 18 36 11 2 43 75 24 21 18 18 44 5 30 0 23 36 1 8 19 9 24 58 32 93 13 40 44 5 15 7 46 34 43 ]
[ 41 11 6 18 40 4 22 32 75 9 25 70 49 38 57 51 2 87 39 3 20 40 13 31 32 80 49 7 59 9 47 0 20 5 70 12 61 92 45 37 2 22 7 3 12 16 54 15 4 45 ]
[ 41 26 42 39 13 65 29 6 97 10 6 18 7 24 9 6 19 2 12 22 79 7 22 79 4 11 9 79 74 98 69 15 76 11 6 42 28 87 0 26 49 7 44 8 83 6 14 2 8 78 ]
[ 12 31 11 2 18 4 40 4 54 7 33 48 91 20 78 11 14 11 20 17 51 84 10 86 34 31 3 19 96 10 51 60 41 14 63 60 18 3 16 25 62 49 25 5 69 3 16 35 14 36 ]
[ 94 72 42 8 30 29 34 53 40 80 3 26 48 2 37 26 33 5 28 19 4 9 7 22 30 84 11 4 28 61 11 75 85 5 35 15 34 69 68 74 1 23 0 1 25 38 28 11 43 8 ]
[ 27 14 35 15 51 17 31 27 24 55 13 1 63 35 62 10 14 53 3 84 38 47 10 15 1 37 61 22 95 10 10 75 25 97 42 28 14 73 7 39 29 21 40 44 8 54 7 22 7 10 ]
[ 6 80 52 51 41 1 24 4 22 26 11 76 18 51 56 98 6 40 6 16 0 7 34 13 41 31 28 65 15 18 58 22 98 10 25 39 11 1 44 85 27 7 62 45 10 18 44 69 10 2 ]
[ 69 16 33 17 24 28 28 30 50 2 9 66 31 8 92 27 78 1 7 16 17 10 37 8 5 4 63 66 26 90 78 48 7 11 17 31 39 45 14 41 0 23 7 83 31 52 10 61 53 17 ]
[ 16 51 7 0 34 72 60 30 32 76 19 97 15 18 29 24 1 61 4 37 88 33 2 65 19 7 9 16 13 5 23 29 8 30 29 94 2 41 25 86 17 44 35 84 14 16 8 15 78 13 ]
[ 4 12 0 44 0 97 38 69 5 5 40 9 13 66 77 13 41 37 13 31 2 6 10 58 0 7 4 62 17 63 21 21 27 73 17 79 71 7 49 28 64 89 38 29 7 67 42 1 56 7 ]
[ 20 25 3 3 95 6 6 40 12 35 11 37 19 76 0 19 48 19 21 60 14 82 4 80 85 82 31 60 40 48 59 61 25 15 16 20 21 22 61 34 9 24 23 29 0 23 0 1 42 74 ]
[ 80 83 1 90 1 42 1 13 16 14 34 52 22 0 63 1 5 14 36 21 87 45 27 26 85 9 37 41 26 68 39 59 3 41 1 5 83 3 18 0 17 52 4 91 5 20 45 10 34 81 ]
[ 44 18 53 33 65 24 56 23 47 37 30 4 5 36 5 49 3 90 45 59 5 42 20 62 89 16 17 17 26 19 26 71 89 79 56 54 4 12 29 3 49 11 7 55 47 12 4 2 2 1 ]
[ 29 4 48 0 17 55 53 6 64 69 20 20 42 6 91 66 35 17 78 1 17 62 25 17 20 15 11 45 3 49 62 33 5 10 33 22 65 38 29 81 59 1 2 1 7 45 20 42 15 98 ]
[ 40 64 33 72 9 43 9 29 47 19 2 7 49 14 71 9 16 10 35 71 0 33 87 61 23 12 8 7 26 1 3 67 65 36 39 27 31 0 56 30 71 10 90 21 25 13 30 93 23 17 ]
[ 60 6 14 55 52 47 28 56 37 0 43 22 23 3 39 26 47 25 95 21 13 88 50 83 57 59 45 89 6 42 1 18 49 15 26 1 62 6 9 0 6 5 22 29 8 62 8 56 39 3 ]
[ 29 3 3 6 10 26 19 65 44 46 13 5 47 17 46 17 12 46 8 27 49 43 24 85 5 22 37 4 74 96 30 55 99 33 13 61 11 32 26 8 31 39 65 78 9 11 47 21 57 7 ]
[ 26 85 45 47 3 37 6 62 11 47 54 41 24 10 90 24 24 27 27 30 47 21 90 14 27 31 25 31 27 61 13 53 98 10 1 1 0 59 16 11 6 70 52 31 33 42 7 9 21 35 ]
[ 42 4 43 7 40 88 26 26 52 11 38 13 3 39 56 37 0 90 6 28 16 7 0 72 13 3 28 83 28 33 64 22 38 7 29 30 47 55 57 99 19 47 12 22 86 20 11 39 10 17 ]
[ 34 19 0 62 59 64 32 18 23 6 35 5 0 86 16 99 38 19 38 65 37 46 55 0 90 17 14 14 38 44 18 73 15 18 35 26 34 19 44 10 25 31 15 25 18 83 76 8 2 15 ]

Timer (generate): 453ms real	420ms user	20ms sys
[ 92 58 16 29 37 10 68 77 89 7 54 27 4 46 28 7 99 93 93 8 30 87 24 71 67 58 43 66 85 76 93 29 34 62 58 23 72 27 1 61 34 55 88 90 53 69 50 4 62 43 ]
[ 12 93 83 89 16 50 47 60 68 32 36 14 14 23 76 72 46 0 99 99 61 86 6 1 28 60 70 78 64 33 22 29 78 5 18 94 7 17 6 27 1 43 41 15 18 69 88 16 69 39 ]
[ 16 82 77 74 84 6 86 6 84 3 39 58 32 69 15 50 16 74 67 22 2 20 17 95 36 87 17 76 4 86 15 72 21 45 46 57 51 33 63 87 36 55 98 68 24 13 70 92 88 89 ]
[ 15 42 9 84 37 97 72 54 73 28 93 41 0 66 86 46 23 89 31 86 28 67 41 26 87 18 92 9 10 32 98 77 74 60 14 63 57 86 18 31 14 63 24 66 29 10 12 4 51 44 ]
[ 90 79 63 84 58 51 54 50 12 64 82 63 94 56 23 8 19 32 46 89 15 12 4 39 78 85 1 42 89 52 86 32 84 50 68 42 53 22 44 65 86 26 28 32 34 3 40 5 88 38 ]
[ 47 3 50 51 95 80 37 96 23 78 49 61 10 33 63 78 27 68 0 71 34 39 49 14 71 83 70 64 40 58 2 87 13 5 39 8 37 28 5 12 6 6 74 69 91 89 47 70 58 0 ]
[ 41 92 39 90 58 62 25 80 78 65 90 33 53 4 90 44 64 27 72 21 40 30 27 66 99 70 55 47 40 13 99 33 57 38 23 68 52 0 0 31 66 91 64 19 95 54 63 59 33 87 ]
[ 81 25 17 60 91 17 83 99 16 75 64 15 9 74 5 84 94 57 85 94 40 51 85 4 22 32 10 85 44 44 24 77 69 41 37 13 58 72 64 26 48 80 41 9 54 46 45 48 56 30 ]
[ 95 96 33 80 1 55 13 63 92 57 59 16 86 29 10 23 94 20 48 10 47 48 90 88 57 45 87 2 45 43 85 40 39 18 73 92 26 38 56 70 47 15 87 33 96 49 8 42 69 56 ]
[ 52 16 4 43 57 61 40 44 16 85 87 1 78 26 71 51 19 97 89 27 68 88 42 7 21 91 56 29 33 77 86 86 94 90 81 3 4 21 47 72 58 86 73 36 64 96 39 35 94 80 ]
[ 62 62 68 57 21 89 48 29 19 33 6 57 19 52 99 0 55 3 73 54 27 32 40 52 68 57 49 60 92 43 40 55 57 61 64 30 50 64 59 21 97 65 78 17 18 78 69 25 33 43 ]
[ 80 61 75 72 65 95 29 14 7 22 9 48 29 18 9 93 48 11 9 7 85 6 25 63 75 95 93 45 20 27 40 52 40 15 25 5 62 54 72 70 28 81 70 9 52 31 54 0 42 63 ]
[ 60 79 70 37 43 45 32 36 42 52 15 82 5 55 49 82 13 12 88 37 34 17 18 4 78 22 35 33 23 29 96 35 9 18 72 4 64 56 92 6 8 8 41 65 15 90 47 80 2 88 ]
[ 17 36 57 88 92 35 10 79 68 85 9 17 20 70 35 44 26 51 0 18 10 61 26 51 78 42 41 78 74 96 66 92 84 23 80 77 10 90 56 31 76 17 48 48 39 35 45 65 39 97 ]
[ 84 1 10 62 52 89 4 45 67 79 41 85 23 78 60 3 7 70 45 63 1 73 33 1 22 24 89 19 90 80 16 26 81 27 88 85 68 45 30 35 76 24 72 99 2 32 54 9 54 99 ]
[ 24 56 73 9 9 47 34 50 18 76 30 34 54 11 13 42 96 81 87 79 68 15 3 40 66 57 24 20 18 79 20 42 87 45 4 96 44 38 47 62 66 29 48 20 41 14 62 89 95 2 ]
[ 68 16 69 23 8 36 80 33 56 98 64 28 93 51 25 97 99 69 87 46 83 53 76 84 25 69 98 87 10 93 41 79 61 11 54 70 99 87 3 55 37 19 36 30 70 61 79 69 83 66 ]
[ 68 18 71 96 2 96 65 0 36 75 46 29 6 7 92 13 29 91 0 32 99 37 51 35 20 73 96 99 43 31 18 63 50 41 59 52 90 24 5 26 51 51 7 10 10 0 23 40 43 23 ]
[ 24 42 60 28 29 32 53 78 32 96 9 2 59 59 43 18 12 33 94 69 11 98 20 71 8 82 71 31 74 66 54 99 61 66 79 90 99 32 68 83 81 78 85 92 89 80 11 53 66 57 ]
[ 22 29 55 94 0 63 77 23 94 51 90 0 2 51 67 81 93 66 14 62 1 47 92 86 39 81 18 2 87 84 60 9 14 67 4 14 31 81 90 77 84 80 78 87 83 97 68 76 15 34 ]

Timer (sort): 122752ms real	122750ms user	0ms sys
The output is sorted!
[ 18 9 70 6 22 37 80 36 27 3 77 55 1 35 37 19 8 6 1 4 16 2 55 39 82 66 35 1 36 21 43 7 30 65 13 4 2 45 41 29 49 70 36 2 5 25 21 13 83 22 ]
[ 86 33 44 65 0 22 11 43 32 13 1 41 26 21 28 0 23 42 6 72 24 27 30 14 77 49 37 0 0 24 21 87 9 17 4 9 40 15 4 24 80 6 17 6 79 46 6 2 88 64 ]
[ 55 36 4 15 8 15 10 99 9 29 90 51 18 52 41 31 4 10 17 7 18 27 36 61 41 3 22 2 37 10 21 45 98 26 12 58 41 22 57 2 4 99 6 22 52 99 5 8 9 22 ]
[ 1 0 1 18 79 4 46 20 79 4 29 9 15 20 20 40 13 5 33 64 1 19 76 36 69 16 82 72 36 53 47 37 5 48 8 36 4 6 56 35 10 37 44 78 9 16 70 22 21 55 ]
[ 36 51 96 4 99 7 2 3 59 53 23 55 40 33 30 44 38 87 42 0 9 16 7 40 7 3 10 43 15 3 1 3 54 98 8 53 57 10 9 16 15 32 23 7 65 5 3 4 92 98 ]
[ 30 59 21 72 36 36 37 30 0 8 99 28 13 48 16 34 13 81 24 16 67 11 25 8 16 69 8 4 1 22 96 32 82 17 56 18 5 45 0 5 5 52 85 18 0 54 5 65 35 29 ]
[ 10 40 16 3 19 97 45 4 49 36 26 18 9 59 37 10 91 11 10 1 22 50 34 37 23 30 0 48 9 2 90 71 95 6 74 14 4 19 18 5 7 44 23 16 56 60 78 47 23 40 ]
[ 86 48 3 1 56 49 38 35 32 32 66 23 68 44 98 10 48 35 30 0 0 17 73 33 39 7 77 18 20 0 21 58 1 24 12 9 25 2 44 9 34 10 33 2 6 83 12 54 19 94 ]
[ 13 18 5 0 47 19 67 17 97 2 17 2 43 19 18 38 32 55 13 47 15 1 46 14 80 22 67 4 43 41 48 56 11 6 8 59 77 75 28 26 30 97 28 25 17 98 15 1 6 28 ]
[ 16 66 33 12 5 1 93 58 25 84 7 51 13 19 30 86 8 15 41 0 20 74 56 10 15 23 34 63 1 44 94 18 11 28 82 16 29 76 27 55 12 34 6 26 5 88 12 13 4 5 ]
[ 7 17 92 95 63 43 9 25 4 11 22 93 22 81 48 51 35 67 43 32 39 33 31 31 0 1 4 9 7 12 19 67 29 11 62 45 7 23 70 11 34 45 5 8 26 5 11 61 72 6 ]
[ 2 5 94 1 28 38 83 1 28 22 17 4 1 86 41 30 45 1 57 47 77 9 19 68 1 93 95 5 13 22 55 15 28 1 17 8 40 52 61 20 27 31 25 80 17 18 62 15 20 19 ]
[ 12 35 80 5 48 4 64 7 44 18 6 38 26 50 11 32 9 7 29 27 58 24 51 20 76 64 94 30 34 36 36 98 23 17 3 23 21 20 30 17 90 89 8 17 39 19 1 0 26 30 ]
[ 0 33 43 48 4 0 19 46 17 12 11 35 38 47 19 11 35 22 12 46 48 7 43 83 14 47 35 55 35 12 60 35 97 55 35 2 8 54 0 25 18 63 12 9 11 31 20 98 54 84 ]
[ 5 70 18 33 26 25 9 18 20 41 89 99 5 40 19 46 18 46 9 9 0 26 40 18 39 99 30 16 2 11 53 59 33 23 92 11 48 2 29 68 43 19 68 1 11 39 47 29 38 9 ]
[ 10 64 9 36 43 13 65 25 8 76 11 70 63 1 12 25 25 73 14 41 55 47 19 1 0 78 5 8 51 27 7 13 43 69 1 38 34 18 63 42 46 27 65 10 28 77 87 5 2 2 ]
[ 5 54 13 33 84 23 36 1 66 81 32 1 19 63 7 36 0 52 7 14 24 10 33 27 29 53 3 77 45 60 34 50 14 0 83 50 23 71 3 41 4 35 42 76 50 1 12 2 5 71 ]
[ 74 0 77 19 11 50 23 11 87 23 18 10 60 18 29 28 11 61 3 30 91 26 1 36 64 17 1 31 6 48 42 33 0 19 52 12 22 75 23 9 50 93 71 10 63 0 38 26 13 41 ]
[ 4 0 43 75 50 34 30 5 63 30 39 45 20 76 65 29 79 46 6 58 33 98 34 17 7 42 49 28 8 1 9 12 53 5 88 3 39 70 9 2 52 0 0 72 29 17 1 60 16 7 ]
[ 12 39 55 49 4 22 13 26 4 19 49 40 26 66 71 63 49 14 29 16 32 9 61 68 53 35 25 27 24 10 10 36 2 65 37 6 40 2 32 44 21 33 36 48 0 60 11 49 26 92 ]

Timer (generate): 450ms real	420ms user	30ms sys
[ 96 25 96 76 74 8 9 8 64 68 61 27 39 14 1 90 34 7 78 83 15 60 69 93 23 8 9 48 18 30 21 66 55 18 42 30 26 3 38 42 72 52 22 11 18 23 54 52 82 32 ]
[ 35 97 45 4 91 20 64 52 20 35 82 42 1 38 12 96 20 90 99 10 33 23 14 7 35 33 82 41 85 64 25 73 61 70 29 4 42 94 57 63 81 39 57 34 29 69 82 1 59 82 ]
[ 12 44 57 26 51 92 11 85 85 97 49 11 70 63 33 99 67 76 45 76 91 26 68 48 13 97 69 95 51 28 29 63 25 87 41 28 31 53 14 17 2 63 80 72 78 13 23 98 89 21 ]
[ 74 32 99 42 80 12 92 49 8 43 30 37 58 55 24 51 83 8 4 97 25 6 13 5 30 91 70 6 89 12 79 16 44 78 58 77 91 2 26 51 97 8 40 55 15 17 7 99 25 63 ]
[ 48 50 22 61 7 4 5 29 10 46 41 89 62 86 20 73 63 63 27 41 14 25 2 6 80 17 23 39 16 48 55 17 50 77 30 9 81 35 39 44 34 80 85 48 18 5 73 33 20 1 ]
[ 75 86 26 77 93 58 94 16 50 63 65 5 80 67 82 10 77 63 98 16 59 84 48 45 32 67 50 6 0 71 59 27 57 37 56 50 47 51 19 97 66 36 54 98 3 36 60 32 52 58 ]
[ 48 11 42 49 56 27 16 59 85 68 30 44 96 39 33 4 42 80 55 61 78 73 97 32 71 52 21 32 85 25 42 85 88 37 34 45 16 2 56 1 23 38 97 71 77 30 75 19 10 83 ]
[ 32 40 56 29 25 80 34 46 64 19 23 6 4 11 95 39 8 11 93 64 12 16 2 61 87 32 91 63 3 54 46 36 94 2 17 71 82 51 69 46 70 92 5 75 4 0 66 12 64 59 ]
[ 29 76 76 31 90 63 63 33 26 67 87 24 3 34 27 72 5 61 24 75 60 46 19 17 21 23 69 39 88 33 99 17 62 27 48 52 90 64 85 69 31 25 93 86 59 72 10 16 86 34 ]
[ 43 98 81 63 15 54 38 84 94 26 70 45 43 32 72 44 84 14 60 21 83 91 46 29 29 57 53 39 74 91 26 17 89 59 32 56 65 71 93 59 97 63 56 93 95 28 89 31 43 49 ]
[ 52 78 40 99 59 21 56 13 12 82 56 90 52 46 49 84 54 15 55 99 26 53 62 83 98 9 63 87 40 6 36 45 37 28 96 96 1 4 61 13 87 18 4 39 16 5 23 70 72 31 ]
[ 22 99 36 84 34 34 46 97 21 38 56 9 83 45 37 31 41 38 36 3 3 75 73 7 66 89 65 41 11 37 72 33 88 8 70 74 42 68 24 15 6 80 24 42 25 61 73 18 51 9 ]
[ 73 55 36 46 14 2 87 79 44 99 69 16 84 57 77 6 84 71 74 8 87 81 88 63 23 65 77 48 35 28 10 9 83 46 55 50 1 95 29 45 46 50 13 30 8 42 89 92 14 63 ]
[ 52 53 96 92 16 71 57 45 20 92 74 30 53 9 76 61 59 77 56 41 74 2 91 40 32 51 82 73 95 96 37 47 1 33 39 18 5 48 63 25 93 89 7 46 51 35 7 10 65 63 ]
[ 3 39 17 47 31 50 98 14 23 46 62 12 45 64 98 85 34 3 85 49 80 78 39 39 77 90 74 84 52 91 0 8 31 17 55 14 19 5 28 95 51 43 59 97 7 57 34 41 12 19 ]
[ 42 44 50 81 83 27 23 10 63 28 1 15 36 84 85 43 99 56 48 79 3 0 22 63 49 29 20 35 22 85 54 17 29 56 50 65 35 26 75 51 54 76 66 42 61 3 85 12 60 85 ]
[ 91 63 37 14 26 86 95 99 21 70 84 28 39 13 36 89 30 72 15 5 23 69 82 89 63 95 93 0 59 5 86 50 68 75 16 47 14 64 46 35 86 82 15 25 47 52 14 78 76 30 ]
[ 83 99 51 17 40 67 64 85 67 23 90 5 26 11 81 94 58 95 58 56 82 96 38 50 73 85 54 88 63 30 70 47 81 73 16 73 92 81 59 60 4 1 17 82 64 50 77 22 97 87 ]
[ 78 32 84 68 34 57 54 88 97 17 70 19 16 3 45 33 76 37 14 87 49 70 41 19 53 5 69 82 80 19 69 10 51 53 79 37 63 85 77 12 2 99 32 71 2 77 4 30 66 70 ]
[ 70 16 92 63 35 97 20 56 79 0 75 49 63 78 54 94 67 17 79 44 30 33 43 14 56 97 43 12 28 9 82 50 77 27 13 64 24 33 73 56 86 0 5 1 79 11 47 46 29 78 ]

Timer (sort): 136507ms real	136500ms user	0ms sys
The output is sorted!
[ 63 14 19 25 2 92 4 0 83 4 93 51 37 36 37 10 0 3 2 15 13 40 11 22 25 92 35 31 20 7 34 35 73 5 12 75 97 16 28 33 21 21 36 10 9 25 20 10 28 22 ]
[ 27 30 2 29 35 4 29 11 28 16 24 5 44 0 3 6 37 10 41 8 25 11 25 70 4 82 55 63 3 42 35 30 72 37 11 59 41 41 23 21 9 47 78 6 99 33 12 36 43 5 ]
[ 1 20 31 95 22 3 90 4 7 11 4 14 58 11 17 49 0 44 0 82 78 15 7 13 50 17 18 0 0 34 12 2 6 96 49 28 99 40 32 6 3 36 73 61 0 42 11 0 86 63 ]
[ 44 4 5 6 16 52 62 76 40 37 9 8 2 8 47 71 31 98 44 3 24 63 20 88 28 24 35 38 6 6 3 50 10 8 8 26 12 71 3 52 60 12 12 62 21 59 34 4 10 30 ]
[ 19 58 4 69 51 34 11 20 37 31 1 20 10 67 25 2 78 7 76 59 35 8 54 40 81 44 9 11 13 44 15 85 2 20 6 5 6 18 25 43 1 26 64 11 45 41 13 24 48 41 ]
[ 73 4 91 25 6 20 27 97 41 51 12 12 16 31 5 21 25 20 1 12 72 47 52 58 2 26 50 17 45 96 13 18 0 4 44 6 25 23 55 18 26 19 30 42 50 35 63 28 8 17 ]
[ 48 53 45 13 2 84 35 45 36 38 39 88 38 47 66 12 3 57 15 42 25 32 10 25 0 10 30 23 2 8 8 2 13 6 16 68 90 3 13 26 41 53 66 31 0 33 44 56 42 11 ]
[ 80 6 2 7 15 12 39 33 65 16 13 47 14 52 1 25 44 3 41 24 6 20 8 37 82 22 78 81 25 32 91 5 91 93 12 6 6 3 39 23 19 52 22 33 56 24 11 1 79 4 ]
[ 72 7 18 5 39 83 44 21 15 14 37 43 74 39 51 91 11 34 25 79 80 6 6 64 43 3 0 51 32 1 35 4 9 6 9 0 41 5 22 56 71 11 0 46 2 3 89 13 89 14 ]
[ 39 80 24 93 64 46 2 2 40 1 12 5 33 87 34 4 36 37 35 29 62 40 21 34 19 45 11 34 37 6 5 76 39 29 69 3 28 23 5 20 25 18 25 10 57 12 14 93 49 1 ]
[ 4 6 24 11 17 97 11 19 70 6 34 52 46 10 4 39 33 92 23 15 21 9 80 0 81 23 59 1 69 58 6 25 16 83 36 34 80 0 53 2 6 40 7 4 50 11 44 36 56 19 ]
[ 1 51 86 59 8 39 86 52 14 4 73 24 72 27 25 69 50 8 34 15 84 27 16 50 21 23 41 37 4 0 37 5 3 23 65 11 14 3 16 80 7 89 4 32 16 29 1 18 37 35 ]
[ 38 0 2 1 59 5 36 7 25 3 0 11 32 48 29 70 20 66 67 31 85 2 48 13 11 62 78 9 20 27 54 11 27 8 12 38 65 0 45 90 3 45 1 87 46 83 10 66 1 29 ]
[ 3 42 24 16 59 35 5 58 13 44 65 17 71 6 32 37 4 5 4 30 86 83 26 20 52 25 19 35 21 6 37 76 1 13 44 12 48 1 70 62 45 35 31 16 93 15 5 50 20 10 ]
[ 33 0 42 18 56 16 38 67 50 90 14 18 15 25 26 39 22 53 72 19 2 7 18 38 11 0 53 79 18 9 9 52 61 3 22 18 19 60 37 21 3 4 40 18 81 66 10 3 71 82 ]
[ 33 43 74 5 40 2 6 58 48 94 11 60 12 28 37 32 79 1 11 15 12 8 22 12 68 33 64 56 20 11 29 5 7 3 11 47 57 17 57 5 11 69 18 76 49 55 60 29 8 23 ]
[ 83 24 3 32 38 8 29 4 44 2 34 41 5 30 54 9 32 14 68 21 2 30 53 18 89 19 7 7 16 2 24 99 26 79 32 16 87 13 20 84 15 54 25 72 37 31 33 21 45 1 ]
[ 7 22 42 18 35 15 18 48 40 9 48 37 40 38 1 37 4 87 14 25 48 20 0 11 35 36 32 58 10 93 10 17 15 5 35 2 20 5 50 61 14 99 50 7 89 51 44 45 38 59 ]
[ 19 78 25 36 24 32 12 33 52 37 29 43 47 25 16 1 32 49 5 9 44 14 25 68 3 15 37 29 15 35 1 35 13 26 71 37 59 36 22 63 73 3 6 72 28 23 73 12 24 78 ]
[ 15 54 27 8 95 35 88 42 85 31 7 12 23 19 18 10 35 0 17 2 19 78 40 40 62 99 8 24 4 0 24 19 54 3 80 1 38 20 43 24 51 3 88 26 22 7 36 57 7 53 ]

Timer (generate): 461ms real	420ms user	40ms sys
[ 14 20 94 91 33 45 52 48 23 79 66 26 56 42 50 66 15 82 20 22 42 1 74 34 89 95 39 14 69 33 32 84 5 78 27 38 23 79 38 46 10 57 25 66 99 27 84 66 9 56 ]
[ 40 3 58 15 37 47 62 28 13 83 61 97 19 66 27 47 57 3 26 47 1 37 4 26 55 56 54 92 22 63 48 63 67 58 30 56 57 44 85 71 27 98 20 47 17 48 94 26 51 72 ]
[ 73 52 61 30 31 69 86 85 61 60 0 9 75 19 68 5 28 77 49 13 48 29 63 21 76 80 21 22 6 72 46 80 76 8 62 59 77 48 96 38 60 97 99 36 68 19 93 96 97 43 ]
[ 61 97 24 25 18 0 5 39 74 64 63 20 96 92 28 58 3 57 58 0 47 18 49 47 6 17 18 0 66 15 95 27 13 19 4 83 71 62 75 45 26 38 65 22 82 46 32 86 55 90 ]
[ 86 3 60 35 2 19 4 20 19 70 36 66 98 1 85 54 84 56 16 59 53 42 50 70 16 32 16 48 70 24 90 8 27 3 95 81 22 0 1 41 70 89 7 20 90 44 75 27 52 91 ]
[ 38 5 86 88 75 54 73 44 3 43 68 45 4 47 48 99 28 22 99 81 63 22 71 22 42 13 18 69 40 70 13 79 27 99 19 3 5 92 99 60 88 19 6 92 66 6 43 46 29 43 ]
[ 27 44 17 50 19 59 64 37 29 56 60 94 87 87 93 7 42 50 51 93 11 91 12 17 35 30 75 79 76 4 74 56 1 91 6 72 2 22 9 31 79 21 77 18 9 70 77 3 21 29 ]
[ 97 84 72 9 1 8 40 28 39 68 85 13 24 86 4 31 58 58 53 19 90 84 41 19 55 2 90 32 5 63 13 2 99 38 64 0 46 4 80 85 72 65 50 97 51 6 80 61 64 85 ]
[ 33 6 22 26 26 77 28 68 61 85 31 27 88 30 65 52 82 11 8 62 48 32 80 98 81 83 56 61 45 20 99 30 27 21 56 53 50 36 21 11 21 4 90 9 86 55 13 20 18 73 ]
[ 34 18 6 14 68 39 98 24 1 43 45 52 25 72 73 81 77 75 17 98 38 38 2 29 0 40 36 65 60 55 39 94 25 97 9 94 36 7 18 89 2 15 41 27 39 66 60 16 41 29 ]
[ 14 32 19 68 61 19 8 97 37 68 4 28 15 82 25 24 76 13 83 46 55 37 14 96 16 53 15 76 70 8 57 84 40 76 5 1 48 13 51 85 34 7 13 49 41 90 25 17 3 8 ]
[ 16 10 97 30 7 13 35 74 89 5 82 98 42 23 74 47 76 22 12 79 59 98 87 72 99 28 14 24 98 70 84 66 80 81 48 87 94 83 13 35 41 96 33 35 19 60 34 95 82 46 ]
[ 75 42 97 14 66 96 94 81 21 44 51 57 62 83 39 10 23 85 46 36 73 39 32 58 74 51 18 8 99 53 6 26 47 55 40 13 52 86 46 25 83 49 82 45 33 73 8 56 59 6 ]
[ 92 84 45 25 42 71 28 13 31 27 66 89 53 13 45 45 26 97 84 25 22 67 74 56 64 7 30 72 63 41 30 8 25 27 85 19 50 13 32 81 93 98 23 98 63 68 96 42 17 80 ]
[ 67 91 99 41 47 63 1 29 88 16 70 18 24 95 46 9 15 48 23 99 30 68 98 5 66 13 25 62 55 42 42 22 85 41 16 84 57 17 14 45 33 84 15 58 32 13 19 99 62 94 ]
[ 98 44 62 48 49 81 62 74 43 17 68 38 92 53 31 8 37 88 25 3 85 10 40 1 20 72 14 40 71 28 86 21 72 49 22 21 30 84 95 25 53 63 63 45 68 95 53 58 35 30 ]
[ 61 21 41 53 74 13 25 40 53 48 69 40 22 41 41 44 15 23 28 62 48 81 26 12 79 46 59 84 56 46 15 18 19 8 23 93 21 49 86 27 49 55 67 71 48 60 15 15 83 95 ]
[ 78 31 29 56 95 8 2 54 44 59 1 59 29 20 19 52 66 41 53 52 68 3 59 87 26 59 47 94 75 82 89 5 13 70 61 9 30 15 63 75 26 16 86 55 89 6 60 55 99 65 ]
[ 59 19 20 18 58 47 29 57 93 56 39 82 61 52 5 22 13 35 90 29 62 16 45 49 24 86 7 36 41 58 1 0 77 22 70 35 21 0 44 14 56 83 48 70 87 5 92 1 93 34 ]
[ 30 55 51 27 56 75 14 15 11 7 73 64 8 50 38 30 37 11 30 81 25 39 16 26 9 4 31 53 57 24 88 39 32 91 66 88 66 32 4 29 40 29 45 0 80 84 30 69 47 13 ]

Timer (sort): 141552ms real	141550ms user	0ms sys
The output is sorted!
[ 12 70 10 40 20 86 15 32 19 59 0 0 31 57 77 64 1 58 12 96 3 18 20 8 38 38 38 5 36 35 5 1 5 16 93 26 2 8 10 73 67 10 25 51 20 2 67 21 13 31 ]
[ 26 9 18 7 16 16 9 95 9 14 30 18 27 3 26 19 23 35 50 82 78 42 17 42 61 3 9 93 26 32 68 52 41 38 11 10 54 21 5 15 35 35 33 15 38 12 34 13 47 37 ]
[ 34 61 40 7 10 14 28 14 43 3 13 26 27 10 27 32 3 3 10 5 49 44 5 18 4 31 7 24 80 97 95 14 11 35 74 73 1 2 87 96 57 52 23 36 62 2 20 65 5 31 ]
[ 0 7 41 25 17 95 4 63 47 49 7 10 52 22 7 40 37 14 77 16 2 52 56 44 48 0 21 7 30 62 12 31 21 53 56 38 48 13 1 47 14 8 57 67 83 17 7 20 31 36 ]
[ 52 24 66 66 35 37 46 17 46 43 33 88 13 11 42 31 12 60 98 30 43 1 9 13 55 12 66 2 52 2 55 4 26 21 23 14 10 21 31 8 17 16 49 30 27 91 13 40 3 12 ]
[ 33 98 27 13 17 46 73 17 39 50 21 6 56 39 12 96 40 32 1 38 7 60 14 61 11 72 6 75 82 44 27 15 43 7 28 12 5 1 29 45 4 3 3 60 42 16 8 34 48 10 ]
[ 71 27 24 17 24 14 47 36 23 50 40 55 15 23 4 22 1 6 18 4 1 71 45 43 32 12 15 25 17 38 80 88 17 56 5 41 71 4 30 46 7 70 53 22 45 57 44 47 16 14 ]
[ 72 75 96 23 2 22 11 97 91 61 52 2 76 12 23 2 27 5 36 27 19 9 97 17 33 2 7 4 33 29 14 58 57 11 33 11 33 45 8 24 6 12 79 34 24 2 36 52 7 25 ]
[ 41 73 44 60 25 61 21 47 29 21 23 23 48 18 40 0 3 13 16 2 2 83 63 1 15 25 15 41 20 54 8 62 27 4 22 5 17 95 52 46 16 28 21 17 46 62 69 1 27 85 ]
[ 9 6 29 19 24 7 37 30 74 18 78 20 11 13 49 70 33 39 17 19 59 12 14 46 89 5 19 87 30 52 29 91 11 10 10 35 17 0 18 44 18 48 64 81 61 13 3 46 4 20 ]
[ 21 56 0 23 22 47 33 27 26 70 19 21 40 53 41 10 82 4 14 37 8 48 1 6 11 46 17 83 60 13 41 33 70 41 8 44 40 41 23 18 11 43 39 4 48 32 66 30 36 32 ]
[ 39 55 3 57 14 63 63 35 29 31 12 44 44 46 35 26 18 45 28 20 43 22 24 7 3 14 22 69 4 51 3 43 6 6 1 20 21 16 8 50 47 72 46 44 19 33 70 89 30 50 ]
[ 67 1 48 46 14 30 18 91 18 0 73 12 3 72 22 34 9 34 28 31 44 42 9 4 24 28 43 27 16 5 1 35 7 49 81 73 31 52 65 1 4 90 13 7 62 35 41 71 21 21 ]
[ 21 19 90 42 47 25 96 22 49 52 32 0 2 24 17 38 90 21 13 0 47 20 22 15 32 61 0 86 2 88 33 75 60 75 18 7 0 14 29 2 18 14 2 20 38 71 10 29 44 24 ]
[ 23 36 17 56 1 20 9 61 20 86 78 15 19 73 0 41 32 23 78 80 67 41 62 3 8 15 2 15 79 35 13 3 24 30 11 25 51 21 38 23 7 17 38 79 42 38 20 26 14 50 ]
[ 20 66 17 26 11 68 27 59 17 19 11 63 47 24 71 61 6 18 52 74 28 50 18 48 1 10 15 15 60 16 96 33 35 13 11 46 33 38 5 3 9 69 66 8 45 37 70 3 7 22 ]
[ 33 2 12 4 25 41 0 42 34 83 10 17 14 18 28 7 10 29 72 31 21 37 6 28 55 40 18 96 81 47 21 14 2 34 70 27 27 71 69 62 6 31 31 21 2 59 80 12 88 4 ]
[ 9 17 21 34 7 32 46 1 17 37 1 1 19 26 85 91 39 41 4 75 52 23 81 34 20 26 57 11 7 37 89 17 6 62 3 13 95 1 15 12 39 16 66 58 94 3 49 34 45 5 ]
[ 42 6 0 44 27 51 28 61 53 77 4 79 5 34 40 29 13 7 10 88 29 48 2 94 62 42 25 25 14 26 37 8 32 37 5 11 40 33 25 46 62 29 25 20 16 65 1 81 24 11 ]
[ 0 38 52 24 10 76 3 41 39 79 65 60 31 44 74 19 86 7 35 1 58 14 5 30 7 60 16 11 0 8 3 1 99 55 25 9 32 28 2 71 59 20 83 42 16 9 61 2 17 49 ]

Timer (generate): 468ms real	420ms user	30ms sys
[ 32 58 36 28 2 17 26 26 13 23 15 91 81 11 33 99 55 7 28 94 0 57 71 19 90 85 78 99 58 78 99 91 89 88 19 91 57 45 69 70 20 37 61 54 0 47 5 55 6 33 ]
[ 49 7 43 72 78 85 58 56 85 16 86 84 59 75 24 78 18 81 75 40 52 48 77 65 2 29 12 7 84 19 92 85 78 35 57 8 21 15 64 6 84 50 42 43 78 67 74 96 0 1 ]
[ 36 4 49 65 70 3 46 34 62 30 53 55 67 83 90 25 91 63 92 7 69 76 58 64 20 36 31 46 84 83 47 73 88 49 38 10 52 85 44 67 67 50 22 35 33 64 12 77 28 4 ]
[ 84 49 81 94 13 53 82 96 99 67 80 98 40 20 47 30 30 52 15 74 19 35 76 93 22 62 9 34 39 89 38 75 39 19 70 4 24 4 1 75 71 33 74 11 5 21 94 35 25 61 ]
[ 61 96 96 90 89 18 52 99 52 91 40 43 18 79 14 40 84 39 45 37 14 16 22 40 80 27 62 74 14 39 35 27 36 84 17 77 54 69 28 59 12 69 2 83 0 16 23 84 7 68 ]
[ 73 22 37 95 62 69 74 76 43 88 68 30 68 56 66 85 33 21 7 62 80 19 83 82 54 83 50 78 20 58 46 93 32 35 41 46 4 15 75 99 4 43 30 72 99 48 9 32 69 16 ]
[ 46 1 88 81 83 42 65 86 20 37 44 19 30 76 6 71 22 11 87 97 10 43 92 92 67 91 41 28 76 62 45 74 64 85 56 99 27 73 85 0 10 29 71 92 57 77 16 32 40 55 ]
[ 81 51 50 74 95 69 65 36 97 93 51 42 20 15 79 28 14 59 1 0 59 63 81 82 7 39 11 75 71 52 30 52 55 80 78 50 49 96 39 99 89 90 93 61 57 73 89 71 32 42 ]
[ 23 43 57 5 25 65 96 88 40 19 40 23 23 95 55 2 98 5 98 89 4 39 79 97 1 36 22 42 59 54 85 83 49 42 40 26 59 36 15 0 55 7 75 30 55 30 32 53 87 82 ]
[ 42 43 74 73 93 27 61 15 69 72 22 54 55 71 97 47 50 8 83 65 60 90 72 35 73 27 66 5 32 5 40 26 49 66 51 94 93 12 9 62 85 83 69 92 7 18 40 57 26 75 ]
[ 22 87 18 46 74 91 26 40 48 58 98 88 37 99 54 88 93 99 1 2 14 38 38 83 82 45 1 22 2 79 50 24 66 68 22 41 11 48 33 59 59 83 0 96 82 6 84 75 6 37 ]
[ 30 20 27 68 3 10 13 56 84 15 35 34 91 54 54 13 47 65 14 32 77 73 16 77 21 98 83 57 74 41 95 4 61 74 24 16 84 37 24 21 52 60 55 43 66 62 8 65 79 22 ]
[ 97 56 47 13 33 68 64 69 26 90 10 73 46 24 99 70 40 84 7 65 57 11 77 64 6 95 26 14 60 6 89 57 62 88 23 48 9 39 17 35 29 79 60 27 3 59 97 96 95 56 ]
[ 13 52 67 42 17 73 37 95 39 49 1 80 58 16 69 81 64 78 72 33 65 1 12 77 80 16 36 77 64 84 33 77 88 52 19 5 77 8 53 69 57 54 49 15 22 70 49 38 0 21 ]
[ 71 17 75 84 94 55 52 83 85 16 19 70 45 7 23 64 65 52 24 18 21 81 24 23 48 47 93 97 37 46 71 9 63 46 45 10 53 97 45 38 65 64 61 10 71 84 26 88 88 50 ]
[ 6 10 83 83 33 31 82 78 81 19 76 52 28 40 50 73 2 55 22 47 94 39 11 55 49 34 91 27 23 31 29 81 41 12 64 26 44 98 57 77 18 33 29 98 25 31 24 79 86 46 ]
[ 26 32 86 89 39 87 24 82 67 99 14 96 80 7 9 97 34 5 95 43 82 65 28 63 64 6 94 88 85 80 86 12 65 24 53 4 64 77 87 31 28 1 27 9 8 88 58 94 93 53 ]
[ 89 75 19 18 90 35 24 84 23 9 17 61 73 82 86 27 86 50 56 25 81 85 26 60 46 87 49 4 33 94 9 23 22 28 93 12 63 17 49 38 78 66 0 4 0 38 31 86 88 39 ]
[ 64 21 76 42 33 74 29 82 30 15 29 40 38 51 20 31 63 36 0 12 74 78 30 26 82 30 64 65 69 4 57 33 25 85 75 11 60 57 45 90 72 74 82 62 25 3 93 41 39 45 ]
[ 5 65 23 36 92 58 18 8 75 87 13 32 72 90 18 0 53 30 57 99 72 81 73 55 43 51 58 88 92 49 33 49 14 56 37 58 66 56 19 42 95 84 74 68 74 44 68 28 26 77 ]

Timer (sort): 139020ms real	139020ms user	0ms sys
The output is sorted!
[ 38 9 6 63 37 36 8 24 3 15 19 0 3 83 15 20 57 81 62 66 18 29 26 33 42 15 4 17 99 13 10 37 23 16 52 12 5 60 37 8 27 8 60 82 43 75 3 1 9 65 ]
[ 30 14 1 56 72 14 30 17 29 46 41 33 6 6 68 26 29 49 4 6 16 74 40 17 27 27 13 6 2 12 67 84 78 20 41 50 34 71 19 16 17 12 49 75 19 70 1 0 71 5 ]
[ 0 3 51 45 29 13 82 44 36 15 34 47 74 14 1 10 46 13 26 37 37 5 52 62 0 0 37 22 69 32 52 21 88 3 66 17 16 1 13 5 16 0 4 90 14 57 53 60 23 79 ]
[ 33 43 26 38 33 0 40 10 22 64 15 29 70 10 9 45 62 47 14 50 39 81 4 30 38 46 10 11 3 72 30 37 15 8 27 1 9 19 63 83 35 78 12 5 40 73 50 2 20 16 ]
[ 0 13 33 24 22 2 0 22 2 49 47 51 8 36 71 27 70 44 64 48 47 10 87 2 57 52 17 57 25 3 12 25 69 98 2 43 0 2 17 2 3 65 5 11 53 28 91 23 72 7 ]
[ 38 74 15 2 3 1 49 11 31 87 8 89 93 67 20 11 28 81 44 15 3 56 38 9 77 4 2 31 18 74 32 56 49 47 11 4 1 12 16 32 0 24 21 45 43 41 8 24 74 4 ]
[ 31 85 21 14 66 18 73 12 37 7 34 16 18 69 31 7 2 37 49 6 57 4 31 14 54 27 35 10 11 9 29 42 94 50 56 12 20 29 25 9 36 11 26 6 80 57 65 34 46 15 ]
[ 38 39 53 64 35 20 87 7 40 3 15 25 4 13 23 77 58 18 8 20 6 30 13 36 46 18 97 40 15 48 26 5 39 32 21 74 4 8 34 44 12 1 70 68 14 45 46 25 63 6 ]
[ 27 3 39 3 23 52 72 26 31 67 33 6 16 0 2 46 22 0 46 35 72 83 12 12 29 56 15 61 32 24 69 11 27 9 14 50 13 87 77 44 6 62 2 22 63 5 20 85 5 18 ]
[ 9 3 6 48 91 19 8 49 36 22 57 56 7 26 99 46 22 92 2 18 6 20 8 16 74 19 67 14 5 51 38 66 7 44 14 50 63 74 52 51 48 9 8 7 35 7 5 10 51 7 ]
[ 4 32 80 38 8 7 6 20 41 45 83 71 6 6 12 5 28 29 1 16 32 17 16 60 59 33 70 28 12 1 25 16 33 57 6 41 64 13 14 58 10 97 29 17 3 93 74 31 22 75 ]
[ 28 35 1 28 0 31 49 17 29 3 11 15 32 14 2 22 19 72 4 32 13 12 29 18 3 42 87 78 93 13 5 22 48 58 2 1 89 4 18 70 7 30 86 92 44 40 66 63 12 70 ]
[ 26 50 22 47 29 20 53 26 39 97 0 15 46 72 28 49 74 8 2 54 22 21 44 11 34 17 8 4 88 49 5 14 51 28 13 32 0 19 11 91 16 11 6 62 83 34 11 10 43 65 ]
[ 29 22 93 20 9 3 19 14 90 5 23 53 17 0 5 9 30 24 7 61 19 9 41 62 35 61 41 55 55 18 75 37 93 68 57 2 24 29 16 14 86 39 19 3 91 24 12 22 1 19 ]
[ 61 10 81 10 8 80 0 55 75 83 17 1 8 16 39 84 65 58 46 14 16 3 1 17 19 21 19 51 98 77 20 59 39 53 21 0 33 74 55 8 57 24 9 17 41 0 2 6 10 0 ]
[ 9 11 87 39 15 11 6 20 4 9 66 3 43 47 27 15 10 18 43 84 34 28 10 53 58 6 7 32 21 37 93 30 0 80 21 16 43 28 36 48 89 55 3 32 2 30 48 64 0 91 ]
[ 64 14 16 5 65 7 16 73 91 33 5 18 7 66 93 30 6 20 0 20 5 43 4 8 7 55 61 97 38 48 25 54 14 41 60 31 0 28 5 43 62 62 13 21 28 6 3 86 79 3 ]
[ 56 2 13 76 39 41 39 21 8 10 38 34 97 34 1 98 33 58 92 9 1 43 50 18 20 25 7 9 0 13 6 8 16 19 84 7 12 76 28 20 86 67 7 83 53 8 34 38 18 26 ]
[ 22 29 46 34 29 10 53 59 0 74 7 40 37 17 0 2 11 31 27 18 6 20 10 61 76 84 44 44 47 23 63 22 4 9 56 85 71 61 44 24 87 3 16 24 20 16 26 83 0 6 ]
[ 33 0 47 3 20 84 22 48 99 11 28 1 7 29 30 10 4 9 43 61 56 55 0 33 7 76 49 48 1 22 28 34 22 75 38 42 11 12 43 10 23 23 64 30 4 94 93 9 55 36 ]

Timer (generate): 385ms real	370ms user	10ms sys
[ 5 71 26 62 63 87 85 1 51 98 68 7 24 47 22 5 44 17 1 70 70 4 23 44 12 71 44 57 36 79 84 93 51 10 56 66 49 93 19 52 91 40 11 67 87 85 72 31 3 26 ]
[ 53 73 82 28 69 94 0 65 3 36 45 87 29 48 49 37 66 50 82 38 3 73 78 66 92 17 52 65 0 55 43 53 80 25 34 50 71 34 67 74 70 12 13 51 12 62 41 31 12 75 ]
[ 69 67 1 99 34 93 68 86 10 68 93 53 73 73 30 7 75 1 41 43 27 63 7 40 67 72 2 60 3 67 35 24 34 88 75 20 82 43 6 44 63 51 50 36 25 80 96 52 34 37 ]
[ 47 61 53 55 54 72 79 8 84 34 75 71 10 62 60 85 82 94 28 41 38 91 92 88 79 69 21 75 74 55 65 21 68 70 28 22 42 7 31 78 41 6 49 51 20 9 88 3 3 16 ]
[ 96 94 59 40 82 91 62 3 66 36 10 83 57 79 53 86 53 47 45 84 25 87 43 27 90 63 36 79 18 92 47 66 86 7 59 20 50 21 76 16 57 86 0 66 17 5 52 71 5 98 ]
[ 7 30 37 50 57 27 66 46 58 36 90 6 55 28 65 14 48 15 35 24 83 44 63 35 10 80 41 63 51 46 13 11 28 50 13 38 29 31 36 88 68 26 46 75 54 11 89 2 78 24 ]
[ 79 61 68 42 97 78 22 90 93 26 88 58 89 16 60 2 6 90 34 42 30 54 20 28 29 74 91 18 29 69 94 60 82 14 2 31 44 76 21 38 54 61 48 43 30 9 46 36 51 80 ]
[ 31 81 34 51 61 63 78 52 33 59 21 27 19 55 41 73 87 85 49 60 75 4 22 76 99 52 85 45 40 36 77 71 69 63 75 30 78 53 82 11 64 55 90 35 10 83 8 97 21 9 ]
[ 58 48 65 32 24 65 36 9 62 28 97 92 0 66 55 27 48 86 32 82 49 96 37 40 31 48 75 39 97 96 0 7 45 66 91 21 31 27 31 93 56 80 85 8 99 93 35 47 79 67 ]
[ 30 28 15 19 20 98 19 96 89 17 44 89 76 89 55 68 63 86 47 46 32 55 26 69 63 25 14 50 73 45 69 55 26 84 74 46 34 94 94 23 63 39 13 39 80 68 59 43 7 7 ]
[ 89 91 62 68 12 78 93 27 28 18 72 50 25 98 86 0 97 21 46 91 44 9 82 57 0 63 78 60 58 85 67 0 28 81 68 40 59 13 67 40 32 92 90 57 90 76 9 39 49 55 ]
[ 31 94 64 13 3 65 28 81 77 87 18 96 87 46 77 7 87 89 20 6 81 52 98 71 62 41 99 71 80 49 79 63 95 95 77 98 12 57 80 89 96 50 85 83 97 15 42 84 4 63 ]
[ 42 85 67 41 8 29 82 59 53 14 60 84 78 55 79 7 6 92 64 38 33 13 88 19 48 85 34 91 21 90 54 64 75 21 5 83 3 39 94 8 5 55 92 83 10 71 42 16 15 59 ]
[ 54 49 72 95 20 20 80 54 11 2 44 17 18 71 39 75 6 94 66 0 2 71 55 94 7 18 17 49 86 85 60 93 34 32 88 54 5 68 60 16 22 56 34 92 27 25 67 85 71 33 ]
[ 37 25 57 93 71 64 63 88 65 49 25 26 42 59 10 82 65 15 3 77 84 25 33 70 18 12 47 37 49 18 71 87 43 80 32 66 96 95 54 61 96 80 39 91 91 2 73 9 17 76 ]
[ 86 53 54 72 23 24 36 70 61 86 40 84 73 35 64 5 1 60 0 8 74 48 40 13 39 83 15 13 92 85 89 31 90 43 3 14 67 39 36 81 77 29 65 50 16 82 7 70 42 59 ]
[ 30 16 8 70 82 47 5 49 60 50 86 2 33 77 97 36 43 17 27 79 98 57 60 63 7 77 45 15 47 40 26 77 8 34 99 90 82 56 92 94 6 78 96 39 7 46 27 50 63 7 ]
[ 82 61 64 42 76 23 71 74 90 70 14 17 99 74 51 50 65 85 7 9 80 65 39 28 57 47 74 36 49 89 95 31 2 59 26 79 35 49 53 25 20 19 94 71 93 98 22 10 83 81 ]
[ 71 15 98 11 96 55 10 22 44 59 12 39 43 14 99 21 45 86 22 50 63 94 21 58 66 67 56 40 77 91 21 1 59 71 12 7 27 22 29 71 33 93 10 28 60 61 1 57 99 24 ]
[ 8 63 18 81 21 36 48 29 76 26 72 49 79 31 21 91 90 0 65 72 71 50 65 33 79 77 47 80 35 46 56 95 9 75 76 82 11 77 11 40 55 36 41 34 19 62 25 10 62 42 ]

Timer (sort): 137286ms real	137290ms user	0ms sys
The output is sorted!
[ 6 75 18 9 6 5 53 13 24 52 10 52 7 12 1 83 33 77 87 30 5 35 8 45 6 4 12 8 7 6 70 65 33 40 74 40 45 27 5 21 31 16 73 38 28 27 74 13 56 13 ]
[ 5 45 80 26 0 24 27 8 34 1 22 72 35 1 26 11 10 20 62 2 1 29 80 4 87 37 46 52 39 21 58 44 18 90 22 18 66 2 78 0 3 0 25 90 2 3 53 64 23 16 ]
[ 25 39 12 54 7 74 75 60 8 14 0 9 42 43 30 3 46 2 42 11 35 47 18 26 58 3 1 17 87 72 62 12 63 26 67 22 52 42 83 13 8 35 22 3 78 4 6 25 6 1 ]
[ 8 23 1 61 4 71 30 21 88 60 23 6 48 9 79 22 1 59 6 15 21 38 6 11 0 43 5 81 70 84 8 30 7 9 91 11 32 73 32 20 33 8 26 34 17 58 8 71 17 15 ]
[ 39 27 26 72 30 59 9 18 38 2 21 2 43 21 25 71 4 7 42 22 78 91 88 1 12 8 67 2 64 25 1 3 4 27 27 34 39 36 5 29 39 78 32 34 52 9 58 8 16 52 ]
[ 45 24 11 1 9 8 8 24 26 9 38 9 47 79 49 13 47 3 35 64 66 17 63 59 68 8 30 91 3 26 8 48 50 71 2 11 31 62 35 57 23 73 18 23 4 19 36 3 22 23 ]
[ 62 4 4 5 34 30 17 31 3 62 62 36 1 21 48 38 18 33 70 13 22 3 31 42 37 12 8 72 6 21 11 20 77 15 25 63 46 42 47 49 57 9 37 10 82 85 0 0 70 22 ]
[ 73 7 15 83 80 0 93 47 2 23 23 20 4 17 2 38 1 30 8 78 9 11 9 14 17 29 11 22 96 78 26 21 38 94 56 18 46 49 65 0 25 41 20 29 10 74 19 11 4 27 ]
[ 16 48 68 21 10 2 22 78 78 2 8 34 39 45 11 8 44 39 4 55 73 34 16 3 35 17 84 78 17 17 25 34 65 45 7 28 47 29 6 26 32 14 12 71 12 24 32 56 15 36 ]
[ 11 63 23 16 41 22 26 0 33 15 11 44 14 40 96 10 7 0 2 72 28 79 73 14 26 1 59 2 64 48 51 28 11 26 44 4 0 22 56 34 37 20 30 3 60 78 66 20 30 68 ]
[ 2 22 37 72 12 6 1 86 86 61 16 16 36 46 3 3 56 46 46 40 41 13 33 74 35 14 4 0 20 8 10 75 82 48 47 46 6 0 32 44 13 49 60 49 47 16 5 3 62 3 ]
[ 82 6 49 34 31 38 37 25 7 28 25 3 87 52 58 39 5 20 17 88 0 37 1 16 66 1 33 60 34 34 4 16 40 6 3 23 96 40 1 3 21 26 7 60 30 17 99 88 37 16 ]
[ 14 36 12 9 7 61 21 24 8 3 7 12 43 70 48 81 80 21 51 52 26 16 3 99 20 29 18 55 88 37 75 2 25 87 63 32 0 36 9 8 40 16 21 35 38 21 17 18 42 20 ]
[ 27 1 41 84 26 42 47 3 36 33 12 43 48 29 33 15 84 80 31 26 23 35 6 2 25 10 4 13 6 4 29 86 5 23 22 83 65 69 38 53 54 50 48 2 31 82 17 15 14 1 ]
[ 26 22 17 11 9 12 66 78 21 85 33 25 42 45 33 4 4 11 90 5 34 3 18 87 10 9 71 1 56 13 49 35 35 18 46 96 31 12 74 52 49 7 29 43 4 15 48 9 26 38 ]
[ 11 17 6 43 19 2 22 78 9 28 16 2 21 33 7 21 15 26 69 8 94 36 71 62 11 36 1 50 97 16 12 60 33 70 3 4 72 26 83 33 6 51 35 79 85 42 1 0 21 22 ]
[ 29 28 48 96 38 93 8 37 8 2 16 20 81 25 14 7 3 67 83 43 4 46 75 20 68 5 50 7 19 20 31 48 0 31 44 39 24 5 76 32 7 44 4 40 21 19 0 24 38 83 ]
[ 7 18 47 39 82 8 1 57 89 82 37 20 92 57 48 23 4 77 8 2 32 5 49 7 56 8 90 10 51 3 8 10 73 7 2 55 15 3 65 5 37 2 25 81 11 25 4 15 54 65 ]
[ 91 98 21 16 26 18 23 15 53 26 19 19 15 48 77 3 13 28 2 10 10 91 8 25 15 45 27 68 55 86 10 46 36 32 15 14 2 38 29 7 64 1 26 31 49 3 34 14 83 88 ]
[ 66 56 28 5 22 69 9 71 7 22 12 29 0 24 17 39 65 5 22 58 29 2 61 1 54 11 33 23 25 25 51 43 33 32 48 56 1 58 27 9 80 91 38 32 16 7 72 33 12 46 ]

Timer (generate): 469ms real	450ms user	10ms sys
[ 64 49 37 49 68 50 75 44 5 59 69 36 51 67 73 77 29 35 98 91 78 92 76 76 62 29 94 87 57 55 25 73 4 15 75 72 17 50 16 22 62 85 10 13 4 36 90 34 71 40 ]
[ 77 1 85 5 77 47 34 23 86 44 30 63 17 86 30 92 59 48 95 27 22 57 65 85 70 21 21 12 7 44 4 37 46 89 42 75 88 29 51 26 73 81 90 90 68 72 35 79 20 30 ]
[ 58 95 39 75 80 9 97 1 73 56 45 29 93 91 19 36 19 59 65 70 38 90 51 80 32 71 52 67 2 25 49 61 20 88 88 0 49 85 53 74 94 98 4 87 42 75 75 13 34 92 ]
[ 83 24 82 86 4 15 10 57 34 12 82 36 25 2 24 14 54 26 51 59 0 45 57 56 33 51 31 8 64 18 53 47 42 35 86 47 2 96 4 37 8 38 73 34 92 49 0 98 75 51 ]
[ 57 28 97 14 84 82 18 16 42 82 34 95 82 28 83 20 75 85 16 31 22 76 69 47 62 61 97 62 59 24 66 16 52 15 83 37 49 53 5 91 87 91 39 69 19 22 41 95 59 57 ]
[ 78 82 86 48 81 48 61 78 63 73 3 29 41 7 44 76 96 93 29 1 36 17 92 27 38 64 1 80 11 61 89 89 95 75 89 76 76 3 55 39 76 10 20 17 69 16 46 66 61 75 ]
[ 67 97 44 12 77 83 28 78 15 39 39 56 80 34 84 70 11 60 73 18 51 1 80 71 70 49 87 16 15 48 44 35 97 88 99 74 23 79 53 90 18 44 47 50 79 31 20 42 43 45 ]
[ 60 94 98 92 65 69 41 52 37 9 52 81 96 1 22 47 76 97 26 81 88 96 77 87 46 56 70 19 98 13 16 10 7 15 2 24 84 96 28 73 5 80 7 53 81 29 0 9 26 26 ]
[ 42 66 22 20 5 68 28 75 39 79 88 56 89 47 71 44 71 7 40 99 80 97 31 87 50 65 68 50 26 47 28 21 65 2 41 71 22 69 46 62 0 87 18 90 86 89 34 10 48 26 ]
[ 61 80 23 93 68 73 10 88 75 36 35 55 57 1 57 50 72 79 72 70 41 72 9 59 14 96 0 0 6 48 26 67 29 1 12 49 74 74 37 1 63 25 56 72 26 13 23 50 93 47 ]
[ 20 86 19 82 98 86 78 98 86 36 99 13 55 80 66 68 81 41 94 70 94 57 95 3 30 73 16 5 23 61 52 96 0 23 78 98 61 8 96 48 44 47 13 51 79 79 71 60 72 66 ]
[ 31 19 23 78 22 5 52 90 10 27 52 14 23 4 90 53 2 51 61 50 51 57 98 64 9 29 96 80 90 68 98 73 39 22 3 61 79 55 52 42 83 56 56 58 60 98 12 62 2 25 ]
[ 12 53 35 62 70 96 92 66 76 34 86 27 59 26 1 62 39 80 18 91 22 53 47 79 11 59 29 75 21 31 53 86 85 88 0 7 84 92 25 12 78 11 39 37 89 40 0 29 21 70 ]
[ 72 43 23 72 74 86 31 56 14 5 87 67 91 24 55 91 31 39 36 8 3 14 20 43 4 61 35 56 42 56 26 67 52 1 39 78 39 70 86 53 75 74 20 18 50 27 10 34 18 98 ]
[ 42 22 64 14 17 20 28 52 76 22 61 2 89 65 55 28 95 95 51 82 0 26 8 73 97 58 0 59 44 71 57 87 93 73 53 62 94 81 14 70 4 27 25 93 92 80 74 40 75 25 ]
[ 22 76 3 82 1 0 92 1 59 37 72 68 76 17 42 29 79 88 63 46 58 67 73 83 12 18 16 86 58 43 63 32 71 19 14 72 71 6 74 31 95 98 51 71 16 45 1 47 33 16 ]
[ 45 44 83 19 79 47 89 95 86 99 39 49 31 10 20 97 83 92 55 9 75 51 59 26 22 27 72 75 75 57 91 20 53 26 91 33 74 32 80 60 31 19 61 14 82 82 11 17 74 67 ]
[ 78 49 70 37 27 92 65 99 20 92 9 63 12 62 90 56 47 16 88 28 76 20 99 89 86 33 71 98 2 97 17 80 46 39 70 74 83 35 25 3 27 86 19 91 49 61 47 48 77 88 ]
[ 76 5 60 28 94 46 61 18 96 64 15 65 96 62 4 66 88 88 1 13 91 80 0 62 24 1 23 23 49 0 11 78 57 71 6 52 70 67 70 66 83 85 32 80 99 36 46 87 24 0 ]
[ 53 68 32 5 82 56 6 6 32 7 58 43 85 16 67 43 68 37 63 90 55 98 27 87 78 27 76 77 66 52 29 19 72 61 76 55 70 34 61 2 42 19 45 79 35 64 75 55 53 38 ]

Timer (sort): 134978ms real	134970ms user	0ms sys
The output is sorted!
[ 38 79 40 1 47 35 42 4 81 19 45 57 53 33 53 46 17 4 29 51 24 29 33 4 27 0 18 16 21 73 0 59 4 40 13 3 27 7 7 9 27 4 18 32 89 71 78 7 27 8 ]
[ 90 75 21 6 14 41 5 13 57 22 3 24 5 22 9 37 21 25 16 39 99 56 13 3 1 94 42 2 31 58 28 21 33 1 80 0 43 37 65 0 59 21 24 16 43 33 53 16 10 70 ]
[ 6 8 39 98 1 85 36 36 53 17 1 14 19 6 23 5 79 19 6 16 56 2 2 20 23 5 25 12 81 40 89 87 0 28 37 53 13 74 41 19 43 43 33 14 49 8 19 28 27 77 ]
[ 62 52 64 64 13 9 37 27 7 30 8 0 1 0 58 19 45 1 83 70 26 1 48 63 67 72 82 16 2 62 15 65 15 79 29 80 40 18 7 0 48 16 0 1 16 59 20 14 12 4 ]
[ 45 23 67 24 47 40 1 51 35 62 84 24 1 12 58 56 38 55 0 20 72 5 47 27 21 14 63 25 6 2 29 51 77 49 27 24 41 29 28 29 43 12 53 44 24 11 0 15 18 1 ]
[ 31 33 26 4 39 20 13 59 29 9 90 35 74 25 2 19 47 31 47 77 11 50 3 66 21 36 6 15 45 23 22 28 56 0 32 95 72 45 7 2 7 49 37 33 74 39 4 21 23 3 ]
[ 47 18 28 1 92 7 42 68 70 12 40 7 38 28 0 57 24 2 19 24 43 37 86 51 36 10 4 64 8 48 36 7 18 16 8 10 75 2 31 46 15 71 5 53 51 6 62 27 60 33 ]
[ 15 60 7 22 21 27 2 36 10 6 23 86 4 38 35 74 0 72 49 13 24 98 86 10 47 32 44 90 3 18 19 18 31 26 40 52 6 43 40 68 1 15 54 5 53 41 31 5 13 33 ]
[ 4 20 1 32 85 34 16 25 21 3 50 29 17 15 27 6 49 11 41 11 15 71 10 68 82 38 24 79 20 13 1 25 86 2 9 23 89 26 1 10 81 51 39 50 18 66 8 68 29 49 ]
[ 13 3 1 3 40 33 3 2 32 10 17 25 20 7 24 54 41 95 27 2 22 43 2 16 17 24 25 26 38 50 19 3 5 72 6 45 5 61 99 89 71 16 67 44 75 91 98 16 38 25 ]
[ 70 12 69 80 42 7 38 26 67 6 16 4 41 22 36 0 22 26 67 40 83 5 14 2 0 32 48 74 32 22 47 3 34 16 35 76 76 26 2 43 32 18 0 25 92 36 25 14 14 45 ]
[ 14 22 38 46 22 20 2 23 10 44 6 23 92 37 56 16 16 54 76 53 87 60 1 82 79 25 5 82 3 87 58 17 9 48 16 83 20 18 7 31 14 13 6 7 2 14 75 19 20 4 ]
[ 25 12 28 27 34 29 2 52 14 21 1 26 38 34 52 25 92 8 79 67 62 13 16 41 3 68 27 49 8 3 15 34 15 44 13 1 25 15 5 92 36 6 18 26 92 22 51 84 31 83 ]
[ 17 25 23 6 38 29 5 22 11 40 19 4 32 82 26 21 89 12 2 29 29 48 16 36 14 7 66 47 34 6 16 51 83 39 9 22 20 66 44 31 7 15 35 91 97 14 13 87 26 67 ]
[ 30 18 58 5 5 7 0 12 53 37 47 6 37 99 22 17 0 42 6 46 15 31 15 29 14 25 39 13 36 1 37 66 71 96 23 76 3 75 41 57 65 88 15 2 39 37 19 40 31 25 ]
[ 47 13 39 26 67 26 75 67 23 52 27 91 1 45 17 7 21 71 23 38 26 3 6 58 15 13 28 48 62 51 13 9 17 4 35 36 30 11 3 6 15 83 97 68 28 14 28 1 37 51 ]
[ 5 1 34 28 20 57 41 8 53 57 60 51 10 35 32 15 27 50 13 43 44 9 32 83 19 11 22 26 33 33 5 38 87 39 66 7 97 8 15 2 17 27 53 27 14 37 95 41 39 8 ]
[ 8 20 8 31 95 15 84 3 24 93 49 5 61 55 48 10 84 29 22 94 25 4 10 4 58 43 3 46 82 32 8 42 4 16 25 0 32 10 55 8 55 4 13 16 11 13 79 96 42 1 ]
[ 12 88 33 41 34 15 16 6 13 9 52 97 54 25 80 8 67 53 82 77 8 2 16 26 24 7 32 75 69 22 25 33 63 10 27 49 25 43 7 39 5 11 36 11 36 16 19 4 21 53 ]
[ 63 36 26 6 18 41 27 4 98 89 8 31 34 90 79 3 46 25 2 15 44 78 15 22 11 17 24 4 27 15 99 43 51 25 49 21 19 29 25 17 18 34 48 4 76 79 7 22 4 9 ]

Timer (generate): 405ms real	380ms user	20ms sys
[ 44 0 28 29 52 30 58 57 96 22 79 70 32 56 76 16 59 62 44 30 52 99 77 77 94 25 44 0 88 36 71 84 88 99 66 93 81 24 2 77 46 81 99 30 37 76 99 48 38 95 ]
[ 30 91 94 7 68 88 84 65 89 73 53 60 9 41 12 75 86 93 99 88 71 97 70 70 80 59 98 79 8 37 26 38 28 20 98 48 61 82 13 2 7 66 14 17 60 26 44 98 20 44 ]
[ 87 43 93 9 65 73 20 64 4 28 1 30 19 81 3 17 29 16 51 95 70 11 13 84 80 25 63 24 24 83 20 63 78 14 72 43 87 92 7 44 73 60 26 44 41 81 61 23 97 64 ]
[ 70 67 27 83 4 7 9 67 32 85 2 52 48 80 18 20 23 58 64 31 2 89 91 80 33 85 62 46 60 11 11 30 31 38 13 35 98 74 54 82 59 56 86 59 36 5 31 59 63 96 ]
[ 42 17 85 86 97 19 23 11 65 83 23 28 13 6 19 78 93 69 53 47 51 64 3 37 24 91 42 55 2 57 3 45 74 41 83 24 12 6 35 29 89 10 58 54 16 29 32 9 98 37 ]
[ 56 1 2 11 38 78 54 33 85 57 42 41 54 17 82 37 93 94 95 28 23 84 91 33 38 7 14 22 69 64 60 77 65 14 41 56 92 95 41 29 52 83 70 6 0 52 95 93 98 90 ]
[ 74 22 74 65 7 64 24 74 39 93 38 99 23 4 65 64 12 57 59 53 38 12 36 9 70 89 13 66 34 12 56 60 86 83 25 45 99 2 19 38 47 58 89 70 14 54 34 78 63 94 ]
[ 31 2 58 19 63 28 60 28 94 95 92 3 7 78 86 85 76 85 87 47 76 34 5 65 5 71 72 39 1 35 85 32 89 43 4 52 24 64 33 18 11 25 21 19 56 59 56 32 97 43 ]
[ 79 73 29 37 90 34 60 62 26 62 50 63 46 91 7 2 44 31 67 29 1 30 54 75 1 10 86 57 94 83 0 26 8 30 63 99 16 75 13 94 37 15 58 36 7 17 38 3 0 57 ]
[ 32 53 88 38 28 41 49 15 99 95 50 51 21 59 33 36 10 2 12 75 96 1 91 6 37 50 23 28 5 23 85 37 77 25 75 57 67 76 24 18 72 75 69 45 86 55 82 96 57 94 ]
[ 23 53 95 66 60 85 16 35 13 21 11 50 10 40 76 38 97 95 66 74 13 38 1 34 36 87 89 18 35 46 64 58 52 11 25 64 96 93 99 61 15 10 64 77 2 40 15 0 87 82 ]
[ 26 0 72 27 86 8 14 76 78 49 74 42 59 26 54 84 42 2 78 42 16 45 4 80 74 7 20 90 59 59 24 85 59 48 64 97 9 78 73 87 79 48 82 38 26 36 75 69 38 5 ]
[ 63 54 50 19 86 24 78 58 66 37 17 42 74 28 91 38 26 0 68 99 39 47 99 21 38 26 9 13 95 48 18 10 54 20 29 41 96 8 51 15 97 69 57 72 97 48 62 23 0 31 ]
[ 75 92 30 74 13 68 52 23 33 47 23 51 9 29 23 39 22 72 99 74 87 96 43 44 68 92 45 83 16 97 14 43 89 44 17 55 13 70 78 98 69 53 50 79 82 25 70 57 97 69 ]
[ 31 36 65 26 81 86 18 78 69 86 27 35 29 69 79 99 24 44 69 2 43 90 7 45 21 89 22 43 46 20 12 29 56 30 55 89 68 74 19 37 12 47 72 42 68 3 41 92 0 62 ]
[ 46 95 4 53 40 78 42 62 21 41 34 86 22 43 16 78 32 84 4 4 73 68 3 97 10 71 52 3 63 52 65 9 47 22 62 39 0 56 54 21 49 88 7 24 31 75 2 16 11 58 ]
[ 72 84 26 75 33 89 98 86 92 13 90 10 22 38 84 36 29 84 44 83 5 46 24 65 70 7 40 24 75 52 34 47 88 12 74 22 1 72 60 46 85 50 8 59 40 92 47 70 76 44 ]
[ 5 33 90 29 50 12 89 91 88 64 95 22 64 83 34 38 57 88 63 17 34 0 68 94 12 8 86 59 30 14 55 36 47 97 17 98 9 58 41 97 75 88 71 39 23 58 29 81 46 44 ]
[ 50 32 45 70 26 9 79 12 20 61 26 76 49 25 73 19 75 35 77 68 84 52 56 56 43 80 14 73 13 60 17 63 44 14 34 70 23 65 34 44 78 60 72 28 37 45 47 13 32 76 ]
[ 81 17 81 90 25 24 70 39 97 35 51 67 50 95 81 84 17 57 1 51 53 80 63 25 60 0 22 7 65 55 35 99 72 16 89 97 93 11 88 42 98 91 9 48 86 43 85 3 0 86 ]

Timer (sort): 148472ms real	148470ms user	0ms sys
The output is sorted!
[ 47 3 0 78 64 76 12 14 13 6 67 6 50 4 43 15 6 2 15 5 60 70 74 48 1 40 6 7 61 55 21 9 10 73 39 26 2 3 41 15 9 8 73 11 12 16 26 70 70 41 ]
[ 44 27 14 43 42 12 9 2 17 34 10 18 6 64 89 14 4 36 84 1 8 7 48 96 45 9 8 15 15 51 4 59 78 70 55 73 34 16 27 52 50 37 22 8 54 12 23 10 0 7 ]
[ 35 17 21 5 20 19 43 41 42 72 41 62 17 46 46 8 35 12 32 17 16 52 17 15 22 28 20 17 13 45 43 1 62 17 6 34 88 1 28 31 25 69 45 43 67 91 3 2 4 35 ]
[ 12 25 18 34 3 8 60 13 76 36 5 64 58 2 33 46 73 24 12 5 24 4 30 50 13 9 6 49 4 70 7 16 48 77 3 51 37 63 16 14 51 21 30 9 75 16 7 1 92 72 ]
[ 22 51 12 9 30 2 5 65 32 56 18 38 4 34 59 57 26 52 66 13 50 11 32 42 18 38 42 14 35 5 75 9 8 39 18 39 93 23 4 25 31 23 63 36 9 22 45 35 27 11 ]
[ 25 7 32 53 89 63 24 37 6 18 67 70 29 59 47 10 3 28 23 38 85 2 30 0 79 30 3 32 8 4 29 33 11 13 38 0 28 14 89 34 33 57 4 14 16 3 24 72 31 48 ]
[ 50 10 29 6 55 45 24 48 7 19 2 44 71 11 29 6 33 13 23 7 69 30 4 17 81 56 4 12 24 40 85 26 2 14 33 58 12 9 58 19 28 61 15 51 72 44 58 57 9 33 ]
[ 24 45 12 77 0 21 55 0 3 95 24 67 3 17 95 35 7 1 12 19 35 69 35 13 3 0 35 82 1 9 16 25 54 28 54 6 49 62 6 4 57 82 23 61 52 18 96 11 19 9 ]
[ 11 29 56 18 4 65 1 29 42 19 24 63 9 99 23 43 66 45 24 28 64 17 30 16 43 32 18 25 19 19 87 82 0 44 1 5 9 2 34 3 74 10 19 83 9 42 26 75 39 2 ]
[ 2 34 49 34 26 22 29 18 1 3 60 1 54 12 79 40 3 50 53 71 7 43 33 58 14 63 19 0 22 69 36 76 3 37 10 30 12 39 0 13 95 12 14 1 24 46 41 27 96 46 ]
[ 67 55 63 23 89 60 24 48 46 34 2 72 9 42 3 42 29 43 14 44 46 21 42 32 26 9 12 65 48 11 4 16 18 67 39 7 27 15 8 26 2 10 98 11 4 1 5 34 96 19 ]
[ 3 35 26 33 9 17 3 85 17 44 40 55 50 1 44 12 41 14 5 7 16 97 30 27 65 34 11 17 17 70 35 20 6 14 6 67 83 61 52 0 5 45 8 55 98 52 19 39 18 25 ]
[ 2 20 1 52 21 5 18 25 36 69 99 10 67 58 7 34 25 52 45 16 49 14 73 47 0 20 17 6 8 93 33 10 13 34 14 35 39 32 12 27 2 11 38 21 22 97 55 99 1 52 ]
[ 32 91 1 53 44 0 97 25 78 14 2 6 82 32 21 35 20 38 21 26 58 0 7 92 20 9 10 54 67 11 24 0 2 77 5 47 29 54 24 8 21 79 14 3 11 88 38 31 26 12 ]
[ 16 10 75 30 13 24 68 3 25 19 72 76 43 8 43 41 8 82 0 33 26 15 23 33 52 12 40 7 1 1 32 17 11 7 48 24 83 16 80 8 87 52 84 30 13 27 23 21 62 23 ]
[ 2 1 15 75 12 19 17 61 19 10 23 14 28 76 51 76 8 37 12 45 56 52 14 6 57 3 58 69 53 71 0 7 24 16 34 89 35 51 50 6 62 74 20 42 2 23 18 10 13 31 ]
[ 46 16 7 12 46 35 89 0 77 22 9 1 55 21 76 55 40 99 31 72 18 1 25 40 8 15 4 14 6 69 7 4 38 14 17 36 49 6 36 27 29 97 80 36 18 8 43 59 7 27 ]
[ 34 13 5 79 24 73 80 32 44 21 40 28 6 29 3 59 41 17 8 5 7 18 32 22 46 38 44 1 72 6 76 58 19 33 89 95 6 21 79 2 42 19 30 0 0 33 60 41 3 20 ]
[ 40 9 60 18 12 29 23 60 83 14 4 57 64 21 1 34 2 4 75 43 20 21 0 0 37 3 40 55 1 11 12 42 73 72 12 37 2 36 97 37 2 2 46 66 75 48 52 77 4 27 ]
[ 42 21 76 7 6 73 65 16 22 39 24 0 58 28 6 89 31 63 41 37 24 23 79 40 36 61 1 24 5 30 55 47 51 31 6 9 57 23 25 31 62 2 31 20 30 37 61 13 0 3 ]

Timer (generate): 471ms real	430ms user	40ms sys
[ 86 32 24 81 23 68 89 81 29 53 64 79 79 93 77 85 88 1 51 79 69 42 14 8 18 76 3 0 59 44 68 97 76 92 31 51 13 20 33 42 73 97 21 4 90 50 90 31 51 41 ]
[ 62 72 36 77 80 54 5 36 7 16 80 75 14 8 19 45 60 84 17 93 26 42 42 99 46 84 1 88 67 52 82 30 24 70 59 57 24 64 93 31 80 73 58 46 33 30 43 93 14 60 ]
[ 38 93 54 80 92 53 17 94 41 84 98 75 66 75 45 77 32 22 93 25 53 74 50 64 72 35 46 68 29 60 28 19 53 35 0 98 88 69 44 81 5 42 57 72 17 54 1 1 76 95 ]
[ 78 82 21 28 98 93 64 44 61 45 4 42 64 10 77 16 8 17 85 4 98 43 46 7 15 16 14 16 17 42 11 48 24 84 28 74 78 44 18 91 89 75 85 6 37 14 74 45 31 12 ]
[ 49 82 55 47 89 70 15 55 38 85 98 2 33 74 86 61 49 16 6 67 60 47 94 97 53 31 12 80 76 95 92 77 29 47 77 71 69 92 26 59 77 24 61 10 99 0 24 48 68 30 ]
[ 67 80 29 62 78 35 93 42 15 22 89 7 51 19 54 28 90 75 73 16 34 50 93 48 13 92 0 89 92 68 19 59 1 0 73 79 35 67 73 50 89 62 57 92 81 63 21 23 38 46 ]
[ 92 25 48 85 73 61 29 73 2 21 93 73 32 94 74 6 73 9 25 98 60 66 61 69 58 94 85 31 70 75 77 62 0 26 47 73 39 76 98 42 49 92 15 81 86 89 39 12 51 64 ]
[ 10 63 30 23 84 89 70 69 20 40 97 50 54 97 76 1 23 67 29 21 9 30 13 77 11 52 18 3 64 69 67 26 84 50 2 69 91 72 38 11 64 35 13 18 85 89 71 8 9 0 ]
[ 81 18 82 47 47 93 99 66 48 15 87 68 41 72 18 95 41 9 67 31 72 31 19 86 1 4 27 72 64 36 24 45 7 6 44 54 52 43 20 0 10 8 68 4 32 86 99 73 47 67 ]
[ 4 20 50 75 58 52 79 85 76 95 74 1 93 81 59 37 87 11 33 60 64 43 20 32 99 52 71 99 25 18 18 81 90 68 57 0 72 88 38 49 36 12 2 29 45 61 18 84 73 51 ]
[ 44 89 47 16 21 46 68 44 97 45 15 15 79 57 84 88 58 8 76 96 57 64 8 11 93 5 73 64 89 98 67 86 87 66 2 60 13 23 5 62 68 72 78 99 29 14 87 87 22 16 ]
[ 35 32 80 95 43 26 0 68 90 42 18 9 28 57 76 30 18 41 53 75 3 74 99 81 73 28 95 61 68 70 29 3 2 9 99 97 87 51 18 29 93 88 39 21 46 15 52 16 56 57 ]
[ 43 59 31 42 93 57 22 40 70 42 10 99 98 64 60 97 14 0 0 32 29 94 20 68 67 18 35 71 34 91 29 29 3 12 71 96 69 46 36 91 88 47 42 86 63 3 35 77 55 36 ]
[ 9 84 82 82 5 49 0 40 21 87 84 50 16 87 14 40 35 36 86 71 27 26 70 70 65 86 25 0 63 32 88 25 16 22 59 73 72 11 66 93 98 2 95 67 89 61 7 76 97 45 ]
[ 99 77 23 22 99 88 8 76 41 71 8 29 96 76 52 7 50 76 19 68 21 17 70 16 36 11 29 43 87 27 40 38 4 64 60 55 4 68 31 45 92 39 27 40 15 31 48 17 7 67 ]
[ 85 80 84 7 48 73 18 77 68 57 4 9 96 60 25 56 67 29 77 98 27 69 37 54 9 53 37 57 22 96 24 8 76 61 15 24 34 86 1 2 43 58 63 91 70 88 48 38 70 77 ]
[ 88 49 46 26 3 55 31 92 13 53 88 89 13 16 2 81 92 36 19 93 91 14 3 54 6 26 95 6 16 17 83 4 66 29 82 21 84 65 13 49 71 53 91 84 69 93 17 61 82 36 ]
[ 6 73 51 62 79 57 40 26 15 8 43 98 64 9 27 47 82 63 64 95 65 35 0 56 20 21 1 89 34 83 78 41 8 29 55 40 38 47 66 53 55 10 51 71 71 30 70 54 93 35 ]
[ 1 10 70 54 66 42 75 20 32 10 55 10 3 64 91 10 4 81 57 70 86 64 32 89 35 56 19 58 62 64 93 63 27 63 17 45 58 45 65 42 55 21 4 10 85 47 20 41 28 29 ]
[ 63 66 93 48 55 80 4 26 38 66 42 83 81 69 99 51 15 57 96 32 99 3 53 55 65 90 2 85 83 82 66 47 48 11 95 55 91 51 33 82 69 75 17 50 97 16 1 64 25 49 ]

Timer (sort): 143278ms real	143270ms user	10ms sys
The output is sorted!
[ 16 47 22 35 66 5 4 69 99 34 13 92 15 57 87 7 25 11 13 72 17 17 6 33 5 0 41 21 32 55 28 1 54 50 36 20 55 40 41 6 27 7 50 42 16 37 1 42 0 14 ]
[ 17 8 46 80 41 58 0 17 32 42 9 11 51 6 46 93 13 5 62 63 24 63 5 57 21 81 71 31 13 53 59 30 13 5 62 55 16 62 24 0 5 33 11 8 40 9 1 5 15 16 ]
[ 16 22 61 34 79 38 43 39 2 73 28 37 1 47 57 23 1 3 70 33 2 29 15 15 86 33 0 16 35 31 2 52 5 16 86 85 54 29 24 9 55 4 98 8 3 8 31 4 63 1 ]
[ 90 1 78 34 24 37 74 44 41 3 93 1 14 4 47 14 20 7 61 13 38 33 66 36 22 96 74 19 16 46 38 7 0 16 93 24 6 19 20 47 22 13 1 36 17 0 3 90 7 16 ]
[ 35 31 41 72 25 78 0 37 48 50 6 4 36 42 2 7 13 62 19 4 88 9 46 41 27 28 4 12 7 63 49 94 94 90 19 19 20 19 56 20 21 14 24 9 8 27 16 22 41 35 ]
[ 17 81 60 22 32 41 27 46 35 4 78 24 41 3 55 48 15 47 16 41 4 13 68 32 17 6 5 31 37 68 87 6 1 48 28 33 89 7 31 76 64 9 0 5 65 8 5 32 7 22 ]
[ 53 78 83 20 21 32 17 32 7 67 8 62 82 98 9 93 8 7 18 27 24 31 11 49 29 30 13 77 11 12 44 17 42 27 37 64 12 6 48 19 26 8 33 8 6 42 2 66 2 20 ]
[ 31 18 20 11 25 44 10 31 7 46 1 15 3 32 63 7 63 64 9 3 18 93 10 31 27 96 5 63 42 33 28 74 3 48 37 29 44 47 12 3 45 65 18 48 49 33 56 12 50 17 ]
[ 62 21 5 18 35 48 0 8 23 19 7 89 38 74 37 23 83 6 7 10 2 36 1 16 41 30 75 8 44 84 4 58 6 9 77 93 10 77 1 33 49 8 22 39 34 11 63 18 18 70 ]
[ 13 36 56 11 55 56 19 3 44 9 40 31 20 96 39 14 38 3 1 68 0 82 54 19 14 1 12 78 42 77 70 56 14 26 19 21 83 38 24 27 0 17 10 20 65 1 34 3 4 88 ]
[ 8 49 50 47 1 31 26 1 20 49 4 55 33 2 91 7 20 11 4 9 67 4 34 13 17 35 58 49 19 19 16 79 68 18 79 21 50 5 23 22 7 79 77 40 33 20 47 54 31 51 ]
[ 5 28 12 47 4 38 32 14 9 23 53 0 85 7 39 37 0 6 29 59 99 60 27 5 19 40 19 16 48 59 46 53 87 10 0 43 48 32 57 9 55 10 9 92 70 0 29 70 6 10 ]
[ 2 4 3 71 29 9 49 23 70 16 55 7 24 7 55 94 64 60 51 67 99 35 62 25 2 90 2 22 45 17 24 47 73 28 19 2 37 20 26 7 37 33 14 13 40 21 7 4 34 11 ]
[ 15 90 61 28 23 24 19 19 57 30 33 9 1 1 77 38 43 0 63 44 28 64 6 59 37 7 81 2 7 44 63 74 34 24 55 10 0 74 29 57 56 14 18 9 15 48 47 10 0 10 ]
[ 44 6 68 3 14 4 36 59 14 3 67 1 3 59 42 54 51 30 65 50 8 0 40 0 7 0 69 42 28 42 79 72 0 0 27 14 4 15 74 19 19 41 72 74 52 14 28 3 96 45 ]
[ 5 64 22 2 22 40 65 24 22 58 5 95 12 5 32 9 1 66 11 54 54 56 12 41 12 20 49 73 68 78 32 25 42 6 27 16 47 45 40 21 3 98 16 67 3 1 29 4 19 40 ]
[ 16 45 5 28 54 16 1 43 11 12 11 11 32 63 26 68 50 40 34 49 6 45 60 42 15 66 64 74 8 24 38 24 21 43 4 75 11 5 71 22 18 82 34 2 98 12 71 0 4 5 ]
[ 18 51 43 36 26 12 80 4 49 4 17 66 54 33 20 92 16 43 21 76 22 2 28 4 28 14 10 12 17 9 21 35 60 16 24 38 28 4 42 29 8 12 95 15 97 16 59 14 59 80 ]
[ 11 41 88 1 38 33 76 86 11 65 9 2 31 16 38 79 39 10 93 3 12 44 24 72 1 51 31 48 11 18 22 22 59 10 23 49 44 52 36 7 17 97 10 0 13 0 80 5 11 25 ]
[ 34 14 31 22 35 2 48 18 14 20 32 1 51 64 98 34 14 9 1 41 41 47 13 99 19 77 62 6 38 47 15 24 13 99 47 0 1 47 18 15 67 2 68 18 18 66 52 32 27 6 ]

