Timer (generate): 22ms real	20ms user	0ms sys
[ 65 86 2 43 19 12 21 22 14 53 20 55 72 33 20 43 5 33 2 13 66 40 92 29 77 ]
[ 83 41 92 23 29 71 88 16 26 31 87 38 4 9 52 9 81 60 81 15 80 77 20 13 79 ]
[ 34 80 71 78 61 49 13 55 93 36 84 65 77 52 91 60 40 29 65 49 34 74 83 94 8 ]
[ 98 74 85 70 39 64 56 71 35 34 85 84 0 40 30 36 24 95 13 77 38 26 69 19 43 ]
[ 70 53 69 53 47 77 51 73 62 22 13 26 78 84 14 65 69 50 65 61 80 53 86 27 67 ]
[ 15 65 45 84 85 88 6 38 57 60 38 35 11 11 49 33 24 28 64 61 42 29 30 44 46 ]
[ 92 77 99 30 4 18 97 22 63 33 7 51 39 97 61 99 87 48 63 99 97 96 75 25 12 ]
[ 36 67 41 19 64 87 63 41 87 45 45 5 42 67 21 27 26 24 66 76 85 18 63 33 81 ]
[ 14 31 29 90 56 42 78 76 35 97 92 75 12 33 62 57 30 19 51 98 92 78 76 17 97 ]
[ 4 2 67 20 88 48 34 71 29 76 79 71 7 7 59 56 99 34 69 32 48 26 63 67 78 ]
[ 13 12 8 41 29 5 46 83 72 18 71 72 52 94 2 81 74 25 88 81 84 44 81 70 65 ]
[ 65 18 92 80 38 22 93 50 30 87 79 88 85 14 12 3 86 85 55 32 39 88 6 16 76 ]
[ 88 53 73 21 23 38 86 42 82 67 32 56 12 82 39 99 13 27 84 27 91 87 65 76 95 ]
[ 98 67 83 4 84 12 44 37 37 65 60 27 4 54 10 23 38 18 35 20 57 87 85 36 71 ]
[ 13 28 11 78 56 58 28 24 93 85 60 5 29 97 94 47 9 22 51 16 84 74 54 2 61 ]
[ 27 12 48 12 48 72 25 28 83 56 85 93 36 61 86 21 21 44 51 70 38 98 79 12 1 ]
[ 47 96 27 2 51 88 29 63 37 41 63 61 19 92 96 27 29 89 63 90 75 85 63 71 36 ]
[ 33 62 86 64 74 39 64 23 66 66 26 6 47 89 95 40 4 56 59 96 52 38 77 41 2 ]
[ 19 69 87 82 92 75 67 54 13 84 81 52 48 4 70 66 82 76 13 23 72 5 27 28 17 ]
[ 76 33 55 53 74 57 73 95 96 7 40 71 75 94 36 59 75 88 59 31 58 25 65 87 90 ]

Timer (sort): 1322ms real	1310ms user	0ms sys
The output is sorted!
[ 30 11 0 21 7 19 3 26 51 0 13 6 28 19 89 34 16 74 29 10 27 65 30 45 4 ]
[ 2 67 19 11 28 0 52 3 8 85 38 0 30 40 44 57 69 4 2 14 2 15 36 25 7 ]
[ 4 32 94 56 0 13 48 28 80 27 3 11 4 20 59 36 38 1 2 22 18 12 43 32 3 ]
[ 2 80 4 50 21 13 47 1 15 9 15 2 26 14 30 33 70 47 89 18 7 10 28 43 36 ]
[ 38 20 15 30 51 27 3 12 4 11 73 30 17 12 8 36 50 48 11 7 35 26 65 49 35 ]
[ 25 0 4 33 49 88 5 25 17 20 8 9 44 45 62 17 29 12 57 7 30 23 39 39 26 ]
[ 4 3 3 48 39 23 70 14 40 71 70 3 68 49 38 8 28 26 10 23 5 14 52 17 1 ]
[ 9 34 41 98 16 17 0 20 26 87 43 6 15 40 9 20 12 4 48 29 69 4 4 23 57 ]
[ 18 12 6 20 34 57 44 74 5 32 6 11 82 9 14 5 55 18 79 28 78 7 26 3 11 ]
[ 14 33 27 93 39 74 3 3 39 80 69 0 46 86 15 4 9 2 1 37 9 16 30 0 7 ]
[ 26 55 15 56 40 16 10 10 61 19 7 26 97 22 61 5 45 1 10 21 15 3 55 50 10 ]
[ 69 67 13 6 43 23 20 67 9 18 9 51 11 19 21 15 21 21 41 95 28 27 28 10 4 ]
[ 15 12 22 33 23 22 7 8 10 30 22 13 39 71 55 68 74 30 1 39 24 33 9 34 43 ]
[ 57 23 85 40 8 3 17 3 5 16 19 87 46 53 3 43 10 15 46 19 6 9 47 4 73 ]
[ 16 16 12 41 24 32 89 72 8 1 41 76 56 38 12 0 8 30 22 2 81 11 10 30 10 ]
[ 66 20 31 23 23 5 27 14 13 17 22 88 16 15 23 91 26 34 86 8 1 8 31 16 35 ]
[ 12 3 8 1 37 57 18 47 18 47 78 34 15 69 33 37 2 86 0 45 23 34 17 3 15 ]
[ 26 84 6 12 44 37 0 1 4 20 44 59 96 34 22 30 12 24 27 31 32 20 7 1 69 ]
[ 4 8 59 56 43 90 28 4 14 26 13 77 23 9 55 85 3 28 31 15 10 24 23 3 16 ]
[ 11 13 31 39 17 39 32 53 11 17 17 22 64 49 53 44 5 20 74 13 2 11 15 3 98 ]

Timer (generate): 22ms real	20ms user	0ms sys
[ 31 96 87 94 18 17 38 38 38 19 17 81 49 10 89 77 66 93 15 25 10 84 89 91 32 ]
[ 67 38 67 86 49 96 69 97 36 63 68 53 54 6 91 73 75 24 22 37 13 51 3 58 18 ]
[ 28 20 55 69 12 87 36 50 54 22 51 3 91 1 39 7 69 44 61 27 87 34 2 11 8 ]
[ 39 76 11 94 35 30 22 55 37 91 67 24 27 70 31 1 21 34 92 74 25 51 43 21 64 ]
[ 70 8 50 24 19 58 15 95 22 9 82 52 31 38 89 74 57 65 53 79 48 54 53 34 99 ]
[ 27 59 50 71 80 15 93 40 17 18 59 76 85 7 98 95 89 2 78 79 43 53 37 60 6 ]
[ 16 9 61 69 43 12 49 55 62 72 35 29 65 76 47 35 87 75 21 94 25 68 36 79 46 ]
[ 15 22 99 4 34 58 21 43 71 42 87 83 43 42 45 15 29 27 81 57 26 68 45 1 41 ]
[ 91 78 9 27 57 56 43 31 7 47 65 65 20 9 88 15 48 71 58 90 69 26 71 96 59 ]
[ 29 74 27 26 27 21 69 5 30 97 14 38 92 45 98 91 62 15 64 23 4 31 71 75 41 ]
[ 13 44 67 85 92 26 14 66 6 92 93 27 61 50 9 10 64 0 2 61 50 46 76 65 62 ]
[ 99 69 93 71 97 86 84 41 54 21 86 32 35 4 38 79 98 17 41 0 79 51 65 31 6 ]
[ 78 81 4 54 46 66 54 68 11 77 65 97 13 58 3 35 96 36 22 1 26 2 51 96 95 ]
[ 51 27 98 68 58 56 47 39 60 53 37 78 7 5 41 36 22 39 50 33 94 37 29 82 59 ]
[ 30 9 13 81 57 8 85 84 7 53 42 15 0 33 76 54 70 6 13 28 48 2 50 39 52 ]
[ 83 33 41 65 16 0 47 77 14 81 34 74 66 70 33 19 12 49 20 97 77 26 67 83 91 ]
[ 95 83 93 98 22 97 33 8 38 98 24 91 98 53 57 79 39 31 45 9 17 64 73 66 36 ]
[ 70 43 14 89 78 6 85 62 51 35 36 1 68 44 91 19 20 82 17 73 91 96 12 75 93 ]
[ 73 92 57 46 58 46 68 53 60 58 31 18 95 93 70 30 30 23 50 26 14 69 47 49 38 ]
[ 72 40 86 37 67 79 10 59 89 9 17 35 77 70 95 35 2 66 30 47 88 12 29 11 63 ]

Timer (sort): 1302ms real	1300ms user	0ms sys
The output is sorted!
[ 16 1 19 5 2 6 40 26 35 2 35 27 86 19 12 9 5 7 22 22 15 36 52 4 6 ]
[ 26 19 11 4 40 33 15 64 18 52 17 15 7 33 12 45 7 47 1 5 1 38 86 3 62 ]
[ 38 97 40 59 17 16 40 77 24 2 19 20 7 7 9 55 30 5 10 44 0 25 24 13 0 ]
[ 12 1 85 49 53 11 35 24 5 12 46 24 7 44 28 6 23 28 28 14 20 3 37 65 33 ]
[ 72 14 1 32 40 0 41 15 14 37 11 41 98 13 2 47 2 6 73 37 9 4 14 51 39 ]
[ 80 33 6 1 12 10 42 41 43 39 29 0 24 15 55 2 72 40 74 20 22 30 5 21 5 ]
[ 29 54 2 71 32 3 12 65 7 18 42 80 58 4 9 55 26 8 5 7 11 11 73 12 35 ]
[ 53 28 30 8 7 63 40 2 62 38 51 4 21 15 17 39 18 2 5 77 7 57 2 14 74 ]
[ 57 50 54 4 12 68 2 36 0 14 19 4 9 38 46 14 4 33 2 7 55 60 73 66 12 ]
[ 15 38 8 21 24 18 18 0 13 53 3 11 50 82 21 75 69 65 7 54 25 25 21 16 9 ]
[ 0 28 4 35 4 8 17 94 10 86 18 95 44 22 47 47 5 5 32 4 0 2 81 49 7 ]
[ 3 28 4 15 60 5 23 20 54 58 33 8 22 32 57 9 55 56 18 16 26 5 8 63 72 ]
[ 1 43 38 56 28 56 11 22 12 83 41 18 2 20 53 45 27 23 30 2 29 5 70 32 3 ]
[ 9 93 54 58 24 16 29 1 28 10 90 24 21 77 21 4 19 11 12 3 56 37 18 29 9 ]
[ 0 7 28 29 78 78 41 29 49 22 15 3 84 26 66 82 9 17 3 4 15 0 11 16 44 ]
[ 18 35 2 9 30 0 23 11 74 72 22 45 3 3 16 96 27 43 21 80 15 9 85 0 21 ]
[ 65 94 8 99 7 5 13 21 41 71 80 33 11 4 1 9 6 16 0 59 20 2 31 49 17 ]
[ 30 53 75 11 43 5 17 84 8 6 7 1 32 47 59 1 65 18 84 24 40 2 7 42 3 ]
[ 8 11 3 72 2 48 60 30 73 67 38 56 8 39 2 19 11 33 74 0 14 11 7 30 48 ]
[ 15 26 93 75 3 26 15 16 63 6 16 12 13 52 34 15 9 40 35 48 10 63 17 12 53 ]

Timer (generate): 22ms real	20ms user	0ms sys
[ 53 37 67 83 36 78 71 88 23 71 11 66 58 50 77 75 30 20 98 10 59 28 47 28 40 ]
[ 4 48 44 6 12 28 60 49 96 95 85 74 18 25 98 41 89 64 0 39 94 27 70 66 77 ]
[ 32 77 5 79 5 46 84 6 90 90 18 18 2 20 66 49 57 41 20 35 91 13 24 7 65 ]
[ 63 53 92 85 71 69 70 48 27 49 6 25 85 12 67 28 82 37 82 2 4 84 60 45 4 ]
[ 47 88 69 71 47 35 86 1 79 72 72 1 42 21 28 43 27 5 29 91 72 9 25 9 91 ]
[ 80 13 27 92 10 83 39 98 53 10 46 40 96 99 19 20 71 20 14 44 0 58 23 5 39 ]
[ 66 29 0 44 39 43 24 4 71 16 15 54 7 65 7 17 63 99 65 62 19 86 86 91 0 ]
[ 82 44 10 58 1 49 24 31 49 68 22 45 44 26 16 60 41 70 67 59 30 36 22 29 2 ]
[ 85 0 40 23 92 92 5 88 3 63 89 4 40 72 6 60 94 51 5 21 67 17 14 89 37 ]
[ 73 71 73 96 53 27 33 53 67 8 97 60 13 37 15 29 27 19 69 99 77 29 94 28 34 ]
[ 67 47 52 81 89 41 7 60 14 3 65 94 88 71 61 96 68 73 61 6 40 90 85 12 59 ]
[ 36 89 41 82 18 27 49 17 31 31 6 72 38 67 87 93 84 33 33 55 46 81 24 20 42 ]
[ 82 12 33 19 24 44 55 14 37 38 84 65 39 1 96 70 8 69 60 27 8 5 11 41 90 ]
[ 67 87 71 43 59 14 77 72 99 96 96 95 3 10 33 93 94 98 33 48 94 55 56 63 68 ]
[ 35 23 73 46 64 16 65 52 87 8 11 53 85 35 4 33 32 52 89 94 85 82 41 35 67 ]
[ 89 81 23 45 45 43 32 68 68 78 85 84 44 37 72 4 0 77 42 36 82 75 20 34 16 ]
[ 14 71 51 55 6 18 96 39 93 93 84 36 25 5 5 4 42 89 0 79 13 4 31 91 98 ]
[ 67 25 26 39 11 42 54 82 93 61 40 12 58 79 5 51 16 94 77 73 99 33 15 88 85 ]
[ 46 2 41 29 45 40 49 70 66 88 33 60 42 15 54 56 7 18 14 38 75 17 6 69 46 ]
[ 31 68 79 98 9 16 96 11 58 26 8 98 75 78 16 63 11 76 58 78 82 14 37 0 28 ]

Timer (sort): 1317ms real	1320ms user	0ms sys
The output is sorted!
[ 9 41 90 30 2 6 9 68 14 8 27 15 24 33 14 36 2 17 15 64 11 20 41 4 7 ]
[ 8 41 68 35 39 24 22 16 44 28 19 3 2 2 64 17 4 36 41 39 52 7 3 6 0 ]
[ 19 20 14 71 12 45 21 51 47 25 15 0 7 2 43 23 42 62 5 20 29 0 3 53 16 ]
[ 4 30 16 14 5 11 11 36 11 56 15 32 0 57 23 29 4 4 19 15 93 5 94 9 60 ]
[ 10 2 2 9 5 18 0 27 37 54 3 16 28 97 51 93 1 40 70 29 50 14 5 0 4 ]
[ 1 66 40 43 12 50 25 12 9 44 41 29 15 42 0 3 39 12 20 10 91 9 30 7 19 ]
[ 83 88 18 9 9 11 25 7 11 11 38 0 46 70 16 16 43 0 38 27 34 24 9 31 30 ]
[ 19 4 37 41 32 1 4 48 21 79 0 27 0 15 14 5 0 8 90 12 95 32 84 31 2 ]
[ 21 35 39 39 31 2 17 21 1 52 5 44 14 52 39 3 29 85 8 26 81 16 6 6 47 ]
[ 8 46 20 57 9 11 31 29 1 1 4 28 38 8 48 2 68 8 52 51 33 82 20 25 39 ]
[ 25 33 5 65 38 90 10 14 24 22 13 27 5 72 21 30 21 3 15 35 35 34 57 13 13 ]
[ 1 16 86 48 39 18 0 18 22 31 16 6 86 4 14 49 15 52 4 16 41 22 39 74 7 ]
[ 17 80 76 2 31 46 17 45 41 50 36 9 8 23 6 13 10 50 3 13 5 19 21 45 60 ]
[ 49 66 39 16 30 34 8 8 2 11 51 0 16 70 2 67 39 5 28 19 12 12 40 63 44 ]
[ 42 3 8 61 3 12 96 11 26 9 92 21 57 53 26 1 8 18 33 6 5 1 22 51 68 ]
[ 30 65 52 17 58 16 55 31 4 7 12 5 0 22 82 0 41 3 16 19 34 54 59 38 16 ]
[ 3 28 3 9 9 6 9 7 56 23 50 94 37 3 43 5 75 11 13 95 2 20 34 38 64 ]
[ 6 56 64 0 72 63 5 7 42 30 7 71 70 56 0 13 8 34 51 9 3 4 0 3 67 ]
[ 22 21 55 62 22 15 27 8 59 59 3 26 34 73 2 36 9 27 16 86 30 8 6 8 32 ]
[ 52 7 32 45 13 0 19 91 41 14 21 22 3 13 50 28 80 11 7 10 43 5 33 86 22 ]

Timer (generate): 22ms real	20ms user	0ms sys
[ 83 83 42 59 14 77 58 63 69 11 71 33 7 84 14 42 66 85 98 32 42 23 66 97 42 ]
[ 27 99 6 57 68 55 93 3 97 52 18 27 62 33 96 25 56 81 32 40 95 27 58 32 25 ]
[ 43 74 0 9 24 95 36 23 1 46 44 8 39 47 57 43 17 84 58 2 32 35 58 13 20 ]
[ 51 60 47 61 93 24 4 19 76 66 95 71 54 19 24 0 15 32 91 14 90 87 84 26 97 ]
[ 86 59 84 45 24 4 48 37 3 9 82 27 14 1 56 80 49 27 34 20 52 87 35 36 30 ]
[ 1 26 69 85 53 66 72 64 51 69 40 7 17 77 11 26 59 90 92 13 46 24 62 26 11 ]
[ 82 30 98 69 66 80 70 93 50 56 98 68 80 14 71 49 54 79 18 32 42 96 43 32 89 ]
[ 56 79 13 70 57 24 4 87 74 73 53 7 96 98 57 4 96 77 84 62 49 85 17 28 3 ]
[ 1 70 51 44 54 40 53 85 6 75 42 82 80 29 9 5 35 16 1 33 25 57 82 2 41 ]
[ 44 51 78 13 31 33 14 53 85 59 60 77 64 45 83 39 40 66 19 21 27 77 56 43 30 ]
[ 42 68 88 76 70 29 72 74 60 86 57 93 52 63 78 11 23 56 75 20 91 67 60 9 86 ]
[ 82 36 63 90 79 94 84 99 34 60 70 15 85 96 75 23 53 69 75 68 99 39 91 7 66 ]
[ 64 99 33 24 60 72 58 97 87 1 28 33 85 28 67 98 50 83 83 46 58 58 51 79 33 ]
[ 20 31 24 63 38 91 27 89 24 4 50 48 14 99 36 15 79 69 53 7 37 51 57 20 86 ]
[ 55 30 96 7 62 29 79 93 6 94 31 97 74 73 73 78 75 74 44 74 10 60 53 79 65 ]
[ 13 16 16 22 88 54 78 71 50 37 33 31 16 78 37 10 61 86 84 34 12 14 9 86 11 ]
[ 35 96 23 41 27 88 54 96 56 76 84 10 6 7 12 43 92 43 11 70 33 74 32 19 10 ]
[ 18 83 77 28 69 88 15 17 11 56 45 99 62 41 55 91 77 17 49 85 29 93 77 72 56 ]
[ 0 57 30 32 29 93 50 12 70 30 34 58 98 3 69 6 0 20 69 93 27 12 71 44 61 ]
[ 8 73 6 37 97 15 37 55 45 21 84 90 72 48 60 54 34 18 52 38 39 11 38 11 32 ]

Timer (sort): 1338ms real	1340ms user	0ms sys
The output is sorted!
[ 39 20 8 43 3 20 15 67 77 10 72 10 45 4 23 11 16 21 62 6 21 12 11 7 52 ]
[ 67 2 13 68 83 30 58 9 13 32 7 2 22 45 8 71 4 16 20 12 11 41 1 28 24 ]
[ 11 11 52 23 19 4 7 11 7 13 24 29 10 57 59 2 93 14 9 1 46 26 82 40 40 ]
[ 50 31 90 3 0 41 24 15 20 0 9 0 3 55 6 32 40 43 47 42 24 51 0 34 36 ]
[ 9 8 1 21 38 40 24 32 3 1 84 3 7 19 6 85 13 22 43 10 42 37 81 15 57 ]
[ 15 7 1 31 37 16 20 11 24 15 72 1 45 91 2 27 17 74 6 5 15 23 39 75 36 ]
[ 49 53 4 31 7 28 27 7 91 2 9 11 44 30 2 34 52 15 34 9 7 19 28 85 38 ]
[ 84 11 7 31 1 1 50 9 22 32 54 16 39 54 50 2 47 2 36 19 16 1 9 58 70 ]
[ 50 59 16 8 28 13 41 10 6 39 10 10 63 89 49 38 7 38 14 63 1 13 21 2 33 ]
[ 16 74 24 48 29 3 46 0 23 9 13 56 76 3 50 10 56 0 53 19 13 53 24 9 14 ]
[ 34 13 2 51 65 21 71 13 11 9 30 38 31 26 87 19 4 17 1 40 43 4 67 27 1 ]
[ 25 12 32 17 17 63 40 51 19 15 89 4 14 23 7 9 24 16 22 12 85 51 18 48 17 ]
[ 53 54 36 12 22 47 8 22 12 9 69 1 15 2 73 7 3 33 50 37 10 63 11 6 76 ]
[ 7 14 42 21 75 35 46 13 67 20 37 21 1 1 6 60 7 29 57 7 5 5 31 66 65 ]
[ 0 27 37 23 51 15 51 90 81 20 21 8 17 32 23 1 43 19 9 66 17 29 1 11 48 ]
[ 42 60 2 35 81 7 3 6 0 56 58 9 47 73 20 1 6 12 38 45 20 6 15 82 24 ]
[ 17 37 23 46 0 10 14 13 24 83 13 37 0 16 90 34 45 63 0 22 47 50 20 12 33 ]
[ 6 21 14 14 39 6 52 59 10 5 4 26 22 11 25 55 89 82 30 47 0 36 64 26 9 ]
[ 29 63 1 17 9 15 35 53 1 3 0 47 93 95 13 76 22 20 53 4 26 3 24 20 33 ]
[ 4 44 24 58 9 92 65 46 40 6 28 18 21 5 23 9 10 39 27 62 15 67 18 24 9 ]

Timer (generate): 24ms real	20ms user	0ms sys
[ 22 8 1 21 88 46 94 26 57 5 96 86 71 77 73 71 12 63 95 66 12 66 21 69 42 ]
[ 71 1 66 63 33 12 37 42 14 58 82 12 52 8 69 57 4 8 81 81 81 52 45 96 47 ]
[ 64 8 66 37 78 8 8 31 74 23 17 39 60 11 5 18 93 17 71 2 39 80 58 47 61 ]
[ 92 80 65 37 28 13 53 36 31 90 66 39 51 50 66 74 67 5 35 78 10 5 71 79 76 ]
[ 25 18 57 84 17 70 76 49 36 65 77 1 71 66 32 61 32 71 12 82 89 39 1 94 74 ]
[ 79 56 31 3 88 60 28 58 69 64 76 39 92 77 27 10 55 28 81 21 12 94 5 36 59 ]
[ 40 25 98 41 72 24 73 80 55 76 68 15 56 27 84 73 55 76 65 32 3 75 87 84 8 ]
[ 60 96 3 66 84 62 58 10 60 99 34 84 24 14 91 0 83 7 9 10 43 82 65 19 47 ]
[ 49 23 75 37 59 35 97 55 38 15 40 52 73 2 64 25 36 0 49 50 92 2 85 51 11 ]
[ 47 46 93 64 66 92 14 41 19 3 0 55 0 7 45 68 47 98 41 1 14 18 37 15 68 ]
[ 40 59 70 25 10 33 25 56 78 89 74 70 3 67 42 6 67 97 59 75 94 27 74 92 20 ]
[ 76 59 39 65 74 59 5 85 29 83 95 14 8 3 92 97 30 62 53 97 56 59 17 53 70 ]
[ 44 48 49 18 92 70 46 3 61 12 77 20 17 62 1 52 9 15 60 65 7 58 95 21 63 ]
[ 44 78 74 61 83 45 5 83 94 76 28 16 22 31 29 86 61 49 56 75 2 8 37 69 69 ]
[ 2 76 79 49 50 42 93 80 16 7 15 13 64 51 8 40 79 76 15 62 58 1 23 59 9 ]
[ 99 62 18 36 31 87 90 60 18 39 62 60 84 94 28 43 9 42 60 60 2 0 91 78 67 ]
[ 54 88 21 77 48 30 28 10 48 16 93 87 58 53 57 49 67 69 86 61 98 29 71 40 41 ]
[ 83 94 42 75 24 61 29 13 82 58 61 65 39 71 65 7 64 5 66 70 62 67 89 32 53 ]
[ 51 82 35 74 74 76 57 68 70 84 92 84 13 5 18 24 66 83 15 89 49 22 6 6 40 ]
[ 28 68 60 17 52 13 68 34 0 94 8 29 4 76 51 88 21 35 54 26 54 30 45 89 45 ]

Timer (sort): 1317ms real	1320ms user	0ms sys
The output is sorted!
[ 26 4 11 29 23 44 2 51 28 43 38 17 21 3 5 29 29 47 21 17 3 4 0 40 2 ]
[ 3 19 29 42 7 41 17 3 4 35 8 9 17 60 25 7 29 6 11 39 41 57 96 5 50 ]
[ 3 7 30 6 6 16 23 16 69 41 88 50 7 22 10 6 4 74 1 18 12 49 32 14 58 ]
[ 54 39 21 28 52 3 6 6 10 19 85 4 50 46 9 1 51 34 38 47 29 17 2 22 17 ]
[ 23 7 14 1 5 39 86 33 35 41 3 32 4 83 46 27 24 71 81 1 15 9 13 22 4 ]
[ 1 1 8 23 15 46 27 28 66 4 41 80 31 30 66 24 4 68 88 20 3 12 8 19 7 ]
[ 36 21 22 18 25 44 2 52 38 52 4 19 24 5 4 43 74 25 52 7 35 11 31 74 4 ]
[ 59 30 53 15 1 21 6 21 36 54 73 6 7 91 79 15 11 32 6 8 14 0 0 1 84 ]
[ 5 81 1 21 50 67 10 1 8 14 26 3 22 62 79 18 26 3 66 63 6 15 16 6 65 ]
[ 14 59 0 17 39 10 62 19 8 38 29 66 39 35 47 21 25 49 47 12 10 13 62 6 9 ]
[ 45 45 7 23 5 25 89 6 12 32 1 31 64 0 16 56 13 38 10 42 17 51 58 12 39 ]
[ 51 17 14 64 45 7 67 20 6 6 51 49 4 13 3 20 23 41 14 60 91 23 16 31 6 ]
[ 52 43 49 2 40 52 54 6 7 0 50 1 16 5 62 6 83 71 11 0 15 16 4 72 26 ]
[ 4 24 4 7 40 15 6 34 9 39 9 30 40 4 40 44 17 34 55 58 93 37 62 35 3 ]
[ 14 44 10 43 22 81 33 21 43 37 26 2 32 32 71 29 75 6 16 2 23 23 2 33 32 ]
[ 13 59 10 16 14 22 5 20 75 43 20 74 3 13 32 5 39 15 16 37 42 88 3 87 1 ]
[ 17 18 8 63 21 36 7 40 68 6 99 91 12 0 69 2 22 14 3 68 6 31 11 16 24 ]
[ 19 43 63 53 4 1 20 1 22 59 62 9 47 33 79 45 16 18 97 7 7 38 1 11 0 ]
[ 2 37 5 11 37 6 59 43 4 56 14 27 19 32 18 64 16 7 44 30 67 27 57 72 5 ]
[ 38 89 11 11 59 32 36 2 17 14 18 12 9 45 70 32 34 35 47 18 21 30 82 2 1 ]

Timer (generate): 23ms real	20ms user	0ms sys
[ 40 67 63 10 33 60 41 24 72 40 67 51 69 49 92 62 60 23 96 20 10 4 29 22 81 ]
[ 0 19 27 56 50 43 48 17 58 11 2 70 52 26 43 44 46 94 66 95 87 28 55 62 77 ]
[ 75 72 81 57 94 14 57 66 93 13 16 36 62 34 94 73 88 65 77 15 60 21 61 54 87 ]
[ 8 93 68 63 56 45 91 80 78 48 75 93 5 41 86 70 9 23 84 95 69 9 84 86 86 ]
[ 51 46 60 12 53 99 20 46 19 35 54 64 78 35 43 26 62 88 83 55 74 6 64 49 90 ]
[ 12 71 0 96 57 38 47 4 50 11 9 50 83 55 69 18 62 86 97 49 81 75 11 69 11 ]
[ 66 43 17 82 45 7 94 16 59 42 73 98 89 29 0 52 38 50 35 46 72 6 60 10 55 ]
[ 9 91 30 20 12 41 38 7 58 20 52 18 15 68 29 57 94 79 99 75 80 51 66 30 87 ]
[ 64 54 45 24 64 0 33 7 30 53 19 24 43 27 34 63 79 4 30 0 34 40 46 13 39 ]
[ 21 93 42 87 76 81 51 30 26 27 47 26 60 54 9 65 74 33 8 53 19 24 84 24 54 ]
[ 84 58 94 30 71 85 4 17 28 43 93 9 47 75 36 74 74 62 87 81 71 52 7 56 13 ]
[ 60 76 37 44 0 43 29 10 38 11 33 23 67 50 51 11 95 61 58 23 49 32 97 11 19 ]
[ 30 35 24 37 91 37 97 19 26 42 71 69 23 81 59 86 15 83 54 17 86 65 13 99 75 ]
[ 88 48 59 37 12 31 68 99 55 5 90 44 3 62 22 97 33 91 72 15 51 58 82 86 64 ]
[ 99 72 29 64 24 56 4 72 16 42 36 99 62 35 54 67 78 50 22 40 72 71 73 15 43 ]
[ 40 18 54 22 56 18 74 29 0 90 53 56 95 77 24 37 14 23 99 49 29 18 27 79 41 ]
[ 19 3 64 45 71 8 85 89 62 60 46 80 34 27 80 24 32 89 19 9 13 8 75 37 59 ]
[ 77 66 78 4 98 71 76 1 35 21 24 95 6 14 9 66 12 42 0 91 74 77 23 63 48 ]
[ 84 29 57 60 18 16 37 84 46 93 34 17 69 88 5 90 12 0 49 26 62 15 90 4 68 ]
[ 81 78 97 4 94 45 89 23 54 1 41 71 38 77 17 31 12 87 53 0 92 95 12 44 44 ]

Timer (sort): 1303ms real	1300ms user	0ms sys
The output is sorted!
[ 6 11 87 10 26 79 13 2 24 32 14 10 4 53 42 1 82 42 22 2 7 61 8 22 11 ]
[ 12 24 23 6 12 75 63 21 34 83 2 8 2 57 10 55 12 20 1 7 57 22 21 10 36 ]
[ 28 44 4 24 13 2 3 74 66 35 3 1 47 4 4 3 49 9 73 88 20 4 6 62 12 ]
[ 80 54 45 10 0 36 36 5 9 3 8 61 27 36 0 5 8 52 47 6 5 41 15 34 65 ]
[ 8 8 0 44 14 6 37 62 9 14 19 69 10 11 62 20 70 42 25 19 76 2 9 67 2 ]
[ 15 70 7 59 4 24 6 27 35 53 36 4 14 31 2 10 65 23 0 68 20 28 18 43 50 ]
[ 96 20 27 33 2 4 0 65 20 68 37 42 28 5 10 20 12 17 36 63 1 9 61 45 2 ]
[ 24 6 34 14 53 15 61 18 80 10 39 21 9 48 70 3 54 12 33 34 0 4 0 4 84 ]
[ 3 13 11 19 17 73 67 13 87 45 19 18 7 11 12 50 5 6 44 38 27 66 24 5 55 ]
[ 6 2 9 30 32 47 10 14 13 73 4 14 24 18 50 26 70 46 13 16 25 59 49 28 61 ]
[ 20 36 0 28 1 22 8 67 23 36 11 21 7 9 27 63 0 11 40 78 52 18 53 57 51 ]
[ 40 19 12 48 8 0 23 33 1 45 8 26 68 27 71 47 58 22 33 6 26 9 57 4 50 ]
[ 8 60 9 69 34 3 8 99 45 27 15 26 10 11 47 59 24 1 13 5 61 24 28 1 55 ]
[ 6 2 9 43 10 81 43 64 0 72 1 14 15 84 68 15 31 6 18 9 86 1 21 28 16 ]
[ 27 9 16 35 1 0 18 14 64 17 92 74 39 11 41 0 3 15 35 38 66 87 19 14 10 ]
[ 4 29 58 25 17 40 97 6 5 0 42 72 1 31 36 35 13 97 57 15 17 5 9 14 20 ]
[ 8 9 12 48 55 2 87 5 31 12 1 20 11 21 16 48 26 54 11 3 26 49 82 46 64 ]
[ 6 14 7 37 7 26 24 28 44 5 55 4 75 20 44 59 4 45 91 58 0 3 21 16 61 ]
[ 16 16 41 46 63 75 27 35 71 27 8 7 7 16 41 3 84 19 4 19 3 69 40 14 3 ]
[ 45 21 17 85 33 13 35 16 24 35 9 15 1 94 57 45 2 2 12 4 61 0 47 24 59 ]

Timer (generate): 27ms real	20ms user	0ms sys
[ 60 52 62 70 86 85 59 48 68 86 91 87 44 44 49 65 55 11 44 60 70 48 93 83 40 ]
[ 71 28 89 92 53 5 5 5 67 75 44 4 87 92 24 25 83 64 70 28 13 87 35 24 83 ]
[ 95 47 32 88 30 24 11 10 13 3 64 70 8 21 38 36 65 94 23 57 19 48 93 83 70 ]
[ 73 48 9 8 24 93 55 71 77 43 54 1 54 64 67 9 28 89 18 2 79 6 67 74 81 ]
[ 77 45 29 70 80 52 95 28 13 3 52 58 58 24 35 53 78 89 59 94 8 68 23 97 38 ]
[ 25 29 44 44 3 25 21 48 7 43 28 11 90 8 24 93 12 83 3 36 70 56 66 11 67 ]
[ 61 19 36 36 69 74 13 98 19 9 53 44 83 53 51 78 33 62 69 41 39 62 53 22 18 ]
[ 42 92 26 60 56 94 21 27 30 9 96 56 74 46 75 84 51 72 67 4 75 45 89 38 66 ]
[ 30 29 81 36 51 99 78 95 25 38 51 71 12 79 1 73 27 58 48 26 85 84 29 57 3 ]
[ 34 33 0 75 23 67 6 4 48 42 55 47 72 2 24 62 6 96 74 85 49 48 64 59 48 ]
[ 42 45 32 72 54 35 58 39 87 33 14 54 39 18 2 33 25 1 57 80 26 20 86 74 94 ]
[ 23 23 94 87 35 94 30 32 26 2 38 13 12 78 1 45 44 7 37 15 10 70 92 63 28 ]
[ 72 41 0 58 15 94 81 91 41 21 26 35 51 58 14 5 96 79 17 26 32 14 23 40 51 ]
[ 38 2 74 82 65 2 55 7 2 65 74 48 99 65 41 20 43 77 23 53 91 80 2 70 97 ]
[ 80 3 11 3 95 63 93 97 37 76 14 91 83 21 45 48 48 45 99 65 87 19 9 16 94 ]
[ 14 7 74 16 29 71 97 84 35 52 79 50 46 28 39 74 43 82 9 16 79 9 64 24 9 ]
[ 82 63 28 91 79 23 57 38 49 26 20 21 75 56 8 27 88 58 25 16 49 99 11 31 8 ]
[ 28 10 70 44 86 79 26 2 59 69 33 34 27 72 84 53 44 57 28 0 65 7 88 75 33 ]
[ 57 24 84 68 7 45 96 69 15 93 7 94 19 9 5 89 43 40 68 67 24 73 11 81 53 ]
[ 63 98 60 4 73 93 61 49 30 81 56 75 30 77 42 23 84 36 42 46 93 83 41 33 3 ]

Timer (sort): 1309ms real	1310ms user	0ms sys
The output is sorted!
[ 28 49 30 38 24 8 19 15 9 8 18 29 10 4 26 17 30 13 13 3 23 44 88 87 10 ]
[ 6 88 7 39 6 9 4 47 5 13 48 9 20 8 31 3 54 1 46 47 71 27 22 30 25 ]
[ 22 33 0 11 24 27 58 8 16 0 10 19 63 97 8 32 44 50 11 54 8 9 18 17 30 ]
[ 88 1 1 33 54 20 25 68 18 18 55 7 71 3 14 75 0 30 20 5 38 8 6 24 10 ]
[ 20 4 15 19 13 81 55 39 33 27 46 18 11 58 8 10 21 35 46 49 34 28 5 19 5 ]
[ 2 44 5 31 12 23 10 46 14 12 0 41 28 62 14 18 55 40 1 88 13 34 19 14 74 ]
[ 38 6 30 28 12 6 28 2 6 20 16 0 27 60 8 85 28 56 1 50 65 72 58 0 4 ]
[ 12 72 1 10 50 15 55 82 25 41 66 24 17 24 38 24 17 36 4 5 14 39 46 2 2 ]
[ 32 3 17 19 16 26 1 76 63 8 25 74 14 94 33 15 6 27 42 36 26 7 6 54 4 ]
[ 4 89 21 4 18 39 48 87 15 5 1 41 38 0 21 5 85 85 5 16 29 41 13 3 13 ]
[ 55 19 73 45 8 4 22 5 6 11 62 79 3 3 10 7 41 12 82 17 1 34 41 69 17 ]
[ 64 39 46 74 1 93 4 11 4 37 7 15 8 11 16 25 33 48 13 4 63 42 1 11 57 ]
[ 17 8 56 4 19 84 26 8 6 49 22 3 42 38 0 10 9 82 17 14 25 95 49 26 18 ]
[ 13 44 56 7 39 4 21 90 42 39 8 23 17 22 72 40 20 44 19 52 25 19 7 12 3 ]
[ 1 13 18 3 58 0 68 20 1 13 38 62 19 33 65 20 7 42 45 35 77 7 38 3 54 ]
[ 97 42 30 2 58 4 25 2 4 26 17 4 69 26 21 23 68 53 45 56 9 38 10 7 6 ]
[ 60 80 20 24 18 9 26 3 43 26 12 17 12 84 0 54 2 16 0 5 14 41 85 4 91 ]
[ 32 54 1 4 40 44 23 60 8 10 15 46 30 9 39 12 19 33 87 12 76 7 42 7 37 ]
[ 35 3 36 21 24 48 21 26 7 79 16 10 31 67 89 22 8 27 62 0 39 8 3 49 18 ]
[ 35 14 45 6 17 59 24 9 7 25 16 98 49 18 8 32 26 0 6 63 3 28 88 69 4 ]

Timer (generate): 22ms real	10ms user	0ms sys
[ 71 98 4 12 19 61 42 61 24 98 91 94 94 18 22 26 11 87 30 11 52 50 80 36 90 ]
[ 15 23 94 41 43 70 64 41 27 76 60 88 19 73 64 69 65 58 64 35 81 42 98 20 24 ]
[ 10 72 27 42 8 17 9 84 11 50 27 34 66 68 61 43 80 1 62 53 65 83 70 24 99 ]
[ 58 57 42 56 77 18 18 2 45 12 10 15 22 94 78 24 73 12 91 41 25 34 21 26 48 ]
[ 27 92 31 49 68 83 59 77 25 16 54 95 86 56 41 99 19 8 73 65 86 97 91 51 88 ]
[ 32 76 74 6 3 22 85 47 6 86 67 89 46 44 66 14 98 61 0 7 54 51 78 62 24 ]
[ 95 1 74 86 4 62 71 32 37 29 35 11 14 34 17 0 1 6 46 45 24 60 96 86 13 ]
[ 55 92 16 85 7 93 80 8 67 19 64 29 90 96 18 19 84 30 85 18 47 37 72 6 84 ]
[ 17 30 96 65 68 61 72 61 78 57 68 23 90 28 90 9 92 19 51 88 90 22 24 20 7 ]
[ 95 19 44 67 77 80 36 8 29 54 28 42 26 89 72 84 57 95 74 85 85 83 29 57 86 ]
[ 70 47 8 94 19 15 41 90 11 8 68 44 97 28 73 51 56 15 77 46 88 61 55 35 35 ]
[ 93 21 70 22 78 8 44 77 16 91 96 83 32 86 47 41 6 91 38 34 64 89 91 31 66 ]
[ 89 71 80 44 7 67 89 28 90 12 58 98 8 35 15 99 83 50 32 21 97 73 28 88 63 ]
[ 62 4 4 5 36 22 94 59 2 91 18 22 80 46 12 44 56 10 53 43 77 52 26 80 84 ]
[ 48 77 9 76 18 24 90 22 28 96 10 51 90 70 5 33 88 27 14 87 91 58 95 54 11 ]
[ 39 31 16 17 63 52 17 41 14 45 59 38 36 81 19 32 44 22 74 66 27 60 54 7 74 ]
[ 93 98 84 41 4 48 80 36 64 49 99 68 67 92 82 12 3 73 48 37 92 32 81 14 59 ]
[ 47 93 19 53 52 45 47 3 29 40 7 29 20 95 45 69 47 14 88 39 96 1 43 69 1 ]
[ 80 13 86 61 27 45 60 73 16 13 25 61 12 28 42 52 36 72 24 31 17 46 78 31 34 ]
[ 70 80 87 13 1 89 45 15 75 58 42 72 18 67 88 83 93 1 48 21 43 0 9 15 77 ]

Timer (sort): 1299ms real	1300ms user	0ms sys
The output is sorted!
[ 60 7 15 38 51 32 2 16 34 21 51 18 30 22 13 50 60 4 13 57 2 1 3 13 9 ]
[ 4 39 69 54 36 3 20 8 36 70 46 2 26 9 13 20 34 56 12 25 14 12 8 1 84 ]
[ 18 87 13 55 39 17 25 8 33 0 12 1 73 16 51 8 61 1 16 40 13 25 71 31 14 ]
[ 85 10 32 11 11 23 2 67 8 19 16 8 64 52 27 8 40 20 70 9 4 50 47 3 43 ]
[ 8 0 37 14 11 4 35 7 3 95 48 29 18 64 4 7 55 20 45 12 8 45 66 70 34 ]
[ 4 18 39 7 6 67 41 67 48 32 5 12 54 13 81 17 37 25 13 55 26 7 44 20 1 ]
[ 16 91 21 26 1 46 0 23 49 29 22 31 51 47 9 0 46 16 27 29 49 42 37 27 9 ]
[ 34 66 25 26 66 71 49 58 3 4 41 19 2 26 35 38 30 7 8 6 32 14 29 34 29 ]
[ 30 32 89 11 8 31 24 43 22 33 52 40 20 5 27 41 46 0 47 17 44 2 46 37 6 ]
[ 11 5 94 37 35 16 2 9 33 1 37 0 49 48 19 6 44 50 17 62 44 45 36 15 38 ]
[ 39 6 23 91 0 31 49 57 29 37 75 92 8 20 22 2 4 26 8 0 0 54 24 3 56 ]
[ 6 18 34 51 58 4 23 10 53 12 86 17 4 37 54 13 3 1 31 76 11 3 54 6 91 ]
[ 51 98 24 3 10 81 21 0 46 56 9 25 33 26 8 0 73 48 0 12 12 4 27 40 49 ]
[ 12 12 12 17 49 2 7 5 33 46 71 22 83 21 52 57 53 5 70 5 0 60 34 20 8 ]
[ 15 14 19 15 6 19 54 32 0 17 9 27 82 32 27 10 24 18 88 90 45 12 63 19 20 ]
[ 2 61 50 70 79 66 3 36 41 21 9 11 23 51 1 28 15 24 8 5 55 20 2 29 47 ]
[ 64 32 16 24 73 31 15 2 42 18 61 19 23 25 24 16 25 25 70 0 9 85 19 21 19 ]
[ 52 2 39 31 31 5 17 67 2 7 59 14 23 21 9 30 55 96 37 10 56 8 1 79 9 ]
[ 67 24 87 22 14 3 57 34 62 25 23 29 24 0 30 21 17 10 3 19 40 10 20 40 81 ]
[ 69 13 52 47 1 3 19 21 19 45 46 14 84 63 0 47 4 2 27 30 23 13 58 58 4 ]

Timer (generate): 21ms real	20ms user	0ms sys
[ 16 47 71 20 83 89 7 4 0 64 94 87 50 65 57 65 0 52 5 52 39 40 75 62 9 ]
[ 52 21 45 74 17 35 42 64 6 62 99 96 70 3 48 86 49 35 36 66 44 53 67 96 59 ]
[ 19 88 99 46 50 61 50 23 6 24 92 41 18 9 99 80 8 95 2 64 95 89 13 31 77 ]
[ 80 27 31 99 76 42 18 64 93 16 66 6 66 89 12 42 81 5 60 42 5 92 51 52 47 ]
[ 15 48 88 80 31 65 12 58 48 11 34 42 81 98 88 97 64 94 15 5 7 9 39 64 21 ]
[ 81 69 14 32 22 13 99 22 1 32 53 18 44 63 19 56 50 61 89 0 49 39 65 96 6 ]
[ 22 3 16 61 19 37 43 89 3 27 63 16 27 85 17 59 90 88 55 5 7 63 55 68 53 ]
[ 56 70 92 73 66 98 95 21 66 9 40 4 52 81 7 31 44 24 10 81 93 69 71 81 77 ]
[ 29 88 40 84 9 93 92 79 37 65 97 88 13 18 54 22 10 10 26 92 18 57 36 94 68 ]
[ 70 87 89 93 21 66 22 61 7 7 70 52 51 1 90 17 98 30 30 68 36 4 79 47 30 ]
[ 71 65 39 59 11 7 29 50 97 23 71 15 45 33 22 4 3 27 56 57 17 25 55 99 7 ]
[ 24 35 63 3 82 93 26 99 32 37 10 92 67 61 41 42 84 56 39 17 31 96 73 58 4 ]
[ 30 27 29 37 26 88 61 61 51 16 96 44 94 95 28 32 58 72 51 71 13 93 55 70 32 ]
[ 73 1 80 98 59 84 28 86 13 65 12 53 79 25 4 47 21 0 94 69 29 26 27 53 77 ]
[ 98 67 22 53 37 54 78 90 87 76 1 71 56 87 37 74 51 90 5 28 95 52 50 95 46 ]
[ 71 76 24 98 30 1 48 97 23 53 86 30 84 76 17 12 77 40 69 16 77 95 19 68 0 ]
[ 47 63 52 49 10 51 20 87 75 18 69 29 18 66 4 72 4 86 56 32 55 68 61 96 89 ]
[ 77 73 84 96 93 84 95 56 89 45 67 40 65 6 67 36 75 48 54 93 53 78 49 91 86 ]
[ 81 47 7 42 95 96 71 20 33 19 14 17 14 70 58 11 89 98 29 47 18 17 74 66 71 ]
[ 19 71 2 68 15 88 49 62 47 43 9 44 66 29 77 85 43 46 52 66 5 63 7 55 44 ]

Timer (sort): 1310ms real	1310ms user	0ms sys
The output is sorted!
[ 82 31 22 2 64 4 58 27 32 18 8 7 5 17 12 24 13 9 13 4 2 33 44 79 35 ]
[ 14 25 60 15 33 38 3 0 81 5 14 46 76 16 2 27 27 31 1 54 31 35 5 7 36 ]
[ 27 31 10 13 36 0 51 47 46 13 24 3 1 65 56 1 35 42 56 7 40 7 35 27 35 ]
[ 19 2 78 13 28 88 32 46 25 0 46 7 32 20 31 35 35 32 46 12 64 14 4 7 4 ]
[ 32 26 43 26 11 5 33 10 21 22 13 91 42 12 2 24 14 65 13 87 4 0 74 30 21 ]
[ 13 4 78 45 7 30 11 2 49 2 32 11 88 19 40 25 12 76 4 34 10 38 0 32 73 ]
[ 55 1 46 3 49 22 53 3 21 54 11 27 79 64 41 11 6 78 10 14 1 18 39 24 5 ]
[ 59 28 3 9 56 9 0 48 35 1 44 18 9 81 11 10 93 28 2 18 11 63 48 6 53 ]
[ 45 38 51 34 3 2 56 12 8 20 23 21 10 9 25 42 7 27 25 23 80 63 47 14 62 ]
[ 10 7 71 46 38 41 7 14 38 6 29 36 5 18 18 6 55 29 14 52 2 19 63 39 84 ]
[ 41 16 68 5 34 28 10 56 34 52 26 16 58 0 4 14 7 11 21 72 83 27 40 15 10 ]
[ 57 31 65 10 41 5 3 12 24 1 90 2 44 10 10 7 8 26 17 42 30 51 22 44 96 ]
[ 5 7 16 37 19 64 3 30 14 83 49 37 62 25 8 59 25 10 24 86 18 3 39 8 19 ]
[ 91 79 7 34 2 12 74 74 7 13 41 13 6 19 71 26 5 10 61 0 58 19 25 3 2 ]
[ 55 43 12 39 52 78 8 99 40 33 3 94 2 11 23 14 7 51 5 8 21 10 32 12 1 ]
[ 29 5 14 23 1 11 5 38 34 3 31 29 14 14 12 25 42 54 9 29 60 25 83 90 77 ]
[ 4 3 95 31 32 59 29 1 0 88 1 30 14 5 87 13 13 30 8 11 44 9 21 92 38 ]
[ 17 4 8 11 60 8 26 79 39 20 67 9 63 19 29 16 61 40 31 26 66 33 4 22 1 ]
[ 3 99 13 7 5 19 78 26 79 15 17 36 35 6 8 37 34 15 21 1 38 95 41 25 7 ]
[ 15 9 1 2 22 29 75 20 15 8 41 85 14 13 85 36 14 17 18 36 33 29 23 38 83 ]

Timer (generate): 21ms real	10ms user	0ms sys
[ 58 80 10 2 80 75 51 62 5 31 62 85 4 7 89 19 54 39 58 24 32 70 43 38 54 ]
[ 47 19 73 93 84 36 3 64 46 5 44 21 57 59 78 88 73 16 45 80 5 64 86 96 74 ]
[ 10 80 44 5 18 98 52 37 71 97 21 59 1 37 5 6 82 78 15 93 57 56 66 25 1 ]
[ 98 30 17 84 78 92 46 58 36 51 76 87 56 65 58 5 87 18 6 24 75 65 58 54 32 ]
[ 51 63 88 69 40 89 19 70 7 3 0 51 1 58 87 53 86 74 61 51 85 66 38 55 25 ]
[ 15 82 42 73 88 74 77 3 63 98 43 4 18 65 63 73 65 14 75 23 54 80 9 80 93 ]
[ 61 17 59 51 72 36 18 7 78 44 95 53 21 99 16 71 94 20 41 60 84 15 25 50 42 ]
[ 49 4 22 10 85 15 23 54 26 27 79 63 45 86 41 89 81 94 62 32 62 34 27 83 75 ]
[ 39 19 42 64 21 84 65 26 58 76 63 25 51 17 52 78 96 15 24 34 8 65 68 3 28 ]
[ 0 65 62 79 0 89 18 71 84 35 93 20 0 71 79 76 86 4 80 55 8 58 4 23 34 ]
[ 38 32 0 6 87 28 59 4 42 90 5 83 9 28 19 96 21 40 96 44 19 25 30 75 5 ]
[ 86 84 15 42 59 50 80 43 50 87 30 30 98 87 24 88 92 7 49 72 27 45 94 67 94 ]
[ 90 38 19 73 65 24 11 1 39 53 61 41 33 56 91 72 39 73 70 26 97 11 70 57 12 ]
[ 42 84 58 88 3 52 79 93 23 52 10 99 63 12 90 16 25 32 1 81 75 74 72 49 96 ]
[ 98 98 59 68 55 72 63 39 82 51 94 86 30 39 9 34 50 8 49 62 98 65 39 30 19 ]
[ 20 58 93 45 7 41 43 5 1 64 61 25 27 52 7 30 99 93 13 38 54 47 40 62 97 ]
[ 2 12 14 41 95 33 14 53 78 59 60 20 54 17 73 70 30 50 49 35 57 80 34 2 93 ]
[ 24 56 92 65 70 41 19 82 56 13 77 89 27 82 20 38 94 92 44 12 17 67 94 67 16 ]
[ 29 76 48 15 78 93 40 86 86 57 56 27 76 90 35 89 20 77 68 2 97 58 49 89 55 ]
[ 61 58 22 7 25 38 37 1 39 52 31 32 44 17 70 53 25 98 82 67 33 71 39 62 92 ]

Timer (sort): 1332ms real	1330ms user	0ms sys
The output is sorted!
[ 16 11 8 11 59 1 11 35 14 18 52 58 14 54 86 3 22 15 23 24 18 4 40 16 24 ]
[ 77 19 12 2 50 22 1 23 16 13 25 63 36 24 12 70 24 70 0 38 25 9 12 7 10 ]
[ 38 6 5 9 3 4 96 43 85 0 23 76 55 24 43 27 16 7 49 4 5 2 8 11 62 ]
[ 35 33 53 61 0 33 11 37 11 9 60 0 76 17 24 42 9 34 0 26 20 46 21 56 1 ]
[ 2 20 38 47 21 12 27 33 82 8 9 13 43 77 6 29 19 4 18 0 47 16 24 74 56 ]
[ 27 21 82 30 29 44 12 2 2 36 13 29 45 5 57 24 65 0 20 67 52 20 13 10 21 ]
[ 9 25 0 34 1 66 1 47 40 8 57 7 47 2 33 2 30 94 24 10 53 56 10 47 28 ]
[ 5 43 37 10 8 56 74 47 29 4 8 7 0 55 11 41 0 76 37 17 22 27 81 39 2 ]
[ 4 19 8 63 19 35 74 7 2 59 21 28 11 23 86 22 64 15 8 32 36 11 26 43 21 ]
[ 13 71 68 67 13 32 58 58 37 31 13 10 11 10 42 15 25 30 14 3 18 29 30 24 18 ]
[ 50 27 35 89 17 9 34 22 48 1 15 24 16 6 13 48 18 7 23 39 44 15 57 24 60 ]
[ 26 19 47 61 6 40 50 11 10 22 40 3 45 6 5 46 12 69 34 28 11 29 68 16 40 ]
[ 36 19 37 29 10 1 23 72 12 7 9 21 16 26 12 1 30 35 41 72 79 36 43 9 69 ]
[ 8 75 20 55 55 3 0 36 10 8 10 11 35 60 81 7 23 33 22 5 14 79 61 12 26 ]
[ 35 38 0 21 21 67 69 43 16 38 19 68 5 21 14 11 76 22 11 8 68 0 1 2 75 ]
[ 48 27 50 7 30 33 49 8 9 32 35 29 24 3 10 80 24 80 24 10 52 14 10 20 42 ]
[ 24 0 99 12 47 3 12 86 42 11 3 25 79 7 15 4 4 36 61 17 7 6 89 27 35 ]
[ 35 4 3 27 85 51 14 47 2 2 7 6 56 12 76 70 40 52 40 9 26 23 35 17 17 ]
[ 40 16 52 62 36 2 2 16 11 20 17 24 32 4 57 63 0 55 56 16 54 26 8 9 80 ]
[ 7 4 62 12 6 35 48 13 20 37 27 61 68 30 40 27 24 35 26 29 52 68 5 15 8 ]

