Timer (generate): 2ms real	0ms user	0ms sys
[ 17 90 29 91 37 19 39 20 32 92 ]
[ 84 26 4 84 47 55 68 88 45 4 ]
[ 11 97 41 50 15 25 67 43 45 23 ]
[ 11 14 13 40 5 2 59 44 22 44 ]
[ 88 58 22 44 42 69 51 63 9 48 ]
[ 67 21 97 8 23 12 34 42 7 31 ]
[ 65 18 45 30 59 50 84 70 46 58 ]
[ 66 86 17 89 31 11 10 34 74 72 ]
[ 83 42 93 80 2 68 45 88 62 52 ]
[ 19 80 23 16 10 34 18 47 4 16 ]
[ 5 23 3 74 12 86 38 74 20 64 ]
[ 46 3 58 39 36 61 59 81 1 22 ]
[ 85 73 54 8 89 64 42 8 63 99 ]
[ 24 21 22 79 47 86 65 85 60 38 ]
[ 50 7 93 8 98 29 21 10 10 23 ]
[ 32 48 96 38 56 37 2 51 45 18 ]
[ 50 22 39 24 53 86 10 19 72 22 ]
[ 9 74 29 2 34 80 32 56 90 94 ]
[ 31 74 42 27 12 51 64 66 2 62 ]
[ 84 52 36 75 28 89 62 38 60 86 ]

Timer (sort): 46ms real	40ms user	0ms sys
The output is sorted!
[ 10 30 50 23 2 4 7 6 10 0 ]
[ 53 1 30 16 14 31 20 1 20 3 ]
[ 32 61 36 13 2 10 1 18 14 5 ]
[ 1 4 33 56 1 0 29 34 6 41 ]
[ 42 4 1 7 43 4 0 2 9 94 ]
[ 28 52 15 21 0 27 35 4 10 15 ]
[ 2 22 43 23 29 17 23 7 5 38 ]
[ 15 20 37 55 0 19 20 33 7 4 ]
[ 5 13 7 9 55 38 4 39 20 26 ]
[ 10 40 7 12 34 35 7 2 24 45 ]
[ 33 0 40 35 40 13 12 11 10 26 ]
[ 39 37 35 67 3 2 7 2 9 25 ]
[ 29 2 52 18 29 19 9 26 9 35 ]
[ 54 42 8 20 2 30 7 9 5 54 ]
[ 41 5 3 38 21 44 66 2 8 4 ]
[ 3 13 58 8 1 2 57 22 48 21 ]
[ 11 30 22 3 35 60 5 42 25 1 ]
[ 51 6 26 59 16 14 2 22 22 17 ]
[ 22 1 50 7 8 2 22 36 65 23 ]
[ 7 32 30 9 37 14 38 37 8 24 ]

Timer (generate): 1ms real	0ms user	0ms sys
[ 45 59 93 43 0 26 19 21 8 51 ]
[ 62 88 91 1 3 49 4 25 43 95 ]
[ 11 82 5 88 66 96 45 53 63 61 ]
[ 77 8 72 23 52 72 1 23 45 9 ]
[ 74 7 49 18 60 53 19 16 30 62 ]
[ 64 41 97 69 82 63 65 27 16 80 ]
[ 40 45 89 12 20 93 37 21 16 82 ]
[ 30 43 42 32 13 54 85 32 23 67 ]
[ 94 87 60 91 8 42 6 25 70 74 ]
[ 5 10 72 46 75 44 39 12 66 8 ]
[ 46 48 3 40 80 16 95 17 48 70 ]
[ 84 94 9 97 38 17 39 96 42 61 ]
[ 71 47 24 95 46 99 39 37 63 57 ]
[ 45 61 6 48 2 38 16 49 8 64 ]
[ 19 44 11 28 41 49 45 81 45 39 ]
[ 42 68 38 66 15 84 17 7 22 32 ]
[ 64 19 94 22 20 96 61 36 45 21 ]
[ 53 16 65 64 44 7 65 41 88 62 ]
[ 80 82 83 18 1 98 3 70 5 77 ]
[ 3 70 96 97 44 16 45 5 5 42 ]

Timer (sort): 47ms real	40ms user	0ms sys
The output is sorted!
[ 17 2 5 3 26 1 41 19 27 4 ]
[ 8 5 11 9 6 0 19 61 16 13 ]
[ 3 5 44 9 4 11 28 33 29 6 ]
[ 22 23 8 28 33 0 11 13 20 42 ]
[ 17 28 0 57 37 0 12 50 4 12 ]
[ 51 4 16 30 73 5 2 5 35 0 ]
[ 6 4 0 48 3 43 11 46 9 53 ]
[ 65 9 47 2 26 26 4 16 11 17 ]
[ 44 1 1 38 77 2 6 3 6 49 ]
[ 0 7 13 27 20 10 71 24 43 16 ]
[ 35 22 20 0 14 35 32 27 29 23 ]
[ 2 18 18 3 47 2 23 73 43 8 ]
[ 61 19 27 4 0 2 13 88 20 5 ]
[ 16 48 34 12 2 5 7 12 13 90 ]
[ 11 21 1 55 25 62 10 16 0 38 ]
[ 10 36 5 13 75 7 30 2 44 18 ]
[ 24 8 47 0 28 4 7 94 2 26 ]
[ 3 11 15 6 48 19 43 67 8 20 ]
[ 26 27 10 85 1 16 21 2 41 12 ]
[ 26 51 3 26 25 5 19 10 43 34 ]

Timer (generate): 1ms real	0ms user	0ms sys
[ 82 68 74 29 19 91 3 39 5 45 ]
[ 83 49 68 80 52 96 48 62 73 35 ]
[ 14 10 63 72 68 20 0 74 35 30 ]
[ 90 17 98 16 98 17 8 1 8 13 ]
[ 98 44 62 66 24 66 62 25 80 87 ]
[ 60 94 98 76 18 18 48 19 44 83 ]
[ 49 86 52 99 3 50 69 11 3 77 ]
[ 24 1 21 86 19 98 4 33 23 84 ]
[ 73 35 78 23 11 48 41 59 67 38 ]
[ 94 68 76 46 68 79 48 37 90 51 ]
[ 14 66 4 88 4 23 38 8 57 61 ]
[ 92 82 96 22 5 60 71 98 71 38 ]
[ 36 18 7 13 64 75 44 65 64 35 ]
[ 68 78 1 73 18 58 48 56 66 5 ]
[ 17 59 39 66 81 44 78 52 43 1 ]
[ 91 31 19 50 96 36 25 41 1 89 ]
[ 28 21 19 81 94 90 39 43 46 6 ]
[ 0 16 65 40 34 46 84 64 99 27 ]
[ 65 42 11 37 92 7 25 69 48 78 ]
[ 10 76 99 81 58 94 71 97 37 18 ]

Timer (sort): 49ms real	50ms user	0ms sys
The output is sorted!
[ 8 12 33 14 44 29 2 4 7 8 ]
[ 8 15 10 13 24 31 11 31 13 6 ]
[ 33 13 2 15 12 32 0 2 45 32 ]
[ 48 13 25 21 13 11 42 3 0 20 ]
[ 2 14 63 18 5 31 8 16 34 10 ]
[ 5 45 13 3 26 39 12 15 39 6 ]
[ 9 14 32 5 60 9 13 25 4 33 ]
[ 38 30 7 2 0 50 18 4 41 17 ]
[ 3 18 0 44 20 23 30 3 42 26 ]
[ 1 28 9 61 7 24 1 71 7 12 ]
[ 3 39 2 6 33 34 7 2 59 36 ]
[ 19 37 19 7 40 12 39 41 1 10 ]
[ 6 3 10 19 33 57 1 14 3 80 ]
[ 13 11 20 91 61 7 2 3 11 8 ]
[ 1 9 7 6 64 52 25 16 33 14 ]
[ 60 7 6 8 20 51 15 19 20 21 ]
[ 8 89 36 12 47 8 0 10 16 2 ]
[ 13 33 9 1 16 17 48 49 0 43 ]
[ 1 38 20 46 6 0 13 11 1 93 ]
[ 17 41 66 41 23 5 10 3 11 14 ]

Timer (generate): 2ms real	0ms user	0ms sys
[ 93 94 20 22 7 74 35 0 71 61 ]
[ 49 29 89 50 83 5 28 72 8 38 ]
[ 53 82 16 12 63 17 91 15 40 64 ]
[ 29 33 10 50 8 17 76 43 69 99 ]
[ 57 18 28 46 68 63 3 97 88 11 ]
[ 35 41 45 3 5 8 20 96 75 12 ]
[ 12 56 97 22 58 5 91 34 1 61 ]
[ 86 10 31 14 56 52 30 59 49 18 ]
[ 70 36 11 15 39 16 75 11 65 2 ]
[ 23 77 10 20 52 69 78 95 55 31 ]
[ 8 41 41 92 8 97 44 38 8 45 ]
[ 8 30 81 71 97 72 87 24 35 4 ]
[ 78 10 34 88 82 86 9 60 33 65 ]
[ 43 94 6 84 86 66 33 30 4 93 ]
[ 27 64 23 8 35 20 32 75 96 67 ]
[ 79 74 29 13 63 11 51 72 24 37 ]
[ 89 67 31 96 4 69 62 89 51 19 ]
[ 83 78 35 6 38 71 79 22 98 75 ]
[ 89 77 50 70 43 65 81 46 89 5 ]
[ 83 79 25 66 27 81 87 41 70 38 ]

Timer (sort): 50ms real	50ms user	0ms sys
The output is sorted!
[ 15 37 4 4 32 0 0 0 38 48 ]
[ 7 40 22 36 24 27 1 14 24 9 ]
[ 6 6 0 59 9 18 31 4 35 51 ]
[ 21 14 11 5 57 10 3 33 7 58 ]
[ 35 7 5 27 7 75 6 0 13 45 ]
[ 21 44 48 4 0 0 57 17 20 10 ]
[ 13 19 10 18 60 27 32 5 21 18 ]
[ 40 12 8 6 13 5 46 50 1 46 ]
[ 6 17 38 11 64 20 15 18 34 7 ]
[ 55 18 11 19 6 46 0 5 52 19 ]
[ 40 28 17 42 0 13 1 65 4 22 ]
[ 15 1 56 16 68 41 35 0 2 1 ]
[ 19 34 41 18 21 25 7 10 10 52 ]
[ 21 11 32 8 10 48 10 3 24 72 ]
[ 18 56 0 2 0 17 22 44 68 12 ]
[ 7 10 26 18 78 38 32 8 16 6 ]
[ 55 15 17 43 1 2 83 7 17 0 ]
[ 0 7 32 48 23 44 6 56 18 7 ]
[ 33 8 1 82 27 14 16 31 12 18 ]
[ 2 43 61 28 49 1 32 17 0 9 ]

Timer (generate): 1ms real	0ms user	0ms sys
[ 38 14 65 16 52 77 45 20 51 28 ]
[ 34 48 77 6 44 89 96 25 29 35 ]
[ 85 91 36 44 59 56 57 69 32 74 ]
[ 50 70 40 15 39 93 44 84 13 48 ]
[ 12 99 96 42 58 92 31 54 18 61 ]
[ 89 3 4 78 99 16 86 57 85 18 ]
[ 83 87 40 24 54 79 69 99 64 34 ]
[ 47 28 34 95 22 92 87 54 98 57 ]
[ 67 40 61 23 18 12 39 4 21 76 ]
[ 22 5 63 14 81 18 94 50 69 10 ]
[ 84 16 90 18 63 13 62 2 19 61 ]
[ 60 38 1 73 61 71 85 1 75 7 ]
[ 29 49 64 93 63 97 63 9 47 32 ]
[ 19 83 0 10 54 63 75 16 65 94 ]
[ 29 77 84 82 50 45 53 88 98 80 ]
[ 47 28 29 63 73 45 60 36 54 59 ]
[ 68 26 42 68 36 96 83 11 65 0 ]
[ 57 94 78 41 29 80 38 82 20 89 ]
[ 63 67 69 44 82 42 41 42 30 96 ]
[ 1 98 22 96 18 10 92 53 73 9 ]

Timer (sort): 47ms real	50ms user	0ms sys
The output is sorted!
[ 40 14 23 2 38 24 2 3 20 0 ]
[ 25 0 21 43 31 11 18 9 1 19 ]
[ 54 12 4 1 6 17 14 10 10 60 ]
[ 22 2 3 6 45 81 0 22 9 5 ]
[ 8 20 8 48 25 16 13 26 25 11 ]
[ 0 49 6 35 9 15 0 74 14 1 ]
[ 23 14 50 35 0 24 49 3 8 1 ]
[ 4 12 94 3 17 43 11 3 1 21 ]
[ 18 33 4 28 6 9 24 7 15 68 ]
[ 33 47 21 16 45 13 13 4 12 16 ]
[ 32 21 17 11 59 13 10 18 1 47 ]
[ 14 1 25 38 6 25 71 21 10 18 ]
[ 25 17 57 30 6 4 36 12 40 3 ]
[ 9 2 19 74 29 18 10 60 8 2 ]
[ 14 76 6 21 24 5 10 40 15 21 ]
[ 31 14 0 13 9 45 18 22 17 66 ]
[ 42 14 42 59 24 9 3 0 14 29 ]
[ 9 18 18 86 17 34 14 1 16 24 ]
[ 0 93 11 88 3 31 9 2 0 1 ]
[ 32 14 41 6 8 36 43 2 2 54 ]

Timer (generate): 1ms real	0ms user	0ms sys
[ 82 60 79 28 94 91 60 75 79 39 ]
[ 64 34 23 27 93 51 44 62 11 76 ]
[ 69 25 43 81 46 57 63 38 31 18 ]
[ 14 13 30 45 93 25 89 54 52 68 ]
[ 93 17 54 68 96 47 71 92 61 82 ]
[ 68 83 7 12 64 53 21 79 43 52 ]
[ 49 57 66 80 3 59 5 92 13 57 ]
[ 12 59 26 66 79 75 65 51 67 26 ]
[ 33 88 61 93 52 26 98 73 57 42 ]
[ 26 7 51 92 87 6 3 44 50 69 ]
[ 53 62 80 32 80 59 7 45 62 26 ]
[ 24 96 14 85 41 66 63 39 40 21 ]
[ 33 18 28 85 62 67 43 65 63 94 ]
[ 86 16 8 66 48 89 78 7 34 40 ]
[ 34 58 88 48 96 29 15 59 21 7 ]
[ 80 54 25 60 91 87 79 87 4 42 ]
[ 81 91 59 89 9 59 78 87 67 65 ]
[ 80 1 23 20 1 19 2 16 31 23 ]
[ 75 11 29 0 24 73 39 3 60 44 ]
[ 46 41 87 5 82 96 64 13 36 83 ]

Timer (sort): 43ms real	40ms user	0ms sys
The output is sorted!
[ 54 1 20 15 18 2 14 19 2 21 ]
[ 7 27 4 17 55 3 10 33 17 11 ]
[ 7 14 3 20 6 11 22 95 2 7 ]
[ 21 9 4 42 19 34 13 0 36 10 ]
[ 61 21 10 30 12 19 7 15 14 3 ]
[ 9 6 51 5 35 4 26 23 13 35 ]
[ 45 27 4 5 14 30 24 1 32 29 ]
[ 13 3 23 22 7 8 12 49 74 3 ]
[ 80 1 23 20 1 19 2 16 31 23 ]
[ 26 0 24 28 6 37 13 3 79 1 ]
[ 22 27 44 22 16 1 1 39 44 3 ]
[ 1 70 2 2 29 15 40 32 4 25 ]
[ 30 14 23 32 1 64 45 13 2 4 ]
[ 26 48 4 12 32 3 47 9 18 30 ]
[ 29 7 41 4 4 24 14 7 73 26 ]
[ 16 34 17 3 9 10 68 34 11 28 ]
[ 6 32 10 35 52 25 13 5 42 11 ]
[ 23 97 5 14 22 36 1 12 19 3 ]
[ 22 11 9 31 61 1 0 11 88 0 ]
[ 29 7 20 37 8 7 86 13 4 24 ]

Timer (generate): 3ms real	0ms user	0ms sys
[ 34 54 79 67 40 29 92 54 71 90 ]
[ 51 72 96 52 94 41 64 44 71 19 ]
[ 92 41 88 21 3 25 20 30 13 66 ]
[ 41 0 21 20 67 13 1 11 67 72 ]
[ 1 71 97 98 23 91 91 40 87 14 ]
[ 11 79 55 99 1 11 25 21 41 38 ]
[ 40 35 38 61 7 57 74 9 68 94 ]
[ 33 22 65 30 72 40 73 15 80 61 ]
[ 30 91 40 37 91 93 48 68 67 42 ]
[ 58 59 77 49 20 84 6 46 93 27 ]
[ 92 79 1 9 61 25 50 35 40 82 ]
[ 48 70 74 40 8 17 34 8 37 53 ]
[ 50 95 12 27 44 84 12 3 82 57 ]
[ 82 75 88 83 84 50 60 34 85 0 ]
[ 17 85 23 43 25 83 12 11 91 49 ]
[ 64 42 96 28 69 93 64 33 96 47 ]
[ 43 30 22 31 65 58 81 25 93 18 ]
[ 77 62 55 0 57 81 83 69 92 27 ]
[ 70 9 69 18 89 90 11 54 76 59 ]
[ 1 19 89 75 2 54 33 36 79 78 ]

Timer (sort): 43ms real	40ms user	0ms sys
The output is sorted!
[ 0 6 3 48 8 21 6 8 56 6 ]
[ 9 35 28 18 26 2 3 8 71 4 ]
[ 4 26 93 3 40 5 11 7 12 7 ]
[ 14 2 20 17 30 5 13 44 24 41 ]
[ 19 37 1 21 9 3 0 8 39 75 ]
[ 42 4 6 24 52 35 24 17 0 14 ]
[ 20 30 15 10 10 7 11 18 4 97 ]
[ 34 41 9 21 11 11 13 20 33 31 ]
[ 4 9 5 51 57 11 1 7 29 51 ]
[ 22 33 31 11 8 9 30 61 5 15 ]
[ 6 19 59 38 14 2 26 35 25 4 ]
[ 46 12 68 8 19 17 48 4 0 9 ]
[ 8 28 57 10 13 3 10 51 38 14 ]
[ 17 24 16 45 6 13 8 0 60 43 ]
[ 6 36 18 8 40 9 4 88 19 6 ]
[ 50 21 41 0 35 1 22 35 11 19 ]
[ 2 1 1 1 6 24 35 36 61 68 ]
[ 6 6 49 4 20 39 38 53 11 10 ]
[ 59 34 17 11 51 13 38 13 0 0 ]
[ 3 10 91 30 3 0 17 40 6 38 ]

Timer (generate): 1ms real	0ms user	0ms sys
[ 93 47 96 30 92 47 78 42 35 95 ]
[ 70 3 89 73 32 97 23 70 11 16 ]
[ 79 83 73 7 32 34 97 50 12 54 ]
[ 6 5 53 2 88 46 50 66 88 37 ]
[ 13 10 40 2 83 24 51 7 95 62 ]
[ 75 74 45 48 81 30 35 31 80 47 ]
[ 37 86 5 90 89 93 36 39 59 76 ]
[ 28 72 87 68 27 22 92 30 29 87 ]
[ 93 5 14 90 5 47 20 40 30 53 ]
[ 40 67 39 45 58 80 90 46 71 49 ]
[ 75 99 73 14 19 52 36 64 83 18 ]
[ 51 76 75 17 18 80 65 39 73 47 ]
[ 44 13 15 83 10 25 16 0 71 87 ]
[ 1 98 39 74 12 58 27 1 22 10 ]
[ 19 26 38 94 95 8 26 12 99 99 ]
[ 60 43 64 75 79 74 0 95 74 23 ]
[ 34 75 22 73 2 86 84 81 87 58 ]
[ 43 6 84 81 52 80 41 79 44 41 ]
[ 78 4 84 43 79 63 69 31 10 96 ]
[ 7 45 71 29 18 25 67 54 6 55 ]

Timer (sort): 43ms real	40ms user	0ms sys
The output is sorted!
[ 15 49 20 5 0 26 7 34 5 25 ]
[ 4 17 39 1 19 4 28 41 0 38 ]
[ 11 33 21 0 1 8 22 17 45 37 ]
[ 37 11 12 2 1 54 12 17 37 13 ]
[ 18 29 49 1 1 25 50 5 1 18 ]
[ 22 2 17 11 20 35 13 0 24 54 ]
[ 24 7 56 11 22 8 20 14 25 18 ]
[ 59 2 10 20 2 25 31 16 17 27 ]
[ 90 5 2 19 7 5 0 1 30 51 ]
[ 52 25 8 24 34 25 19 2 2 21 ]
[ 65 18 11 3 13 26 8 46 14 8 ]
[ 31 4 16 22 0 63 62 2 6 8 ]
[ 15 31 7 44 50 34 6 13 5 18 ]
[ 9 34 38 4 28 92 2 3 19 2 ]
[ 33 4 19 19 40 31 59 11 2 14 ]
[ 26 13 36 23 1 66 51 4 1 11 ]
[ 15 20 81 7 44 17 2 23 22 2 ]
[ 7 9 50 25 29 51 28 2 6 27 ]
[ 17 26 5 17 26 13 39 63 19 13 ]
[ 53 4 12 58 15 51 17 11 8 11 ]

Timer (generate): 2ms real	0ms user	0ms sys
[ 45 86 29 36 86 58 39 19 31 90 ]
[ 53 52 90 11 69 0 13 22 48 96 ]
[ 34 47 77 71 74 30 49 80 33 61 ]
[ 95 78 47 24 66 85 34 5 5 65 ]
[ 47 10 70 37 21 91 89 87 14 37 ]
[ 83 48 37 12 19 63 94 69 43 27 ]
[ 82 90 5 82 67 71 67 1 29 24 ]
[ 67 28 35 37 66 8 28 7 95 94 ]
[ 97 78 42 34 43 14 97 37 35 93 ]
[ 65 17 83 22 51 2 46 19 4 75 ]
[ 95 23 3 30 12 21 39 92 81 86 ]
[ 87 78 17 81 64 60 95 61 97 30 ]
[ 54 14 0 90 37 51 44 35 22 0 ]
[ 62 18 23 17 0 87 91 91 32 72 ]
[ 78 71 2 95 52 66 7 0 27 4 ]
[ 30 34 71 82 76 60 34 20 95 8 ]
[ 21 57 78 96 26 31 36 17 22 20 ]
[ 89 52 91 91 99 95 57 6 95 37 ]
[ 63 78 23 34 12 99 46 98 71 41 ]
[ 7 44 50 37 93 76 68 29 94 91 ]

Timer (sort): 44ms real	30ms user	0ms sys
The output is sorted!
[ 37 8 6 1 34 49 6 17 13 11 ]
[ 30 12 2 3 23 69 2 11 0 33 ]
[ 12 0 18 29 85 8 0 16 18 16 ]
[ 2 20 0 28 3 52 4 86 10 8 ]
[ 42 17 7 14 12 11 44 11 24 31 ]
[ 33 1 2 61 24 20 1 35 13 27 ]
[ 6 6 6 36 12 28 60 28 28 14 ]
[ 14 42 8 20 35 37 34 2 29 5 ]
[ 6 15 8 20 52 36 32 1 47 9 ]
[ 1 2 30 17 14 49 72 32 1 10 ]
[ 38 23 22 37 19 47 14 1 3 24 ]
[ 42 47 0 3 49 22 33 9 0 28 ]
[ 6 23 26 30 1 61 23 27 26 12 ]
[ 9 0 25 58 14 8 29 18 14 60 ]
[ 32 9 5 41 43 2 18 12 68 6 ]
[ 22 64 6 6 34 22 24 19 17 24 ]
[ 4 40 0 17 5 52 34 13 4 71 ]
[ 11 4 43 19 22 3 56 47 29 6 ]
[ 6 29 5 22 0 64 14 26 21 53 ]
[ 0 5 68 5 14 17 47 11 42 33 ]

Timer (generate): 2ms real	0ms user	0ms sys
[ 89 72 41 38 9 42 49 23 51 1 ]
[ 33 30 80 39 86 89 20 38 5 49 ]
[ 52 77 57 87 23 29 36 43 81 21 ]
[ 74 70 93 67 60 54 9 9 30 13 ]
[ 10 63 43 42 54 81 31 74 20 89 ]
[ 75 24 66 32 63 89 62 99 33 95 ]
[ 20 59 66 66 79 78 20 40 88 2 ]
[ 5 50 17 0 45 71 82 76 98 54 ]
[ 65 25 78 84 58 42 73 72 93 58 ]
[ 19 14 70 85 32 49 64 4 41 4 ]
[ 7 47 6 24 47 51 48 81 80 46 ]
[ 35 45 71 66 81 81 8 55 5 53 ]
[ 13 25 67 35 62 51 36 78 56 78 ]
[ 34 63 25 41 39 24 44 87 6 24 ]
[ 85 93 22 9 59 3 42 19 10 0 ]
[ 73 24 77 92 11 39 44 48 70 0 ]
[ 26 56 63 3 49 2 79 94 42 37 ]
[ 18 27 31 92 88 90 96 31 10 6 ]
[ 31 35 82 8 27 94 99 71 94 21 ]
[ 71 20 78 86 75 27 41 54 21 83 ]

Timer (sort): 49ms real	50ms user	0ms sys
The output is sorted!
[ 34 60 3 8 21 0 12 18 13 1 ]
[ 6 2 61 8 3 18 8 0 80 16 ]
[ 30 8 20 9 53 14 54 1 7 10 ]
[ 23 15 29 8 11 2 14 9 89 17 ]
[ 9 31 22 15 9 63 25 5 11 29 ]
[ 44 36 3 28 17 43 25 15 5 5 ]
[ 7 35 46 18 33 10 11 19 22 20 ]
[ 19 5 21 33 11 67 20 25 2 20 ]
[ 32 6 26 5 17 0 75 49 12 8 ]
[ 6 6 70 76 3 3 43 11 2 17 ]
[ 10 20 2 49 15 12 24 6 45 58 ]
[ 56 43 16 20 47 18 25 7 9 1 ]
[ 30 1 35 62 3 8 27 2 21 53 ]
[ 3 2 7 52 17 95 17 14 21 15 ]
[ 8 28 41 33 4 13 23 49 32 12 ]
[ 19 50 32 39 9 8 17 28 13 29 ]
[ 9 26 20 80 16 45 17 15 1 16 ]
[ 0 9 29 9 9 33 23 48 42 43 ]
[ 11 8 45 14 13 8 24 26 39 59 ]
[ 3 8 15 66 45 1 8 23 15 63 ]

Timer (generate): 2ms real	0ms user	0ms sys
[ 68 35 27 12 66 46 28 35 81 18 ]
[ 9 99 94 62 70 1 66 44 50 70 ]
[ 89 74 26 33 51 94 20 8 32 79 ]
[ 89 52 66 16 64 33 63 93 68 44 ]
[ 63 29 95 57 91 65 10 10 61 13 ]
[ 80 51 87 6 84 90 0 4 51 84 ]
[ 36 40 36 2 8 1 87 23 46 55 ]
[ 20 61 84 15 70 28 81 80 38 94 ]
[ 45 70 45 85 29 81 75 81 38 26 ]
[ 66 74 18 2 28 27 55 16 50 1 ]
[ 23 70 62 60 86 32 88 19 65 78 ]
[ 13 62 0 11 47 29 92 23 11 82 ]
[ 1 77 8 20 31 37 47 87 5 97 ]
[ 40 28 68 55 40 6 39 28 25 4 ]
[ 58 90 67 59 1 66 88 46 89 51 ]
[ 28 91 80 37 63 12 26 10 51 31 ]
[ 59 43 11 79 98 52 85 38 32 62 ]
[ 94 43 53 13 2 54 80 42 0 21 ]
[ 46 29 64 26 18 27 90 44 89 93 ]
[ 27 49 37 38 28 87 42 66 25 75 ]

Timer (sort): 55ms real	50ms user	0ms sys
The output is sorted!
[ 14 22 14 48 14 3 29 5 2 2 ]
[ 33 18 10 14 2 5 24 14 15 39 ]
[ 17 5 43 24 13 7 6 43 32 9 ]
[ 5 63 15 6 12 3 20 61 15 2 ]
[ 32 59 0 8 11 3 37 4 23 26 ]
[ 12 12 24 6 31 20 14 25 73 1 ]
[ 2 9 3 6 8 93 8 23 52 19 ]
[ 25 86 5 0 23 0 4 28 8 49 ]
[ 12 70 14 16 6 59 11 4 12 25 ]
[ 14 10 8 6 47 23 9 36 58 20 ]
[ 42 2 25 11 28 81 0 6 15 21 ]
[ 1 43 55 17 1 51 1 4 28 31 ]
[ 0 34 20 35 7 14 51 37 28 6 ]
[ 11 16 1 23 4 89 45 9 24 10 ]
[ 25 8 13 47 28 15 23 23 11 40 ]
[ 72 9 21 22 38 38 1 21 11 1 ]
[ 4 9 24 29 40 24 26 37 43 1 ]
[ 0 60 0 1 48 4 31 50 35 9 ]
[ 58 7 26 80 2 23 3 9 4 26 ]
[ 15 28 5 56 35 1 5 7 46 41 ]

Timer (generate): 3ms real	0ms user	0ms sys
[ 12 63 88 32 99 65 92 72 78 57 ]
[ 91 86 90 55 19 42 1 97 12 19 ]
[ 14 7 59 27 32 60 83 20 37 14 ]
[ 39 1 29 79 34 29 44 78 1 74 ]
[ 87 44 12 77 0 31 71 1 81 83 ]
[ 20 47 43 32 26 75 92 9 47 82 ]
[ 24 86 83 53 17 69 34 61 99 88 ]
[ 88 86 32 0 15 32 84 86 85 65 ]
[ 22 6 12 65 38 38 92 82 0 39 ]
[ 64 76 77 48 29 46 17 16 7 17 ]
[ 56 95 55 88 48 71 73 32 9 58 ]
[ 97 31 16 61 48 6 51 92 89 51 ]
[ 83 53 27 12 1 9 58 71 77 66 ]
[ 40 33 13 95 73 13 66 98 45 28 ]
[ 9 94 59 25 7 60 32 59 52 21 ]
[ 62 36 26 42 48 80 51 7 3 80 ]
[ 25 43 13 90 38 38 4 57 37 1 ]
[ 85 46 96 96 23 55 56 7 14 61 ]
[ 80 29 97 7 71 97 39 74 56 42 ]
[ 54 33 85 19 24 75 57 80 84 46 ]

Timer (sort): 66ms real	70ms user	0ms sys
The output is sorted!
[ 3 55 12 8 6 30 14 3 6 4 ]
[ 11 37 6 2 21 30 23 1 35 19 ]
[ 10 25 6 9 10 25 44 1 18 40 ]
[ 13 33 50 26 12 18 26 6 11 3 ]
[ 21 8 9 0 42 50 9 15 23 28 ]
[ 10 26 18 1 1 7 3 47 97 0 ]
[ 9 22 3 12 11 32 1 49 22 52 ]
[ 26 14 27 17 1 18 0 31 35 45 ]
[ 26 39 30 18 5 10 6 19 24 40 ]
[ 9 7 11 9 2 46 30 24 8 73 ]
[ 31 57 38 14 32 17 13 8 4 7 ]
[ 5 30 10 7 39 10 25 27 68 1 ]
[ 7 8 55 8 28 31 46 3 13 26 ]
[ 58 8 15 3 8 43 12 5 65 8 ]
[ 39 6 55 1 12 24 74 9 6 0 ]
[ 5 29 35 17 6 41 35 40 17 4 ]
[ 3 30 6 31 34 11 42 6 17 52 ]
[ 1 56 16 49 16 9 24 4 41 20 ]
[ 39 63 4 7 16 10 2 22 53 22 ]
[ 38 80 7 9 57 38 5 4 2 1 ]

Timer (generate): 2ms real	0ms user	0ms sys
[ 48 54 41 11 5 18 74 1 82 8 ]
[ 46 91 35 17 64 63 87 25 34 13 ]
[ 5 61 32 18 97 67 85 92 13 76 ]
[ 54 61 30 95 24 87 65 99 89 47 ]
[ 59 87 91 94 56 55 9 44 33 44 ]
[ 9 38 57 42 57 54 9 94 99 74 ]
[ 71 53 88 53 0 12 93 18 11 82 ]
[ 17 71 21 8 17 78 16 27 74 49 ]
[ 23 83 87 32 25 96 39 86 91 38 ]
[ 61 14 43 49 19 95 61 12 13 25 ]
[ 46 31 48 68 39 17 98 7 96 72 ]
[ 56 71 55 96 4 33 92 95 19 35 ]
[ 33 32 49 28 81 69 23 95 81 37 ]
[ 72 80 68 72 48 59 89 46 67 86 ]
[ 70 75 9 25 71 65 58 16 60 30 ]
[ 51 45 62 53 73 96 22 49 91 55 ]
[ 86 15 35 6 87 83 17 76 81 36 ]
[ 14 3 12 76 81 35 41 91 51 2 ]
[ 21 55 47 36 8 73 32 82 22 75 ]
[ 37 60 90 73 18 29 8 35 5 42 ]

Timer (sort): 58ms real	60ms user	0ms sys
The output is sorted!
[ 10 24 0 11 13 2 31 29 16 8 ]
[ 22 9 28 9 4 22 42 0 4 34 ]
[ 15 10 26 1 1 30 41 40 37 13 ]
[ 2 21 60 12 15 9 16 18 43 20 ]
[ 62 2 1 1 42 6 46 20 8 35 ]
[ 2 2 5 2 50 23 9 2 42 90 ]
[ 11 16 9 76 11 5 51 19 24 6 ]
[ 11 39 43 10 4 11 42 16 51 3 ]
[ 31 4 5 19 30 28 9 12 59 34 ]
[ 12 76 3 28 28 8 3 5 4 65 ]
[ 28 19 5 22 46 8 35 58 7 5 ]
[ 21 33 26 36 18 11 6 5 70 8 ]
[ 38 21 4 87 4 32 5 18 17 9 ]
[ 2 46 45 2 19 0 13 30 17 62 ]
[ 23 9 9 65 7 47 6 25 19 26 ]
[ 29 0 27 31 28 14 3 86 9 10 ]
[ 40 38 1 36 26 13 24 6 23 30 ]
[ 27 18 9 1 24 8 50 0 9 93 ]
[ 29 59 15 37 25 4 28 27 3 15 ]
[ 40 30 17 7 82 7 20 21 4 15 ]

Timer (generate): 1ms real	0ms user	0ms sys
[ 81 60 52 2 24 7 41 80 9 82 ]
[ 62 76 50 31 31 17 37 61 34 22 ]
[ 1 66 43 63 16 19 4 50 35 50 ]
[ 30 68 62 82 71 87 41 64 19 3 ]
[ 46 81 79 48 12 62 17 2 24 51 ]
[ 24 77 18 19 92 86 38 97 36 25 ]
[ 99 18 94 61 1 17 0 42 81 19 ]
[ 45 79 53 76 79 17 39 97 19 15 ]
[ 48 95 44 18 15 37 4 5 86 92 ]
[ 31 37 11 25 98 64 94 51 58 75 ]
[ 70 56 54 75 32 33 93 71 30 64 ]
[ 38 31 12 83 1 79 72 58 84 58 ]
[ 2 15 95 13 92 45 29 86 96 88 ]
[ 61 19 44 67 94 28 53 39 52 35 ]
[ 56 90 66 20 73 20 99 45 78 83 ]
[ 55 80 51 2 46 43 0 27 30 96 ]
[ 67 43 67 11 11 14 92 64 5 44 ]
[ 51 61 34 18 81 60 90 80 5 68 ]
[ 16 13 0 67 67 98 10 67 26 92 ]
[ 16 93 88 83 57 99 97 49 15 3 ]

Timer (sort): 62ms real	60ms user	0ms sys
The output is sorted!
[ 6 4 14 51 10 10 23 21 6 22 ]
[ 19 4 57 15 10 0 1 42 22 17 ]
[ 70 13 33 3 3 12 23 5 21 16 ]
[ 40 9 43 24 2 20 1 31 12 21 ]
[ 38 6 19 37 22 23 9 4 40 10 ]
[ 29 58 6 85 5 2 0 9 3 12 ]
[ 39 14 28 12 16 10 16 2 20 54 ]
[ 1 13 29 22 13 19 59 11 27 22 ]
[ 10 46 14 13 19 21 1 7 78 9 ]
[ 27 85 4 5 12 14 34 8 5 26 ]
[ 15 22 0 0 37 2 17 56 52 26 ]
[ 23 63 7 9 69 17 6 14 12 7 ]
[ 10 1 68 23 11 5 14 22 25 51 ]
[ 4 7 68 21 2 15 0 76 6 39 ]
[ 18 27 47 3 17 19 39 40 16 15 ]
[ 34 10 11 3 68 2 48 5 13 48 ]
[ 11 20 6 28 5 43 9 29 91 2 ]
[ 8 2 3 3 83 1 11 69 21 43 ]
[ 22 12 7 13 42 0 8 8 86 49 ]
[ 18 50 38 20 10 59 25 21 4 2 ]

Timer (generate): 2ms real	0ms user	0ms sys
[ 44 82 57 74 28 48 85 50 8 26 ]
[ 89 45 67 90 9 2 52 98 4 21 ]
[ 75 85 31 47 16 20 57 74 97 6 ]
[ 17 94 40 26 68 68 74 5 71 35 ]
[ 31 12 80 51 2 89 5 6 88 10 ]
[ 79 63 47 10 62 15 82 72 89 79 ]
[ 78 58 73 18 84 94 38 11 99 9 ]
[ 98 83 73 78 34 75 20 91 33 8 ]
[ 1 12 23 0 22 38 16 4 10 5 ]
[ 36 40 16 9 10 52 3 48 15 3 ]
[ 10 13 86 83 92 72 11 12 63 44 ]
[ 72 17 57 47 17 31 37 33 88 47 ]
[ 91 24 39 59 33 49 11 89 98 27 ]
[ 44 60 40 30 95 84 54 6 48 17 ]
[ 3 20 86 12 20 4 95 57 89 83 ]
[ 57 32 7 96 91 93 98 55 82 96 ]
[ 82 26 8 22 8 3 59 62 62 7 ]
[ 31 65 80 70 29 0 26 24 9 67 ]
[ 8 18 0 15 67 43 60 65 98 42 ]
[ 13 32 20 73 55 80 76 66 42 38 ]

Timer (sort): 51ms real	50ms user	0ms sys
The output is sorted!
[ 1 12 23 0 22 38 16 4 10 5 ]
[ 0 12 24 19 10 49 10 33 20 6 ]
[ 12 5 33 72 25 0 21 12 1 11 ]
[ 9 55 10 36 5 29 25 10 9 5 ]
[ 9 2 8 36 22 32 46 13 18 8 ]
[ 2 81 25 12 4 15 38 0 5 13 ]
[ 35 3 62 8 3 6 15 13 3 48 ]
[ 19 10 29 6 2 53 1 21 6 50 ]
[ 7 8 20 19 25 12 29 13 42 23 ]
[ 26 23 6 21 25 16 48 36 2 0 ]
[ 12 19 0 9 2 48 17 29 69 4 ]
[ 16 30 23 30 43 36 11 4 13 11 ]
[ 1 72 26 0 0 7 20 28 38 26 ]
[ 44 40 22 2 46 28 7 3 14 14 ]
[ 21 1 46 10 53 20 37 10 17 6 ]
[ 20 19 19 34 4 1 7 13 11 96 ]
[ 25 12 6 49 8 6 47 11 54 8 ]
[ 3 88 8 17 6 14 7 22 35 29 ]
[ 22 11 32 28 35 4 21 38 26 13 ]
[ 36 40 16 9 10 52 3 48 15 3 ]

Timer (generate): 1ms real	0ms user	0ms sys
[ 56 13 12 70 1 19 73 47 82 9 ]
[ 78 89 28 48 15 34 55 45 36 4 ]
[ 0 55 38 6 98 81 5 44 85 53 ]
[ 4 41 18 68 11 20 39 37 67 21 ]
[ 98 97 11 26 45 78 60 53 23 49 ]
[ 9 23 4 48 82 2 81 87 98 66 ]
[ 40 3 60 58 23 71 30 63 60 49 ]
[ 36 58 46 47 37 44 77 97 49 1 ]
[ 98 58 24 3 58 58 57 40 45 56 ]
[ 58 37 11 18 48 34 42 78 49 2 ]
[ 28 86 13 26 85 50 70 63 99 71 ]
[ 64 98 30 40 53 40 99 62 32 96 ]
[ 70 91 34 81 9 82 68 51 12 17 ]
[ 6 40 3 19 67 41 21 89 4 20 ]
[ 61 68 18 43 60 71 35 11 34 68 ]
[ 8 56 59 94 38 20 28 58 24 40 ]
[ 75 30 81 31 1 0 72 22 89 28 ]
[ 42 2 48 13 97 8 36 33 72 22 ]
[ 1 80 79 12 74 17 32 2 27 56 ]
[ 94 54 38 75 85 39 27 9 13 69 ]

Timer (sort): 61ms real	60ms user	0ms sys
The output is sorted!
[ 9 0 1 9 38 2 13 8 87 0 ]
[ 2 28 36 22 26 3 25 19 3 4 ]
[ 5 3 38 12 30 32 28 6 0 17 ]
[ 14 8 6 23 84 11 7 3 12 8 ]
[ 30 10 26 23 4 14 6 49 13 2 ]
[ 24 19 10 12 66 22 14 23 17 1 ]
[ 30 30 29 7 6 6 31 34 8 33 ]
[ 29 44 30 13 13 13 4 12 42 14 ]
[ 58 12 17 5 0 0 2 14 18 90 ]
[ 21 4 7 35 12 37 19 41 19 22 ]
[ 0 60 13 3 37 36 55 0 14 1 ]
[ 8 13 24 14 2 81 13 27 6 32 ]
[ 33 64 0 44 9 10 7 10 2 44 ]
[ 5 3 21 15 9 23 6 44 79 21 ]
[ 46 27 6 18 3 89 22 2 8 5 ]
[ 4 43 44 2 24 17 35 8 40 11 ]
[ 36 15 15 71 22 4 0 4 29 35 ]
[ 6 40 8 15 6 28 24 40 56 8 ]
[ 40 10 2 2 12 35 2 17 44 69 ]
[ 11 10 10 55 5 8 7 90 2 35 ]

Timer (generate): 3ms real	0ms user	0ms sys
[ 79 30 99 13 5 19 41 20 51 16 ]
[ 73 19 7 90 39 97 94 93 16 5 ]
[ 75 16 4 44 83 18 73 42 60 27 ]
[ 7 91 57 6 4 62 78 46 34 29 ]
[ 14 8 48 21 98 39 18 45 84 34 ]
[ 50 11 2 54 8 86 73 81 80 85 ]
[ 8 87 76 17 46 32 80 24 78 14 ]
[ 53 44 74 53 65 25 44 35 70 29 ]
[ 69 20 92 24 75 0 10 0 82 42 ]
[ 85 90 29 61 8 27 93 40 3 24 ]
[ 6 8 20 81 61 86 6 58 73 76 ]
[ 87 95 48 79 19 23 80 81 75 14 ]
[ 23 60 4 4 73 64 32 19 4 35 ]
[ 95 11 44 15 44 57 53 50 15 27 ]
[ 78 54 22 26 86 41 2 18 22 29 ]
[ 32 97 42 88 1 67 53 33 86 57 ]
[ 21 33 20 17 49 64 26 2 66 42 ]
[ 81 44 48 3 23 34 96 77 4 70 ]
[ 6 36 67 0 25 69 68 78 54 54 ]
[ 87 75 88 8 44 89 72 71 43 39 ]

Timer (sort): 73ms real	70ms user	0ms sys
The output is sorted!
[ 9 11 29 5 18 70 4 4 14 31 ]
[ 93 51 13 1 2 6 1 22 14 3 ]
[ 20 38 43 14 35 12 3 14 24 5 ]
[ 4 14 20 6 5 39 94 7 19 1 ]
[ 2 5 29 7 12 2 38 43 48 29 ]
[ 16 15 8 2 37 0 51 11 32 50 ]
[ 36 6 7 50 39 31 9 26 0 21 ]
[ 44 3 16 39 6 10 43 6 48 10 ]
[ 6 3 6 5 42 9 12 24 76 44 ]
[ 52 22 12 11 16 14 15 83 4 2 ]
[ 31 24 44 21 12 12 65 16 2 6 ]
[ 11 8 28 31 73 58 4 15 0 6 ]
[ 35 12 18 45 14 7 14 30 58 7 ]
[ 26 9 41 0 2 25 83 0 1 53 ]
[ 2 21 4 28 3 33 16 53 12 68 ]
[ 7 20 6 11 98 29 20 12 24 13 ]
[ 16 0 89 13 14 35 1 41 10 21 ]
[ 0 18 53 3 28 22 9 80 15 13 ]
[ 22 3 39 18 7 26 82 11 5 28 ]
[ 2 20 74 72 29 20 0 0 9 19 ]

Timer (generate): 3ms real	0ms user	0ms sys
[ 0 75 62 23 79 31 25 46 92 66 ]
[ 2 53 18 42 14 14 61 27 91 3 ]
[ 96 35 87 15 31 58 18 10 61 86 ]
[ 16 13 13 30 88 92 13 13 39 6 ]
[ 32 41 59 2 35 73 17 96 53 8 ]
[ 52 1 96 91 16 79 2 86 89 63 ]
[ 72 57 28 85 88 16 78 1 30 69 ]
[ 59 62 62 70 64 97 44 33 45 49 ]
[ 94 97 50 90 41 66 69 43 52 10 ]
[ 58 24 68 86 61 8 2 91 9 84 ]
[ 60 69 98 22 91 63 19 35 48 65 ]
[ 84 42 14 86 32 55 52 53 50 56 ]
[ 16 8 32 84 46 94 92 1 85 53 ]
[ 85 46 74 84 68 66 99 40 53 47 ]
[ 5 90 90 71 76 74 79 29 80 29 ]
[ 37 96 90 70 80 88 64 24 89 49 ]
[ 77 27 47 52 11 68 18 62 8 23 ]
[ 9 65 13 51 36 90 26 67 71 58 ]
[ 97 8 54 39 78 86 79 42 10 69 ]
[ 44 39 96 91 91 59 59 61 21 19 ]

Timer (sort): 69ms real	70ms user	0ms sys
The output is sorted!
[ 0 37 15 22 13 2 0 34 15 12 ]
[ 11 7 1 7 23 31 17 3 2 53 ]
[ 18 30 22 0 12 1 15 15 10 35 ]
[ 47 50 3 7 0 7 18 36 2 41 ]
[ 0 0 14 34 27 19 9 1 87 21 ]
[ 0 29 14 31 12 2 14 75 16 22 ]
[ 31 56 8 2 15 39 4 25 30 7 ]
[ 38 10 17 0 13 30 42 42 21 9 ]
[ 2 35 29 1 9 55 22 6 5 59 ]
[ 5 0 6 9 13 9 60 1 40 80 ]
[ 5 33 13 27 20 7 2 83 4 31 ]
[ 30 7 1 20 14 4 30 1 36 84 ]
[ 13 55 17 32 12 4 63 2 11 19 ]
[ 67 13 19 60 4 22 10 13 17 4 ]
[ 43 18 23 2 7 10 31 24 63 9 ]
[ 45 32 9 23 13 5 14 28 40 25 ]
[ 6 46 33 0 45 11 7 42 1 44 ]
[ 15 20 10 49 22 22 0 8 64 25 ]
[ 21 33 17 36 41 1 41 20 21 8 ]
[ 10 73 37 4 8 27 56 3 13 8 ]

Timer (generate): 2ms real	0ms user	0ms sys
[ 71 62 47 84 98 69 6 61 52 84 ]
[ 68 78 54 46 41 51 89 49 63 85 ]
[ 68 34 82 75 66 57 43 76 46 23 ]
[ 74 69 37 21 5 87 90 12 1 94 ]
[ 48 69 73 2 67 14 53 57 63 16 ]
[ 42 31 3 77 58 21 86 2 49 84 ]
[ 77 23 53 66 44 59 54 35 23 55 ]
[ 29 71 24 2 74 43 68 79 0 83 ]
[ 96 95 66 51 24 25 72 10 79 21 ]
[ 46 8 97 99 74 41 10 28 76 33 ]
[ 35 58 5 11 12 31 55 81 10 7 ]
[ 64 58 54 31 9 78 8 33 40 39 ]
[ 7 86 47 4 38 21 45 48 2 74 ]
[ 82 37 84 87 1 48 18 56 29 80 ]
[ 63 46 39 70 29 0 48 89 34 89 ]
[ 28 93 27 27 97 65 0 94 66 2 ]
[ 20 48 92 4 87 93 53 57 49 34 ]
[ 37 64 32 76 34 13 77 35 2 63 ]
[ 76 82 56 55 9 53 73 10 99 39 ]
[ 64 20 87 56 76 26 49 81 83 50 ]

Timer (sort): 61ms real	60ms user	0ms sys
The output is sorted!
[ 9 15 17 47 6 17 12 14 27 19 ]
[ 79 1 72 17 5 0 6 1 5 6 ]
[ 21 10 19 28 51 7 31 9 10 14 ]
[ 9 0 11 8 15 78 5 29 28 20 ]
[ 35 10 12 11 25 31 53 13 2 14 ]
[ 15 7 26 5 73 8 15 47 13 6 ]
[ 60 16 32 8 16 0 8 32 21 24 ]
[ 44 11 28 4 94 1 5 19 11 4 ]
[ 30 23 30 53 20 11 27 12 6 11 ]
[ 24 3 14 6 0 1 35 36 34 71 ]
[ 53 2 49 38 13 10 13 1 8 38 ]
[ 45 66 47 0 15 0 16 21 16 4 ]
[ 42 38 8 21 19 11 6 40 11 35 ]
[ 47 13 28 1 8 81 26 11 22 0 ]
[ 21 65 2 52 21 2 23 15 4 32 ]
[ 20 2 16 61 30 8 49 18 5 29 ]
[ 46 25 12 58 19 19 9 23 10 18 ]
[ 21 6 39 21 28 5 21 85 9 6 ]
[ 34 5 6 9 3 19 6 13 99 47 ]
[ 11 29 10 37 36 37 5 11 51 16 ]

Timer (generate): 2ms real	0ms user	0ms sys
[ 47 64 66 4 85 27 46 54 78 40 ]
[ 21 2 45 81 21 19 51 46 95 85 ]
[ 1 22 48 35 87 60 87 0 5 56 ]
[ 49 53 20 67 9 5 94 55 12 73 ]
[ 48 33 27 93 67 1 12 70 47 8 ]
[ 7 49 82 55 36 69 67 23 21 25 ]
[ 79 71 78 52 90 39 57 37 46 69 ]
[ 10 94 55 89 87 74 90 0 44 38 ]
[ 60 51 39 94 59 75 63 78 51 36 ]
[ 3 82 59 33 34 50 72 92 87 19 ]
[ 13 49 13 20 38 53 46 81 5 42 ]
[ 71 65 46 10 59 5 85 74 35 88 ]
[ 10 91 71 22 24 5 72 49 49 11 ]
[ 68 15 60 33 87 50 86 34 83 91 ]
[ 76 54 8 22 16 19 79 54 93 67 ]
[ 42 56 58 13 78 34 71 2 83 20 ]
[ 13 3 35 25 89 75 27 75 9 63 ]
[ 19 37 69 79 12 86 99 43 40 44 ]
[ 10 34 0 20 48 30 55 19 32 90 ]
[ 91 97 94 79 74 83 54 2 10 15 ]

Timer (sort): 65ms real	60ms user	0ms sys
The output is sorted!
[ 22 12 16 53 1 54 8 2 3 7 ]
[ 21 32 3 2 38 0 46 7 31 19 ]
[ 28 6 11 23 41 19 1 45 13 12 ]
[ 9 49 1 9 18 29 12 9 18 48 ]
[ 2 41 4 9 66 2 19 7 53 5 ]
[ 5 70 1 12 8 33 36 2 47 4 ]
[ 8 25 7 9 28 9 42 64 0 29 ]
[ 10 17 23 44 1 22 30 7 63 7 ]
[ 45 0 16 47 6 59 14 2 35 2 ]
[ 15 5 20 5 11 14 33 78 34 12 ]
[ 31 38 21 2 29 11 11 24 44 16 ]
[ 25 75 14 15 2 0 3 2 40 52 ]
[ 33 29 27 7 29 31 11 40 16 5 ]
[ 88 5 39 6 33 7 0 10 1 39 ]
[ 6 10 28 25 39 9 81 9 5 17 ]
[ 37 7 55 7 58 8 5 3 34 16 ]
[ 46 24 13 52 23 45 9 4 6 8 ]
[ 19 9 13 55 40 13 39 5 28 10 ]
[ 32 22 6 9 36 24 44 26 22 10 ]
[ 47 2 1 3 38 14 5 90 26 6 ]

