Timer (generate): 16ms real	10ms user	0ms sys
[ 88 2 61 85 8 82 45 77 3 72 25 91 20 22 11 58 12 66 9 45 52 85 80 71 96 ]
[ 25 28 69 73 44 84 62 98 46 99 6 28 44 84 83 16 61 74 89 35 85 99 99 4 8 ]
[ 44 56 45 76 27 93 2 8 15 75 4 99 89 2 45 89 61 26 33 45 9 2 58 84 91 ]
[ 46 21 90 45 25 50 90 34 48 66 13 41 68 73 56 44 29 8 85 84 53 74 45 31 60 ]
[ 42 41 62 0 77 5 46 50 47 44 28 49 34 62 97 52 27 91 21 1 99 17 82 7 2 ]
[ 66 61 77 11 92 89 53 85 51 6 62 8 4 65 55 48 93 4 34 55 54 87 82 45 8 ]
[ 35 44 77 18 52 31 84 65 60 48 9 49 1 95 52 59 9 60 64 74 67 64 67 24 99 ]
[ 74 78 86 9 23 46 96 67 23 14 71 6 51 36 67 51 46 16 4 93 21 64 54 81 28 ]
[ 29 1 44 48 25 43 23 3 29 84 78 75 80 97 50 47 69 57 98 57 76 1 55 44 5 ]
[ 48 65 69 55 99 49 36 0 94 84 25 37 59 80 19 43 10 94 76 7 97 23 28 6 73 ]
[ 86 82 74 41 26 79 42 44 49 97 43 98 85 43 44 69 20 82 81 52 1 76 62 47 52 ]
[ 69 96 75 98 2 48 36 36 22 29 15 2 71 59 3 20 2 53 5 97 98 27 69 80 60 ]
[ 21 33 36 35 32 89 56 29 64 6 83 65 42 72 87 72 87 41 95 98 44 68 52 98 73 ]
[ 49 48 52 70 80 12 91 13 49 78 97 90 34 26 6 93 62 71 35 34 59 59 73 52 55 ]
[ 71 97 23 23 47 48 72 95 53 42 27 65 85 40 66 15 89 56 1 68 63 94 30 34 30 ]
[ 16 45 41 89 98 96 60 47 71 83 46 72 7 93 25 1 20 42 38 12 9 5 1 17 6 ]
[ 69 32 1 51 19 31 67 16 24 8 66 21 68 13 44 3 11 68 62 4 93 15 76 88 53 ]
[ 88 49 58 42 66 65 11 51 18 15 70 1 34 86 25 43 53 98 11 18 43 67 30 11 29 ]
[ 86 57 45 63 45 50 51 94 61 45 12 26 57 63 44 24 33 45 58 72 22 1 77 21 65 ]
[ 95 64 32 77 27 13 64 84 58 79 81 61 82 75 22 28 40 48 37 3 44 61 89 41 19 ]

Timer (sort): 390ms real	390ms user	0ms sys
The output is sorted!
[ 27 5 20 37 18 47 1 20 16 10 51 37 43 21 37 26 36 17 17 51 44 38 28 8 4 ]
[ 51 5 43 2 2 5 60 38 4 6 24 8 66 26 46 13 16 47 41 42 60 39 18 12 33 ]
[ 59 47 7 17 52 21 22 3 15 24 12 57 2 13 3 31 3 43 56 76 46 55 13 1 49 ]
[ 78 77 25 12 33 25 56 25 52 2 18 26 17 36 15 14 27 32 57 59 12 21 0 17 9 ]
[ 39 9 6 3 54 24 22 43 16 4 42 12 48 45 67 70 11 15 45 18 71 5 21 36 21 ]
[ 21 26 32 19 49 50 63 11 68 19 9 27 26 36 25 41 7 0 34 40 15 57 34 0 45 ]
[ 2 8 3 2 81 26 58 51 1 0 89 66 3 60 12 17 41 75 30 84 5 15 2 17 7 ]
[ 27 48 11 20 83 34 43 12 45 41 24 33 2 49 78 7 23 32 32 4 64 2 1 7 34 ]
[ 5 0 34 66 60 19 1 7 64 22 42 14 46 33 2 44 46 27 66 30 1 30 14 51 34 ]
[ 9 4 42 13 34 5 80 16 85 80 4 41 43 47 12 3 71 18 58 3 40 10 13 10 19 ]
[ 40 24 27 59 16 21 46 37 77 82 26 2 54 23 10 32 3 8 2 32 37 22 54 20 9 ]
[ 58 63 55 2 31 0 1 25 47 24 37 24 28 20 15 31 42 1 44 93 14 46 18 4 43 ]
[ 37 26 57 7 13 3 41 10 24 26 79 30 12 39 15 21 66 12 72 42 32 12 10 34 47 ]
[ 60 23 10 31 45 93 9 71 9 18 13 48 51 47 14 4 40 12 38 1 13 36 26 24 34 ]
[ 76 34 90 9 4 0 22 81 5 1 7 48 41 29 76 33 33 16 4 87 7 18 19 5 27 ]
[ 15 10 84 15 30 26 22 30 57 16 18 19 6 42 30 7 50 42 34 48 1 38 84 46 2 ]
[ 39 44 31 42 23 14 8 3 26 65 73 83 35 15 1 96 12 27 15 41 10 4 16 27 26 ]
[ 14 81 35 11 92 2 28 15 5 2 2 31 85 19 13 50 15 50 16 24 41 98 16 0 33 ]
[ 6 15 33 19 19 43 2 51 70 46 12 27 66 5 25 12 3 16 18 93 36 65 1 91 5 ]
[ 27 21 33 9 24 79 40 26 1 53 41 93 6 1 49 15 13 24 5 26 76 17 43 38 20 ]

Timer (generate): 12ms real	10ms user	0ms sys
[ 12 23 32 96 98 67 25 57 84 4 9 39 31 35 83 50 62 6 76 66 97 55 13 56 38 ]
[ 57 6 32 33 61 37 97 84 21 93 82 89 71 39 25 75 48 65 6 35 0 8 50 6 84 ]
[ 16 3 39 81 11 30 39 17 14 24 30 51 21 14 73 66 48 14 37 39 39 12 87 4 70 ]
[ 75 4 79 25 62 15 93 17 7 75 28 37 66 97 3 90 27 55 63 41 80 29 41 94 19 ]
[ 80 85 83 68 42 54 95 98 85 20 61 0 65 78 7 40 59 96 6 56 0 48 84 7 63 ]
[ 77 87 45 19 33 64 99 18 47 19 12 53 66 11 90 86 72 43 52 2 2 44 61 99 3 ]
[ 70 51 51 6 58 15 35 97 60 54 30 76 6 0 75 77 13 29 44 24 71 82 48 14 86 ]
[ 2 69 31 64 68 34 86 71 37 92 29 4 27 78 16 34 8 92 92 8 68 69 73 49 13 ]
[ 49 20 48 97 87 34 0 56 65 16 76 51 54 47 89 46 28 93 25 6 10 11 66 54 3 ]
[ 26 74 25 0 23 38 49 96 86 99 35 21 51 91 38 67 19 90 21 18 31 19 46 24 96 ]
[ 4 86 60 22 41 63 48 67 88 0 91 79 2 39 17 53 74 90 4 17 29 23 36 71 96 ]
[ 6 2 15 4 78 63 8 17 23 82 10 39 82 77 79 35 68 58 37 7 76 42 33 18 46 ]
[ 50 99 69 38 70 65 44 72 32 0 3 47 60 20 23 42 30 62 25 7 41 60 28 52 49 ]
[ 87 28 91 21 98 89 23 98 10 14 68 27 10 93 59 11 48 58 71 68 81 14 98 43 91 ]
[ 57 37 3 85 89 52 73 69 95 94 67 36 69 17 46 83 86 73 94 31 84 5 79 42 76 ]
[ 47 76 42 97 71 33 54 8 36 92 49 40 65 18 87 11 38 23 80 55 69 16 93 94 10 ]
[ 76 30 67 55 73 95 54 1 38 3 72 71 10 33 60 2 82 52 19 53 40 30 43 63 62 ]
[ 98 85 30 44 31 40 20 62 59 28 87 55 82 88 93 86 60 16 48 45 28 50 28 81 69 ]
[ 81 73 51 76 88 65 26 73 96 70 57 88 43 19 48 71 58 55 5 46 0 43 58 16 91 ]
[ 4 97 93 84 30 62 17 3 65 93 91 31 19 17 27 42 74 67 85 45 15 8 3 70 13 ]

Timer (sort): 371ms real	370ms user	0ms sys
The output is sorted!
[ 21 8 11 0 7 21 19 25 23 42 7 46 93 30 26 24 55 65 43 0 22 13 24 12 26 ]
[ 97 16 11 27 45 18 13 13 8 18 0 12 44 31 90 38 10 7 46 25 18 3 21 16 48 ]
[ 53 82 34 26 7 74 35 11 15 24 27 48 9 24 14 60 9 23 14 5 0 37 49 38 12 ]
[ 10 6 11 51 25 32 50 31 40 19 14 3 70 4 60 78 26 14 22 51 48 31 1 11 23 ]
[ 24 12 76 50 30 10 52 40 72 21 3 53 25 15 13 30 12 34 4 55 35 6 34 23 11 ]
[ 74 13 0 9 73 20 6 36 69 33 71 24 20 33 34 52 7 12 6 21 5 53 55 15 1 ]
[ 22 26 25 0 5 56 18 23 2 72 14 41 31 7 38 97 5 7 29 39 9 73 10 28 66 ]
[ 13 22 73 2 13 21 15 72 3 39 70 34 46 3 36 7 35 19 33 39 0 10 43 97 1 ]
[ 31 20 54 36 34 5 47 6 64 34 35 34 7 9 98 10 51 64 1 20 6 13 22 32 22 ]
[ 35 7 3 85 4 49 30 34 7 14 7 66 28 19 64 2 19 6 32 78 99 48 0 26 3 ]
[ 20 31 35 15 26 14 29 19 32 17 3 18 50 6 67 5 50 14 25 63 39 74 63 33 19 ]
[ 50 8 2 7 20 35 67 4 43 33 89 3 19 30 29 16 20 6 6 78 6 13 14 94 86 ]
[ 52 6 18 21 24 30 53 33 61 50 46 23 60 33 3 47 60 23 12 17 1 54 31 16 4 ]
[ 19 16 5 34 11 43 27 4 75 52 58 95 43 8 13 18 3 13 73 72 32 0 1 27 37 ]
[ 93 20 62 18 21 1 6 53 43 36 3 21 78 31 9 19 57 62 3 5 14 43 0 1 80 ]
[ 55 60 31 25 18 20 33 5 79 36 57 26 17 7 4 76 4 70 20 6 10 70 14 22 15 ]
[ 69 70 35 16 8 45 46 1 48 36 32 10 70 31 31 0 2 10 20 72 26 23 8 12 61 ]
[ 9 67 11 22 4 25 82 41 14 15 43 98 22 37 72 1 4 19 1 47 18 9 72 32 20 ]
[ 43 28 48 93 3 27 36 71 7 60 3 46 78 36 4 18 11 32 14 0 2 32 63 0 30 ]
[ 10 23 75 12 19 13 33 79 0 41 2 15 69 44 18 9 22 22 7 34 30 72 53 45 40 ]

Timer (generate): 11ms real	10ms user	0ms sys
[ 2 78 0 8 19 39 68 88 84 14 99 10 89 79 53 23 96 14 83 91 3 25 29 48 76 ]
[ 69 13 62 27 3 9 29 81 9 90 1 1 58 89 37 73 40 48 62 19 53 37 16 20 21 ]
[ 59 75 46 88 23 74 10 88 36 37 91 97 66 72 7 56 25 60 67 15 97 92 7 97 54 ]
[ 27 3 43 95 23 64 54 98 62 95 73 36 5 13 72 94 56 70 60 80 29 69 6 41 36 ]
[ 73 38 28 80 36 34 59 39 77 54 14 94 9 64 56 4 89 93 61 2 17 55 58 39 15 ]
[ 38 20 36 96 61 72 69 52 52 2 40 86 61 79 16 16 45 10 25 61 66 81 50 11 42 ]
[ 4 81 97 14 20 12 52 93 49 1 54 73 70 58 26 72 98 64 34 29 32 2 74 42 27 ]
[ 87 61 8 37 24 50 41 5 99 55 26 63 60 19 64 61 25 38 83 84 16 8 82 32 94 ]
[ 12 65 96 38 59 75 26 20 83 15 45 85 57 50 84 64 28 47 76 99 12 89 77 2 25 ]
[ 61 70 33 95 2 27 59 67 75 98 27 50 76 99 33 91 96 70 0 47 6 17 27 5 93 ]
[ 27 69 35 4 23 60 17 93 45 64 96 24 24 15 99 22 94 49 50 46 34 41 42 56 42 ]
[ 41 62 59 69 19 4 48 89 91 4 12 51 73 58 48 37 54 72 61 21 71 35 68 72 85 ]
[ 14 6 27 56 62 21 50 76 32 71 96 88 19 37 80 75 1 83 48 59 32 37 65 4 99 ]
[ 87 28 86 55 0 72 21 7 51 29 21 72 79 98 56 50 46 44 21 35 24 48 36 8 48 ]
[ 96 92 86 61 96 37 0 76 23 7 77 47 28 36 98 58 57 22 89 7 30 92 5 75 13 ]
[ 40 51 14 77 59 62 25 3 48 86 0 37 87 28 61 46 5 8 75 41 59 85 51 33 26 ]
[ 10 64 18 16 39 84 8 90 50 85 2 12 62 5 13 49 57 50 88 86 11 86 43 72 61 ]
[ 85 83 98 88 16 77 98 32 47 66 23 31 75 66 81 12 20 46 75 77 59 76 35 9 16 ]
[ 73 73 2 16 97 16 53 80 14 93 48 43 92 33 91 10 56 74 85 74 8 98 94 54 25 ]
[ 24 13 1 59 74 17 84 99 19 52 96 35 58 28 2 51 29 97 95 14 88 6 70 63 43 ]

Timer (sort): 382ms real	380ms user	0ms sys
The output is sorted!
[ 0 36 32 3 19 7 39 26 58 14 96 15 25 4 0 16 24 37 38 7 14 19 53 59 34 ]
[ 20 5 13 14 25 0 5 0 36 32 41 20 79 39 22 27 20 26 53 55 8 14 6 31 87 ]
[ 2 41 28 16 9 27 73 15 5 31 4 3 29 47 45 41 18 1 46 29 39 76 19 40 1 ]
[ 15 13 93 81 4 22 23 60 11 88 49 2 27 34 39 17 19 22 1 0 2 79 1 7 2 ]
[ 55 19 44 52 56 19 60 14 24 21 74 25 25 2 11 24 2 6 0 34 15 65 26 7 35 ]
[ 0 15 10 57 40 96 2 12 20 40 49 32 20 86 17 3 18 22 39 16 27 27 67 6 2 ]
[ 23 35 41 21 88 72 4 31 34 10 6 10 18 12 88 60 0 27 2 53 25 11 28 14 11 ]
[ 1 31 13 17 15 0 13 24 51 50 39 32 0 21 55 10 48 9 53 84 12 37 45 12 58 ]
[ 48 18 56 14 36 12 27 3 18 1 27 38 6 31 29 53 67 18 10 37 96 3 31 24 29 ]
[ 29 0 35 5 13 23 76 2 6 49 3 29 28 82 4 36 2 20 27 32 62 33 35 62 76 ]
[ 9 16 17 21 89 9 16 83 5 18 74 29 62 27 52 11 21 16 54 10 6 27 64 11 28 ]
[ 27 16 4 15 19 79 3 46 23 62 23 18 14 16 37 71 20 57 6 20 11 44 60 60 27 ]
[ 6 5 82 57 10 8 74 27 67 4 46 19 22 28 19 2 67 47 30 68 15 0 15 13 51 ]
[ 1 64 43 66 31 76 49 39 35 44 91 18 10 5 20 41 17 32 7 6 25 13 26 15 8 ]
[ 23 2 18 32 74 32 19 40 6 15 59 46 11 73 90 9 21 79 6 4 47 7 10 57 2 ]
[ 0 38 58 38 39 51 9 79 3 8 7 39 59 35 12 26 4 26 11 52 12 20 28 69 68 ]
[ 33 36 75 37 0 27 13 13 9 61 7 1 31 18 27 74 5 17 51 30 30 30 16 53 98 ]
[ 67 14 19 13 7 35 34 49 36 18 14 5 5 50 34 9 41 39 75 55 62 33 4 46 31 ]
[ 46 26 21 1 56 50 20 0 20 16 61 38 45 78 11 46 3 34 74 11 59 25 9 11 34 ]
[ 60 26 17 4 21 20 2 60 20 52 23 41 57 51 3 55 19 32 4 66 24 19 42 52 27 ]

Timer (generate): 13ms real	0ms user	0ms sys
[ 61 25 9 35 77 69 2 57 88 34 46 76 83 0 1 43 10 66 20 87 46 88 39 45 31 ]
[ 65 48 50 42 69 37 4 46 46 91 24 67 46 33 56 80 79 32 15 79 85 58 90 51 78 ]
[ 29 49 19 68 94 2 86 43 52 28 12 41 84 59 88 76 35 7 22 68 63 54 47 47 70 ]
[ 79 33 80 21 36 59 50 86 30 18 80 32 56 75 36 85 40 77 69 51 17 97 38 25 19 ]
[ 58 88 26 57 88 96 36 21 76 57 9 87 59 95 17 30 28 1 86 55 89 23 95 67 45 ]
[ 98 36 42 36 61 62 94 2 88 4 90 36 40 63 64 50 72 52 61 68 21 91 48 23 30 ]
[ 3 12 53 99 31 98 49 68 93 86 81 7 32 83 95 36 25 83 29 88 47 31 13 51 92 ]
[ 81 73 36 29 96 66 84 60 71 83 92 22 85 12 15 71 93 74 55 29 21 44 6 4 25 ]
[ 95 3 56 8 55 0 41 28 36 22 76 54 6 36 78 42 80 52 27 92 19 50 38 93 57 ]
[ 67 14 1 73 70 26 20 73 34 80 28 35 73 56 23 47 84 78 54 21 8 48 53 60 27 ]
[ 46 31 29 36 24 86 3 38 40 28 8 18 1 33 53 33 62 88 7 70 63 54 55 93 60 ]
[ 28 1 60 81 13 39 27 44 68 15 20 7 70 58 47 99 18 65 52 52 18 37 66 58 44 ]
[ 88 22 51 43 67 63 71 69 24 5 34 15 84 79 84 0 99 91 70 10 90 21 80 55 73 ]
[ 84 26 63 50 36 7 91 10 10 34 78 74 58 47 50 15 33 65 99 12 1 99 64 44 70 ]
[ 26 34 43 6 42 69 91 68 32 93 4 91 84 15 2 71 45 28 81 92 30 96 25 47 95 ]
[ 90 49 47 6 45 69 32 80 12 38 22 33 81 42 65 27 98 57 63 13 11 86 58 39 67 ]
[ 2 69 15 80 68 63 22 17 10 28 15 31 60 95 95 50 69 29 32 11 94 11 61 3 74 ]
[ 27 14 13 85 53 80 40 74 48 72 43 11 94 12 73 74 27 4 34 74 99 36 95 28 20 ]
[ 58 75 31 20 78 58 47 93 71 84 98 3 24 25 3 48 20 14 94 32 87 68 12 43 54 ]
[ 38 95 43 34 75 63 92 50 47 12 81 57 59 26 80 44 76 35 20 1 39 21 21 53 15 ]

Timer (sort): 380ms real	370ms user	10ms sys
The output is sorted!
[ 17 0 65 1 26 9 6 13 3 23 9 41 7 3 63 61 28 45 52 24 17 84 4 39 10 ]
[ 16 30 48 3 48 42 7 35 40 36 13 41 24 10 4 45 0 20 15 5 58 16 23 31 46 ]
[ 10 24 2 0 14 42 33 7 48 54 40 11 47 41 7 34 60 19 16 86 21 0 18 15 14 ]
[ 26 26 42 0 25 9 8 55 3 4 26 65 47 14 7 0 36 33 0 9 0 0 88 93 54 ]
[ 13 64 72 3 83 85 85 2 26 3 34 70 2 9 42 3 0 3 4 39 2 7 32 16 11 ]
[ 83 14 47 10 19 20 52 61 3 63 37 14 2 26 31 1 46 27 27 23 11 31 9 6 53 ]
[ 18 5 82 22 11 55 10 25 52 25 23 24 0 22 17 7 82 46 6 56 21 1 31 10 66 ]
[ 5 17 19 39 13 11 23 6 96 37 18 4 3 27 32 32 47 43 40 25 31 21 54 44 53 ]
[ 25 30 3 61 32 19 33 86 28 12 9 40 69 91 55 40 0 20 9 6 17 21 11 6 32 ]
[ 29 66 50 13 34 31 43 11 12 67 28 5 3 12 31 14 0 37 19 30 51 6 86 28 49 ]
[ 15 20 62 12 11 0 25 9 14 2 91 68 9 17 2 58 68 15 14 17 68 98 25 8 28 ]
[ 46 8 43 32 13 25 46 70 37 29 21 45 30 88 33 30 6 37 20 29 6 5 8 44 5 ]
[ 2 39 2 7 0 42 33 55 15 28 1 60 38 59 31 24 11 15 84 18 4 87 1 72 29 ]
[ 34 48 6 27 11 33 28 0 68 8 21 61 21 44 23 43 50 11 13 32 2 23 85 14 65 ]
[ 78 35 11 8 22 0 18 75 2 14 40 59 66 10 51 67 5 33 33 3 24 43 59 5 11 ]
[ 15 71 18 30 29 22 44 9 3 35 48 16 6 89 69 84 10 19 15 13 14 28 24 5 60 ]
[ 84 23 32 51 0 46 6 17 33 46 1 2 44 18 74 23 49 2 27 15 80 40 0 42 22 ]
[ 38 8 20 65 20 7 51 20 29 25 11 31 35 0 18 5 4 30 91 36 17 75 49 13 79 ]
[ 59 49 0 25 13 30 18 39 97 13 65 70 27 8 11 2 9 4 66 57 20 38 28 12 18 ]
[ 17 18 17 18 5 5 45 71 24 33 28 67 15 17 93 21 75 13 30 8 47 55 19 27 11 ]

Timer (generate): 11ms real	10ms user	0ms sys
[ 55 69 37 25 51 79 4 16 72 24 28 18 82 1 17 2 54 23 72 30 51 22 90 65 16 ]
[ 70 73 86 51 54 38 6 23 75 31 74 6 35 42 30 60 70 48 94 24 17 96 78 41 21 ]
[ 60 44 43 50 62 59 72 35 45 24 89 84 82 12 11 14 39 18 1 81 48 13 4 49 8 ]
[ 80 66 56 10 7 77 70 4 72 73 66 32 45 1 77 21 91 13 4 55 25 70 94 95 71 ]
[ 28 43 37 84 44 45 64 11 53 74 70 31 44 74 3 69 92 87 15 94 17 88 37 30 92 ]
[ 92 7 62 39 2 86 19 98 23 3 42 20 67 5 73 41 76 4 37 2 60 7 95 47 74 ]
[ 41 64 62 78 47 7 22 6 69 13 61 55 32 59 30 35 53 50 54 11 24 47 39 80 37 ]
[ 41 92 96 88 40 70 29 56 84 59 55 91 34 62 61 47 23 68 80 34 51 67 39 1 74 ]
[ 2 77 73 41 58 10 35 50 6 23 42 28 5 51 13 64 6 4 98 20 17 46 95 38 78 ]
[ 81 89 97 21 42 23 23 20 97 17 78 7 52 80 14 75 23 42 32 26 7 97 32 12 47 ]
[ 5 81 93 0 19 23 34 60 73 55 3 96 30 23 93 99 53 1 51 33 67 79 8 61 11 ]
[ 34 21 60 19 33 8 76 14 53 28 86 77 62 46 50 17 49 98 0 24 92 99 77 45 3 ]
[ 63 64 34 23 77 45 10 98 6 29 31 14 5 98 67 33 36 96 96 82 98 65 84 97 17 ]
[ 60 41 69 90 86 72 53 2 6 28 79 3 38 78 61 67 61 27 24 11 47 10 47 43 58 ]
[ 82 94 75 66 43 93 26 84 62 16 70 86 21 72 44 50 3 99 88 81 61 8 95 40 84 ]
[ 6 87 94 6 83 52 88 29 28 54 72 73 32 56 87 1 26 25 74 50 21 24 53 20 65 ]
[ 87 33 25 82 74 9 40 13 4 46 96 8 34 25 88 40 97 13 25 53 0 26 31 77 52 ]
[ 33 98 77 39 19 94 26 4 19 60 78 28 0 92 84 99 40 45 33 18 85 26 67 99 3 ]
[ 21 51 81 4 29 33 90 27 62 29 98 56 55 3 75 67 33 56 67 25 92 66 18 37 52 ]
[ 36 75 30 3 74 33 76 77 66 33 6 99 23 86 62 4 36 18 11 39 46 78 73 54 45 ]

Timer (sort): 401ms real	400ms user	0ms sys
The output is sorted!
[ 20 28 32 53 0 44 41 2 40 88 38 27 3 19 38 1 7 0 3 28 31 48 18 6 59 ]
[ 19 23 29 16 41 68 54 7 17 16 23 3 29 58 46 25 92 38 14 91 1 0 3 5 3 ]
[ 3 2 59 10 10 96 35 19 16 23 28 28 34 13 59 7 45 9 14 10 59 87 34 22 3 ]
[ 11 36 20 16 24 16 31 41 64 60 64 65 39 13 19 9 49 22 8 71 9 8 11 16 5 ]
[ 8 33 40 14 3 30 18 0 32 67 93 3 31 1 9 93 27 2 40 32 0 29 48 33 46 ]
[ 76 55 19 33 15 9 49 58 58 43 7 17 12 13 44 1 36 72 22 6 4 14 33 10 30 ]
[ 97 4 40 12 16 41 3 0 28 43 72 23 3 5 10 6 8 8 36 45 87 59 2 29 62 ]
[ 39 7 26 26 9 17 8 3 3 65 32 43 5 53 60 0 42 38 36 13 83 23 37 23 50 ]
[ 12 27 0 77 7 11 43 5 8 69 4 7 1 52 26 22 21 66 81 13 21 52 9 47 66 ]
[ 9 23 32 13 81 84 34 20 8 16 18 18 27 31 32 64 88 46 3 23 3 26 11 14 26 ]
[ 11 80 64 21 12 20 11 18 0 15 19 7 82 79 3 0 98 5 65 25 6 3 57 43 9 ]
[ 1 55 31 8 12 42 2 50 65 6 21 15 10 25 29 63 16 92 12 63 17 63 48 0 9 ]
[ 26 15 18 17 78 1 84 79 71 27 30 35 0 37 10 19 16 26 60 6 71 1 10 4 15 ]
[ 18 27 16 1 10 22 24 40 26 52 87 8 38 92 65 37 1 79 7 35 47 10 10 6 2 ]
[ 46 37 24 73 15 9 57 38 17 29 10 5 19 34 26 16 43 28 67 25 15 40 9 25 56 ]
[ 49 72 0 5 6 62 53 2 67 41 11 85 11 25 6 0 19 56 42 67 2 19 0 50 15 ]
[ 4 16 25 7 58 0 80 23 29 75 9 52 49 0 17 40 2 24 25 65 55 22 40 9 45 ]
[ 58 58 95 7 44 16 7 43 0 79 18 0 9 58 34 7 10 47 6 34 7 16 67 21 31 ]
[ 2 58 90 5 37 82 44 16 71 18 29 7 56 24 53 43 1 3 20 10 25 10 15 8 49 ]
[ 1 6 28 65 74 7 13 29 8 2 45 77 13 66 27 40 89 27 22 44 11 65 0 17 0 ]

Timer (generate): 14ms real	10ms user	0ms sys
[ 97 76 99 75 84 90 64 42 54 10 44 11 98 64 4 52 6 84 88 15 7 18 90 90 57 ]
[ 49 48 31 97 73 18 46 1 17 21 85 59 85 79 13 96 23 76 46 39 80 50 46 16 90 ]
[ 13 75 9 3 65 18 52 13 50 2 38 20 48 39 37 70 76 48 7 55 13 55 30 89 53 ]
[ 22 21 4 68 37 94 33 12 55 88 77 26 41 43 28 95 33 48 43 25 37 65 1 85 73 ]
[ 9 98 28 91 39 34 13 12 38 33 49 84 66 13 92 55 42 18 48 37 46 43 71 46 38 ]
[ 96 83 4 49 20 77 10 70 57 2 9 91 67 21 81 1 22 66 19 87 58 26 81 28 74 ]
[ 19 26 69 42 72 8 90 7 12 39 79 41 2 49 98 4 58 42 23 31 23 76 5 41 96 ]
[ 44 51 74 25 79 49 44 57 70 38 81 30 28 88 94 68 67 35 22 68 86 26 78 28 1 ]
[ 9 3 78 66 45 26 10 96 0 88 28 1 84 85 72 23 67 54 51 7 49 71 27 84 93 ]
[ 95 22 71 74 2 73 35 6 3 54 3 29 16 99 29 4 79 83 89 17 55 12 36 61 15 ]
[ 43 10 87 22 47 32 18 69 4 44 24 29 79 30 32 33 33 13 50 84 94 54 16 77 95 ]
[ 33 32 59 69 46 75 64 56 14 87 3 98 57 25 2 1 49 83 32 31 67 66 16 80 68 ]
[ 0 75 74 16 52 70 1 37 81 22 83 8 87 91 74 26 95 73 83 72 27 36 73 11 68 ]
[ 4 30 86 20 11 54 72 38 81 41 90 3 94 79 84 17 62 45 4 54 19 82 1 44 65 ]
[ 25 72 53 98 35 21 54 65 8 26 28 14 50 66 95 43 9 50 38 88 35 55 3 80 11 ]
[ 57 51 93 10 96 10 87 20 63 37 55 84 43 72 44 69 1 11 71 19 58 15 28 9 5 ]
[ 17 96 60 20 28 71 29 79 16 91 27 26 78 47 89 15 2 25 58 75 22 79 28 33 2 ]
[ 47 43 69 76 4 74 45 0 86 65 28 9 46 60 25 37 87 51 67 35 40 34 89 18 44 ]
[ 16 40 75 44 25 77 44 68 47 20 73 73 17 25 60 82 54 69 80 66 95 69 53 46 36 ]
[ 40 39 22 30 57 66 46 49 41 43 74 70 87 94 17 59 67 91 76 93 51 10 99 20 90 ]

Timer (sort): 390ms real	390ms user	0ms sys
The output is sorted!
[ 2 81 10 4 11 2 41 38 14 3 22 42 32 75 11 25 41 18 13 39 31 29 72 1 5 ]
[ 19 19 60 0 29 2 25 26 40 32 62 53 8 17 14 57 8 35 14 17 0 70 27 51 5 ]
[ 25 4 4 73 21 53 4 1 99 9 7 26 30 81 10 49 1 10 5 59 10 77 25 7 6 ]
[ 22 50 5 8 53 8 19 0 10 49 51 3 28 29 36 7 47 45 43 6 33 65 41 43 0 ]
[ 18 7 85 47 38 2 8 23 30 36 28 7 17 72 36 56 16 2 9 13 46 27 47 36 17 ]
[ 8 21 28 2 18 67 9 16 29 8 17 6 47 36 12 27 18 46 62 49 36 28 23 77 44 ]
[ 54 49 60 30 15 6 0 3 20 0 52 16 20 21 39 18 39 22 0 77 28 52 51 59 3 ]
[ 68 43 8 9 30 5 62 0 6 72 54 4 52 10 27 20 26 56 50 37 2 13 11 61 11 ]
[ 17 0 20 28 9 14 6 59 62 2 1 35 16 29 32 41 58 14 63 56 36 74 14 41 14 ]
[ 5 37 58 6 97 51 34 6 1 11 41 13 6 4 17 16 48 73 13 13 88 1 80 3 21 ]
[ 14 12 21 55 8 38 0 8 65 0 55 93 9 28 16 42 5 6 45 8 99 87 9 21 0 ]
[ 8 91 1 18 97 0 43 74 17 18 10 13 45 8 47 28 5 60 32 19 17 39 2 22 34 ]
[ 1 8 14 34 42 60 1 18 20 49 17 19 98 7 1 55 60 1 42 49 1 12 27 67 49 ]
[ 4 18 65 23 43 25 66 31 41 10 2 1 38 79 43 21 14 18 33 0 18 19 28 87 27 ]
[ 14 24 80 28 40 33 39 12 47 26 17 28 21 31 20 36 38 2 70 12 8 23 0 94 19 ]
[ 51 70 4 0 9 16 25 27 2 6 66 32 7 6 58 78 7 85 5 96 3 81 0 16 12 ]
[ 10 21 2 57 5 84 37 33 95 20 5 37 2 1 55 9 7 35 34 16 40 12 52 28 67 ]
[ 49 14 16 30 5 20 40 56 77 28 43 4 30 11 21 26 70 2 50 24 60 36 38 12 4 ]
[ 28 11 11 12 32 61 0 17 1 84 7 15 29 81 23 12 3 4 67 38 20 13 32 71 98 ]
[ 56 29 8 47 53 54 27 34 5 37 20 8 61 63 20 14 56 14 37 0 56 2 20 0 50 ]

Timer (generate): 12ms real	0ms user	0ms sys
[ 17 32 48 71 8 50 99 35 0 36 66 82 27 43 62 35 53 77 57 85 74 82 43 90 25 ]
[ 65 42 26 80 3 63 50 35 11 21 95 13 72 31 65 9 49 47 36 92 10 23 97 39 81 ]
[ 34 13 15 77 55 41 43 49 19 23 52 34 25 40 45 46 35 11 19 18 76 80 67 24 68 ]
[ 11 34 91 8 73 72 95 38 40 72 45 81 67 46 52 43 99 86 68 91 83 15 26 94 86 ]
[ 97 71 18 64 95 86 28 81 77 88 6 2 83 44 42 56 41 75 23 87 79 66 38 65 35 ]
[ 29 0 2 8 95 40 5 66 58 21 13 96 49 46 73 38 52 27 21 48 21 29 89 96 5 ]
[ 28 75 71 67 92 58 48 93 12 56 40 4 13 6 14 35 71 10 36 17 36 74 69 63 48 ]
[ 17 85 29 58 33 34 86 61 58 5 5 68 54 98 33 62 38 37 76 96 52 63 19 14 99 ]
[ 36 50 26 57 14 26 26 51 55 84 84 90 23 97 0 28 3 68 82 53 1 45 44 91 73 ]
[ 40 43 36 12 9 35 48 60 13 58 74 39 84 77 95 21 13 37 44 11 89 72 14 57 7 ]
[ 67 11 4 11 2 77 4 97 65 16 6 0 16 18 66 74 44 5 11 21 52 32 35 89 76 ]
[ 46 78 0 12 88 59 79 51 63 43 5 40 99 2 57 15 60 10 83 31 76 58 75 81 21 ]
[ 97 34 53 84 75 81 82 6 33 94 94 93 25 45 56 68 2 49 19 56 6 34 16 16 18 ]
[ 99 44 28 75 26 49 24 12 54 8 87 87 42 93 20 36 39 65 61 84 74 82 38 23 1 ]
[ 94 81 88 11 50 58 62 94 86 37 72 87 13 84 41 73 72 80 15 65 0 51 5 18 65 ]
[ 41 92 99 80 67 52 74 48 40 37 50 98 52 97 36 89 69 23 3 6 16 76 78 96 44 ]
[ 95 49 95 52 67 12 46 59 11 78 78 64 4 26 4 94 29 55 46 78 43 35 47 67 90 ]
[ 53 35 19 83 84 15 31 85 10 83 4 23 81 15 86 59 93 50 64 19 7 58 0 14 56 ]
[ 78 57 43 78 76 86 83 64 5 67 48 20 50 33 82 33 89 57 15 4 96 26 97 46 42 ]
[ 68 5 52 69 19 8 99 29 52 77 5 38 61 69 95 80 69 67 30 54 49 15 43 59 82 ]

Timer (sort): 368ms real	370ms user	0ms sys
The output is sorted!
[ 3 49 12 56 57 5 1 39 6 40 16 29 10 46 22 16 77 28 5 3 2 6 35 93 69 ]
[ 13 7 16 29 38 37 9 53 11 69 23 12 12 29 4 29 55 68 17 32 9 99 37 1 16 ]
[ 0 7 57 17 6 3 13 55 33 99 51 38 3 10 10 29 27 83 39 20 0 51 5 21 50 ]
[ 45 4 23 36 59 13 8 37 37 5 29 7 46 89 8 18 16 8 48 24 69 14 0 68 19 ]
[ 7 8 77 4 1 73 17 29 22 38 26 15 14 15 76 3 12 78 43 57 9 56 3 23 25 ]
[ 46 53 42 23 3 21 73 62 2 35 2 8 46 33 36 16 4 94 1 6 0 28 25 13 66 ]
[ 38 1 1 38 15 7 7 23 16 60 70 47 1 67 61 23 24 9 88 49 7 5 37 4 42 ]
[ 57 30 59 8 34 12 52 13 35 85 6 35 6 8 11 57 12 21 23 1 55 21 38 32 40 ]
[ 13 6 40 4 17 70 73 4 16 22 10 16 12 38 89 91 1 6 51 45 17 1 49 12 50 ]
[ 49 91 4 44 13 30 18 2 27 23 10 31 69 8 48 58 32 64 3 44 2 20 8 39 22 ]
[ 43 51 4 49 25 3 14 46 0 58 14 9 80 42 54 25 60 11 83 26 12 21 4 23 5 ]
[ 28 13 13 3 6 31 28 1 16 4 61 71 13 4 61 56 40 60 86 0 13 2 72 66 23 ]
[ 17 12 36 37 31 22 7 42 57 54 27 30 7 72 2 11 41 26 14 6 17 69 63 40 38 ]
[ 5 32 8 19 24 40 6 52 15 60 32 41 1 76 7 38 36 3 75 40 32 12 74 37 18 ]
[ 33 54 5 72 80 33 16 15 16 50 39 29 58 27 78 0 20 10 50 28 9 8 8 7 39 ]
[ 2 34 80 83 48 30 57 50 34 10 2 27 9 10 6 15 0 9 17 45 31 71 58 57 2 ]
[ 12 27 8 9 89 4 17 96 5 12 11 42 2 9 17 89 83 50 2 30 76 20 27 10 42 ]
[ 37 28 26 15 7 35 7 16 7 16 31 24 28 45 22 6 11 7 69 63 11 68 75 89 47 ]
[ 39 6 25 11 4 30 96 20 15 7 75 44 75 11 95 54 17 1 6 9 21 3 5 75 46 ]
[ 51 28 48 30 10 1 19 71 5 44 2 85 12 11 79 19 14 99 19 1 14 26 47 37 19 ]

Timer (generate): 17ms real	10ms user	0ms sys
[ 7 97 35 50 47 7 46 36 79 48 90 67 27 95 67 90 73 3 65 86 45 59 62 73 44 ]
[ 49 20 86 91 58 4 51 7 40 53 7 99 99 43 78 99 33 97 78 80 64 20 5 67 85 ]
[ 91 65 97 6 38 93 7 10 31 50 69 36 1 76 28 7 83 27 58 78 57 58 63 55 88 ]
[ 43 19 61 49 39 98 92 56 47 50 94 40 57 5 24 8 26 60 61 2 40 68 38 19 27 ]
[ 16 28 37 80 83 77 75 55 38 24 46 89 69 2 36 19 48 29 77 5 53 37 31 13 50 ]
[ 86 5 19 76 24 98 44 52 87 24 88 64 52 95 55 76 93 96 45 47 32 17 95 61 46 ]
[ 53 14 83 36 79 85 74 36 56 2 12 54 47 17 93 23 57 58 75 52 65 4 97 61 1 ]
[ 44 45 18 91 59 64 44 25 99 33 5 85 59 93 41 62 6 96 9 23 89 32 80 99 60 ]
[ 84 16 64 81 29 65 25 75 36 68 86 0 65 11 0 98 68 85 57 62 78 19 68 26 80 ]
[ 91 68 65 23 67 77 7 36 41 88 65 58 65 92 46 33 30 47 98 42 99 48 10 36 6 ]
[ 72 14 77 92 41 10 83 9 75 6 28 52 65 64 45 53 82 55 70 26 2 4 57 1 2 ]
[ 99 0 3 61 88 9 34 54 38 26 95 48 62 56 75 20 85 79 86 1 76 91 35 32 62 ]
[ 62 86 18 19 39 20 70 91 75 31 79 84 65 33 75 44 81 75 58 37 51 78 74 82 16 ]
[ 76 59 8 11 43 22 25 29 40 44 68 12 14 11 88 98 90 72 15 23 99 59 56 75 17 ]
[ 94 78 48 68 60 64 96 71 24 60 14 46 85 95 86 30 15 99 96 26 87 94 16 11 10 ]
[ 92 11 21 48 86 91 94 64 39 15 76 55 11 48 80 71 62 26 57 58 13 39 25 12 87 ]
[ 52 99 34 20 10 96 64 21 69 65 59 60 59 23 51 74 0 7 38 48 87 9 62 13 18 ]
[ 72 26 9 98 90 49 2 89 83 74 52 31 39 25 0 56 85 61 15 60 12 42 12 19 32 ]
[ 12 58 93 75 72 12 99 50 73 97 41 22 51 30 57 26 82 88 65 60 41 73 45 54 88 ]
[ 5 66 82 70 38 14 82 48 8 9 20 72 9 71 45 6 12 20 10 94 29 36 29 18 53 ]

Timer (sort): 391ms real	390ms user	10ms sys
The output is sorted!
[ 11 22 26 1 26 47 14 10 28 27 21 28 51 15 41 1 7 11 1 2 81 38 59 8 84 ]
[ 13 64 24 43 86 6 42 22 65 26 9 2 65 58 5 9 41 7 74 2 3 13 39 2 18 ]
[ 15 72 38 7 10 9 19 19 1 22 10 51 76 35 61 2 94 62 47 34 20 13 13 9 1 ]
[ 35 35 22 2 28 17 30 1 70 48 37 8 35 24 58 36 75 12 5 53 34 24 16 36 7 ]
[ 11 34 7 54 27 86 17 15 31 47 21 12 6 38 3 78 47 1 30 43 83 33 5 2 19 ]
[ 44 36 4 39 9 32 32 18 19 35 46 95 25 87 23 71 14 20 0 24 14 19 10 13 25 ]
[ 17 0 32 71 14 96 6 50 10 4 14 39 27 32 48 82 9 29 3 6 39 2 77 45 5 ]
[ 36 11 27 3 59 53 44 2 10 18 4 16 21 10 2 86 6 53 40 32 10 90 51 8 68 ]
[ 26 63 17 64 16 16 93 21 59 17 3 39 65 31 63 33 10 46 25 0 12 25 2 5 13 ]
[ 3 20 35 83 72 87 23 9 32 2 22 19 92 10 1 14 0 61 3 11 96 29 3 7 32 ]
[ 18 51 13 27 6 6 57 5 13 28 61 96 11 48 2 42 43 64 40 18 31 40 14 8 25 ]
[ 13 89 2 4 33 31 40 15 54 53 30 9 11 11 13 12 71 35 98 42 61 8 11 22 3 ]
[ 91 13 83 18 36 84 10 18 31 69 17 18 10 4 26 4 12 50 5 53 13 34 42 39 5 ]
[ 52 99 6 18 63 69 15 73 20 0 32 53 13 1 11 32 31 73 49 2 27 24 22 2 2 ]
[ 2 56 50 91 81 20 56 17 25 3 11 0 7 70 79 53 26 6 14 6 35 67 6 0 8 ]
[ 4 15 14 38 86 35 72 0 5 16 73 29 97 77 9 13 57 2 33 4 31 2 44 33 1 ]
[ 16 40 49 60 62 70 44 21 8 27 24 6 24 9 31 30 52 1 9 11 84 54 10 32 16 ]
[ 3 33 3 61 50 57 82 22 0 44 30 22 27 13 27 89 51 10 26 24 9 25 15 64 4 ]
[ 1 74 8 16 38 57 31 73 10 36 72 4 15 71 41 1 3 36 0 42 33 30 71 2 28 ]
[ 3 77 81 2 5 6 67 56 2 9 24 28 26 8 2 63 83 12 55 24 45 68 0 38 12 ]

Timer (generate): 13ms real	10ms user	0ms sys
[ 85 42 34 44 55 22 24 84 18 17 13 82 21 81 49 76 31 62 23 38 48 29 3 25 32 ]
[ 12 75 46 16 60 63 1 54 49 97 9 72 74 45 90 91 58 24 64 40 73 40 23 36 15 ]
[ 61 84 97 17 61 29 29 36 27 98 48 90 51 3 40 49 12 64 75 58 54 66 16 30 31 ]
[ 8 3 23 84 91 39 97 76 88 66 37 69 96 26 96 46 74 39 49 77 31 50 42 95 25 ]
[ 0 1 92 68 31 75 29 86 50 65 78 41 62 6 29 29 95 98 77 21 47 75 48 86 24 ]
[ 77 17 75 19 64 0 71 65 44 40 48 71 21 34 22 86 64 63 0 70 45 81 66 43 10 ]
[ 39 90 85 87 76 62 65 45 37 84 9 89 56 26 86 48 74 9 69 61 31 7 25 47 7 ]
[ 96 92 89 62 35 99 1 78 37 41 6 99 6 52 88 90 13 77 98 40 15 46 66 25 67 ]
[ 27 8 74 53 55 34 1 99 75 15 35 26 68 65 63 9 71 14 15 23 2 58 89 32 56 ]
[ 81 47 55 47 24 74 27 33 1 32 40 35 33 40 62 48 27 88 16 92 4 26 63 18 93 ]
[ 39 21 51 28 5 60 61 4 15 8 29 41 87 14 42 19 54 77 52 94 39 52 73 80 69 ]
[ 65 84 47 29 2 40 20 75 44 0 80 4 61 85 71 21 66 12 9 80 55 80 86 84 85 ]
[ 33 76 37 6 56 58 72 92 57 53 94 50 73 22 94 73 54 50 86 39 73 7 57 37 68 ]
[ 37 44 49 24 29 34 57 57 23 63 65 82 87 57 91 40 3 41 65 25 35 90 80 37 76 ]
[ 71 10 36 29 0 4 66 44 5 42 25 91 51 82 15 15 47 49 54 4 40 95 8 82 12 ]
[ 85 69 3 65 59 31 37 21 67 18 21 24 36 66 29 79 43 73 30 26 88 97 25 89 52 ]
[ 82 81 99 90 63 63 27 85 66 93 96 98 82 17 17 0 91 41 36 9 23 67 52 48 50 ]
[ 78 36 47 4 77 51 86 58 2 28 74 66 55 11 84 0 7 34 34 76 52 86 67 45 75 ]
[ 76 20 42 29 68 92 59 56 92 15 33 43 53 44 98 81 18 64 89 81 0 41 40 35 76 ]
[ 16 39 62 36 36 37 12 57 32 93 77 24 53 34 16 20 19 12 74 15 10 7 85 26 48 ]

Timer (sort): 377ms real	380ms user	0ms sys
The output is sorted!
[ 29 7 9 3 0 43 18 24 80 75 4 5 12 50 24 10 22 78 35 1 12 12 38 28 48 ]
[ 27 2 12 50 24 9 58 67 9 46 3 8 35 22 3 0 2 54 73 50 27 55 32 16 44 ]
[ 4 32 29 37 38 35 46 13 11 20 25 76 4 24 32 33 53 28 15 93 2 28 15 24 14 ]
[ 13 31 34 0 22 46 5 15 3 14 85 31 20 42 6 94 61 37 5 7 23 10 62 60 7 ]
[ 28 15 31 14 25 7 77 17 87 35 7 11 60 26 27 28 0 9 28 33 44 53 13 61 1 ]
[ 48 45 59 55 73 12 5 7 47 16 14 7 5 20 2 92 24 11 46 0 24 41 37 60 2 ]
[ 17 9 0 76 14 71 25 2 27 8 21 26 15 28 63 3 12 87 21 15 14 50 47 96 7 ]
[ 25 85 4 30 40 36 1 27 33 48 0 29 13 42 47 63 6 27 57 23 4 30 40 41 11 ]
[ 56 33 64 86 3 28 58 10 83 14 6 52 21 25 14 35 1 24 14 45 0 5 7 33 56 ]
[ 8 61 34 49 18 22 27 31 26 9 48 17 96 52 18 15 17 4 47 19 8 4 74 59 11 ]
[ 40 55 29 56 6 29 43 24 96 11 82 15 32 18 16 35 58 1 17 70 10 5 7 18 2 ]
[ 17 33 38 9 2 89 4 7 7 5 22 16 29 65 49 41 27 10 63 5 41 97 66 13 21 ]
[ 58 3 12 67 17 7 0 40 1 29 60 51 37 0 66 2 4 25 76 22 51 56 19 44 30 ]
[ 30 43 5 13 23 26 24 29 90 94 78 16 15 46 19 49 2 33 18 28 7 32 49 10 4 ]
[ 25 20 2 39 60 5 54 2 43 39 35 31 46 28 13 16 96 61 54 14 42 9 14 8 27 ]
[ 37 10 60 95 59 46 0 4 24 19 70 25 2 20 4 7 14 33 34 5 34 26 36 42 77 ]
[ 90 16 68 5 10 32 12 7 97 12 96 18 23 5 42 16 12 24 81 15 6 22 3 40 35 ]
[ 16 49 9 78 8 44 47 27 0 8 7 38 14 6 90 50 45 33 45 49 10 21 28 37 29 ]
[ 1 21 20 75 23 50 22 81 56 64 14 49 26 1 36 20 15 0 24 10 59 36 20 30 38 ]
[ 37 83 6 41 87 44 19 3 59 6 28 20 64 32 14 7 27 49 29 16 26 61 18 4 13 ]

Timer (generate): 12ms real	10ms user	0ms sys
[ 61 71 30 85 46 21 49 68 87 39 30 50 21 98 77 80 76 4 83 29 44 23 72 90 29 ]
[ 28 36 66 76 74 28 89 97 59 75 95 32 76 15 19 16 45 70 89 44 99 70 20 3 5 ]
[ 49 48 28 73 90 9 1 26 28 78 52 56 19 49 67 94 44 99 23 11 71 91 57 93 80 ]
[ 1 92 2 73 95 59 74 95 40 48 85 1 49 63 29 79 15 86 99 16 53 45 12 5 20 ]
[ 24 76 11 81 69 44 34 61 98 7 8 58 81 56 98 29 93 99 31 57 81 62 72 67 13 ]
[ 89 72 11 1 29 31 77 5 43 58 74 39 92 87 37 99 48 95 33 4 45 62 97 97 45 ]
[ 6 78 8 31 97 21 20 21 84 73 51 16 3 56 11 61 83 50 6 22 39 57 70 35 90 ]
[ 26 32 53 76 29 50 82 7 58 13 56 32 85 78 16 11 29 84 14 85 95 27 20 97 33 ]
[ 43 37 91 13 24 81 92 56 86 68 86 37 2 45 47 16 2 31 53 80 48 16 61 84 82 ]
[ 46 80 10 67 29 43 10 66 86 75 90 68 67 99 6 35 37 43 38 34 43 6 88 74 11 ]
[ 68 74 80 81 59 62 28 91 72 47 20 68 9 87 54 84 29 74 4 80 81 91 17 76 81 ]
[ 52 71 39 40 46 51 61 72 31 42 31 45 22 22 18 21 43 38 30 82 44 67 63 19 71 ]
[ 44 52 14 13 80 96 17 52 35 10 50 38 71 22 21 65 6 67 40 28 37 61 23 27 44 ]
[ 57 71 63 21 42 86 17 46 0 82 27 48 0 31 36 10 33 74 33 7 48 50 13 67 90 ]
[ 94 56 4 17 83 0 27 6 63 0 49 49 69 95 1 51 74 50 51 5 86 13 90 12 46 ]
[ 98 60 97 11 79 39 5 35 95 75 70 95 54 77 10 54 78 11 23 73 13 26 48 63 78 ]
[ 5 1 91 96 13 90 94 26 87 57 5 78 15 93 74 42 15 21 96 92 32 2 22 43 77 ]
[ 96 8 3 96 71 33 1 72 25 97 38 67 43 64 6 53 69 84 68 14 10 62 30 32 58 ]
[ 74 16 60 97 11 89 45 20 92 41 43 26 42 68 3 92 6 70 87 70 76 40 91 12 60 ]
[ 6 75 22 88 59 32 14 75 44 63 38 33 8 10 26 1 54 4 96 22 7 40 28 29 27 ]

Timer (sort): 372ms real	370ms user	0ms sys
The output is sorted!
[ 12 18 24 10 20 6 10 90 19 21 35 5 49 13 29 15 48 69 14 25 19 35 4 10 26 ]
[ 15 13 11 63 4 37 18 17 21 6 33 64 60 3 19 19 9 13 2 27 72 27 23 1 57 ]
[ 10 55 26 16 66 68 51 1 64 12 3 49 19 40 2 5 21 27 16 47 65 3 11 4 21 ]
[ 41 19 22 65 21 4 35 9 43 51 1 67 57 26 3 16 13 12 48 11 23 39 12 51 20 ]
[ 31 12 19 88 26 76 11 13 47 20 53 15 47 50 22 28 5 6 18 2 31 48 30 29 4 ]
[ 85 24 9 60 11 22 15 28 35 53 4 77 14 47 1 28 31 15 2 9 17 56 53 22 15 ]
[ 1 6 10 24 28 5 31 54 24 10 12 11 97 4 27 98 24 2 69 32 65 31 19 59 0 ]
[ 12 30 15 47 41 64 14 69 14 40 1 6 35 9 11 19 84 30 12 19 13 56 12 62 34 ]
[ 12 8 20 12 56 40 28 44 29 21 10 52 42 18 28 3 62 1 19 44 65 77 10 10 40 ]
[ 0 7 18 38 67 41 1 22 38 80 7 10 37 88 34 26 12 11 23 49 54 7 0 39 42 ]
[ 10 5 40 5 76 26 2 21 39 0 13 68 52 19 1 24 36 21 41 43 37 81 9 44 38 ]
[ 76 19 6 23 11 3 40 72 61 10 52 36 17 0 12 3 23 18 12 13 32 31 85 87 19 ]
[ 16 1 99 47 9 14 8 2 33 39 26 77 38 75 17 43 34 3 8 62 22 13 7 43 27 ]
[ 95 20 36 20 51 10 15 35 27 15 13 72 0 6 24 75 6 0 60 31 43 27 13 21 50 ]
[ 90 23 9 24 77 44 29 2 37 28 5 1 29 5 21 27 7 21 49 10 51 4 91 7 79 ]
[ 5 19 1 41 28 53 51 37 78 21 0 91 30 27 3 8 12 0 29 25 74 1 84 50 7 ]
[ 32 52 68 97 1 16 9 35 18 14 1 31 2 98 4 23 51 69 10 28 5 79 3 16 13 ]
[ 45 2 40 3 49 3 30 4 52 46 32 69 1 96 0 29 40 38 88 36 3 28 1 4 37 ]
[ 0 94 96 36 13 40 0 9 14 18 40 37 22 19 27 17 84 13 29 58 9 76 4 20 3 ]
[ 9 18 2 25 23 19 44 30 22 30 8 3 43 78 88 64 90 5 30 33 43 0 58 5 8 ]

