Timer (generate): 22ms real	20ms user	0ms sys
[ 85 4 45 58 24 70 78 63 75 0 ]
[ 74 68 83 51 70 25 7 51 78 35 ]
[ 5 56 53 29 98 94 78 59 2 12 ]
[ 20 87 16 17 97 92 87 27 55 14 ]
[ 27 82 82 10 85 4 36 92 56 14 ]
[ 27 13 22 32 95 72 26 73 83 28 ]
[ 37 55 67 5 72 16 97 11 44 4 ]
[ 25 71 86 60 34 72 64 22 64 20 ]
[ 88 44 86 62 28 81 34 55 54 70 ]
[ 35 43 25 55 48 98 71 45 9 15 ]
[ 49 87 39 88 47 73 60 63 47 76 ]
[ 36 35 72 22 97 1 3 83 8 9 ]
[ 53 95 4 79 50 52 29 22 49 90 ]
[ 89 50 29 28 38 76 53 50 92 0 ]
[ 27 28 35 51 50 84 52 5 68 60 ]
[ 66 73 56 70 4 58 22 33 32 23 ]
[ 76 22 73 5 2 64 34 56 14 26 ]
[ 8 93 54 96 45 56 80 49 61 0 ]
[ 10 79 74 18 49 78 76 23 64 9 ]
[ 46 40 31 71 97 85 87 31 93 54 ]

Timer (sort): 6285ms real	6290ms user	0ms sys
The output is sorted!
[ 7 8 5 10 24 19 21 5 10 31 ]
[ 38 14 34 9 0 2 35 2 7 3 ]
[ 23 8 6 3 2 46 20 17 13 8 ]
[ 17 7 6 14 26 11 12 47 7 4 ]
[ 0 5 21 25 7 10 20 39 19 13 ]
[ 8 30 58 10 2 9 21 9 8 5 ]
[ 6 47 13 5 1 51 18 13 2 5 ]
[ 25 17 4 12 52 4 6 2 17 33 ]
[ 2 7 6 10 4 1 27 50 0 66 ]
[ 41 28 35 3 2 1 0 42 18 4 ]
[ 3 13 0 8 22 8 82 15 16 8 ]
[ 18 20 8 15 10 29 19 6 42 8 ]
[ 15 18 17 21 7 2 15 29 3 49 ]
[ 1 32 18 34 6 12 4 12 16 42 ]
[ 2 3 57 25 3 14 12 32 23 7 ]
[ 2 25 27 12 2 27 14 16 21 33 ]
[ 31 90 1 1 9 16 0 27 9 1 ]
[ 11 8 11 16 2 6 3 10 56 62 ]
[ 58 10 35 6 12 7 18 16 6 18 ]
[ 9 5 18 6 37 41 6 22 12 30 ]

Timer (generate): 23ms real	20ms user	0ms sys
[ 37 64 32 61 84 2 5 40 71 96 ]
[ 99 22 48 44 36 34 89 73 94 49 ]
[ 35 99 20 14 49 62 90 51 12 42 ]
[ 23 1 6 55 62 90 57 20 83 28 ]
[ 16 82 2 16 26 38 50 68 12 97 ]
[ 17 99 48 89 13 97 52 3 48 16 ]
[ 45 71 17 4 26 31 46 35 51 29 ]
[ 63 19 11 65 87 90 56 38 58 68 ]
[ 35 27 19 35 17 33 32 21 88 32 ]
[ 89 86 56 58 90 82 41 36 70 45 ]
[ 66 33 64 29 51 52 71 7 42 81 ]
[ 27 29 9 46 64 78 31 48 51 20 ]
[ 80 92 6 36 50 96 71 91 84 41 ]
[ 36 2 26 1 32 77 5 3 36 99 ]
[ 37 63 28 98 62 92 76 93 92 79 ]
[ 65 72 71 71 9 73 19 80 64 4 ]
[ 73 53 6 99 6 90 77 11 46 65 ]
[ 10 83 29 90 33 43 34 61 36 26 ]
[ 40 2 98 63 25 59 36 45 91 52 ]
[ 1 64 5 59 64 11 2 93 74 0 ]

Timer (sort): 6434ms real	6430ms user	0ms sys
The output is sorted!
[ 2 50 10 3 2 16 2 4 31 4 ]
[ 20 66 12 11 14 0 3 5 7 11 ]
[ 66 11 0 6 5 1 16 36 5 8 ]
[ 7 13 2 0 58 3 7 3 52 15 ]
[ 17 2 8 3 1 44 4 16 43 24 ]
[ 12 52 16 13 6 10 2 45 0 16 ]
[ 38 0 14 6 0 25 2 34 28 25 ]
[ 24 0 4 30 12 20 41 14 13 16 ]
[ 32 37 1 4 3 15 11 7 52 12 ]
[ 18 4 21 45 1 0 5 50 29 2 ]
[ 26 11 26 46 4 1 22 7 25 8 ]
[ 0 1 28 17 65 18 12 11 7 18 ]
[ 2 10 1 34 11 15 75 5 9 18 ]
[ 2 3 50 11 5 8 15 30 53 3 ]
[ 2 11 39 22 0 21 9 47 10 20 ]
[ 12 22 22 12 7 48 15 20 10 15 ]
[ 38 19 9 19 14 2 1 18 26 37 ]
[ 12 15 30 5 26 9 51 6 25 6 ]
[ 35 12 0 34 12 3 33 3 51 2 ]
[ 0 28 1 14 29 4 74 19 16 3 ]

Timer (generate): 20ms real	20ms user	0ms sys
[ 55 58 48 80 38 22 98 10 97 32 ]
[ 69 21 17 80 96 93 27 95 80 69 ]
[ 58 64 69 57 64 59 33 95 42 71 ]
[ 21 97 81 69 30 71 44 28 33 93 ]
[ 13 2 14 30 34 10 75 13 58 7 ]
[ 83 16 23 52 25 88 63 10 83 6 ]
[ 33 4 55 14 25 85 37 69 66 70 ]
[ 63 79 72 29 61 6 40 88 20 50 ]
[ 95 55 18 19 59 44 7 22 54 42 ]
[ 80 40 98 36 6 23 73 44 45 39 ]
[ 66 60 18 91 89 31 49 81 19 21 ]
[ 31 15 76 50 86 35 94 93 10 0 ]
[ 87 42 40 85 30 47 8 4 43 53 ]
[ 95 9 13 14 52 3 97 2 36 17 ]
[ 23 68 84 0 18 70 87 64 15 49 ]
[ 64 2 44 57 87 74 56 47 30 51 ]
[ 53 26 12 66 92 65 21 89 67 10 ]
[ 58 90 78 42 42 96 12 82 12 79 ]
[ 83 28 81 27 85 20 54 93 20 84 ]
[ 44 73 10 57 91 2 22 65 44 89 ]

Timer (sort): 6497ms real	6490ms user	0ms sys
The output is sorted!
[ 8 29 6 1 29 1 0 20 49 7 ]
[ 18 8 0 17 42 22 4 15 22 6 ]
[ 21 7 0 35 1 11 23 2 41 16 ]
[ 40 12 9 21 6 31 10 6 11 17 ]
[ 24 3 9 19 36 22 0 23 5 24 ]
[ 53 31 18 11 1 17 22 8 0 11 ]
[ 40 2 29 18 10 16 2 0 6 49 ]
[ 16 20 0 6 84 12 9 0 20 7 ]
[ 50 9 25 0 25 16 4 3 16 27 ]
[ 5 34 17 29 25 16 36 9 2 5 ]
[ 5 14 19 46 17 3 1 18 58 1 ]
[ 6 26 21 0 20 10 31 42 5 22 ]
[ 18 6 19 19 39 35 27 6 13 1 ]
[ 40 33 6 36 5 11 11 13 10 18 ]
[ 0 20 32 7 56 4 14 11 23 17 ]
[ 9 11 14 74 2 1 3 32 15 23 ]
[ 24 66 19 11 26 27 0 1 5 6 ]
[ 8 22 53 1 11 25 1 4 56 4 ]
[ 15 2 11 26 35 8 16 19 28 27 ]
[ 30 0 13 12 6 13 32 19 56 9 ]

Timer (generate): 25ms real	20ms user	0ms sys
[ 98 68 72 87 58 50 62 61 73 55 ]
[ 24 98 70 22 64 48 22 16 82 79 ]
[ 10 39 74 68 50 98 47 53 22 55 ]
[ 46 73 23 18 60 33 20 22 94 45 ]
[ 29 18 43 0 93 59 48 67 28 82 ]
[ 46 38 74 72 58 24 70 57 77 44 ]
[ 12 75 17 87 93 29 21 65 52 67 ]
[ 11 81 86 6 81 31 18 81 98 98 ]
[ 16 96 88 90 68 46 14 38 55 44 ]
[ 34 19 19 4 6 65 33 79 30 37 ]
[ 47 93 19 85 52 52 16 22 34 66 ]
[ 20 2 62 8 92 30 6 6 20 61 ]
[ 50 6 80 70 62 38 87 96 18 17 ]
[ 33 17 63 4 2 15 57 70 89 43 ]
[ 88 9 45 50 17 89 32 75 95 52 ]
[ 36 98 10 68 20 73 6 7 21 76 ]
[ 76 6 93 39 11 47 6 20 69 95 ]
[ 63 57 56 60 59 25 49 91 0 96 ]
[ 95 36 94 6 56 14 31 63 21 52 ]
[ 91 98 58 85 89 21 84 48 41 6 ]

Timer (sort): 6362ms real	6360ms user	0ms sys
The output is sorted!
[ 3 6 3 33 2 0 16 14 9 38 ]
[ 23 0 35 0 27 9 4 20 6 16 ]
[ 4 13 6 14 55 1 1 2 41 3 ]
[ 0 9 8 20 72 5 10 5 11 11 ]
[ 22 3 4 1 1 13 24 40 35 8 ]
[ 7 3 18 58 10 4 21 4 27 1 ]
[ 8 27 7 78 17 1 4 6 3 4 ]
[ 5 11 17 45 9 0 20 10 10 39 ]
[ 0 1 9 7 65 1 15 12 46 14 ]
[ 50 0 2 4 42 60 7 4 0 5 ]
[ 2 10 31 9 12 3 33 9 54 11 ]
[ 2 19 10 21 31 13 5 12 24 40 ]
[ 0 5 17 6 9 70 21 0 26 24 ]
[ 30 2 14 8 8 8 1 73 25 11 ]
[ 5 41 9 7 12 13 63 8 1 25 ]
[ 12 36 39 3 1 29 27 16 12 9 ]
[ 3 2 55 3 22 44 15 28 8 5 ]
[ 2 13 16 53 37 1 2 13 30 18 ]
[ 53 5 53 29 3 5 6 10 21 0 ]
[ 1 20 0 47 55 12 23 7 19 2 ]

Timer (generate): 28ms real	10ms user	0ms sys
[ 29 95 86 50 5 33 79 41 26 11 ]
[ 95 44 16 49 35 43 88 0 61 56 ]
[ 45 42 8 24 80 9 29 1 63 65 ]
[ 90 45 60 28 95 65 61 27 59 39 ]
[ 90 54 36 6 4 71 1 44 71 63 ]
[ 52 68 57 12 45 89 21 26 90 37 ]
[ 91 33 82 3 61 29 69 75 56 80 ]
[ 14 98 34 50 5 90 22 6 34 45 ]
[ 21 38 14 79 3 11 20 24 37 11 ]
[ 13 80 44 47 83 57 77 4 32 85 ]
[ 84 99 84 19 49 41 9 23 99 96 ]
[ 21 21 86 87 52 89 98 72 66 87 ]
[ 35 79 67 31 27 50 89 56 55 73 ]
[ 93 91 72 29 10 74 70 72 49 22 ]
[ 68 70 95 54 9 47 96 7 71 62 ]
[ 94 59 41 61 42 20 64 83 28 71 ]
[ 57 22 62 81 51 25 55 74 97 5 ]
[ 96 17 27 43 23 37 42 19 96 13 ]
[ 33 43 24 75 56 67 47 20 50 76 ]
[ 91 59 98 6 41 1 31 48 27 80 ]

Timer (sort): 5795ms real	5790ms user	0ms sys
The output is sorted!
[ 3 33 13 18 15 7 5 5 10 17 ]
[ 19 21 6 1 2 5 1 13 49 21 ]
[ 1 11 9 5 28 39 5 6 10 29 ]
[ 6 3 12 35 20 12 8 7 29 15 ]
[ 23 31 8 6 11 22 9 35 3 0 ]
[ 24 52 16 9 0 1 31 2 14 1 ]
[ 35 5 23 12 24 11 21 14 20 4 ]
[ 7 43 38 6 11 8 7 8 37 5 ]
[ 23 5 12 74 42 8 3 2 2 0 ]
[ 0 19 30 6 9 4 63 3 32 7 ]
[ 23 27 34 11 16 5 1 32 26 0 ]
[ 16 3 8 5 30 21 25 25 27 15 ]
[ 25 5 7 15 8 8 10 29 43 27 ]
[ 29 20 44 18 0 11 24 29 3 0 ]
[ 17 36 10 19 7 0 14 13 18 46 ]
[ 35 1 3 52 1 15 19 8 29 19 ]
[ 12 3 35 4 69 2 2 31 16 13 ]
[ 10 2 33 15 40 29 7 1 22 28 ]
[ 17 18 19 2 2 51 8 67 0 4 ]
[ 20 5 29 16 0 58 23 4 30 3 ]

Timer (generate): 19ms real	10ms user	0ms sys
[ 28 93 36 55 34 14 21 58 72 66 ]
[ 52 15 85 1 31 17 47 23 3 73 ]
[ 71 32 0 2 45 78 15 80 41 80 ]
[ 85 69 26 73 76 60 88 98 18 12 ]
[ 16 23 28 2 24 11 71 23 34 74 ]
[ 96 5 58 49 7 55 79 22 35 20 ]
[ 55 72 89 81 46 17 41 86 15 11 ]
[ 98 32 34 78 86 10 89 57 85 23 ]
[ 83 82 28 41 31 87 49 62 62 36 ]
[ 82 17 9 23 50 55 40 43 41 8 ]
[ 54 91 92 41 70 30 3 59 87 89 ]
[ 83 22 23 63 15 6 51 64 68 13 ]
[ 1 2 82 10 77 32 17 17 75 10 ]
[ 77 81 1 69 74 71 99 30 83 38 ]
[ 71 66 60 94 81 76 0 32 92 20 ]
[ 97 93 22 79 55 99 63 72 68 90 ]
[ 82 46 24 36 67 50 59 19 80 42 ]
[ 57 51 60 70 97 42 98 49 26 90 ]
[ 69 24 84 43 55 91 94 71 64 15 ]
[ 61 98 13 37 34 80 88 46 99 68 ]

Timer (sort): 5082ms real	5080ms user	0ms sys
The output is sorted!
[ 17 1 10 7 8 12 2 48 28 7 ]
[ 1 1 4 15 70 7 15 4 19 20 ]
[ 4 6 7 9 22 16 47 27 5 16 ]
[ 25 0 1 19 13 39 10 14 40 11 ]
[ 6 16 4 53 1 12 2 3 62 14 ]
[ 37 14 0 16 12 28 13 13 6 34 ]
[ 10 0 28 21 1 30 12 15 35 22 ]
[ 36 1 10 1 13 6 13 33 10 52 ]
[ 21 45 27 6 17 13 4 21 13 11 ]
[ 40 2 16 15 20 20 12 10 43 2 ]
[ 20 8 26 9 14 3 63 16 20 1 ]
[ 20 10 32 7 4 4 10 15 70 9 ]
[ 27 26 21 15 36 10 17 12 7 14 ]
[ 69 0 7 16 1 31 17 16 16 14 ]
[ 47 3 7 3 19 7 42 31 10 20 ]
[ 28 50 5 9 5 2 1 55 0 35 ]
[ 30 45 3 16 42 37 13 2 0 4 ]
[ 1 19 23 49 26 21 34 5 10 5 ]
[ 14 3 18 5 42 17 74 0 6 15 ]
[ 42 6 3 4 6 32 37 22 28 15 ]

Timer (generate): 18ms real	10ms user	0ms sys
[ 5 4 50 13 73 44 33 57 18 41 ]
[ 25 33 59 62 13 13 50 23 46 17 ]
[ 88 55 97 32 15 24 30 79 79 48 ]
[ 56 85 4 6 50 78 2 84 87 73 ]
[ 77 13 6 88 27 19 1 77 94 99 ]
[ 47 83 6 44 15 22 20 45 53 0 ]
[ 46 9 37 50 67 87 80 70 23 68 ]
[ 43 52 33 1 40 60 20 41 90 15 ]
[ 93 37 50 99 33 17 21 53 15 74 ]
[ 5 61 35 94 63 3 82 96 25 57 ]
[ 64 20 10 49 21 50 9 93 44 99 ]
[ 8 37 88 10 88 21 28 10 27 43 ]
[ 36 32 56 72 27 19 75 61 15 52 ]
[ 70 31 72 32 80 93 35 42 86 79 ]
[ 41 47 68 30 57 8 3 37 18 30 ]
[ 32 7 15 88 79 42 8 6 55 75 ]
[ 58 25 7 30 58 39 75 93 81 61 ]
[ 24 23 60 44 5 70 52 8 7 23 ]
[ 91 40 30 6 28 61 48 88 67 55 ]
[ 64 77 80 23 59 90 14 34 35 96 ]

Timer (sort): 5172ms real	5180ms user	0ms sys
The output is sorted!
[ 1 11 34 30 1 6 0 17 19 26 ]
[ 78 22 2 13 0 1 8 7 28 0 ]
[ 9 63 16 24 1 6 27 7 9 9 ]
[ 2 0 21 22 10 22 10 50 15 22 ]
[ 4 12 30 67 16 8 9 4 19 10 ]
[ 10 14 8 17 42 12 23 11 22 20 ]
[ 62 3 12 5 3 3 25 39 28 0 ]
[ 1 11 1 5 2 7 15 8 96 35 ]
[ 9 18 49 18 12 50 16 1 3 7 ]
[ 7 4 5 28 32 34 37 18 3 16 ]
[ 24 19 0 22 5 3 7 10 32 63 ]
[ 44 2 21 19 19 33 24 10 3 10 ]
[ 6 22 12 49 31 0 9 9 2 46 ]
[ 6 15 11 6 12 14 41 9 56 16 ]
[ 25 5 45 0 9 0 19 1 23 59 ]
[ 66 1 6 3 7 22 13 8 40 21 ]
[ 12 39 2 3 51 0 59 18 3 0 ]
[ 68 5 18 21 9 30 4 23 4 5 ]
[ 6 8 30 9 77 29 3 15 10 0 ]
[ 21 27 5 17 11 20 12 26 13 37 ]

Timer (generate): 17ms real	10ms user	0ms sys
[ 44 23 18 38 88 54 29 68 79 48 ]
[ 31 37 33 54 17 83 62 92 34 79 ]
[ 46 52 19 95 38 95 42 62 84 47 ]
[ 64 80 22 83 70 62 89 99 30 68 ]
[ 99 13 58 32 19 75 67 34 20 1 ]
[ 13 18 6 32 14 44 80 8 6 16 ]
[ 55 70 96 30 5 66 92 95 65 23 ]
[ 15 64 88 73 48 8 1 15 42 21 ]
[ 68 7 39 74 39 5 70 71 14 76 ]
[ 87 69 99 35 99 4 53 92 51 70 ]
[ 67 67 86 55 92 86 15 93 1 57 ]
[ 14 22 64 6 48 56 11 19 27 25 ]
[ 47 67 47 46 54 46 3 8 90 54 ]
[ 30 9 73 17 17 66 3 32 59 57 ]
[ 42 26 79 58 32 27 66 43 98 46 ]
[ 69 46 65 16 92 19 14 47 79 57 ]
[ 54 10 18 27 27 35 45 82 20 5 ]
[ 39 14 83 18 24 15 98 91 58 48 ]
[ 37 79 94 54 95 39 73 62 86 5 ]
[ 71 40 15 89 20 94 25 65 76 97 ]

Timer (sort): 5032ms real	5040ms user	0ms sys
The output is sorted!
[ 1 11 31 3 1 23 17 12 15 31 ]
[ 13 0 20 4 0 40 59 10 11 3 ]
[ 0 49 4 22 27 3 16 22 18 6 ]
[ 1 10 2 12 2 5 58 7 51 20 ]
[ 1 37 3 25 62 6 1 15 2 17 ]
[ 17 2 32 32 24 3 4 18 24 22 ]
[ 21 9 8 1 17 16 16 15 25 55 ]
[ 23 26 4 61 6 0 7 14 28 16 ]
[ 8 44 0 16 42 9 31 17 10 9 ]
[ 21 36 43 10 0 22 14 0 15 25 ]
[ 5 24 22 0 11 26 56 3 33 7 ]
[ 12 51 1 52 2 32 10 11 0 16 ]
[ 8 23 1 31 16 56 13 6 12 22 ]
[ 2 62 25 6 13 42 6 1 23 8 ]
[ 16 3 9 0 6 80 21 13 41 1 ]
[ 18 29 42 36 41 6 5 1 5 8 ]
[ 11 31 7 18 18 41 37 1 14 14 ]
[ 28 13 25 12 13 0 13 19 8 61 ]
[ 36 28 10 11 14 18 29 45 1 1 ]
[ 0 9 44 14 1 71 13 23 11 8 ]

Timer (generate): 17ms real	10ms user	0ms sys
[ 69 94 76 10 76 86 35 92 74 59 ]
[ 65 24 12 12 49 85 94 84 74 37 ]
[ 32 44 6 68 87 12 79 19 38 70 ]
[ 45 7 16 73 69 92 60 5 37 86 ]
[ 16 2 11 28 66 12 14 61 48 88 ]
[ 98 32 84 56 0 24 20 31 43 58 ]
[ 1 40 17 17 14 87 62 26 92 51 ]
[ 12 60 5 75 41 71 87 55 32 35 ]
[ 95 82 68 32 38 20 8 58 52 51 ]
[ 16 5 44 86 75 10 73 37 36 17 ]
[ 40 0 77 45 28 18 16 67 25 49 ]
[ 3 73 31 23 5 22 95 65 32 99 ]
[ 16 1 5 12 87 80 22 60 69 10 ]
[ 77 9 11 54 54 39 25 22 58 50 ]
[ 23 13 23 7 36 80 29 84 45 61 ]
[ 83 14 62 88 26 1 20 1 61 89 ]
[ 11 90 50 74 97 56 65 22 79 24 ]
[ 72 2 37 48 61 26 80 90 10 26 ]
[ 4 93 92 18 34 70 20 54 71 33 ]
[ 96 83 24 98 9 21 55 75 43 86 ]

Timer (sort): 4914ms real	4910ms user	0ms sys
The output is sorted!
[ 6 1 1 58 3 10 17 7 0 9 ]
[ 17 8 19 0 5 2 10 13 1 48 ]
[ 6 11 6 13 4 36 17 51 2 16 ]
[ 24 1 47 10 19 6 12 35 3 5 ]
[ 16 75 10 13 2 22 10 10 2 9 ]
[ 5 0 13 20 39 0 59 29 2 6 ]
[ 3 0 31 21 4 16 19 17 24 38 ]
[ 3 7 65 6 54 16 2 13 9 0 ]
[ 24 11 4 9 39 10 3 48 22 8 ]
[ 6 23 5 14 24 27 0 34 40 9 ]
[ 11 8 36 18 28 56 7 2 7 11 ]
[ 14 17 3 1 22 17 56 18 32 5 ]
[ 3 49 1 42 4 3 1 71 4 10 ]
[ 10 48 12 0 19 49 15 23 11 1 ]
[ 38 11 42 4 6 22 26 19 3 18 ]
[ 10 11 4 14 18 5 20 16 38 56 ]
[ 4 9 25 21 19 44 62 7 3 0 ]
[ 7 19 8 11 79 35 8 15 10 2 ]
[ 30 10 7 5 4 22 33 20 34 30 ]
[ 30 16 1 8 25 6 27 38 8 36 ]

Timer (generate): 19ms real	10ms user	0ms sys
[ 82 52 11 94 54 16 84 5 45 13 ]
[ 28 87 5 63 27 96 63 31 12 9 ]
[ 79 51 89 8 9 16 78 41 46 56 ]
[ 88 81 8 99 75 14 15 11 72 12 ]
[ 24 52 51 29 67 78 77 30 62 89 ]
[ 92 41 92 81 49 54 49 27 95 96 ]
[ 36 83 77 96 34 4 63 1 15 87 ]
[ 65 92 39 68 73 6 47 3 37 9 ]
[ 92 81 2 37 14 3 43 63 82 90 ]
[ 11 70 73 88 67 59 92 82 12 60 ]
[ 69 29 4 8 97 77 14 96 80 3 ]
[ 5 25 36 59 14 50 62 57 14 97 ]
[ 47 25 67 72 66 86 83 10 68 95 ]
[ 70 37 76 26 97 73 4 64 70 36 ]
[ 67 27 13 4 87 27 54 1 84 20 ]
[ 50 83 98 18 55 64 4 38 74 25 ]
[ 85 97 62 13 23 12 87 79 76 9 ]
[ 16 95 88 81 51 27 9 58 29 45 ]
[ 78 31 29 76 49 36 40 6 27 15 ]
[ 31 64 64 45 78 87 57 17 67 85 ]

Timer (sort): 4961ms real	4960ms user	0ms sys
The output is sorted!
[ 1 10 5 42 18 34 0 9 7 15 ]
[ 14 11 0 3 33 27 36 1 19 0 ]
[ 0 36 19 20 17 8 8 4 23 23 ]
[ 64 1 0 11 55 11 14 0 4 2 ]
[ 0 5 49 0 0 30 20 26 13 23 ]
[ 14 11 39 24 29 17 4 0 8 24 ]
[ 6 6 41 11 26 29 0 32 17 6 ]
[ 2 32 50 15 29 4 24 5 2 18 ]
[ 14 35 31 34 0 9 6 16 17 20 ]
[ 50 12 1 13 1 0 33 17 48 8 ]
[ 31 18 17 15 19 41 26 15 5 0 ]
[ 20 45 0 0 19 17 26 30 18 12 ]
[ 61 18 1 34 0 3 24 12 28 9 ]
[ 14 3 3 5 46 5 26 33 3 53 ]
[ 49 18 23 41 3 0 27 12 11 9 ]
[ 41 16 18 9 2 28 2 32 44 2 ]
[ 1 48 32 18 24 4 17 15 15 20 ]
[ 3 0 37 33 63 1 15 22 9 12 ]
[ 16 2 15 22 13 0 46 55 15 11 ]
[ 1 0 14 31 5 9 28 13 4 92 ]

Timer (generate): 22ms real	10ms user	0ms sys
[ 99 26 3 63 54 92 50 90 68 95 ]
[ 28 48 28 93 96 10 40 73 2 64 ]
[ 67 96 95 59 19 83 38 6 33 89 ]
[ 12 32 15 67 47 22 59 49 64 28 ]
[ 45 93 28 73 38 24 35 30 49 38 ]
[ 46 16 86 42 27 5 77 65 11 11 ]
[ 7 23 43 74 90 43 96 2 92 61 ]
[ 82 89 6 10 62 96 86 98 26 35 ]
[ 88 73 4 74 67 31 79 44 49 43 ]
[ 55 56 18 99 30 61 94 79 63 86 ]
[ 92 45 28 50 7 90 46 93 40 24 ]
[ 28 28 97 84 54 64 16 34 9 65 ]
[ 29 16 73 47 67 55 8 61 86 23 ]
[ 0 78 20 28 80 27 70 26 20 11 ]
[ 51 1 91 0 85 46 17 1 32 78 ]
[ 18 61 94 43 60 62 99 21 75 37 ]
[ 44 27 68 65 55 48 44 26 27 65 ]
[ 89 78 66 32 30 51 30 99 5 62 ]
[ 77 75 75 24 19 36 38 70 9 13 ]
[ 7 53 41 75 70 48 24 67 26 51 ]

Timer (sort): 5675ms real	5670ms user	0ms sys
The output is sorted!
[ 14 3 7 8 15 14 32 1 1 25 ]
[ 5 7 0 1 23 24 29 19 2 14 ]
[ 40 18 8 10 6 29 7 10 13 6 ]
[ 5 37 3 1 2 45 8 2 38 19 ]
[ 17 12 8 3 15 22 34 22 29 1 ]
[ 8 2 17 31 1 24 5 9 16 53 ]
[ 4 14 9 13 76 10 9 26 10 0 ]
[ 24 24 34 6 30 5 5 22 15 8 ]
[ 28 13 1 4 9 68 6 14 6 27 ]
[ 3 37 27 10 5 34 4 16 6 34 ]
[ 1 7 38 53 10 6 9 20 7 30 ]
[ 14 7 54 19 35 32 2 3 14 2 ]
[ 21 55 22 27 15 15 3 6 5 14 ]
[ 10 14 5 19 32 23 12 19 33 16 ]
[ 40 14 2 26 4 5 32 21 40 5 ]
[ 7 59 6 26 47 11 12 7 6 8 ]
[ 14 34 16 7 2 53 2 18 36 7 ]
[ 24 3 7 5 28 36 18 11 56 1 ]
[ 3 45 1 1 47 3 5 26 53 8 ]
[ 6 2 74 6 49 11 5 9 20 11 ]

Timer (generate): 22ms real	20ms user	0ms sys
[ 73 91 22 39 38 51 32 53 59 25 ]
[ 7 66 58 16 70 32 31 4 87 89 ]
[ 1 70 20 35 25 70 27 13 34 13 ]
[ 13 59 4 87 98 94 38 30 99 49 ]
[ 55 59 68 65 75 38 50 6 94 89 ]
[ 47 47 59 19 82 84 89 61 98 75 ]
[ 74 63 34 30 50 33 77 40 15 76 ]
[ 90 23 35 58 40 10 48 90 68 94 ]
[ 79 68 41 38 39 75 75 29 36 73 ]
[ 56 62 88 91 44 90 24 21 30 91 ]
[ 98 20 14 85 30 55 48 78 97 68 ]
[ 72 77 88 13 67 28 40 42 9 76 ]
[ 67 65 38 55 56 83 45 32 56 28 ]
[ 76 54 48 90 92 79 97 92 9 95 ]
[ 60 34 24 49 99 91 29 40 86 38 ]
[ 16 53 3 7 9 12 42 6 96 98 ]
[ 34 72 5 35 15 97 66 64 89 27 ]
[ 59 1 61 35 50 61 79 79 1 65 ]
[ 69 17 18 25 76 79 37 18 38 85 ]
[ 17 24 58 22 11 25 71 29 89 60 ]

Timer (sort): 5537ms real	5540ms user	0ms sys
The output is sorted!
[ 11 19 42 9 5 15 19 18 6 3 ]
[ 4 19 7 11 2 38 8 36 16 15 ]
[ 7 33 8 10 31 10 34 9 1 15 ]
[ 12 37 6 18 11 9 15 9 8 39 ]
[ 2 7 38 6 39 50 1 15 4 9 ]
[ 28 54 19 12 0 10 3 34 6 6 ]
[ 0 39 7 1 1 45 57 0 8 14 ]
[ 6 22 5 5 38 3 27 32 3 35 ]
[ 72 15 16 50 2 7 6 1 10 0 ]
[ 0 45 27 8 37 10 1 14 16 22 ]
[ 8 6 1 1 4 33 22 36 8 61 ]
[ 49 3 54 13 12 26 8 0 6 14 ]
[ 23 10 14 17 26 36 10 37 4 10 ]
[ 51 15 20 58 2 7 14 4 1 16 ]
[ 3 16 9 0 10 19 34 28 63 6 ]
[ 21 27 21 4 2 44 16 23 13 19 ]
[ 1 8 10 26 17 11 27 13 41 36 ]
[ 3 30 6 76 4 18 9 26 18 1 ]
[ 33 16 11 5 24 11 47 25 2 17 ]
[ 79 9 29 3 27 21 1 6 8 8 ]

Timer (generate): 20ms real	20ms user	0ms sys
[ 29 65 24 59 50 98 99 78 7 74 ]
[ 70 47 18 26 31 10 65 56 37 86 ]
[ 3 47 32 58 50 28 76 36 49 44 ]
[ 36 30 62 61 89 12 59 40 42 18 ]
[ 14 64 65 33 90 48 43 56 4 32 ]
[ 94 60 32 78 70 82 6 46 18 7 ]
[ 43 6 37 5 67 78 17 78 19 12 ]
[ 96 33 76 13 18 19 62 14 75 18 ]
[ 46 21 30 30 52 52 12 58 99 82 ]
[ 18 94 89 7 99 8 86 68 87 57 ]
[ 80 35 42 57 1 61 76 63 75 3 ]
[ 33 73 76 16 4 28 68 68 39 67 ]
[ 3 57 61 92 64 12 0 2 81 39 ]
[ 59 13 27 54 22 28 15 50 43 42 ]
[ 5 76 15 82 44 71 10 13 92 1 ]
[ 32 95 58 46 87 75 58 39 29 91 ]
[ 31 41 5 58 95 79 86 10 30 81 ]
[ 52 35 57 19 17 54 43 80 67 35 ]
[ 33 99 30 92 45 69 19 56 60 48 ]
[ 47 91 89 4 1 84 84 39 94 66 ]

Timer (sort): 5818ms real	5810ms user	0ms sys
The output is sorted!
[ 8 19 66 8 18 2 0 13 0 4 ]
[ 11 28 9 46 10 21 7 4 6 3 ]
[ 45 1 11 38 9 17 1 27 5 4 ]
[ 16 14 1 5 43 25 3 15 10 28 ]
[ 36 22 60 11 6 13 1 7 1 4 ]
[ 7 32 9 4 7 25 0 7 43 32 ]
[ 1 11 5 23 1 3 38 31 11 44 ]
[ 7 1 25 22 21 8 12 0 37 36 ]
[ 5 47 22 2 3 7 20 29 25 13 ]
[ 0 29 35 4 16 23 8 1 52 8 ]
[ 20 28 6 17 5 2 41 38 17 3 ]
[ 56 31 13 2 11 8 24 10 7 18 ]
[ 35 1 18 0 2 25 6 8 4 83 ]
[ 24 9 17 7 20 2 1 14 25 64 ]
[ 26 9 20 12 20 33 1 10 10 42 ]
[ 71 13 26 6 1 9 10 20 14 13 ]
[ 9 1 74 30 16 7 19 5 9 14 ]
[ 67 4 10 18 3 22 23 19 14 5 ]
[ 9 12 10 1 61 2 37 25 1 31 ]
[ 30 2 6 35 49 16 30 4 10 7 ]

Timer (generate): 16ms real	10ms user	0ms sys
[ 95 69 97 88 6 32 64 69 0 64 ]
[ 45 66 82 20 0 51 72 17 3 39 ]
[ 80 86 96 58 88 42 86 67 68 74 ]
[ 68 16 43 17 4 2 49 69 23 1 ]
[ 85 21 67 67 41 19 70 65 36 25 ]
[ 4 17 11 52 27 51 47 66 70 15 ]
[ 40 38 31 36 7 88 38 57 9 13 ]
[ 10 94 34 78 13 75 97 83 93 86 ]
[ 8 97 55 71 50 82 22 97 48 92 ]
[ 64 41 82 48 77 89 36 15 98 45 ]
[ 28 9 91 15 39 4 42 36 39 35 ]
[ 74 47 33 29 70 35 64 92 84 12 ]
[ 36 0 53 70 48 82 59 36 97 10 ]
[ 33 78 19 24 45 58 28 87 46 67 ]
[ 23 73 66 8 2 36 95 66 80 31 ]
[ 31 68 31 36 38 32 19 98 20 68 ]
[ 8 54 98 79 78 43 89 59 31 35 ]
[ 78 54 60 97 62 63 85 9 81 66 ]
[ 40 12 34 71 1 73 55 20 23 76 ]
[ 88 83 30 87 62 60 30 3 71 13 ]

Timer (sort): 5211ms real	5210ms user	0ms sys
The output is sorted!
[ 6 0 2 6 19 17 43 26 9 11 ]
[ 6 23 18 7 3 1 2 48 38 5 ]
[ 17 24 12 11 10 18 36 0 1 25 ]
[ 33 12 28 20 13 4 23 2 1 24 ]
[ 0 11 44 6 11 10 15 53 0 14 ]
[ 12 5 8 21 16 32 2 15 43 11 ]
[ 7 20 25 52 11 3 7 17 14 11 ]
[ 15 26 30 21 45 8 0 4 14 8 ]
[ 19 8 2 41 35 3 21 10 3 31 ]
[ 12 53 52 1 1 27 10 19 0 2 ]
[ 29 6 12 12 29 16 16 13 5 41 ]
[ 40 4 9 11 63 14 1 2 31 4 ]
[ 5 4 11 0 15 81 4 3 31 30 ]
[ 18 22 3 41 3 58 15 7 14 4 ]
[ 21 18 4 33 15 9 51 13 5 16 ]
[ 26 12 5 3 22 24 36 28 20 9 ]
[ 4 28 42 37 6 16 14 33 6 0 ]
[ 17 26 0 14 6 32 12 27 14 38 ]
[ 21 20 3 0 28 6 41 34 6 29 ]
[ 85 22 0 25 29 1 8 10 5 4 ]

Timer (generate): 20ms real	20ms user	0ms sys
[ 95 12 68 68 75 41 82 62 34 97 ]
[ 27 17 40 11 75 24 21 62 49 90 ]
[ 56 98 8 14 44 58 62 66 64 74 ]
[ 77 59 39 97 80 14 39 62 28 73 ]
[ 59 8 42 52 19 17 76 40 31 77 ]
[ 83 39 75 91 54 19 2 68 37 66 ]
[ 43 15 78 34 64 58 0 55 72 28 ]
[ 81 83 88 23 35 8 93 63 0 24 ]
[ 41 83 16 16 27 70 36 29 90 25 ]
[ 47 85 40 25 19 57 35 19 12 7 ]
[ 0 93 91 88 69 78 48 62 42 49 ]
[ 38 83 32 54 99 59 76 87 40 67 ]
[ 13 88 52 5 65 24 14 1 95 27 ]
[ 60 47 72 3 36 41 82 36 55 24 ]
[ 85 94 7 70 0 58 81 29 98 22 ]
[ 96 63 62 0 20 79 76 35 32 72 ]
[ 14 93 19 86 48 7 28 30 44 83 ]
[ 6 81 29 65 51 30 24 85 59 74 ]
[ 59 7 89 21 7 9 52 84 96 85 ]
[ 8 10 30 27 97 78 35 25 9 31 ]

Timer (sort): 5281ms real	5280ms user	0ms sys
The output is sorted!
[ 38 11 13 32 5 0 1 16 8 17 ]
[ 9 2 1 18 8 9 6 47 29 12 ]
[ 15 60 16 9 3 9 1 22 0 11 ]
[ 9 3 4 4 10 47 7 32 31 1 ]
[ 19 18 9 1 6 8 45 10 6 30 ]
[ 25 9 6 22 18 46 4 5 1 24 ]
[ 44 40 14 1 0 15 1 10 28 16 ]
[ 12 19 17 62 16 2 9 17 6 10 ]
[ 8 35 15 36 9 25 20 9 2 13 ]
[ 3 41 35 3 13 8 26 9 27 9 ]
[ 35 2 4 31 30 19 14 0 18 23 ]
[ 27 29 12 7 17 0 23 9 27 26 ]
[ 9 0 4 41 7 30 38 12 10 27 ]
[ 10 13 0 51 11 1 0 4 12 78 ]
[ 1 21 6 41 72 0 9 10 3 18 ]
[ 30 12 8 5 35 34 33 8 3 13 ]
[ 5 31 22 18 20 60 10 9 0 9 ]
[ 16 25 26 4 14 25 20 14 12 29 ]
[ 46 31 2 25 18 2 9 14 11 27 ]
[ 10 26 13 2 36 13 7 5 64 9 ]

Timer (generate): 17ms real	10ms user	0ms sys
[ 86 79 67 24 69 96 19 29 49 71 ]
[ 5 71 49 0 90 65 19 9 28 60 ]
[ 29 41 56 6 86 61 73 68 58 89 ]
[ 10 44 69 29 21 90 26 40 19 27 ]
[ 11 77 98 13 77 89 30 48 98 59 ]
[ 60 80 0 17 86 86 30 59 6 88 ]
[ 1 16 32 22 98 5 12 76 46 83 ]
[ 3 9 60 54 74 89 43 5 38 93 ]
[ 64 98 25 64 67 12 2 97 23 61 ]
[ 85 24 29 70 98 27 75 62 3 73 ]
[ 46 59 35 58 13 9 0 8 14 90 ]
[ 1 30 88 27 46 8 91 49 5 66 ]
[ 62 43 43 91 13 41 19 40 4 74 ]
[ 66 2 33 1 12 98 62 12 6 77 ]
[ 2 60 59 43 39 6 51 82 55 8 ]
[ 48 17 51 91 60 64 85 31 57 89 ]
[ 6 23 43 91 76 55 90 38 68 48 ]
[ 67 22 8 27 65 47 33 68 81 40 ]
[ 77 30 9 28 21 69 45 58 1 2 ]
[ 99 59 77 42 50 53 50 92 91 70 ]

Timer (sort): 5124ms real	5130ms user	0ms sys
The output is sorted!
[ 1 8 11 0 13 20 2 4 31 11 ]
[ 12 7 2 43 0 4 1 21 3 22 ]
[ 22 5 5 9 76 7 13 8 7 2 ]
[ 32 0 38 0 2 16 4 51 13 1 ]
[ 6 3 24 24 14 8 6 39 5 28 ]
[ 3 18 10 12 0 12 64 25 5 11 ]
[ 21 6 10 17 7 15 3 8 67 9 ]
[ 19 2 2 34 42 13 14 29 5 3 ]
[ 19 7 20 19 22 1 0 27 15 33 ]
[ 7 57 32 2 3 11 7 38 2 5 ]
[ 3 11 22 13 16 19 27 19 0 40 ]
[ 48 3 85 1 6 11 6 3 0 7 ]
[ 6 78 6 23 5 18 10 12 10 5 ]
[ 25 15 0 19 19 20 16 4 35 21 ]
[ 29 4 43 0 5 5 37 32 8 13 ]
[ 0 21 20 5 3 21 44 10 12 44 ]
[ 19 21 0 8 34 48 21 3 16 10 ]
[ 8 24 14 2 80 11 13 18 0 11 ]
[ 15 0 13 0 1 46 1 46 31 29 ]
[ 6 15 54 0 9 2 29 16 10 42 ]

Timer (generate): 19ms real	20ms user	0ms sys
[ 83 48 51 44 8 25 1 48 88 97 ]
[ 58 49 59 11 56 1 27 93 31 0 ]
[ 2 6 46 45 9 46 41 16 34 60 ]
[ 18 69 60 69 14 68 47 15 69 87 ]
[ 64 79 36 24 90 44 77 69 89 60 ]
[ 70 92 19 68 37 28 66 30 44 52 ]
[ 42 63 22 2 84 36 22 31 3 43 ]
[ 18 67 75 6 43 17 50 21 39 40 ]
[ 33 61 32 52 29 21 81 48 51 77 ]
[ 0 45 40 22 47 77 10 21 8 13 ]
[ 17 79 33 92 37 28 9 88 1 48 ]
[ 80 35 61 64 39 91 85 20 91 88 ]
[ 98 91 33 90 66 32 67 76 53 28 ]
[ 42 22 59 27 14 96 55 76 36 9 ]
[ 76 16 96 38 80 35 81 65 56 72 ]
[ 5 6 15 38 48 81 22 16 10 76 ]
[ 96 4 98 55 31 65 3 38 41 40 ]
[ 47 17 56 43 7 89 79 88 6 87 ]
[ 60 12 45 28 2 93 9 25 61 71 ]
[ 53 57 75 3 64 6 68 68 97 61 ]

Timer (sort): 5396ms real	5390ms user	0ms sys
The output is sorted!
[ 15 35 5 4 14 15 5 13 23 12 ]
[ 15 6 1 21 5 68 3 4 7 19 ]
[ 37 23 1 36 3 2 10 0 23 22 ]
[ 43 1 35 6 5 28 10 8 4 19 ]
[ 3 1 14 72 6 28 16 1 2 24 ]
[ 0 26 38 25 35 5 2 1 8 27 ]
[ 18 22 7 22 13 19 7 3 55 2 ]
[ 16 39 4 3 15 20 1 37 5 29 ]
[ 34 5 25 5 8 1 7 50 18 17 ]
[ 15 0 29 6 30 27 3 7 25 29 ]
[ 1 36 20 19 12 20 54 0 0 10 ]
[ 18 18 24 13 6 25 1 29 22 18 ]
[ 83 6 3 8 2 10 10 33 2 22 ]
[ 11 18 1 17 51 6 13 1 33 30 ]
[ 6 47 30 3 0 2 9 25 32 28 ]
[ 3 61 23 17 10 3 28 11 23 6 ]
[ 12 28 28 25 36 22 1 0 23 14 ]
[ 31 69 0 2 2 20 7 29 22 7 ]
[ 8 87 14 0 32 1 27 9 10 1 ]
[ 5 2 29 5 20 24 18 34 51 3 ]

Timer (generate): 18ms real	10ms user	0ms sys
[ 39 63 30 91 76 61 82 11 49 54 ]
[ 62 45 7 25 65 60 3 50 3 44 ]
[ 12 99 65 46 42 14 43 54 48 37 ]
[ 87 87 52 70 30 29 31 13 92 33 ]
[ 19 55 78 26 80 43 38 35 45 42 ]
[ 32 9 41 97 55 35 11 50 90 12 ]
[ 87 29 99 92 99 30 21 31 95 65 ]
[ 16 14 72 94 92 4 37 31 40 35 ]
[ 73 72 44 66 21 0 2 84 50 92 ]
[ 96 90 21 48 82 21 78 55 4 25 ]
[ 20 20 39 45 66 31 49 3 62 41 ]
[ 38 87 13 83 54 86 35 56 23 85 ]
[ 48 19 75 69 19 9 42 49 64 98 ]
[ 74 37 18 13 82 84 97 31 40 11 ]
[ 73 30 51 38 65 5 77 0 61 0 ]
[ 38 61 71 13 82 91 75 25 40 39 ]
[ 23 15 76 94 80 10 30 29 94 22 ]
[ 93 67 53 44 57 70 49 34 71 62 ]
[ 86 9 23 58 74 5 1 49 82 93 ]
[ 89 58 8 17 4 41 80 86 22 74 ]

Timer (sort): 5360ms real	5350ms user	0ms sys
The output is sorted!
[ 5 1 1 22 32 8 0 54 16 9 ]
[ 42 16 6 4 6 31 3 7 16 19 ]
[ 42 28 7 23 6 1 0 25 9 14 ]
[ 22 19 6 8 1 39 0 32 14 15 ]
[ 4 11 16 43 13 2 1 4 45 17 ]
[ 6 21 0 4 23 61 7 19 6 22 ]
[ 22 75 2 6 0 2 47 4 6 7 ]
[ 33 8 22 58 17 6 0 23 6 0 ]
[ 10 4 7 20 23 9 5 38 14 43 ]
[ 1 61 10 7 1 26 3 1 49 16 ]
[ 29 10 3 13 11 8 3 3 38 57 ]
[ 8 4 14 8 3 31 48 33 6 22 ]
[ 0 20 29 27 1 8 27 33 8 27 ]
[ 44 7 15 1 8 0 6 31 65 4 ]
[ 28 9 4 5 10 12 9 31 56 20 ]
[ 15 60 16 30 3 0 8 1 21 31 ]
[ 10 15 20 2 32 32 23 26 8 17 ]
[ 15 21 11 14 35 53 2 12 6 18 ]
[ 1 20 8 6 37 7 1 44 20 44 ]
[ 4 10 38 46 17 30 1 10 3 30 ]

Timer (generate): 18ms real	10ms user	0ms sys
[ 97 17 32 44 16 53 62 48 83 8 ]
[ 78 78 89 81 34 39 97 64 23 55 ]
[ 8 59 53 51 42 77 17 51 51 79 ]
[ 35 48 96 68 45 64 73 7 12 56 ]
[ 67 43 86 8 76 73 99 73 37 23 ]
[ 80 98 34 34 49 76 11 66 79 14 ]
[ 45 15 15 93 35 12 58 8 71 22 ]
[ 16 38 65 2 99 41 75 98 14 65 ]
[ 73 95 63 7 81 64 36 92 30 15 ]
[ 58 27 82 73 72 69 85 82 77 56 ]
[ 5 93 47 70 48 98 12 23 48 78 ]
[ 40 22 25 3 81 6 67 17 50 49 ]
[ 85 9 28 19 82 53 89 68 35 66 ]
[ 76 40 12 75 63 12 73 27 35 74 ]
[ 5 76 96 31 31 29 37 51 47 40 ]
[ 52 84 49 33 55 31 86 44 51 73 ]
[ 63 80 66 27 55 29 39 81 56 26 ]
[ 55 13 54 3 44 86 32 34 89 31 ]
[ 74 41 67 75 74 23 6 12 67 10 ]
[ 38 30 90 4 9 45 85 48 78 93 ]

Timer (sort): 5402ms real	5410ms user	0ms sys
The output is sorted!
[ 19 42 13 5 9 4 2 31 5 5 ]
[ 36 2 4 5 8 20 28 3 34 2 ]
[ 13 5 0 15 10 32 55 13 11 17 ]
[ 51 2 2 13 27 6 9 37 18 7 ]
[ 33 18 5 8 62 14 14 5 3 10 ]
[ 10 13 50 4 20 1 19 15 35 9 ]
[ 47 3 1 18 2 19 33 0 1 54 ]
[ 14 34 4 37 8 22 20 12 22 7 ]
[ 54 1 49 13 17 12 7 2 26 2 ]
[ 6 23 8 3 79 13 30 4 0 21 ]
[ 38 16 5 9 0 10 34 11 43 22 ]
[ 7 6 51 2 19 18 20 26 9 32 ]
[ 1 5 3 4 3 0 89 8 72 5 ]
[ 0 16 80 14 0 14 14 13 1 38 ]
[ 4 8 42 16 1 19 15 23 4 61 ]
[ 12 21 19 8 37 41 28 24 3 0 ]
[ 29 27 39 2 5 45 2 0 6 39 ]
[ 46 14 24 4 19 35 19 5 11 19 ]
[ 13 11 5 0 10 11 3 64 11 69 ]
[ 17 25 17 15 14 30 1 5 59 14 ]

Timer (generate): 18ms real	10ms user	0ms sys
[ 9 64 71 2 65 49 37 49 64 57 ]
[ 89 39 19 88 90 37 24 75 25 26 ]
[ 69 44 87 66 68 28 74 18 79 89 ]
[ 63 40 53 86 94 70 35 83 19 51 ]
[ 92 61 91 12 49 33 1 73 8 78 ]
[ 52 78 75 39 96 95 68 70 13 99 ]
[ 11 28 91 65 14 38 35 2 21 7 ]
[ 53 14 68 96 78 17 30 31 43 90 ]
[ 9 95 20 36 86 68 31 6 91 96 ]
[ 5 2 24 49 67 91 87 55 93 8 ]
[ 62 98 74 82 95 52 51 77 83 94 ]
[ 67 45 41 40 33 28 8 17 86 99 ]
[ 13 44 2 90 93 21 81 32 76 26 ]
[ 92 90 76 67 24 71 71 76 0 7 ]
[ 22 20 52 64 60 37 44 68 54 82 ]
[ 20 68 26 22 10 71 43 91 3 72 ]
[ 69 48 14 45 15 39 69 38 67 21 ]
[ 45 89 41 49 5 1 87 49 22 41 ]
[ 84 42 9 10 16 19 82 59 62 37 ]
[ 83 83 85 50 81 52 89 2 91 8 ]

Timer (sort): 5211ms real	5210ms user	0ms sys
The output is sorted!
[ 2 2 14 7 12 2 43 0 38 6 ]
[ 10 1 8 44 4 15 1 10 16 20 ]
[ 8 0 11 3 41 2 5 7 20 44 ]
[ 28 42 4 2 5 19 12 7 5 23 ]
[ 11 11 3 20 14 41 24 19 6 4 ]
[ 25 14 14 7 4 4 12 44 23 14 ]
[ 60 13 21 1 15 27 10 10 7 1 ]
[ 34 4 10 40 19 7 7 6 18 23 ]
[ 6 0 1 12 0 1 29 44 11 68 ]
[ 33 11 13 1 48 25 0 19 10 12 ]
[ 27 4 15 15 50 9 12 27 1 14 ]
[ 3 50 9 26 28 0 2 38 2 19 ]
[ 72 1 9 7 13 35 20 4 16 3 ]
[ 4 11 5 0 0 14 15 23 30 78 ]
[ 0 2 77 23 12 19 24 14 4 5 ]
[ 66 0 10 35 2 30 6 14 3 14 ]
[ 23 16 3 39 40 8 9 1 8 36 ]
[ 23 3 35 20 1 21 5 53 18 6 ]
[ 8 47 20 33 23 5 24 12 5 8 ]
[ 1 37 35 26 12 22 2 11 34 6 ]

