Timer (generate): 8ms real	0ms user	0ms sys
[ 56 6 0 45 92 37 90 82 96 95 50 94 37 75 8 52 21 32 86 81 85 98 32 67 49 61 7 87 17 93 97 25 99 97 70 43 86 60 26 82 7 28 29 44 3 37 49 77 21 35 ]
[ 10 6 33 42 25 34 55 32 73 24 78 70 49 29 20 71 73 6 83 99 41 90 27 70 87 82 59 88 11 80 75 22 38 60 16 15 46 24 0 19 48 78 41 50 59 61 21 32 20 5 ]
[ 83 13 47 62 83 86 97 94 26 8 26 1 82 16 61 99 31 59 75 31 78 23 61 20 73 21 33 47 5 5 4 41 18 3 55 53 90 52 47 16 13 25 70 95 41 83 46 73 43 21 ]
[ 56 21 97 70 93 22 43 27 69 48 32 25 41 3 29 97 56 71 1 56 39 14 81 9 62 23 93 60 48 36 82 4 9 79 74 3 1 17 30 23 18 14 48 11 69 29 60 26 0 62 ]
[ 34 40 28 15 1 90 38 46 51 38 34 85 43 44 16 69 99 69 39 81 92 9 95 93 20 17 22 33 95 75 95 29 67 75 44 68 18 35 15 69 73 1 6 68 45 22 90 44 43 81 ]
[ 25 36 90 73 81 62 90 55 95 85 30 42 14 97 18 10 18 36 97 85 57 23 86 15 91 84 89 33 28 32 14 6 20 56 31 1 19 21 57 66 58 39 9 24 89 79 86 7 67 84 ]
[ 44 76 7 30 91 50 66 80 36 47 12 50 53 85 7 36 86 78 9 95 44 67 35 5 43 24 36 29 83 3 65 27 79 24 9 70 75 76 2 11 23 67 13 28 52 20 64 90 50 73 ]
[ 86 47 92 21 52 35 97 89 16 80 44 82 59 24 6 68 46 33 96 1 96 71 68 10 51 72 82 67 62 33 92 48 32 84 21 84 71 18 25 40 50 70 22 9 46 80 30 92 66 26 ]
[ 93 62 50 13 24 1 85 7 69 48 92 61 96 24 98 70 60 69 88 86 61 39 8 35 0 54 16 30 46 34 57 92 96 59 57 73 60 43 32 81 43 76 95 91 0 93 61 12 14 2 ]
[ 50 76 41 58 11 41 12 79 24 11 13 81 55 62 92 12 35 52 7 19 86 50 95 81 94 47 74 7 59 40 9 10 16 50 68 80 44 33 59 68 44 25 1 99 87 93 11 74 97 71 ]
[ 93 83 73 40 16 67 87 90 75 46 31 84 8 99 87 29 79 83 62 39 51 6 16 4 5 55 49 68 81 98 39 26 34 13 66 50 80 53 41 7 51 24 44 60 23 31 89 55 66 51 ]
[ 46 69 57 62 73 14 17 74 82 98 72 22 24 6 87 90 57 19 95 50 27 46 74 23 6 49 6 95 4 72 46 2 41 55 64 66 69 81 40 4 31 12 78 7 71 65 97 28 36 44 ]
[ 78 63 91 4 86 97 5 92 45 62 16 43 64 57 99 29 23 20 62 63 76 46 28 54 53 99 71 3 79 8 47 9 23 38 65 62 88 70 6 33 84 23 76 49 80 27 30 56 48 44 ]
[ 71 24 90 51 31 44 2 2 99 81 62 46 42 86 37 7 48 25 30 54 10 14 77 86 63 10 14 45 66 14 90 89 90 80 41 73 76 43 28 75 77 90 74 19 76 63 27 76 88 9 ]
[ 31 50 23 60 36 39 22 2 84 40 68 74 30 11 7 71 84 83 66 12 11 43 55 37 63 83 0 42 60 40 51 43 90 26 55 26 65 78 81 50 18 1 76 0 12 83 23 49 19 90 ]
[ 61 30 85 68 67 0 52 67 94 64 59 97 7 49 24 62 27 89 92 8 91 63 10 68 63 74 51 87 23 70 29 37 52 14 5 19 67 9 38 61 73 97 59 80 46 83 95 26 24 39 ]
[ 34 16 2 96 84 18 71 87 5 46 10 86 83 62 52 89 34 19 50 24 81 24 22 92 56 20 27 3 46 51 43 33 67 97 81 3 15 4 43 72 51 53 58 34 15 63 75 49 82 26 ]
[ 74 15 2 48 7 58 20 34 62 19 38 57 52 5 54 85 61 22 90 4 94 41 57 5 27 24 68 55 26 50 33 52 18 35 52 77 93 72 64 7 91 2 64 95 59 71 81 20 93 23 ]
[ 76 39 16 85 44 43 10 64 50 36 15 83 40 85 18 92 62 64 64 26 23 8 28 40 3 40 63 36 60 56 59 89 47 75 74 92 71 84 8 21 72 75 57 12 60 27 4 23 91 21 ]
[ 1 67 29 82 7 84 22 70 73 34 78 84 75 77 12 50 21 35 34 30 56 59 5 65 23 66 93 80 41 36 1 94 3 82 76 62 18 50 84 43 37 14 28 12 92 92 62 13 27 49 ]

Timer (sort): 59ms real	50ms user	0ms sys
The output is sorted!
[ 31 23 2 13 89 4 28 2 17 17 17 88 26 6 7 22 2 27 14 43 15 69 77 5 42 48 26 78 27 9 47 59 32 2 24 21 6 52 23 23 21 92 11 0 98 19 74 0 98 88 ]
[ 12 4 32 1 46 73 40 10 15 33 74 16 89 6 22 19 56 48 69 80 25 0 91 51 13 83 66 6 26 9 0 38 14 32 39 12 6 31 75 21 16 1 90 6 7 12 77 15 61 47 ]
[ 31 27 36 80 55 13 19 20 18 26 13 35 18 57 18 60 62 14 5 32 54 74 87 15 1 60 36 67 76 23 38 7 50 26 39 5 39 11 78 10 37 43 45 7 0 16 19 15 82 24 ]
[ 7 78 60 21 35 29 2 98 96 7 42 86 39 21 65 47 29 33 38 69 22 1 65 11 32 5 37 1 19 48 19 26 26 31 99 61 60 2 12 8 9 6 94 0 27 12 48 8 45 38 ]
[ 28 14 4 70 17 68 18 92 25 11 24 2 5 0 20 26 27 71 32 72 82 50 49 47 13 70 13 5 73 18 96 2 84 53 24 1 21 42 45 46 53 21 49 10 21 21 37 49 45 21 ]
[ 0 28 38 72 6 2 33 68 0 52 1 26 32 43 94 47 50 59 20 5 45 64 65 6 48 5 19 58 60 31 87 60 11 26 33 17 28 66 37 28 70 38 7 2 82 1 1 84 12 21 ]
[ 61 94 74 63 6 26 29 50 67 17 53 6 29 70 67 9 1 10 8 17 50 66 78 17 49 54 2 7 8 73 52 69 19 26 33 78 5 14 28 24 31 33 31 12 3 50 21 4 12 82 ]
[ 53 15 93 10 85 26 72 62 3 82 2 12 35 9 26 6 55 28 1 1 55 30 76 54 15 5 77 32 84 71 7 89 38 0 0 23 78 72 37 33 6 91 46 42 0 24 0 7 52 1 ]
[ 16 34 7 43 7 69 32 0 57 21 91 12 11 37 49 20 28 93 14 51 12 70 19 91 35 49 2 43 16 55 7 84 41 14 27 0 35 12 1 45 33 44 57 44 82 6 64 62 51 30 ]
[ 6 17 59 27 42 75 67 70 25 3 51 24 17 16 61 17 12 38 83 0 32 54 52 19 12 6 85 45 30 22 94 36 39 5 15 33 81 35 3 58 38 7 34 7 23 47 24 88 85 7 ]
[ 26 45 34 16 44 66 71 9 15 18 51 57 39 40 4 21 29 24 27 17 13 12 45 25 64 16 78 66 28 67 4 6 65 90 22 9 56 45 18 23 16 21 80 55 14 84 77 43 9 56 ]
[ 75 4 4 58 39 29 3 94 81 11 79 6 43 86 38 24 14 53 22 25 14 6 2 12 13 83 20 62 7 6 2 34 10 58 44 2 39 47 96 73 59 28 31 54 14 69 30 80 74 5 ]
[ 32 40 62 5 95 19 55 11 22 18 43 11 39 25 39 66 28 23 11 17 35 51 99 11 25 70 23 17 84 68 68 17 8 82 22 55 1 29 66 24 0 10 35 91 87 27 58 16 2 21 ]
[ 43 19 29 90 49 22 63 39 52 18 81 29 97 53 8 22 9 43 38 14 4 91 29 86 26 43 2 32 71 8 21 66 79 50 8 28 24 72 19 29 42 0 10 40 6 18 62 15 13 52 ]
[ 56 19 39 1 25 18 37 2 67 39 31 82 58 37 72 15 25 48 36 13 85 10 11 0 84 8 92 43 5 60 46 13 32 37 14 9 55 51 11 75 91 95 57 1 32 30 16 57 30 4 ]
[ 25 37 0 3 79 10 9 5 98 27 28 60 0 89 52 91 99 2 37 44 34 85 86 12 59 51 26 4 24 36 9 1 25 9 5 4 19 14 61 69 93 42 29 45 31 34 36 30 36 73 ]
[ 0 55 95 45 4 34 41 98 34 43 78 10 67 26 28 36 55 25 43 58 4 11 28 96 9 49 78 19 11 93 20 63 0 15 61 4 2 2 3 36 45 33 47 65 11 27 53 18 52 48 ]
[ 96 45 58 12 66 26 7 14 32 73 2 23 48 4 32 11 64 84 12 67 80 47 23 88 9 19 50 42 5 53 28 2 50 39 14 17 17 73 31 49 46 33 25 46 37 9 10 53 93 22 ]
[ 67 32 74 37 99 42 95 47 65 14 50 38 6 4 57 50 11 9 46 46 39 35 33 24 72 35 23 17 53 30 32 21 14 6 10 13 0 57 13 17 71 63 55 77 19 13 79 30 22 25 ]
[ 86 4 38 82 7 39 37 44 34 15 89 83 0 37 42 49 80 9 75 40 33 6 34 16 53 73 70 50 46 14 15 32 19 6 14 78 45 52 22 31 19 63 15 19 1 9 20 33 19 95 ]

Timer (generate): 12ms real	10ms user	0ms sys
[ 25 78 30 1 16 17 48 64 13 85 90 6 20 36 0 22 1 27 79 81 2 83 60 18 35 78 83 93 99 48 56 24 26 38 77 95 55 25 11 68 63 1 26 83 37 79 57 38 6 36 ]
[ 71 60 72 31 31 59 10 14 52 61 62 60 86 41 98 63 88 6 41 99 26 4 0 53 87 89 32 96 79 90 33 51 3 57 82 34 16 44 0 68 6 14 29 44 55 79 7 43 85 0 ]
[ 94 12 4 94 17 43 83 1 40 15 43 73 66 46 30 48 32 46 45 32 66 51 99 47 95 54 27 54 50 64 55 44 76 59 91 93 3 26 94 43 41 38 68 7 36 50 56 21 48 1 ]
[ 5 66 4 4 14 99 59 93 5 61 57 60 5 86 72 96 79 27 23 26 22 64 16 90 72 4 92 80 25 40 33 83 58 89 87 72 40 98 17 45 59 27 58 17 13 30 13 44 9 88 ]
[ 70 31 5 38 73 29 95 65 61 72 57 46 55 15 35 43 40 27 41 9 72 53 36 82 70 49 12 35 94 73 76 16 4 81 7 77 62 2 94 23 74 3 69 82 71 56 25 63 83 18 ]
[ 72 7 23 9 90 45 10 54 33 56 28 9 25 32 42 84 62 4 38 8 79 64 12 0 46 35 56 71 98 91 42 70 98 65 31 88 11 94 95 44 50 23 5 75 7 99 11 21 55 49 ]
[ 30 34 14 94 86 60 29 94 32 27 85 26 49 83 91 81 24 54 75 19 50 77 94 7 5 1 6 16 75 61 66 5 47 80 51 33 40 80 27 24 59 64 50 8 0 94 89 24 0 16 ]
[ 95 51 94 41 58 99 94 17 15 69 78 33 74 78 13 25 11 54 57 91 30 16 55 81 25 55 27 66 31 27 35 78 78 81 19 89 80 14 6 47 35 36 33 10 14 46 87 78 52 97 ]
[ 21 83 65 28 16 90 36 95 9 19 22 96 98 53 77 69 94 9 35 0 8 71 88 41 33 3 88 72 33 92 69 6 27 87 34 43 77 70 38 38 90 13 34 40 66 63 61 60 72 97 ]
[ 12 81 20 0 22 5 55 62 77 40 55 99 46 82 86 81 78 15 3 16 6 45 81 92 85 47 56 99 59 28 48 23 9 68 76 84 25 83 46 54 24 53 5 22 36 43 55 14 11 59 ]
[ 82 17 56 64 61 94 63 17 93 75 98 41 50 59 61 78 43 86 62 42 92 38 95 98 12 83 41 68 49 52 79 84 21 35 0 83 29 15 52 22 90 2 15 93 62 76 71 57 14 33 ]
[ 51 7 23 99 57 36 82 98 4 84 3 35 68 76 70 68 11 52 83 16 26 26 18 42 19 32 70 42 90 85 76 93 44 51 92 1 87 75 51 43 59 6 78 27 83 1 47 94 53 30 ]
[ 10 79 56 81 73 27 13 44 70 55 29 98 49 25 49 41 26 89 68 29 84 27 36 63 6 19 16 53 65 21 36 28 0 44 9 74 24 74 18 94 30 99 44 79 24 93 20 2 34 89 ]
[ 31 19 68 19 34 27 90 50 32 56 71 68 36 23 65 97 49 89 71 19 83 53 70 79 32 46 24 5 48 59 46 32 30 66 3 64 93 94 66 78 2 89 98 38 12 63 35 14 52 58 ]
[ 33 87 12 4 66 96 50 91 53 51 2 51 35 32 70 38 96 63 32 14 93 34 3 92 24 67 55 11 81 60 70 67 47 34 23 66 82 73 9 88 76 11 91 63 43 61 2 91 77 86 ]
[ 5 70 73 60 62 97 27 70 9 61 30 31 80 29 17 3 47 51 28 56 91 5 19 83 20 14 96 22 5 73 61 62 44 34 22 58 83 2 28 44 15 10 27 95 40 44 98 87 48 78 ]
[ 96 91 35 15 74 56 30 23 78 87 96 39 50 92 25 24 51 9 78 31 53 93 42 81 40 82 77 90 21 77 69 17 69 4 85 95 60 15 18 91 54 15 82 4 59 60 81 10 69 59 ]
[ 42 74 5 84 55 45 18 85 88 91 62 57 61 31 13 46 27 26 13 97 69 67 64 51 24 24 63 5 34 32 16 28 7 73 64 14 19 34 99 59 26 62 16 39 45 81 85 24 7 50 ]
[ 22 28 17 86 32 93 62 95 98 97 28 67 77 87 40 94 1 11 28 53 70 6 15 38 45 12 72 30 37 31 32 11 60 2 97 92 95 60 87 46 9 67 13 38 6 5 32 60 17 13 ]
[ 13 39 19 80 78 65 92 50 47 81 33 80 92 93 82 42 85 77 54 25 75 15 44 88 53 3 46 38 63 63 51 28 2 70 8 32 87 52 34 35 34 68 15 78 13 49 20 51 78 74 ]

Timer (sort): 68ms real	70ms user	0ms sys
The output is sorted!
[ 9 50 14 43 11 64 35 7 37 70 29 0 49 45 1 38 9 38 33 37 56 6 66 50 38 88 43 3 10 99 28 19 49 43 14 12 59 1 19 48 71 0 1 20 45 2 10 6 92 43 ]
[ 2 19 80 17 39 9 99 8 80 44 35 7 52 9 28 13 87 3 35 15 16 28 27 72 17 15 76 11 41 6 40 95 25 21 64 65 30 15 25 62 11 12 22 64 22 2 77 61 5 64 ]
[ 82 47 66 62 1 7 52 17 38 62 60 51 3 35 40 27 22 13 72 15 15 75 46 3 22 4 31 19 68 45 0 50 44 18 65 45 26 17 14 16 31 26 67 87 13 8 14 35 21 86 ]
[ 93 71 50 44 8 27 53 35 54 83 0 94 16 5 6 3 82 53 24 9 11 4 36 98 42 15 38 29 59 43 35 4 15 85 48 23 13 53 59 19 36 11 13 4 17 19 8 51 24 84 ]
[ 20 55 43 2 39 2 29 19 17 71 13 82 3 49 36 42 62 8 27 4 52 18 62 72 47 33 42 15 34 46 3 54 2 98 8 93 0 38 12 69 9 25 51 64 26 39 6 40 48 85 ]
[ 2 70 30 51 2 74 31 50 92 35 48 6 38 58 8 5 99 0 51 12 41 30 6 17 5 51 35 17 0 42 27 54 12 9 5 15 84 89 17 28 24 65 86 14 75 46 20 75 46 23 ]
[ 13 23 45 12 36 32 26 36 88 8 55 11 75 37 36 35 0 8 79 27 53 11 47 25 27 50 46 3 21 36 11 86 11 8 51 48 40 77 84 28 38 39 39 13 28 75 1 29 35 80 ]
[ 25 72 23 71 47 69 18 83 4 31 0 11 14 23 11 3 53 11 43 3 40 21 85 10 20 69 22 44 37 81 9 62 5 84 86 4 6 56 39 10 39 39 21 53 14 84 8 67 47 51 ]
[ 65 13 5 26 65 27 6 8 10 36 89 75 66 32 80 11 90 46 94 16 5 26 45 0 8 29 72 11 77 15 18 42 28 24 21 46 3 79 6 13 16 48 40 82 32 21 45 22 67 39 ]
[ 23 32 17 40 19 3 29 3 30 20 6 50 57 90 7 13 38 9 25 50 28 58 46 71 43 52 5 59 12 1 68 87 33 85 80 5 40 9 8 23 81 14 25 39 56 32 4 95 93 30 ]
[ 17 18 0 37 24 31 83 19 33 19 10 41 63 10 82 6 70 67 19 64 76 46 53 2 2 85 41 27 30 35 9 99 5 9 36 81 40 71 1 25 43 11 67 6 21 1 64 44 68 35 ]
[ 89 35 84 9 0 75 23 24 75 2 2 58 70 49 61 49 6 76 1 6 3 85 81 8 26 55 24 61 1 85 96 42 72 32 3 25 7 27 49 35 29 3 93 0 4 7 1 11 35 54 ]
[ 60 24 46 38 22 15 19 49 9 71 1 1 89 31 23 53 43 18 20 40 2 27 94 65 72 70 46 91 88 5 93 0 29 39 39 3 54 10 4 15 34 57 16 23 41 39 28 84 10 0 ]
[ 66 14 21 52 32 57 40 10 18 87 29 10 12 21 52 60 83 79 65 26 31 0 94 53 63 34 34 51 1 10 36 19 24 9 24 8 66 64 18 36 3 0 46 15 21 50 28 4 82 93 ]
[ 33 15 41 14 15 36 6 63 50 28 87 1 18 2 4 24 40 49 18 83 91 66 28 5 11 50 41 8 4 21 88 90 89 81 4 56 18 10 19 68 38 59 21 8 61 77 33 2 26 51 ]
[ 71 48 18 16 14 32 35 81 55 84 61 5 74 86 19 3 12 20 90 67 30 68 43 14 13 29 75 9 80 8 2 3 9 73 19 75 5 6 57 13 91 18 18 17 4 89 20 68 10 11 ]
[ 49 85 0 26 14 37 64 70 15 24 19 0 9 6 37 28 51 17 40 65 91 5 33 52 1 84 25 0 4 83 23 5 20 75 83 34 13 47 56 80 23 75 81 85 33 18 13 36 35 6 ]
[ 18 97 72 22 6 37 86 31 48 5 22 58 46 33 33 42 64 34 29 42 42 79 79 2 11 8 7 0 25 42 19 43 39 43 17 46 80 4 29 80 9 52 38 7 37 23 49 54 9 78 ]
[ 45 19 39 17 28 31 7 3 16 63 53 16 49 14 22 5 45 26 27 23 85 24 78 43 62 11 42 0 10 28 3 7 99 42 24 27 73 83 83 42 98 36 10 47 2 32 52 99 10 79 ]
[ 75 50 22 2 33 48 77 42 24 18 45 20 33 69 24 60 2 28 61 17 0 15 17 36 12 98 87 34 78 71 90 5 73 65 59 6 13 36 0 37 7 45 9 40 15 85 1 69 14 14 ]

Timer (generate): 10ms real	0ms user	10ms sys
[ 31 67 0 91 71 36 22 72 92 56 79 71 31 8 8 84 81 74 45 65 17 78 25 56 99 33 16 43 29 66 0 60 86 52 3 57 89 25 81 33 33 12 56 16 20 64 53 54 90 98 ]
[ 71 8 76 48 64 27 33 32 23 63 51 23 75 37 27 79 46 16 56 79 2 90 91 58 58 12 23 11 18 65 10 41 73 38 89 90 18 74 74 41 37 25 16 65 62 43 44 60 12 52 ]
[ 39 14 94 31 24 53 95 99 64 13 65 26 6 90 65 47 80 83 21 55 76 11 32 92 76 47 87 72 7 99 24 47 65 19 78 90 72 25 89 88 90 6 15 96 97 32 43 77 67 16 ]
[ 84 43 27 17 35 55 16 22 27 23 74 4 22 39 23 52 81 47 77 23 87 67 29 2 15 26 34 58 56 53 27 40 96 54 9 83 62 77 58 89 1 32 93 23 23 68 28 57 67 5 ]
[ 80 55 25 9 9 40 88 96 99 44 49 26 36 46 32 98 29 94 75 87 36 28 71 81 4 47 2 32 4 69 37 84 76 62 45 38 55 85 34 54 29 35 32 18 81 16 68 63 63 43 ]
[ 2 99 24 26 80 28 73 82 60 77 4 49 13 32 64 58 70 19 96 4 25 25 40 9 95 73 25 63 88 88 59 43 39 83 21 72 11 94 6 23 23 10 72 36 43 36 46 65 55 42 ]
[ 70 80 20 62 41 67 87 67 31 28 7 42 23 99 25 44 71 88 90 77 11 13 88 83 1 83 72 47 48 27 42 70 60 62 84 53 81 72 72 12 52 80 6 75 79 31 19 2 71 9 ]
[ 79 82 74 19 18 75 54 42 74 3 21 16 25 33 30 10 87 12 34 59 76 86 91 83 61 70 66 32 24 38 93 4 72 67 75 42 42 30 84 16 85 6 85 10 39 15 72 26 27 6 ]
[ 86 56 44 77 39 5 0 5 89 76 95 82 80 68 1 8 62 43 38 47 12 23 5 97 85 44 64 58 23 44 16 9 0 61 38 39 18 90 96 8 67 92 42 99 12 44 7 74 39 45 ]
[ 73 3 20 78 0 6 23 17 16 98 61 32 7 13 45 97 52 64 40 0 24 7 44 18 58 56 14 66 83 54 63 56 9 84 87 10 42 62 79 10 60 40 94 19 53 40 16 57 56 8 ]
[ 9 32 15 54 50 74 10 65 92 45 71 55 2 80 91 41 42 33 3 21 95 63 13 90 82 18 30 50 27 86 59 37 18 26 91 20 52 53 37 44 99 8 52 53 41 43 94 83 29 97 ]
[ 57 24 12 22 14 46 93 96 96 20 34 7 9 4 34 52 25 38 6 62 83 57 23 87 10 64 82 56 99 11 5 8 88 17 83 54 63 76 51 11 48 85 19 58 90 5 62 67 43 68 ]
[ 81 78 77 4 65 39 20 48 95 72 11 0 32 99 69 15 6 32 91 57 96 92 94 15 2 84 20 64 3 15 85 85 94 62 89 59 2 62 59 97 34 23 50 66 22 19 34 28 4 77 ]
[ 37 52 69 32 67 71 68 39 36 72 54 21 57 48 35 98 60 37 60 71 87 46 94 89 65 69 60 99 97 16 76 87 68 98 71 87 69 39 26 57 63 33 30 20 81 66 71 93 55 83 ]
[ 65 94 82 59 83 47 28 44 98 78 60 26 17 81 24 88 68 94 27 95 51 91 28 82 63 61 0 34 7 55 70 72 50 52 83 85 99 64 81 49 94 42 75 11 75 0 99 43 94 78 ]
[ 90 97 69 18 31 85 32 31 71 91 39 41 15 41 93 98 26 44 14 8 93 8 2 69 19 77 69 70 20 15 49 11 64 70 81 96 7 65 27 79 56 18 20 71 59 66 22 38 10 88 ]
[ 46 56 97 0 25 68 77 46 91 49 13 92 12 77 62 46 73 70 11 53 1 20 71 21 43 83 39 17 21 50 6 19 6 55 19 83 75 48 81 66 49 94 58 62 23 73 60 97 95 71 ]
[ 2 96 43 73 69 87 8 9 56 29 11 62 0 69 69 71 4 45 19 85 11 21 31 22 35 54 95 95 3 90 66 5 38 62 31 59 49 39 68 57 21 31 20 21 0 41 93 4 86 64 ]
[ 41 98 85 72 20 20 27 67 15 30 9 34 88 47 96 19 6 97 10 27 54 31 58 26 5 11 20 50 15 6 14 9 56 52 81 28 24 60 95 92 91 4 78 31 3 26 50 62 75 60 ]
[ 89 81 44 99 60 1 10 80 51 78 86 17 87 95 21 20 23 98 81 19 90 24 75 20 55 31 46 5 93 21 17 34 54 13 33 14 14 96 94 17 26 33 87 65 28 8 85 51 6 18 ]

Timer (sort): 59ms real	60ms user	0ms sys
The output is sorted!
[ 19 27 38 86 9 19 56 7 5 65 92 4 9 68 4 19 55 72 11 19 18 88 59 98 70 61 17 6 91 15 5 10 42 43 48 4 15 5 11 20 22 4 24 31 24 80 2 32 52 13 ]
[ 40 5 33 4 46 53 8 4 8 9 38 11 47 4 60 23 94 99 81 19 51 60 47 91 20 5 30 5 56 6 19 48 11 5 5 9 58 13 13 18 23 4 82 70 8 42 45 54 93 78 ]
[ 12 64 32 78 51 15 49 31 68 4 10 10 18 2 8 83 16 57 24 9 9 59 45 23 72 12 43 35 0 32 22 64 49 6 43 0 21 44 84 41 0 94 52 18 96 12 54 65 21 30 ]
[ 14 13 58 16 40 27 10 11 18 43 15 4 62 14 2 73 91 16 88 83 23 38 48 90 29 9 22 29 39 5 61 53 19 71 22 59 99 32 22 69 27 37 25 41 3 28 14 47 44 3 ]
[ 51 2 44 2 40 46 86 64 19 77 40 14 2 39 44 31 84 52 39 12 28 44 50 0 64 3 14 32 20 90 86 23 44 30 25 84 28 12 1 47 41 93 13 43 32 10 26 16 14 18 ]
[ 45 33 20 22 45 21 35 56 23 2 22 25 59 79 12 0 29 21 30 71 22 66 23 66 78 80 44 31 4 95 36 1 80 57 23 26 30 11 82 5 13 56 30 72 35 42 25 17 15 7 ]
[ 24 69 17 13 0 89 52 20 13 58 75 10 6 6 15 56 11 7 98 2 22 7 90 54 0 27 8 99 23 86 4 99 7 21 12 59 10 17 31 76 27 7 86 85 13 1 41 24 60 92 ]
[ 26 47 1 9 6 68 57 32 27 58 47 64 30 40 6 37 5 27 31 36 4 59 27 11 8 25 88 5 4 87 58 30 35 11 91 41 79 48 25 6 7 72 22 89 64 29 26 70 8 58 ]
[ 17 18 12 97 33 32 17 45 55 15 95 20 68 26 47 2 40 24 66 21 98 13 10 56 18 13 69 38 33 93 3 50 12 15 0 45 47 69 42 2 84 37 75 5 63 22 7 3 46 25 ]
[ 35 1 3 6 53 75 43 68 75 71 8 0 0 32 37 34 69 51 92 64 76 24 47 65 14 14 64 50 11 0 6 98 1 62 5 55 37 0 75 12 71 84 13 23 16 2 10 37 53 2 ]
[ 34 84 16 2 68 8 64 97 21 38 43 59 25 13 20 16 48 81 65 37 43 30 27 56 16 8 79 7 59 50 55 45 34 72 47 54 32 12 3 5 2 47 16 28 12 36 44 12 17 61 ]
[ 86 63 11 1 66 13 81 7 56 6 49 0 2 70 19 2 57 14 54 51 82 2 12 37 66 1 78 82 73 39 43 11 3 54 65 21 19 46 28 75 4 30 75 6 52 46 60 9 13 14 ]
[ 35 28 20 17 23 29 10 23 28 83 1 90 85 49 33 25 78 47 32 88 72 2 16 15 94 47 8 86 57 7 4 44 87 25 61 10 6 23 33 34 7 87 24 44 36 10 21 14 9 53 ]
[ 26 52 67 14 35 90 32 15 64 63 93 30 2 0 23 9 6 49 88 33 54 37 19 85 97 50 68 2 19 0 93 45 52 13 12 40 55 96 7 19 12 0 2 14 0 25 23 58 27 64 ]
[ 48 1 56 24 44 23 12 42 9 5 19 70 57 26 0 61 70 26 27 98 75 78 6 11 22 56 21 55 16 15 32 16 68 41 40 64 64 53 6 25 10 78 47 20 4 48 81 26 26 61 ]
[ 5 37 53 20 88 18 46 7 4 0 15 46 54 71 36 47 39 12 37 6 45 28 65 39 60 97 68 33 27 92 31 32 81 84 5 69 54 3 28 11 3 43 9 9 66 45 56 6 9 45 ]
[ 12 10 8 13 16 62 79 20 38 50 0 10 41 51 21 87 3 25 56 71 17 24 88 65 44 31 31 21 29 26 79 41 37 40 6 5 2 86 26 92 88 26 54 29 77 75 16 33 1 25 ]
[ 5 46 82 58 2 47 2 3 56 22 27 9 61 90 13 51 59 77 57 96 13 22 18 31 40 92 54 38 10 13 26 16 11 8 26 13 7 29 69 15 3 96 25 65 38 90 16 97 19 25 ]
[ 12 29 0 52 39 36 82 19 90 30 27 6 7 11 39 28 0 30 63 42 65 49 61 87 94 28 82 39 36 26 66 48 8 66 53 47 3 35 18 45 17 46 3 76 9 43 4 9 73 19 ]
[ 1 64 57 46 61 5 9 40 39 62 37 8 2 34 9 22 12 1 1 42 76 81 24 8 78 9 62 49 30 85 2 31 49 11 77 10 68 38 3 60 52 40 68 54 26 29 76 38 83 30 ]

Timer (generate): 12ms real	10ms user	0ms sys
[ 98 71 22 95 28 78 53 54 26 67 87 61 59 98 26 39 34 32 29 60 85 42 42 7 59 60 48 35 8 39 97 58 11 71 53 91 50 58 45 28 25 84 41 36 34 68 27 69 52 56 ]
[ 81 90 51 75 49 62 35 97 97 43 89 46 1 0 18 6 91 20 64 88 0 41 72 94 77 58 62 5 79 66 13 60 56 64 36 5 26 23 55 75 67 44 22 20 96 92 27 39 12 91 ]
[ 27 64 33 51 58 62 9 20 19 41 87 85 1 95 49 89 53 28 13 60 3 32 4 77 52 52 69 31 91 33 75 18 98 60 21 56 22 82 29 94 23 68 79 77 63 80 66 68 60 31 ]
[ 28 16 63 84 93 68 36 15 99 27 48 74 97 98 34 18 55 9 53 36 55 76 4 86 5 19 66 72 88 27 55 68 95 71 53 88 39 89 55 90 17 4 17 66 2 3 85 9 64 90 ]
[ 45 19 18 49 5 24 21 24 48 9 3 3 77 98 74 82 86 65 72 42 8 89 98 25 55 52 80 92 14 45 34 59 64 53 61 22 77 82 46 25 43 49 80 72 47 7 55 85 72 79 ]
[ 79 80 20 29 57 27 34 38 20 48 83 6 7 99 59 20 21 88 54 19 65 49 68 46 22 67 53 29 5 77 8 36 10 80 66 67 7 0 5 79 48 40 86 7 40 97 28 13 86 82 ]
[ 33 51 32 53 49 6 21 2 87 78 32 47 14 42 27 32 9 34 84 67 14 84 7 52 92 99 49 72 13 35 6 46 39 90 99 40 48 72 95 35 2 27 34 17 69 13 1 30 48 86 ]
[ 97 14 70 57 18 14 56 67 86 21 55 45 67 46 35 19 86 84 43 81 71 46 8 58 15 29 71 16 60 71 2 9 85 25 18 55 39 75 23 26 48 30 23 68 76 58 87 62 94 82 ]
[ 96 18 80 4 76 95 86 47 12 46 19 66 7 56 91 26 12 31 53 35 9 1 17 32 69 93 42 8 7 37 43 3 55 23 8 83 19 94 30 83 92 49 49 51 58 93 77 70 24 82 ]
[ 57 85 84 74 69 5 67 63 66 74 0 9 78 7 32 38 90 3 84 73 86 28 74 36 79 32 29 9 2 5 43 11 42 79 85 11 85 4 74 51 31 27 12 61 86 44 51 29 48 87 ]
[ 2 86 67 28 22 98 61 3 7 15 8 51 27 2 30 64 65 67 21 40 70 52 19 82 65 57 79 68 38 79 55 92 65 22 21 40 20 82 43 80 97 4 83 76 6 65 93 72 33 14 ]
[ 64 55 18 35 90 83 44 69 51 83 0 58 75 17 80 96 57 52 30 1 32 80 57 15 56 15 81 49 87 66 15 3 21 33 90 63 68 35 84 71 18 84 29 45 2 61 94 59 14 24 ]
[ 12 98 4 21 14 13 37 47 14 76 13 82 32 86 15 22 2 36 57 86 59 27 71 41 73 25 2 19 36 68 43 1 67 0 22 81 65 59 80 31 88 45 13 20 83 81 42 85 69 52 ]
[ 72 28 79 95 69 4 20 72 23 8 92 19 9 59 71 32 92 88 43 72 19 83 69 85 3 53 66 98 38 35 50 10 15 81 57 85 38 77 9 61 86 1 32 95 13 55 79 5 43 75 ]
[ 30 63 58 51 0 14 4 66 12 43 53 62 5 68 95 63 53 33 92 14 47 78 16 79 26 29 87 57 86 30 84 68 45 95 20 45 9 24 11 21 19 16 35 77 85 82 40 90 16 84 ]
[ 5 63 63 73 94 41 2 81 50 40 12 35 9 57 82 29 55 91 5 66 64 25 35 51 54 72 33 94 62 49 78 19 64 93 92 59 86 46 92 89 87 4 76 48 14 58 29 69 49 34 ]
[ 87 65 11 22 16 65 94 49 11 9 51 42 80 15 87 73 26 74 71 19 63 58 75 91 58 41 49 87 62 98 74 50 63 37 24 31 55 71 80 66 32 83 60 12 51 48 37 29 74 9 ]
[ 48 37 67 76 80 78 17 29 65 80 27 39 82 42 29 58 73 84 29 5 2 13 41 63 26 92 63 63 73 37 72 22 26 92 50 6 70 19 35 35 51 14 27 33 8 8 44 81 92 73 ]
[ 38 46 87 31 9 65 75 24 28 49 61 53 23 87 45 73 93 15 92 80 2 96 94 81 81 2 89 25 35 33 51 26 80 90 57 41 55 33 66 35 82 79 88 5 67 85 30 12 52 22 ]
[ 93 7 70 39 88 52 42 30 77 29 15 80 55 95 70 13 89 77 46 7 13 80 86 53 85 5 39 15 70 43 89 63 50 12 54 91 64 96 73 93 26 88 74 81 36 96 46 77 74 44 ]

Timer (sort): 64ms real	60ms user	0ms sys
The output is sorted!
[ 2 79 35 8 12 31 8 22 80 33 58 5 22 54 74 33 1 49 2 6 62 67 71 19 44 3 71 16 3 27 25 6 6 12 14 70 43 22 44 75 7 2 81 81 57 55 67 10 4 21 ]
[ 27 41 62 46 6 15 35 76 79 0 16 83 4 0 27 39 9 15 69 29 5 76 15 76 19 11 83 14 51 18 48 30 11 62 76 17 78 11 45 9 11 14 44 15 14 24 7 76 39 28 ]
[ 21 90 14 77 42 23 37 7 4 96 43 59 64 16 41 15 1 49 23 49 51 1 18 2 36 39 37 64 64 3 16 37 94 30 14 88 5 4 95 61 0 38 21 17 55 14 32 8 15 7 ]
[ 93 10 94 70 14 14 22 4 27 40 19 11 69 21 87 1 56 19 40 8 9 8 8 1 84 80 22 54 27 79 54 21 41 0 43 55 14 65 11 42 57 30 5 26 51 44 27 59 16 19 ]
[ 0 45 32 3 48 7 23 11 53 53 57 20 21 20 4 42 55 61 22 4 21 76 79 16 56 18 83 7 93 9 92 45 7 24 0 7 31 23 18 37 28 27 57 49 0 61 44 55 75 66 ]
[ 26 54 42 11 87 8 65 51 36 30 49 8 27 52 3 44 3 21 37 36 46 80 71 55 20 66 58 74 13 50 11 91 4 6 2 43 14 20 46 2 2 47 11 81 0 66 25 55 39 14 ]
[ 64 63 67 13 5 2 11 62 70 53 28 53 45 93 67 26 40 12 37 63 24 35 13 1 9 0 15 20 9 91 37 74 6 4 87 63 7 50 25 29 3 5 34 49 50 2 27 91 14 64 ]
[ 49 12 51 7 39 14 13 83 2 14 37 4 3 16 26 61 12 24 25 16 19 22 47 39 64 36 46 55 79 21 34 28 33 37 35 24 51 0 8 53 15 97 57 70 65 36 83 78 12 61 ]
[ 23 26 46 10 76 23 76 54 16 30 15 31 45 72 3 80 3 73 45 27 87 74 10 5 37 43 50 28 65 10 33 40 36 79 50 12 2 26 19 19 56 86 2 1 10 5 33 13 30 79 ]
[ 31 8 11 92 19 20 58 14 15 51 23 12 20 64 20 20 13 37 65 18 77 9 8 5 75 11 19 24 27 92 68 59 0 31 3 19 52 13 85 67 65 8 32 37 72 52 57 37 90 22 ]
[ 54 20 46 4 27 57 75 39 30 32 0 5 3 58 29 61 63 15 33 41 4 64 26 4 31 0 34 41 36 13 52 90 85 50 94 12 7 21 51 38 54 3 95 9 61 24 22 25 91 7 ]
[ 11 17 90 16 47 40 0 38 2 79 11 5 75 38 35 37 6 43 93 60 59 80 8 63 0 62 92 37 47 3 17 58 72 7 27 19 47 27 9 1 58 21 6 34 11 41 71 17 36 64 ]
[ 15 27 60 63 24 40 60 49 40 28 23 60 60 49 74 11 25 38 2 54 40 23 16 36 24 51 45 14 14 3 94 30 82 6 93 7 47 5 8 39 33 83 0 46 32 26 9 58 64 11 ]
[ 8 10 9 37 61 45 32 28 1 0 95 46 56 86 8 18 14 7 39 19 8 2 43 58 13 21 16 44 36 6 42 96 17 51 86 30 97 18 58 98 19 5 96 27 91 4 97 5 12 36 ]
[ 35 46 43 38 18 87 55 5 32 81 17 35 5 25 3 94 15 67 34 6 53 83 90 23 51 33 13 0 15 24 45 2 23 41 41 41 28 48 47 12 29 64 47 87 41 2 33 9 21 68 ]
[ 0 6 66 18 40 57 27 78 8 19 10 2 30 22 67 91 24 55 45 49 8 15 38 78 73 51 12 1 66 1 86 18 7 4 36 99 61 15 29 21 87 40 24 17 14 43 61 91 50 6 ]
[ 61 92 18 9 18 6 48 97 7 59 35 28 53 80 38 86 90 3 1 50 16 34 3 42 33 10 5 18 29 9 40 42 1 10 3 20 17 52 69 76 11 56 5 16 89 95 2 79 50 55 ]
[ 12 34 18 59 3 35 15 29 14 24 15 47 28 86 14 87 8 68 67 25 18 1 34 49 30 5 41 62 52 28 17 64 62 87 76 18 74 43 47 40 67 14 87 48 0 1 35 9 21 54 ]
[ 22 21 30 67 31 20 35 84 3 5 93 39 4 2 34 11 78 24 5 52 60 33 13 21 1 15 93 53 88 71 17 11 44 47 30 76 20 65 12 23 70 58 14 26 12 48 37 90 24 42 ]
[ 60 59 4 5 80 42 2 55 15 35 3 30 55 29 46 0 50 27 25 95 60 37 7 30 6 14 97 36 28 7 9 41 18 14 46 50 8 0 5 24 88 8 54 43 89 53 95 91 80 20 ]

Timer (generate): 11ms real	10ms user	0ms sys
[ 90 5 73 93 69 22 5 63 37 38 30 46 84 89 16 70 16 42 90 86 45 16 85 14 35 2 35 27 54 27 8 45 84 81 38 53 56 95 68 45 34 99 91 70 40 8 41 56 50 83 ]
[ 94 95 51 80 62 86 34 49 65 89 76 73 34 12 7 24 18 15 20 86 60 6 37 4 76 77 64 69 86 66 52 80 14 55 12 76 41 47 77 6 88 5 32 74 17 91 98 35 58 70 ]
[ 74 18 76 63 22 53 93 38 22 79 5 27 59 19 82 72 47 76 71 24 34 59 29 66 33 46 9 83 34 67 54 60 38 30 23 12 35 16 51 10 47 56 37 7 75 71 31 22 47 54 ]
[ 98 82 13 27 0 98 25 62 33 59 81 87 19 19 70 95 84 57 63 35 67 11 43 56 70 18 80 1 92 27 55 90 61 20 17 14 70 94 76 3 54 57 91 25 29 13 72 13 70 36 ]
[ 48 90 47 43 98 17 61 78 70 5 58 25 47 71 97 16 85 67 10 13 70 64 23 13 42 52 78 14 17 1 2 17 91 49 60 41 18 73 20 88 78 30 65 77 1 14 93 39 81 3 ]
[ 52 4 20 27 17 14 79 96 80 48 97 83 65 40 84 25 81 3 98 53 43 28 35 61 5 89 27 50 28 9 54 32 65 26 60 82 40 91 30 72 40 79 55 5 71 40 83 5 95 33 ]
[ 10 38 14 46 51 71 35 79 22 15 40 28 47 5 6 59 39 98 51 22 70 43 1 26 0 25 66 83 30 61 69 40 51 83 38 3 54 25 34 28 40 74 56 40 79 62 99 18 60 50 ]
[ 40 31 45 94 9 46 71 75 81 1 88 50 93 39 33 84 94 40 9 28 68 50 54 77 90 85 91 89 4 4 92 96 87 37 42 96 35 13 23 17 66 11 67 12 2 53 96 97 93 5 ]
[ 77 13 55 84 42 97 69 86 39 73 90 31 22 77 20 16 25 56 30 48 73 48 59 92 60 61 45 56 10 90 62 40 56 69 24 50 67 93 36 58 19 26 41 93 55 61 9 80 69 91 ]
[ 28 94 40 39 87 52 53 84 9 15 75 23 55 83 44 31 33 63 25 22 21 96 48 62 89 56 24 50 88 45 42 69 40 34 60 79 38 13 63 47 29 90 22 36 73 67 20 59 30 45 ]
[ 81 52 93 81 14 82 37 90 84 78 36 78 47 28 12 7 7 3 73 22 2 54 13 25 42 86 92 62 97 74 59 78 26 52 60 93 86 49 35 71 27 23 49 26 51 14 86 10 17 59 ]
[ 33 19 13 46 96 7 84 88 70 82 63 29 60 41 34 72 86 20 22 22 43 1 45 93 28 49 59 14 59 28 73 92 99 38 38 96 45 75 36 67 57 51 97 69 93 83 42 31 3 16 ]
[ 53 47 17 99 92 45 0 51 11 59 31 36 52 30 74 42 26 72 17 63 91 26 14 88 96 59 23 90 91 27 6 44 26 23 95 18 21 95 21 32 7 4 69 59 34 95 53 61 67 23 ]
[ 76 11 49 42 51 97 2 75 87 45 2 93 89 28 17 37 98 38 84 71 70 91 75 91 2 9 87 56 22 6 31 50 17 80 93 69 78 47 44 65 92 46 11 33 26 28 22 76 18 7 ]
[ 47 40 50 74 32 53 35 19 61 10 25 44 60 95 24 5 64 54 52 8 72 96 6 83 30 84 63 52 60 81 11 59 73 62 85 5 67 20 76 80 82 54 24 95 49 0 0 13 7 5 ]
[ 73 79 1 31 14 83 15 77 88 27 58 99 38 31 13 23 89 32 95 65 64 78 71 40 73 20 41 25 85 0 30 10 79 84 41 93 67 56 70 55 35 80 7 73 63 72 48 4 5 44 ]
[ 70 69 74 41 10 99 14 3 24 99 3 7 10 34 91 3 27 10 12 49 18 47 81 25 73 96 97 21 1 54 17 23 24 91 16 86 42 30 41 19 82 96 26 44 30 69 47 9 31 59 ]
[ 10 49 59 91 26 32 87 24 53 88 30 71 11 6 14 28 92 9 10 85 28 92 81 6 88 63 75 36 72 6 47 82 8 6 25 34 38 13 10 44 53 41 67 17 47 81 97 92 90 7 ]
[ 77 70 52 11 76 40 26 51 28 99 10 28 33 70 86 11 4 77 76 15 21 81 8 88 98 55 21 47 47 64 7 77 34 59 40 63 51 66 66 32 17 76 12 3 46 98 14 3 75 42 ]
[ 18 48 23 78 88 74 33 10 21 33 26 28 62 12 39 2 75 43 20 42 27 38 70 39 93 69 37 59 72 13 1 42 13 24 20 2 98 53 12 72 38 90 0 0 2 92 54 30 35 75 ]

Timer (sort): 60ms real	60ms user	0ms sys
The output is sorted!
[ 1 39 16 27 34 0 10 45 57 19 20 27 57 86 5 28 89 27 75 99 6 26 3 9 53 68 6 64 87 40 15 41 32 32 68 18 32 30 16 42 2 36 21 11 22 26 39 11 6 14 ]
[ 39 46 93 15 0 9 36 72 54 16 6 91 56 31 34 37 0 3 25 23 60 17 5 23 4 95 12 0 27 40 20 18 39 13 34 91 23 22 63 29 90 21 72 47 4 6 36 5 9 61 ]
[ 9 50 3 57 25 42 11 26 7 43 62 63 18 51 65 31 80 13 74 4 30 26 34 59 41 87 54 5 11 4 7 20 6 11 29 83 5 40 62 13 35 24 28 6 27 93 37 7 7 63 ]
[ 39 42 60 14 36 0 13 14 66 17 95 20 48 64 31 17 22 8 52 37 1 2 90 39 29 89 62 11 30 26 62 21 20 23 35 56 23 0 22 41 18 70 13 18 34 44 36 8 52 40 ]
[ 52 22 16 31 10 45 70 25 38 25 25 7 68 89 47 53 14 38 70 0 10 27 81 39 52 18 38 23 26 29 38 78 52 7 61 14 4 32 39 42 9 64 1 29 6 1 82 20 39 5 ]
[ 6 0 15 62 75 6 6 55 3 56 3 29 67 4 56 9 46 79 56 16 45 34 73 28 52 5 37 40 8 6 9 14 58 24 28 34 83 35 41 38 43 44 67 10 48 75 19 47 54 28 ]
[ 63 42 3 9 67 66 39 61 34 19 12 11 22 30 27 30 55 1 53 16 53 2 9 2 37 24 10 25 6 34 84 70 28 87 31 95 5 22 8 92 41 20 3 63 2 30 46 9 83 99 ]
[ 41 38 60 12 5 36 24 15 97 23 66 8 82 10 56 46 66 59 22 51 1 10 14 13 66 45 39 47 14 77 94 7 15 6 20 72 43 44 39 92 19 5 0 1 68 56 0 34 16 22 ]
[ 31 67 27 24 15 28 20 6 92 44 13 5 19 43 14 78 87 60 41 21 16 50 60 53 88 22 68 71 41 3 49 25 22 28 1 38 9 21 44 53 17 9 59 36 4 25 14 43 85 7 ]
[ 1 0 8 23 61 44 22 61 9 45 41 4 1 10 95 63 53 99 7 8 20 74 57 55 36 48 66 27 62 7 48 16 60 56 91 21 1 13 35 62 59 28 19 12 38 14 27 44 13 35 ]
[ 56 14 24 67 27 1 32 6 74 9 79 21 44 41 15 24 14 5 73 66 43 68 37 9 37 23 59 43 47 3 60 3 17 36 22 96 38 54 2 64 16 33 85 60 75 0 36 41 5 10 ]
[ 1 94 17 6 13 14 65 36 51 86 49 73 25 3 54 24 2 78 44 67 72 21 52 31 13 18 5 25 50 61 45 4 7 62 62 20 29 79 9 32 18 58 5 43 13 11 67 15 89 12 ]
[ 61 71 67 13 28 11 1 1 21 12 1 32 9 32 40 15 7 48 55 9 3 13 14 13 26 14 61 62 53 70 30 66 41 49 79 21 61 32 23 34 44 76 66 6 60 58 21 67 59 76 ]
[ 51 31 8 38 23 40 83 26 95 33 20 45 15 27 5 46 5 58 65 0 65 36 1 27 8 19 48 13 80 30 0 31 13 8 21 88 48 4 14 44 89 86 41 5 13 46 51 70 56 68 ]
[ 3 35 78 10 5 5 8 10 84 22 32 4 85 60 4 1 77 12 39 94 15 18 14 94 78 8 30 10 73 25 85 76 61 15 38 18 21 46 29 5 69 61 9 54 21 65 7 51 29 46 ]
[ 47 9 79 2 1 2 37 62 65 2 48 26 2 10 10 23 61 42 78 23 30 17 29 25 56 48 73 21 21 57 24 21 18 56 23 71 58 60 33 75 14 34 1 16 96 12 91 57 6 69 ]
[ 40 13 19 81 14 19 34 26 12 10 64 14 0 14 21 87 1 14 51 96 0 44 22 69 20 61 20 71 43 18 9 35 83 29 17 97 0 3 75 65 13 40 79 65 6 52 52 7 67 55 ]
[ 49 96 19 27 4 67 1 43 30 56 47 25 65 10 34 55 1 17 2 31 23 78 15 35 20 50 7 76 6 6 90 7 3 62 35 59 29 88 2 12 44 1 89 61 11 24 16 65 93 71 ]
[ 15 38 8 41 64 57 0 3 49 8 4 58 88 52 40 90 18 57 56 3 0 70 22 14 18 41 47 0 13 16 36 28 6 97 21 22 6 73 26 7 81 82 65 22 86 57 12 4 67 69 ]
[ 20 44 61 76 13 93 8 2 6 88 38 34 3 2 4 8 36 2 23 56 5 52 51 36 91 96 1 14 16 56 4 89 0 18 65 65 63 25 67 69 65 58 3 68 12 59 29 0 14 52 ]

Timer (generate): 13ms real	10ms user	0ms sys
[ 99 14 52 44 46 37 28 47 32 41 89 27 5 42 73 55 63 60 61 34 54 37 43 41 4 22 32 59 70 14 78 21 80 82 65 26 20 45 25 4 86 14 31 91 9 4 98 72 64 12 ]
[ 6 70 49 1 11 6 76 44 65 46 10 95 67 90 77 84 68 49 29 93 53 67 60 36 58 69 92 9 41 8 21 99 78 22 52 90 28 28 86 45 74 96 40 93 38 70 77 6 19 58 ]
[ 51 25 25 11 61 36 32 54 45 25 62 18 24 41 40 29 83 21 57 69 18 84 17 59 77 55 81 7 13 0 17 64 77 43 28 39 79 12 45 76 38 7 94 14 0 86 43 35 59 1 ]
[ 4 78 85 21 89 14 28 70 21 41 22 39 58 0 34 86 91 65 50 36 41 88 95 87 3 96 25 46 31 37 99 88 67 84 61 56 51 90 78 72 31 0 63 41 52 49 27 43 14 30 ]
[ 79 7 18 75 94 73 23 72 20 54 9 19 94 76 56 56 84 7 46 62 31 29 14 47 71 67 96 50 62 63 80 42 70 51 69 17 24 92 41 44 98 50 16 93 78 24 49 14 83 47 ]
[ 76 14 76 42 13 47 61 62 50 24 25 30 66 47 81 35 16 6 79 57 2 77 59 70 70 89 94 19 3 29 66 31 96 95 74 9 94 35 71 44 11 48 75 29 96 8 16 12 66 95 ]
[ 22 69 73 81 91 95 71 38 67 74 67 85 58 63 80 32 25 75 19 96 19 31 97 46 60 45 7 77 9 73 72 31 94 97 13 86 93 36 24 60 62 43 45 20 59 78 52 84 53 24 ]
[ 32 24 7 29 23 67 74 30 96 84 3 21 67 98 18 32 36 63 68 12 75 31 55 21 3 14 51 8 98 4 32 31 80 39 12 3 58 39 85 55 75 89 76 42 39 46 75 27 62 43 ]
[ 39 37 26 94 10 82 61 61 90 11 17 74 94 50 13 7 53 23 98 39 78 73 80 6 15 71 5 90 98 67 86 89 56 64 35 67 46 96 80 36 8 50 10 2 0 75 61 53 99 59 ]
[ 44 29 32 76 88 0 99 93 42 97 12 28 38 20 45 74 39 43 70 20 80 30 70 42 85 22 70 46 75 21 58 72 50 42 0 90 42 0 83 85 49 47 65 88 68 62 62 7 6 84 ]
[ 79 38 15 1 32 0 23 2 98 51 75 8 75 78 51 75 68 93 27 4 30 77 51 48 65 71 10 79 31 16 63 62 6 78 16 39 30 39 41 81 42 69 89 17 47 92 45 15 38 72 ]
[ 19 68 49 23 68 66 46 79 45 29 47 9 92 54 39 8 93 70 99 86 3 42 55 44 11 54 37 56 70 75 29 41 95 30 64 64 97 63 95 42 92 94 51 36 0 43 96 93 65 96 ]
[ 32 68 38 39 12 1 94 1 58 16 76 39 57 24 21 74 88 18 37 35 13 81 29 16 18 30 59 14 75 24 10 59 92 0 99 57 54 45 10 12 61 87 3 18 63 24 44 3 43 81 ]
[ 38 8 15 19 24 33 1 84 99 77 8 62 88 53 62 39 62 16 84 72 80 97 11 83 68 26 60 12 29 55 46 67 63 61 39 87 94 40 23 45 69 84 7 58 37 22 97 51 38 34 ]
[ 75 71 31 39 6 99 65 66 64 95 21 10 14 36 71 53 24 17 94 47 62 15 31 22 73 20 44 23 23 34 57 51 5 88 42 64 40 7 82 4 54 56 66 21 92 37 74 68 6 20 ]
[ 16 20 36 99 42 61 72 86 84 47 73 41 98 78 82 40 94 74 0 77 78 6 33 44 27 25 33 54 94 91 26 62 11 14 13 6 76 37 44 60 85 17 54 83 96 88 76 42 62 28 ]
[ 19 92 34 52 88 14 30 21 68 76 64 94 38 75 61 3 33 37 41 78 49 26 95 55 61 43 43 89 86 5 17 5 49 4 10 37 18 92 10 86 68 74 32 58 2 93 61 35 82 2 ]
[ 65 32 80 61 87 42 56 83 83 42 40 1 0 90 5 62 79 23 54 90 61 22 16 45 32 18 91 93 6 73 48 71 57 28 84 97 22 41 80 6 83 72 7 35 14 64 49 94 39 3 ]
[ 36 0 77 52 97 9 23 88 55 29 14 3 0 71 31 85 20 54 78 52 60 13 25 19 49 39 83 50 33 74 54 21 74 83 74 23 45 97 12 0 26 78 55 78 1 38 15 22 92 93 ]
[ 74 4 7 99 75 8 91 10 58 76 84 64 98 10 0 72 34 97 21 98 49 99 28 4 77 29 42 45 51 87 90 26 43 49 77 19 9 20 81 20 49 66 84 47 28 36 71 62 33 44 ]

Timer (sort): 55ms real	60ms user	0ms sys
The output is sorted!
[ 1 29 33 39 28 15 25 2 48 66 5 78 4 6 9 13 16 2 51 49 2 14 48 63 13 6 5 18 82 8 11 83 37 44 23 17 59 0 71 60 67 28 38 71 35 48 85 3 2 88 ]
[ 56 13 27 53 5 23 7 29 10 23 62 42 31 0 61 10 2 15 55 3 43 23 54 18 30 42 59 93 35 86 1 91 51 28 44 8 4 3 38 66 27 52 8 10 52 69 21 6 36 76 ]
[ 22 0 46 27 31 42 7 0 14 8 4 14 23 0 74 38 7 83 8 37 36 78 10 79 57 45 52 6 18 71 11 92 71 9 71 54 52 78 54 18 87 59 32 10 11 6 1 19 41 9 ]
[ 36 58 39 43 3 55 90 45 1 32 38 72 66 41 89 18 8 33 51 59 20 38 41 14 41 29 10 37 4 6 48 40 17 40 36 20 47 78 17 1 10 7 25 76 48 15 47 8 0 98 ]
[ 23 69 61 56 90 38 15 4 8 10 28 44 2 7 21 85 36 0 77 41 16 43 41 82 72 31 1 81 4 31 46 27 1 7 83 43 98 51 0 6 61 28 2 15 35 23 1 71 24 78 ]
[ 35 45 16 61 3 22 69 14 23 21 95 17 45 33 31 46 16 39 91 32 50 3 17 19 97 73 24 6 86 6 69 73 3 85 34 6 59 3 72 82 76 19 0 22 4 31 20 21 22 12 ]
[ 38 27 85 56 30 63 32 0 84 76 17 69 33 14 9 14 53 85 6 33 2 12 69 80 21 0 10 40 57 12 16 96 39 1 4 21 65 36 74 1 13 91 70 46 58 31 13 11 17 19 ]
[ 73 0 7 74 47 28 49 43 21 46 31 15 0 76 22 1 38 93 0 33 12 11 11 7 69 6 40 4 57 28 64 30 29 24 56 76 52 5 72 73 51 3 40 3 31 62 56 69 55 56 ]
[ 37 17 94 3 72 52 85 76 4 0 4 26 16 18 0 5 13 82 20 19 96 75 3 97 56 38 4 12 48 30 6 38 47 53 41 19 5 78 48 9 31 4 88 47 23 88 5 36 70 25 ]
[ 25 15 53 25 27 3 0 89 46 82 18 12 4 39 62 15 28 48 25 64 56 3 31 36 0 15 49 40 11 28 62 36 43 68 13 71 23 66 12 69 0 83 34 4 22 96 71 2 96 48 ]
[ 75 64 64 0 57 10 41 31 12 21 9 41 43 44 11 28 49 80 9 48 58 67 14 18 24 22 45 7 68 64 24 43 28 41 95 38 3 36 21 15 10 30 56 53 26 20 34 76 52 43 ]
[ 0 33 10 21 47 53 21 73 23 76 47 55 1 37 5 8 20 32 28 2 32 32 74 9 80 5 59 98 46 47 12 46 32 75 20 80 28 41 5 51 69 4 58 22 93 64 30 13 48 10 ]
[ 66 24 44 97 6 37 40 55 81 14 7 2 15 97 13 21 25 82 30 69 7 13 5 52 0 46 17 80 93 25 49 11 1 94 9 59 31 1 14 65 15 22 67 82 19 33 3 97 15 34 ]
[ 93 55 9 58 80 13 72 18 88 66 46 39 3 36 71 30 12 26 22 46 22 6 11 12 19 46 97 12 9 17 57 2 73 67 12 53 32 37 24 20 3 22 11 58 58 82 41 22 61 15 ]
[ 42 36 71 3 42 13 18 93 72 22 18 45 41 38 18 5 31 4 19 61 26 52 91 35 13 86 64 16 33 38 11 27 26 34 82 68 0 0 13 72 22 31 69 15 22 40 21 53 44 92 ]
[ 75 25 13 6 7 11 26 63 0 47 89 65 83 42 69 13 47 80 49 78 71 9 15 49 10 89 60 88 15 25 4 42 2 69 0 10 81 26 25 33 25 14 98 8 9 19 74 8 0 23 ]
[ 32 24 70 46 60 13 2 17 55 5 69 38 48 59 65 75 25 25 31 13 83 47 31 7 66 47 45 7 5 51 31 37 28 1 36 40 67 38 57 22 43 26 60 43 37 78 19 62 3 2 ]
[ 17 2 80 56 0 29 51 57 39 9 9 31 22 7 23 86 31 76 8 32 86 81 44 50 55 24 5 87 61 52 69 30 55 49 39 7 30 90 16 22 52 25 5 26 32 29 13 15 57 21 ]
[ 23 16 37 40 31 67 56 23 49 8 82 51 89 33 3 4 32 64 52 14 10 74 16 25 43 23 76 12 32 9 50 7 25 87 47 56 6 55 32 55 15 66 7 4 99 62 60 32 26 12 ]
[ 83 94 1 77 59 37 12 8 80 47 7 23 36 6 4 28 39 7 36 9 40 81 39 73 64 14 71 31 93 5 4 28 0 5 6 11 95 18 19 75 18 78 98 6 37 2 34 28 61 70 ]

Timer (generate): 8ms real	0ms user	0ms sys
[ 52 55 14 4 28 35 31 22 49 93 24 44 56 66 11 7 10 62 28 62 70 57 17 69 37 49 97 51 77 60 73 81 15 39 85 95 26 68 18 75 14 42 71 70 61 82 29 71 96 10 ]
[ 33 67 67 2 88 4 51 85 7 28 98 32 61 13 23 47 61 49 67 31 76 81 25 99 3 86 81 85 9 30 95 94 49 14 96 37 70 99 22 77 79 72 62 41 86 37 88 99 39 7 ]
[ 30 15 89 55 15 44 94 48 81 55 30 76 2 79 42 50 16 12 50 91 90 29 63 4 70 1 41 10 0 32 18 82 48 59 90 15 55 36 15 37 91 46 65 93 77 8 96 94 20 46 ]
[ 37 62 75 0 66 46 54 60 8 6 92 26 89 92 37 31 59 93 67 27 30 10 25 95 56 2 3 52 48 76 98 85 38 25 38 57 23 92 69 32 98 61 10 39 6 48 70 17 41 89 ]
[ 44 23 0 69 18 56 24 74 60 72 2 58 10 40 83 48 49 59 40 18 91 90 32 1 30 38 1 0 55 42 90 52 65 42 73 36 98 97 62 58 22 16 68 32 56 3 80 6 62 72 ]
[ 24 53 14 8 7 44 46 8 97 54 3 39 6 20 81 79 8 31 29 22 41 51 38 9 35 47 64 67 5 27 91 81 32 5 90 91 50 36 0 47 42 55 86 0 75 19 32 36 50 61 ]
[ 58 91 64 97 52 99 96 16 66 1 95 57 82 28 62 72 19 64 61 71 63 3 26 1 4 54 20 36 90 22 49 0 13 13 97 17 64 45 34 82 46 29 39 81 9 53 53 29 70 66 ]
[ 52 33 70 31 35 26 85 7 14 27 30 15 27 95 80 77 13 44 22 99 26 21 28 17 2 38 22 55 19 92 74 23 78 96 54 65 22 91 72 88 70 54 3 98 2 35 27 15 79 49 ]
[ 14 57 70 94 26 24 84 48 32 3 93 6 79 71 2 33 88 76 77 12 64 47 67 19 45 21 54 72 36 85 74 2 42 96 96 68 21 81 68 5 36 61 11 15 84 13 49 24 41 78 ]
[ 37 57 25 56 76 23 77 82 47 65 67 21 67 61 70 63 81 43 96 49 48 33 63 59 48 99 24 49 24 65 79 13 22 5 69 50 28 46 84 75 63 3 49 30 64 19 45 97 62 42 ]
[ 98 10 27 61 21 27 13 45 29 89 62 8 2 36 13 71 38 93 69 22 69 32 25 18 14 41 89 59 38 51 53 36 61 32 50 82 60 63 79 89 52 93 49 54 29 63 77 67 8 98 ]
[ 89 77 30 66 47 96 7 36 55 45 39 61 81 52 93 83 86 53 46 65 94 50 58 96 56 39 11 33 6 19 83 47 49 65 13 96 61 20 85 69 17 76 30 51 29 23 34 15 29 33 ]
[ 33 75 83 43 71 92 83 82 25 41 2 61 41 3 26 6 51 88 27 36 57 96 13 87 47 42 62 82 9 43 15 42 19 50 86 42 42 21 25 20 62 79 81 55 82 7 62 33 95 41 ]
[ 22 4 37 87 91 85 81 6 19 90 49 34 85 68 36 71 11 79 44 88 99 58 19 32 14 53 39 76 86 87 17 60 91 54 47 35 91 80 41 10 71 42 96 8 11 33 79 74 12 75 ]
[ 14 63 33 33 47 47 38 38 75 76 25 92 37 69 99 36 56 42 17 49 53 40 91 49 48 2 82 79 28 46 54 94 61 87 79 8 87 17 47 62 94 72 55 83 93 6 19 49 48 88 ]
[ 98 53 28 90 3 28 44 37 7 25 84 13 19 97 1 51 6 88 68 53 2 14 77 9 97 71 15 69 72 16 57 23 69 38 13 24 18 9 14 78 86 50 91 6 47 44 9 53 84 29 ]
[ 6 87 44 84 96 93 7 64 62 31 80 72 54 1 10 67 78 80 29 92 58 15 94 50 73 41 46 82 47 31 12 53 18 8 89 66 1 48 30 64 80 62 36 34 16 98 54 46 30 83 ]
[ 38 89 50 84 91 76 25 37 58 72 20 22 78 38 30 19 57 84 68 39 48 0 2 36 34 70 86 40 16 16 75 54 57 26 90 48 2 15 38 12 40 58 87 18 49 17 37 6 53 57 ]
[ 45 1 57 99 89 44 69 27 84 85 96 60 91 53 38 81 54 92 49 92 4 89 2 91 59 51 61 48 57 14 6 55 68 15 54 9 11 76 37 96 61 85 8 53 38 46 86 44 38 35 ]
[ 88 94 76 91 38 35 42 51 84 52 17 42 7 37 9 13 47 21 89 36 69 3 21 77 8 11 75 94 8 65 82 96 59 58 87 49 94 30 0 30 34 18 24 41 55 33 6 54 6 96 ]

Timer (sort): 60ms real	60ms user	0ms sys
The output is sorted!
[ 3 72 22 17 35 2 10 5 27 38 3 15 28 32 20 61 82 7 73 1 63 50 90 64 33 88 35 30 12 32 56 16 4 31 85 91 33 96 49 60 86 4 28 14 36 0 28 19 7 1 ]
[ 32 54 63 25 15 16 30 41 12 34 21 1 59 12 7 51 21 20 81 29 66 29 23 24 53 19 17 59 45 50 59 77 56 22 3 23 90 85 17 2 19 38 4 31 50 63 82 24 35 15 ]
[ 99 17 43 6 3 97 6 16 3 23 6 82 9 30 7 52 16 42 70 31 19 9 77 51 81 56 33 92 4 62 10 3 79 53 61 35 50 19 3 5 42 9 39 52 39 47 56 8 41 26 ]
[ 31 38 3 60 6 28 7 10 10 32 85 25 52 28 16 7 76 49 87 10 57 22 14 79 58 50 13 12 28 48 83 11 39 87 24 97 15 31 7 77 63 44 3 67 73 19 26 1 20 13 ]
[ 30 65 9 13 93 32 3 12 44 17 17 25 0 53 73 35 29 75 96 58 80 32 23 7 4 44 21 5 18 57 26 0 74 36 14 19 20 69 32 16 38 1 93 38 54 66 26 36 93 22 ]
[ 24 98 35 10 34 34 15 22 16 27 58 88 46 4 10 3 13 95 70 51 14 23 8 3 51 33 28 88 52 40 80 29 38 16 39 24 50 54 47 18 33 57 7 79 61 17 34 27 64 4 ]
[ 10 14 50 2 61 77 43 82 0 43 42 14 88 31 45 23 70 55 50 33 17 71 1 21 48 81 33 44 98 19 22 8 33 24 62 46 1 57 28 1 52 23 15 40 54 12 15 76 20 18 ]
[ 78 19 26 22 36 54 44 24 85 5 6 14 18 47 76 1 3 4 81 41 15 63 23 50 99 81 7 74 53 39 40 83 10 66 5 46 21 49 23 6 6 29 73 76 28 49 30 31 6 11 ]
[ 6 96 91 16 98 68 20 2 9 6 92 28 3 82 12 38 40 19 29 13 36 59 8 22 95 22 15 94 6 79 44 12 28 35 28 26 55 0 80 16 7 72 45 10 54 9 48 46 28 29 ]
[ 0 2 76 25 47 30 34 50 38 34 46 43 6 7 42 41 86 56 17 41 41 3 42 34 27 14 16 55 10 21 32 11 75 60 36 74 42 70 24 81 57 71 24 15 78 19 56 16 27 26 ]
[ 1 38 92 34 18 34 35 23 57 2 7 25 27 80 17 22 19 58 87 24 39 9 17 23 12 89 6 78 65 67 18 18 58 62 4 28 49 40 51 6 42 58 83 21 91 1 44 10 59 31 ]
[ 99 71 94 25 17 18 25 92 67 4 64 23 40 11 0 6 11 84 20 70 52 9 16 71 47 41 23 81 56 3 17 7 26 64 33 43 82 10 87 1 14 4 24 6 15 25 12 78 61 33 ]
[ 15 79 35 10 54 28 20 47 1 0 0 84 35 17 80 26 39 77 26 13 7 99 84 19 14 31 2 4 13 8 95 29 39 30 39 45 10 11 93 11 11 93 48 47 10 80 73 49 58 51 ]
[ 39 45 21 33 54 94 5 10 25 24 91 22 84 39 25 33 22 64 80 62 9 37 1 13 13 66 42 11 28 43 49 20 88 70 5 42 17 10 4 42 35 48 64 71 39 42 5 61 6 37 ]
[ 2 5 0 54 9 51 65 27 43 67 16 63 11 41 29 75 41 31 40 85 3 46 53 9 94 58 13 56 32 84 18 34 41 18 40 50 21 5 29 16 72 45 79 35 38 60 10 31 44 2 ]
[ 2 97 1 83 56 43 10 49 29 51 15 93 27 28 61 60 11 42 78 54 6 4 58 90 18 56 11 40 25 8 49 27 6 3 62 62 46 24 11 75 75 26 20 55 6 33 15 17 27 46 ]
[ 82 20 24 37 18 15 62 36 34 68 9 38 32 35 26 24 86 21 17 60 32 93 4 36 52 22 25 7 83 8 8 17 28 32 55 99 99 17 35 34 38 44 24 70 32 2 46 18 24 64 ]
[ 8 30 76 46 52 63 55 62 65 97 18 71 3 42 13 62 59 23 18 99 5 65 36 0 8 2 28 9 5 30 10 65 12 38 11 64 1 19 78 67 16 97 38 19 39 3 34 51 78 4 ]
[ 84 16 20 94 74 31 1 61 4 28 22 66 53 3 20 8 87 15 14 28 42 86 44 56 46 20 29 49 66 47 1 2 63 21 48 89 4 49 2 8 77 25 26 31 28 47 91 16 62 5 ]
[ 55 45 60 22 4 39 29 41 3 96 44 13 19 45 63 91 48 0 2 8 77 30 51 48 42 16 13 22 19 22 45 74 20 6 48 24 45 78 17 0 74 61 13 46 6 76 37 54 28 91 ]

Timer (generate): 10ms real	0ms user	0ms sys
[ 67 64 74 40 36 65 42 7 84 21 33 70 18 61 38 23 62 26 42 83 78 57 47 29 80 87 53 8 41 79 97 8 95 71 48 83 88 43 90 24 64 75 94 83 89 84 58 51 11 0 ]
[ 86 41 9 86 70 41 25 24 49 67 55 98 27 2 21 76 86 61 71 28 85 35 4 31 70 93 16 81 96 27 81 83 68 43 21 91 84 46 67 86 13 22 36 41 24 58 69 10 19 40 ]
[ 91 57 27 95 88 50 40 56 31 36 83 64 71 4 7 92 47 44 39 14 30 4 36 66 97 60 76 66 23 96 58 14 5 86 61 45 36 1 2 67 89 85 31 13 41 91 5 88 35 96 ]
[ 2 17 1 90 35 50 3 12 17 78 60 75 92 17 13 5 62 1 58 64 20 47 2 52 60 43 95 18 84 82 66 38 99 19 29 34 70 32 98 87 10 10 14 54 27 80 11 90 81 69 ]
[ 54 2 68 56 6 81 52 1 99 88 83 65 26 34 85 55 20 55 39 19 94 1 29 60 7 9 40 18 99 22 87 53 24 56 62 82 89 66 83 88 54 18 5 80 52 42 88 24 97 79 ]
[ 43 43 81 25 4 88 34 44 7 85 18 46 90 94 54 52 76 43 70 11 83 24 29 89 57 33 31 45 58 81 24 53 76 57 30 80 46 64 77 5 1 95 3 92 42 58 96 18 53 67 ]
[ 30 37 43 11 26 0 97 9 97 7 42 74 60 71 31 91 51 29 7 80 86 61 28 90 53 70 48 49 40 53 68 22 90 12 34 68 12 83 30 10 90 72 84 2 43 67 45 47 49 5 ]
[ 79 35 66 59 25 19 81 25 20 22 79 89 44 21 53 30 90 65 13 20 27 3 44 63 58 40 83 3 39 32 8 70 67 74 30 45 45 11 22 66 33 1 7 30 75 60 60 65 77 26 ]
[ 37 5 81 81 20 39 73 3 43 64 35 51 35 3 78 65 0 23 28 22 41 14 76 48 44 51 60 4 16 38 82 5 95 64 86 15 3 12 19 46 76 6 50 11 9 80 28 61 55 57 ]
[ 84 97 71 60 97 67 11 58 23 79 48 6 84 43 70 22 10 73 34 29 72 63 36 74 26 97 6 55 59 61 64 95 58 87 55 8 54 18 18 29 49 18 35 33 61 5 7 71 31 94 ]
[ 53 55 57 41 81 83 90 87 90 1 48 6 96 59 45 3 19 99 73 37 81 22 55 16 7 68 74 15 91 57 9 44 12 18 85 45 1 76 32 44 29 32 50 26 91 96 81 10 47 55 ]
[ 99 28 77 6 97 37 74 71 52 18 80 13 62 44 31 0 89 84 28 73 80 57 5 83 35 49 79 17 59 78 72 11 59 1 17 56 38 44 79 42 62 59 7 76 3 90 28 44 75 56 ]
[ 17 55 66 22 38 1 71 69 18 83 0 42 46 11 44 15 19 34 11 50 29 73 9 36 2 64 27 30 60 54 39 77 61 5 51 52 6 75 73 77 10 73 19 56 36 15 71 55 2 83 ]
[ 5 31 8 66 19 62 82 98 93 42 4 32 71 66 89 75 18 95 50 43 24 60 69 44 68 5 11 39 61 13 74 18 96 83 85 68 45 19 18 90 14 23 74 85 41 63 12 11 11 62 ]
[ 54 35 74 23 31 42 29 43 82 42 8 8 60 57 91 97 77 89 17 95 79 31 70 54 68 11 69 81 22 80 95 77 16 70 52 47 64 81 42 98 23 3 7 36 12 98 33 89 39 2 ]
[ 36 71 85 7 77 54 70 46 87 93 27 82 22 95 52 74 94 69 8 89 67 83 92 74 71 4 25 5 45 64 59 81 35 45 40 12 99 11 11 38 56 38 20 78 85 25 4 79 94 64 ]
[ 20 61 48 12 36 19 68 61 76 13 25 36 47 13 33 87 77 84 98 88 22 6 78 42 84 63 67 41 95 61 5 15 75 5 80 11 77 48 24 53 14 1 41 61 14 26 48 92 10 99 ]
[ 80 84 5 59 27 42 74 46 35 69 60 92 37 35 98 17 98 75 65 22 80 79 23 74 92 90 52 93 34 15 92 14 99 49 25 78 43 0 77 78 21 37 71 58 24 69 75 74 96 93 ]
[ 48 28 24 23 54 17 13 7 62 47 74 54 14 73 55 91 4 99 43 81 77 65 70 0 75 46 21 51 20 69 96 68 50 72 43 4 89 57 63 51 56 37 57 70 63 65 14 67 64 57 ]
[ 48 93 22 70 46 98 16 67 1 88 37 49 8 87 21 51 43 63 60 59 66 17 48 76 39 11 41 53 30 57 11 30 2 85 0 48 83 16 68 36 56 5 85 64 44 59 16 39 22 76 ]

Timer (sort): 55ms real	50ms user	0ms sys
The output is sorted!
[ 63 41 36 88 23 7 7 39 68 17 76 16 38 18 39 11 0 14 20 8 53 57 32 71 33 37 70 11 2 48 19 17 41 55 6 17 63 13 56 31 82 85 0 20 3 91 31 3 5 3 ]
[ 45 45 54 70 50 8 20 27 45 2 52 3 2 14 29 60 45 19 43 8 14 58 20 46 10 10 58 77 32 68 19 29 13 25 51 16 33 23 43 30 25 47 33 28 61 14 88 59 33 31 ]
[ 14 97 1 36 1 22 17 2 60 35 22 91 15 68 85 62 94 34 14 3 63 16 75 13 50 11 9 8 0 85 52 14 34 5 3 35 27 20 37 87 8 11 30 23 80 16 85 26 2 51 ]
[ 42 27 96 64 29 11 68 91 40 25 43 38 9 12 87 14 70 17 2 49 72 9 46 0 14 32 43 8 35 7 20 29 34 16 93 16 79 14 7 20 39 2 10 0 67 49 66 37 18 68 ]
[ 19 2 74 4 85 92 24 6 45 7 94 65 43 19 8 4 58 36 39 38 1 61 63 5 25 91 57 40 48 8 12 19 11 38 23 48 30 0 7 75 7 1 92 50 73 1 6 31 37 97 ]
[ 99 16 22 33 23 92 39 55 41 29 7 33 73 5 41 47 27 23 27 54 20 84 2 56 0 7 55 6 34 42 39 33 10 61 18 33 5 10 40 46 39 48 31 64 53 73 11 32 48 38 ]
[ 73 28 56 73 2 16 13 8 28 7 2 46 47 4 62 16 46 87 31 63 57 97 38 65 27 32 31 6 2 21 59 76 1 67 1 4 84 15 64 64 22 18 10 22 22 24 90 69 11 21 ]
[ 88 74 46 53 20 49 27 26 50 13 19 3 27 34 63 50 70 41 33 87 13 9 7 7 8 69 22 12 79 63 9 19 38 8 24 10 57 3 36 7 17 7 62 44 41 78 95 12 19 80 ]
[ 20 61 39 75 41 30 37 72 41 57 46 4 26 30 63 30 8 69 7 67 1 35 83 1 32 2 10 12 53 64 0 25 26 92 1 19 22 38 92 64 47 38 20 74 20 35 4 81 5 12 ]
[ 8 23 33 14 49 2 11 70 32 26 50 50 6 1 45 28 15 71 56 4 31 45 92 69 18 54 16 97 92 30 33 1 5 19 15 54 21 78 77 5 4 27 7 63 28 52 43 43 24 99 ]
[ 85 32 12 16 91 41 15 51 46 85 39 82 15 7 36 96 3 3 39 34 12 8 63 95 9 42 30 48 68 33 46 53 17 10 22 8 3 89 11 1 26 2 36 41 10 24 37 65 27 76 ]
[ 8 49 9 24 9 1 22 90 12 8 66 22 37 43 14 50 8 45 31 35 37 79 55 35 69 39 53 34 56 79 16 17 28 25 41 37 26 16 80 38 24 46 61 13 41 27 15 49 24 99 ]
[ 49 26 47 6 56 43 29 46 17 17 4 15 51 71 75 47 4 38 16 88 18 78 95 77 96 10 99 43 5 46 65 7 24 12 13 32 7 94 78 24 11 34 40 14 5 15 13 9 5 29 ]
[ 39 15 33 32 56 86 25 91 88 60 8 86 39 20 75 51 12 12 13 33 96 26 30 77 4 16 19 57 14 6 2 5 21 88 89 30 26 14 21 15 27 30 53 18 2 29 70 14 41 35 ]
[ 50 7 1 9 13 77 22 39 60 19 9 88 4 12 35 57 13 67 80 46 4 8 14 91 49 74 0 51 4 68 32 54 27 33 15 40 10 38 31 22 57 92 10 14 4 46 71 69 65 51 ]
[ 3 14 5 80 31 89 2 22 70 58 6 40 90 58 39 11 60 50 10 1 53 12 95 13 13 88 71 98 10 34 5 65 1 62 45 32 51 0 7 21 10 13 61 53 24 52 64 36 2 26 ]
[ 21 7 16 42 31 42 29 10 91 6 14 62 4 29 75 6 16 13 12 2 82 73 2 51 65 27 49 10 71 6 56 44 66 24 86 97 18 68 7 62 74 22 24 79 3 0 37 19 65 49 ]
[ 8 40 19 63 77 68 24 17 12 21 37 92 26 45 57 11 49 48 98 0 7 55 45 13 79 30 20 51 42 31 6 3 71 25 18 0 45 94 17 58 15 6 2 93 51 60 57 0 8 55 ]
[ 34 19 56 21 36 81 30 76 0 64 17 1 23 17 25 2 26 18 8 59 1 28 44 53 10 61 49 1 48 50 69 34 21 77 7 9 10 89 86 11 5 55 12 81 72 89 35 50 59 43 ]
[ 72 7 68 30 37 1 20 30 11 33 13 69 16 14 57 27 12 39 3 3 61 96 50 9 15 44 5 20 29 19 71 1 78 39 84 15 92 4 98 56 37 11 25 5 77 35 32 41 74 88 ]

Timer (generate): 9ms real	10ms user	0ms sys
[ 2 10 97 32 27 75 17 92 1 21 62 91 54 6 14 94 20 88 19 36 75 12 92 96 20 63 87 16 54 81 59 8 91 56 41 18 84 10 63 85 83 25 28 89 83 43 83 4 83 3 ]
[ 92 59 67 36 7 88 99 94 56 5 75 15 14 18 24 7 88 8 69 51 45 53 28 73 42 12 16 26 16 52 81 60 11 0 96 70 88 47 16 45 5 43 12 19 61 36 78 49 96 47 ]
[ 53 41 52 81 67 47 93 35 25 61 87 6 21 50 6 69 20 47 69 36 44 74 79 56 45 92 93 23 94 41 22 47 83 75 80 2 22 74 37 47 87 77 5 61 27 63 82 48 62 51 ]
[ 36 6 25 68 63 22 12 8 97 6 49 20 5 84 47 86 86 21 12 76 20 51 53 25 12 80 40 95 80 55 98 69 61 76 89 24 98 1 84 96 8 34 68 65 70 15 51 57 36 15 ]
[ 85 56 67 90 33 31 22 25 26 3 80 77 24 42 53 13 18 3 14 3 51 74 89 19 40 59 86 43 68 22 59 53 30 26 43 15 57 66 41 36 21 73 65 97 67 70 10 86 73 76 ]
[ 41 77 3 30 96 43 41 83 86 10 57 97 15 40 75 11 55 85 29 48 21 2 22 38 99 41 8 61 79 33 89 20 10 92 2 7 87 96 42 26 58 99 23 73 91 99 36 47 84 65 ]
[ 47 57 19 21 47 18 63 55 31 42 88 21 15 99 13 69 58 53 65 0 79 23 51 2 49 43 53 85 42 89 3 89 98 22 63 45 41 26 52 24 20 41 45 35 92 11 57 50 64 22 ]
[ 2 95 98 5 49 47 48 55 84 42 44 87 84 95 10 47 92 3 73 45 79 45 38 25 33 30 88 90 32 4 64 34 99 62 39 48 61 40 3 46 34 0 85 18 47 47 65 39 2 90 ]
[ 36 82 36 74 59 69 56 47 59 88 51 75 74 50 38 66 50 51 58 54 49 92 6 35 11 53 34 28 92 37 71 81 19 7 55 30 28 64 77 39 52 80 14 79 82 4 45 32 56 3 ]
[ 38 5 47 96 92 10 49 27 39 94 64 10 75 35 69 30 65 49 94 94 40 99 74 6 30 8 11 75 40 19 30 31 24 77 27 17 88 29 96 79 23 60 41 98 47 62 80 64 11 27 ]
[ 10 3 78 84 9 8 44 72 35 36 91 17 67 16 94 47 85 34 28 81 65 51 93 6 1 92 68 33 56 31 12 66 34 90 2 96 50 46 68 37 82 60 54 2 28 49 1 65 35 29 ]
[ 98 1 32 91 59 33 83 80 18 91 11 31 9 98 73 11 46 76 9 14 13 43 26 68 45 6 69 98 71 56 27 69 57 11 12 17 96 47 49 15 38 60 98 99 10 23 10 56 51 71 ]
[ 23 65 15 1 85 12 8 54 11 31 10 90 1 20 54 65 89 50 13 38 65 3 50 15 3 13 91 65 69 42 89 44 59 4 46 44 68 6 50 31 37 13 74 90 33 28 56 74 78 21 ]
[ 12 96 76 14 63 31 27 54 49 49 97 38 93 56 94 91 53 62 49 3 94 87 16 68 77 1 96 85 75 26 6 39 22 35 54 86 66 81 40 15 82 89 53 76 98 47 19 51 62 69 ]
[ 54 56 8 71 76 85 72 24 23 0 50 29 39 25 64 93 11 83 27 3 98 9 45 4 37 43 3 57 94 65 78 0 73 86 71 1 23 96 25 46 96 28 28 35 53 44 81 16 27 8 ]
[ 71 78 17 16 82 55 11 37 12 5 55 42 58 80 80 29 82 55 77 59 54 25 87 34 61 40 78 94 56 58 2 80 36 19 96 70 74 60 59 38 17 14 32 75 95 12 57 29 20 34 ]
[ 88 74 60 76 8 73 68 38 67 25 48 21 57 36 40 5 58 67 65 18 5 83 84 38 58 31 2 15 60 22 2 49 48 14 77 56 87 45 47 6 22 95 27 79 84 19 85 42 86 50 ]
[ 60 92 85 97 82 44 28 84 11 41 59 13 42 7 27 19 16 66 16 63 24 39 10 3 70 94 23 55 37 61 58 49 5 43 46 87 39 27 24 51 68 83 64 10 90 44 81 6 10 97 ]
[ 69 35 36 32 38 7 78 13 14 15 75 72 17 80 68 15 68 7 94 92 10 62 75 75 24 17 71 57 24 81 55 45 68 43 29 7 2 8 20 17 75 95 41 92 28 61 60 96 21 54 ]
[ 40 31 69 67 58 45 84 29 3 60 11 58 58 79 53 87 38 56 95 11 25 71 58 66 15 86 80 75 34 1 82 74 32 3 93 91 48 30 20 51 90 83 61 48 15 15 36 5 23 83 ]

Timer (sort): 61ms real	60ms user	0ms sys
The output is sorted!
[ 3 41 60 47 53 12 48 65 1 6 67 23 58 40 12 24 78 18 1 2 97 3 27 30 13 42 30 95 5 27 93 60 68 53 7 21 17 7 87 18 14 6 93 24 46 5 1 76 23 2 ]
[ 30 64 91 2 99 16 53 30 13 41 22 87 26 27 29 78 44 7 25 9 41 17 8 4 2 0 37 18 50 57 60 80 22 51 34 73 20 39 4 33 80 78 20 58 5 49 37 1 8 14 ]
[ 12 71 85 27 11 3 80 14 2 32 46 69 54 3 39 41 72 33 36 7 58 7 50 40 44 35 33 15 44 55 14 8 26 52 36 38 7 16 4 9 48 50 30 2 54 22 96 78 55 32 ]
[ 10 28 19 21 10 54 79 43 44 2 13 30 2 43 89 93 52 58 2 36 61 31 74 54 54 73 12 29 33 22 34 44 2 53 65 12 7 97 8 4 51 21 34 5 17 23 99 21 34 1 ]
[ 2 4 21 46 35 10 28 84 71 31 37 36 23 72 80 38 10 42 17 19 8 12 59 45 24 26 37 7 26 27 24 29 84 97 27 19 8 7 55 31 39 92 67 14 16 47 53 78 41 22 ]
[ 15 54 79 31 2 87 0 11 19 68 88 62 92 56 0 51 19 43 69 60 11 5 18 63 0 12 8 30 22 17 1 90 71 32 21 26 19 21 37 39 90 25 53 34 33 5 37 52 48 7 ]
[ 89 15 74 2 46 9 6 31 16 34 27 55 13 35 98 16 45 43 4 27 47 42 54 15 66 5 68 98 91 1 44 80 16 70 35 14 32 41 46 0 27 25 7 40 61 5 57 6 48 13 ]
[ 73 24 42 28 28 9 29 98 46 22 4 93 7 50 88 65 37 90 35 16 35 39 41 15 7 16 25 24 63 58 5 36 82 47 16 62 9 45 12 55 19 16 1 27 18 89 44 7 31 31 ]
[ 86 62 46 89 36 14 17 34 13 10 83 92 95 20 38 38 63 0 9 47 6 75 3 0 91 19 84 28 15 8 42 2 22 40 43 10 54 60 45 68 70 80 12 17 0 2 8 16 55 17 ]
[ 25 19 29 43 60 37 62 13 88 28 7 10 43 35 16 7 15 9 43 65 19 19 17 26 32 83 26 25 29 3 11 54 74 92 50 87 30 12 0 70 92 59 32 88 94 1 47 10 10 42 ]
[ 3 91 94 74 48 78 60 12 81 37 50 44 40 39 11 55 13 86 8 13 53 10 9 30 1 21 42 16 69 68 9 24 60 3 50 60 33 10 24 14 0 75 10 92 14 21 47 27 7 55 ]
[ 32 12 76 42 14 46 33 91 15 31 38 22 40 7 69 9 32 43 38 13 40 76 70 45 33 85 13 23 76 54 49 60 18 25 2 32 23 35 76 90 18 14 12 10 21 81 19 5 77 9 ]
[ 0 43 40 77 61 12 89 4 5 25 16 38 1 31 87 25 27 17 6 48 5 79 64 93 22 23 28 40 59 52 16 60 47 8 37 8 20 26 64 26 3 32 16 57 64 56 82 43 73 41 ]
[ 17 26 48 3 3 90 11 67 44 87 9 49 39 38 30 11 3 54 1 80 78 88 18 99 18 3 10 42 36 64 24 5 91 73 8 46 15 19 13 59 58 74 9 49 12 39 13 68 45 14 ]
[ 82 18 39 24 10 99 3 70 10 5 73 39 16 83 51 52 50 22 62 47 24 0 41 4 40 20 69 65 30 33 25 65 3 64 89 13 15 45 83 25 2 56 17 18 40 20 22 42 42 36 ]
[ 64 64 40 32 23 0 43 29 58 12 38 21 53 55 11 78 41 10 90 5 3 82 81 28 48 34 70 41 19 7 27 35 23 19 68 47 20 63 28 30 75 18 51 81 74 14 11 15 24 1 ]
[ 29 77 34 94 42 27 5 2 54 62 12 13 57 75 31 65 64 36 14 81 86 59 1 41 52 83 68 33 30 82 23 11 11 10 5 5 37 63 8 43 25 20 8 35 48 92 0 12 28 15 ]
[ 55 11 7 13 54 36 29 20 1 88 28 58 34 74 52 77 3 37 71 74 60 2 58 73 23 27 77 14 13 2 65 20 13 24 33 19 13 14 40 14 55 20 24 89 94 28 18 97 17 41 ]
[ 17 40 47 44 68 8 68 76 58 32 19 26 49 2 92 2 25 7 25 54 48 99 3 17 33 53 72 15 80 70 68 50 11 15 46 31 76 14 7 34 46 26 61 47 80 5 2 5 13 27 ]
[ 56 46 2 56 8 42 59 64 46 1 70 5 98 14 74 20 31 21 44 11 11 75 3 57 3 25 81 41 4 56 56 61 3 11 17 63 5 28 79 51 81 49 8 31 64 83 3 47 4 47 ]

Timer (generate): 9ms real	10ms user	0ms sys
[ 35 71 29 96 43 24 34 49 9 24 10 42 87 15 91 42 32 75 86 12 93 56 10 83 78 37 53 17 78 39 64 13 10 94 9 53 70 95 3 32 71 65 74 11 80 18 53 13 45 39 ]
[ 77 39 47 87 74 77 76 27 46 54 66 11 20 29 57 29 82 27 77 37 59 48 2 86 11 35 4 64 0 49 55 77 40 3 16 66 80 44 46 79 50 12 90 70 41 47 0 76 74 29 ]
[ 13 34 29 68 72 41 3 76 5 3 77 13 32 70 68 0 88 0 44 34 79 94 99 69 65 92 16 17 20 43 98 86 29 27 54 1 68 9 29 26 64 58 39 96 80 7 48 69 7 92 ]
[ 55 39 38 54 8 55 99 77 24 19 20 22 5 49 50 11 2 18 20 31 96 84 41 87 32 22 46 32 91 6 24 98 45 15 53 53 22 4 82 47 23 2 69 29 3 71 92 5 90 13 ]
[ 88 38 49 30 26 34 4 72 66 95 78 43 93 75 58 98 29 80 2 11 27 78 66 49 7 21 20 99 79 62 64 67 1 14 49 79 0 53 3 66 0 34 9 46 9 19 96 90 0 99 ]
[ 54 79 77 20 80 36 93 1 87 72 15 4 92 68 18 93 99 70 47 3 36 99 37 98 45 98 17 94 89 69 93 43 1 22 15 81 10 8 34 97 33 2 1 25 70 71 18 70 41 17 ]
[ 73 30 69 62 28 66 12 45 60 1 67 5 96 68 27 11 1 37 72 36 87 5 38 40 82 60 64 0 30 5 70 55 87 39 69 15 5 82 13 66 35 32 71 32 0 51 95 1 40 67 ]
[ 89 27 24 79 68 6 40 32 59 70 89 29 78 29 20 47 44 25 81 9 43 17 41 15 1 93 18 96 95 58 16 36 86 40 16 6 99 56 90 58 78 31 39 8 60 59 8 57 36 89 ]
[ 18 80 58 12 47 59 5 65 8 52 23 24 89 61 16 57 19 67 65 61 77 95 45 16 4 57 27 64 66 64 5 85 44 16 97 43 75 54 8 35 7 83 59 48 97 28 5 68 95 22 ]
[ 30 25 17 27 41 73 84 21 37 51 85 95 88 81 11 85 24 38 91 84 74 98 67 85 46 16 13 3 85 61 25 67 38 95 94 79 20 30 52 58 81 37 5 21 70 16 6 94 54 98 ]
[ 78 80 48 98 66 47 14 31 2 51 44 80 18 82 75 64 14 95 95 66 5 28 4 10 50 74 78 8 21 85 58 51 65 7 1 31 6 68 63 8 19 59 88 90 42 15 54 56 11 1 ]
[ 22 68 82 78 31 32 5 9 92 78 94 51 29 12 10 83 43 16 51 58 76 22 18 65 12 60 80 19 68 43 72 42 12 54 21 95 38 26 4 31 4 51 34 85 63 44 68 58 12 71 ]
[ 17 88 94 87 53 6 99 86 77 67 81 50 9 45 4 30 40 43 8 97 74 64 48 8 2 63 4 22 21 16 94 90 4 88 77 10 94 76 48 24 43 29 74 5 75 78 87 67 73 48 ]
[ 64 99 12 64 59 66 27 63 89 1 31 83 91 88 71 21 98 17 97 98 41 93 79 15 50 54 46 37 74 19 85 38 19 50 3 78 16 82 94 5 83 25 88 27 13 11 48 63 29 97 ]
[ 61 22 42 41 38 44 47 36 82 21 55 19 12 26 69 67 5 38 49 99 43 85 76 84 12 90 95 12 53 76 61 67 99 56 8 89 0 7 25 34 81 32 54 45 59 75 12 16 13 61 ]
[ 15 9 46 43 45 10 33 92 22 87 69 36 54 20 92 14 61 44 73 38 31 6 70 37 51 29 12 63 45 78 77 12 87 75 56 32 86 41 76 8 28 45 96 34 17 40 0 78 85 26 ]
[ 68 16 84 39 53 36 20 17 51 66 95 80 30 34 56 38 18 42 80 95 2 60 92 99 47 62 39 99 92 76 25 61 92 10 0 97 98 20 15 1 38 62 82 69 49 38 59 67 80 39 ]
[ 14 34 52 7 33 99 69 25 98 13 1 76 74 46 86 74 43 36 47 10 37 85 25 19 6 74 9 18 93 89 9 8 76 61 67 9 12 88 86 63 1 88 39 76 86 77 2 81 13 49 ]
[ 92 50 87 69 22 45 43 31 63 36 73 73 96 49 34 63 10 99 51 97 62 5 37 1 81 23 78 35 4 43 85 48 45 24 17 67 69 12 51 85 1 24 58 97 25 44 61 87 43 64 ]
[ 84 5 69 73 6 2 48 36 38 5 79 75 5 25 99 75 44 20 87 95 5 88 71 63 38 48 60 51 36 3 15 72 9 37 98 67 39 46 4 77 51 35 52 57 12 3 32 57 24 71 ]

Timer (sort): 60ms real	60ms user	0ms sys
The output is sorted!
[ 43 1 13 1 28 53 22 90 95 1 7 4 35 61 92 40 75 60 23 41 7 16 7 41 31 8 56 56 61 0 46 5 53 59 6 81 12 28 23 8 30 30 12 17 43 4 57 19 64 32 ]
[ 44 14 33 1 25 54 44 22 17 21 10 8 49 13 64 51 45 13 42 44 78 32 41 64 12 72 37 43 11 30 3 7 44 89 8 21 43 53 44 13 74 6 21 75 19 38 78 16 3 72 ]
[ 49 29 71 3 0 41 8 34 83 46 65 57 45 21 6 10 59 79 82 6 20 59 76 45 14 70 10 6 3 97 6 4 26 77 8 26 19 16 12 54 14 29 11 11 50 69 22 10 48 56 ]
[ 57 35 42 0 80 6 64 30 25 55 75 32 18 58 5 32 28 47 22 4 32 65 45 15 60 3 29 6 73 87 15 30 22 9 82 54 67 46 36 44 2 11 77 20 21 34 4 1 33 27 ]
[ 54 93 32 13 23 37 1 80 35 17 41 71 48 18 72 6 13 5 29 26 39 6 0 72 18 6 34 92 35 50 2 42 43 34 55 67 23 8 99 10 25 40 82 25 11 6 84 24 11 13 ]
[ 13 31 74 91 11 98 43 2 3 13 8 21 13 48 39 7 1 51 13 4 93 48 43 88 25 58 4 31 22 5 50 36 37 25 27 0 75 22 2 30 35 62 51 49 10 42 8 63 93 73 ]
[ 61 53 41 42 34 74 34 15 25 87 3 98 25 11 33 39 41 35 91 10 10 59 0 0 4 14 7 61 28 67 26 41 20 20 35 54 46 69 21 24 8 77 22 33 88 7 24 29 42 15 ]
[ 51 96 46 0 46 23 50 23 23 57 40 14 17 15 6 92 48 30 30 91 63 29 25 85 10 84 56 26 53 29 9 4 26 8 56 24 31 7 47 6 16 39 72 33 6 78 25 55 8 7 ]
[ 76 47 32 21 36 24 74 12 64 4 79 66 16 23 42 37 3 1 14 81 2 34 64 11 94 18 39 19 40 63 27 16 62 11 89 98 36 64 10 0 20 41 19 36 16 13 73 19 15 40 ]
[ 23 44 14 47 92 2 15 81 41 3 57 52 34 12 74 64 14 43 19 77 14 94 15 42 13 40 56 84 14 18 32 37 14 99 36 6 1 4 87 42 7 44 46 41 8 20 5 23 16 76 ]
[ 8 1 59 4 18 73 82 99 8 50 5 10 23 33 41 52 18 56 74 3 45 8 38 66 44 24 31 19 2 46 53 10 99 64 66 70 38 1 69 98 51 26 8 74 11 1 27 29 10 1 ]
[ 79 12 83 49 39 84 94 1 23 64 27 27 20 14 5 51 86 19 2 36 3 60 45 15 14 40 62 79 28 8 12 7 20 95 9 11 31 3 13 6 19 40 33 39 6 90 43 93 10 97 ]
[ 87 16 18 99 10 38 17 30 23 22 17 29 15 6 65 13 50 38 70 22 19 18 98 56 39 32 52 17 8 16 99 95 32 18 46 42 8 63 25 31 38 42 12 5 48 77 19 51 15 41 ]
[ 23 41 36 26 78 7 66 54 17 35 24 66 5 40 26 16 9 45 86 74 13 48 8 72 18 8 25 23 49 42 5 25 84 41 51 14 1 69 20 18 4 44 36 61 36 15 77 45 60 63 ]
[ 21 23 24 63 21 13 50 99 9 83 6 34 33 53 11 19 21 70 20 20 69 37 37 40 11 33 84 65 54 5 1 27 80 77 90 1 90 41 0 0 24 6 86 10 59 49 29 33 20 1 ]
[ 35 47 94 0 89 52 95 95 55 5 3 48 32 36 8 15 17 33 43 24 41 13 39 44 33 44 3 43 26 24 26 13 71 20 13 12 24 60 7 79 18 62 27 2 99 88 17 16 21 61 ]
[ 53 4 24 16 5 34 22 1 72 40 40 29 17 45 32 18 25 56 9 16 74 97 77 34 3 17 11 35 16 97 71 70 2 47 86 59 34 60 61 6 1 1 36 18 98 20 36 23 28 97 ]
[ 43 12 13 28 6 50 38 43 24 35 76 77 19 2 12 37 70 15 39 80 21 45 21 32 37 2 46 9 52 69 52 47 33 17 75 39 20 65 34 44 0 62 21 72 65 33 9 87 48 0 ]
[ 62 32 99 4 37 84 43 55 30 34 49 82 36 34 14 1 12 46 76 7 70 80 5 23 35 52 54 2 35 25 40 49 57 39 5 46 23 48 1 5 34 2 87 70 36 54 71 0 0 0 ]
[ 77 61 26 65 31 25 99 46 35 42 66 37 11 11 58 58 91 1 71 77 14 87 1 78 10 1 42 32 71 1 24 0 15 3 18 46 28 17 92 15 11 10 4 22 73 14 32 65 16 56 ]

