Timer (generate): 227ms real	200ms user	10ms sys
[ 96 55 48 34 50 43 43 91 46 70 43 53 54 4 58 35 69 63 32 46 53 80 94 29 52 ]
[ 34 68 75 96 31 1 44 38 49 30 88 92 73 80 90 43 75 43 50 79 54 85 49 69 70 ]
[ 47 74 2 93 55 6 27 24 34 75 55 35 19 45 84 2 34 28 75 14 18 71 41 14 21 ]
[ 20 20 58 21 89 80 20 63 83 13 18 41 41 94 75 16 1 10 88 47 46 90 81 26 17 ]
[ 47 45 40 88 11 13 60 31 72 82 20 4 54 35 39 20 53 81 13 0 56 81 1 19 69 ]
[ 48 17 11 29 44 81 28 41 21 16 52 35 29 35 59 63 7 63 17 42 3 37 47 84 50 ]
[ 47 92 32 1 11 53 49 29 65 31 25 98 59 66 19 28 70 54 57 5 65 72 64 29 89 ]
[ 58 32 79 5 68 29 5 60 13 6 24 67 7 5 84 38 30 82 50 96 53 30 18 60 87 ]
[ 75 25 59 39 6 0 97 90 79 54 58 61 11 71 74 17 95 93 25 0 29 15 82 63 65 ]
[ 30 17 95 48 29 34 23 54 45 14 61 98 63 51 29 17 62 90 29 85 17 98 80 62 75 ]
[ 32 92 91 66 55 8 96 24 56 44 53 42 19 8 88 33 21 38 48 24 67 65 86 58 46 ]
[ 71 27 97 3 89 72 87 81 15 53 89 24 1 13 32 45 67 74 16 27 14 1 0 52 49 ]
[ 24 20 15 63 30 13 86 57 10 90 98 35 29 32 50 35 21 26 36 86 58 34 5 85 50 ]
[ 84 99 52 84 52 53 61 24 20 24 6 34 10 15 96 52 13 31 82 97 34 17 18 60 5 ]
[ 57 71 39 62 56 90 47 7 94 31 11 47 44 87 20 68 93 54 79 8 2 31 74 34 65 ]
[ 71 20 34 42 32 40 99 3 79 61 11 21 60 19 67 44 30 67 88 18 87 57 63 93 88 ]
[ 24 95 71 50 29 37 21 1 71 15 34 11 14 37 43 28 1 64 88 72 84 32 54 51 21 ]
[ 24 38 30 88 31 18 64 26 89 14 8 78 35 61 50 3 95 13 17 85 56 45 86 73 86 ]
[ 10 57 70 64 60 43 89 50 73 29 33 43 93 11 85 7 71 63 94 33 65 97 28 31 15 ]
[ 13 39 12 51 64 50 61 73 21 26 33 64 67 83 38 96 68 33 89 80 18 96 51 34 90 ]

Timer (sort): 108198ms real	108200ms user	10ms sys
The output is sorted!
[ 13 5 0 33 16 88 13 26 20 5 87 38 11 16 12 2 13 23 15 14 8 51 20 13 39 ]
[ 5 4 1 2 63 32 19 61 4 1 15 81 50 2 54 22 37 9 14 16 39 38 27 5 20 ]
[ 21 78 16 26 4 15 3 3 2 41 50 4 75 11 3 52 35 8 34 19 19 38 8 0 69 ]
[ 75 40 33 7 4 42 30 34 15 0 3 41 31 0 72 0 39 19 1 51 23 9 10 44 18 ]
[ 89 6 69 10 11 3 23 18 7 27 33 18 34 23 69 1 21 20 6 2 21 72 48 22 6 ]
[ 2 57 90 7 81 4 6 28 23 73 1 75 78 12 19 7 5 7 1 22 51 2 1 3 5 ]
[ 31 31 9 21 75 26 37 6 57 37 6 93 2 12 4 15 6 13 12 77 1 7 47 4 33 ]
[ 20 54 27 2 28 24 10 0 0 24 5 0 15 25 42 30 52 73 30 38 4 75 6 63 20 ]
[ 32 56 14 0 50 0 52 28 28 1 8 38 2 55 1 97 59 0 23 30 17 16 56 4 3 ]
[ 43 1 43 47 7 31 37 13 25 33 0 46 5 38 34 7 11 37 4 18 21 48 29 93 3 ]
[ 17 14 29 63 24 25 30 1 61 62 0 34 3 10 4 2 58 14 8 2 96 11 39 57 10 ]
[ 5 56 24 16 3 70 68 24 40 28 39 8 4 6 6 2 20 51 23 5 10 2 26 68 71 ]
[ 91 23 3 24 17 7 16 2 21 15 31 4 3 18 1 64 12 46 34 59 51 5 35 3 92 ]
[ 19 0 62 24 86 19 6 7 8 2 51 41 15 21 3 29 58 52 8 36 44 19 4 44 20 ]
[ 0 25 63 25 33 31 68 17 15 2 56 54 2 3 34 30 7 43 10 28 36 46 20 31 1 ]
[ 15 10 67 45 28 90 8 95 10 82 6 33 25 7 16 4 12 16 26 34 12 1 37 0 2 ]
[ 58 16 0 97 21 24 30 1 0 1 0 77 44 75 36 43 7 0 0 6 1 59 5 55 27 ]
[ 16 16 37 53 45 20 19 3 1 3 56 3 27 18 27 38 78 4 55 9 21 10 77 0 47 ]
[ 51 26 36 1 2 27 68 0 36 3 33 36 20 14 54 22 2 3 15 35 80 2 23 8 86 ]
[ 3 8 13 8 58 14 6 26 4 85 20 25 29 23 11 33 32 23 75 76 44 42 19 2 5 ]

Timer (generate): 192ms real	170ms user	20ms sys
[ 71 69 49 28 35 41 25 71 87 21 85 21 1 72 83 78 40 78 21 80 8 25 10 31 87 ]
[ 17 27 20 14 40 56 37 9 5 17 96 98 43 67 86 16 53 59 17 25 95 47 17 25 68 ]
[ 49 33 46 59 64 33 76 44 54 42 36 62 79 45 68 48 41 18 43 61 56 59 66 16 77 ]
[ 43 11 24 12 36 45 61 21 91 20 85 24 48 81 30 90 17 93 21 14 13 69 8 31 65 ]
[ 21 88 24 39 56 1 82 67 78 46 55 23 7 76 66 79 13 42 79 47 73 69 16 18 42 ]
[ 31 31 63 91 14 28 12 54 5 51 10 6 85 29 36 31 84 11 90 12 77 69 78 72 48 ]
[ 25 97 69 41 15 63 24 98 78 15 12 7 79 19 12 30 29 70 67 59 59 98 95 70 88 ]
[ 60 0 9 38 24 9 15 21 30 56 36 93 33 86 72 0 50 31 80 69 95 62 99 17 30 ]
[ 10 76 80 57 99 21 17 51 30 7 75 92 22 48 22 31 36 68 64 22 92 64 72 75 96 ]
[ 42 70 11 93 39 41 3 68 21 12 19 94 30 70 25 37 97 69 12 45 43 43 81 63 7 ]
[ 3 55 23 75 82 72 69 4 83 62 44 76 17 64 97 30 83 92 12 53 69 1 2 90 13 ]
[ 47 85 56 28 49 15 83 56 39 10 39 63 80 43 46 94 39 22 12 3 71 42 86 15 6 ]
[ 91 36 7 93 26 21 92 12 29 72 13 45 55 69 36 18 8 99 98 4 97 92 95 19 56 ]
[ 99 42 50 37 58 56 81 94 64 26 73 37 19 37 66 91 50 63 99 19 99 17 80 50 67 ]
[ 36 47 11 31 66 68 82 61 18 72 19 75 53 65 91 79 90 80 98 27 46 42 29 62 41 ]
[ 49 61 58 81 12 77 17 11 88 0 30 8 83 91 27 7 10 54 60 27 97 91 18 77 90 ]
[ 45 75 84 75 37 25 76 51 35 9 63 12 78 26 52 78 56 61 13 47 88 20 9 94 32 ]
[ 37 91 24 55 20 14 52 95 50 27 33 75 55 84 62 64 99 74 42 25 26 73 34 87 86 ]
[ 81 27 59 91 73 91 28 16 15 35 36 81 87 32 31 67 17 58 22 53 20 39 4 46 81 ]
[ 81 73 6 15 12 45 97 92 4 40 65 47 20 82 15 55 70 48 94 54 80 61 71 90 36 ]

Timer (sort): 121456ms real	121450ms user	0ms sys
The output is sorted!
[ 37 2 2 12 76 33 8 32 17 44 65 46 5 15 37 15 21 52 4 17 8 3 12 8 6 ]
[ 5 46 2 45 1 1 31 21 40 30 7 53 22 34 0 57 10 23 45 11 28 36 62 8 2 ]
[ 32 26 56 10 45 14 3 12 24 5 17 2 11 42 54 17 23 3 42 43 21 22 7 8 81 ]
[ 33 22 17 62 2 14 29 25 0 39 4 17 11 35 7 3 85 10 53 62 51 13 19 3 5 ]
[ 79 22 7 63 44 17 30 18 16 26 24 34 0 48 48 2 3 13 37 16 11 33 33 4 11 ]
[ 43 1 1 70 6 18 25 12 18 53 41 59 12 28 27 21 5 57 17 36 0 35 7 6 42 ]
[ 32 7 7 10 36 25 27 73 25 29 34 4 12 9 39 3 29 49 16 39 14 21 41 7 52 ]
[ 96 33 5 8 20 2 6 19 5 3 12 43 13 1 22 50 0 86 5 10 18 84 13 74 15 ]
[ 57 40 17 35 16 64 8 9 41 9 56 84 36 11 27 12 16 8 13 72 2 0 1 7 8 ]
[ 62 55 5 14 10 23 2 28 67 2 1 19 20 33 28 19 27 43 47 1 32 9 8 92 3 ]
[ 82 0 51 19 60 8 4 51 48 31 28 19 85 3 13 4 6 31 1 7 35 21 18 15 10 ]
[ 20 42 8 27 13 21 23 52 14 24 15 14 81 3 32 41 17 20 75 28 35 9 12 17 8 ]
[ 16 56 8 60 25 52 12 1 22 10 23 45 9 41 34 15 77 30 43 2 8 5 19 7 33 ]
[ 4 45 7 21 51 13 27 2 89 55 6 46 4 13 59 35 26 13 17 2 35 14 2 24 46 ]
[ 21 29 27 32 5 11 62 0 71 25 63 2 5 18 3 45 24 49 29 31 11 13 1 48 31 ]
[ 81 82 43 35 26 18 30 34 17 20 37 55 0 4 38 4 17 7 1 32 28 16 8 18 11 ]
[ 41 47 11 21 28 45 96 4 5 3 22 45 12 9 58 13 0 21 25 29 3 4 56 31 36 ]
[ 37 20 29 19 34 70 9 4 25 3 11 17 26 96 14 2 26 3 36 13 73 0 33 33 40 ]
[ 18 15 16 27 14 47 85 13 24 10 3 70 19 19 0 3 6 12 16 89 13 6 52 60 36 ]
[ 20 18 20 56 8 51 11 46 16 49 12 47 81 31 2 14 9 7 5 81 22 8 0 58 9 ]

Timer (generate): 228ms real	200ms user	10ms sys
[ 31 54 33 84 56 25 55 76 66 16 66 45 24 35 36 89 99 97 14 83 78 84 60 34 98 ]
[ 1 21 5 32 16 27 15 22 12 99 30 37 54 58 55 71 24 53 47 59 89 36 10 38 50 ]
[ 93 17 86 5 3 84 7 77 41 39 93 69 54 67 33 5 98 23 59 8 78 82 85 31 29 ]
[ 96 20 65 7 59 67 52 28 53 58 31 89 65 8 31 56 53 52 62 21 85 67 71 8 26 ]
[ 79 87 61 64 70 90 61 91 8 20 50 27 72 78 33 82 61 74 47 70 57 55 23 9 17 ]
[ 96 47 84 19 55 63 99 94 76 15 65 66 28 8 26 0 10 6 73 40 39 55 1 65 55 ]
[ 23 23 62 99 32 80 95 79 16 67 87 31 66 33 7 33 50 26 14 58 4 14 68 10 39 ]
[ 8 1 47 62 67 54 85 90 16 84 74 96 32 54 65 99 93 96 17 26 4 50 29 30 16 ]
[ 87 86 31 8 97 22 68 98 69 30 17 23 68 7 40 52 82 88 84 88 53 35 81 2 52 ]
[ 59 6 55 88 88 71 28 74 54 36 23 77 56 22 98 39 39 74 7 99 66 11 81 6 96 ]
[ 21 60 31 2 14 36 13 20 91 54 60 62 82 86 69 70 10 98 26 32 96 65 23 22 24 ]
[ 74 40 36 55 47 84 76 59 67 30 73 3 44 45 94 98 5 9 32 91 78 2 1 76 80 ]
[ 85 24 98 61 99 22 35 39 58 43 38 42 71 97 62 2 70 65 98 15 60 48 20 21 80 ]
[ 64 99 34 17 27 14 3 3 64 16 54 87 51 94 97 46 32 92 18 82 54 20 52 19 70 ]
[ 20 31 18 92 52 50 56 3 84 26 82 50 81 38 67 97 92 54 0 38 3 47 23 95 17 ]
[ 5 1 37 9 73 59 29 56 77 74 61 79 82 64 15 8 99 17 89 37 84 86 81 90 39 ]
[ 72 94 38 95 41 55 52 43 92 61 68 3 43 24 32 17 85 11 99 2 26 8 53 95 49 ]
[ 42 80 36 23 70 27 95 64 65 42 58 20 94 53 64 8 21 67 51 97 99 20 83 62 71 ]
[ 37 40 31 42 35 81 84 15 69 7 38 48 55 2 13 97 12 85 44 65 49 52 86 68 55 ]
[ 84 67 27 19 81 98 8 21 82 50 56 15 34 24 36 93 62 84 0 16 97 98 29 82 42 ]

Timer (sort): 109762ms real	109760ms user	0ms sys
The output is sorted!
[ 14 8 34 2 20 18 16 41 29 4 14 9 12 20 29 48 74 16 32 60 37 25 0 5 44 ]
[ 17 30 36 37 18 39 28 5 19 33 65 70 16 28 18 23 4 3 10 18 13 60 18 35 7 ]
[ 63 2 30 12 64 9 4 3 11 33 11 13 49 68 43 26 64 12 36 32 16 20 17 2 12 ]
[ 9 75 0 16 53 0 14 16 52 0 3 2 64 69 59 16 1 55 7 4 19 15 17 17 76 ]
[ 51 28 33 13 5 10 80 29 12 2 38 18 25 4 33 34 56 7 6 74 25 22 0 33 22 ]
[ 74 51 34 24 52 33 30 6 7 28 11 3 11 3 3 99 21 54 12 30 31 18 3 3 24 ]
[ 12 9 40 1 59 19 72 20 13 86 12 16 5 9 4 32 7 51 17 65 96 6 3 9 4 ]
[ 22 48 12 41 58 45 16 12 26 14 16 7 61 15 4 37 5 62 58 5 4 28 12 54 6 ]
[ 4 49 12 29 0 47 5 55 9 41 27 13 9 53 34 22 23 27 5 3 70 95 16 10 10 ]
[ 33 6 27 68 29 24 14 10 47 12 55 1 22 11 82 20 15 42 6 21 46 13 35 28 3 ]
[ 33 17 77 5 56 56 71 1 45 7 44 21 19 7 32 4 23 19 37 30 13 31 7 14 2 ]
[ 72 36 9 66 9 47 1 0 19 11 66 5 25 0 30 62 3 21 19 40 26 16 51 25 16 ]
[ 14 44 39 1 4 1 2 52 7 93 39 21 21 13 52 0 24 62 32 10 5 17 52 58 12 ]
[ 21 0 53 53 6 8 7 31 8 11 57 3 38 3 50 12 37 11 27 84 74 15 9 24 35 ]
[ 8 43 91 22 1 9 4 38 9 22 5 20 40 43 40 13 52 6 6 2 6 18 31 51 98 ]
[ 30 22 13 63 36 15 31 7 75 2 69 79 18 20 16 10 9 27 15 8 36 50 0 14 15 ]
[ 33 77 8 54 7 6 37 25 2 2 18 70 84 15 1 56 26 27 11 63 22 23 2 6 10 ]
[ 61 0 14 52 4 26 2 55 15 23 46 31 23 11 31 1 29 25 48 25 31 3 60 13 58 ]
[ 16 20 24 13 41 91 2 9 25 5 61 9 14 30 83 3 49 2 8 25 12 60 0 42 44 ]
[ 24 12 1 44 25 19 2 7 39 60 0 76 48 38 22 33 50 47 0 0 77 6 21 8 30 ]

Timer (generate): 201ms real	190ms user	10ms sys
[ 91 53 97 32 84 73 31 17 98 9 90 39 7 48 7 42 79 71 72 62 62 1 93 65 98 ]
[ 2 7 32 44 40 22 35 46 72 68 30 97 99 48 47 60 90 87 19 90 94 61 21 18 86 ]
[ 35 80 87 80 46 85 83 5 69 27 97 92 62 43 16 30 26 13 81 26 12 41 16 51 13 ]
[ 58 98 74 79 16 60 14 96 99 94 94 37 77 51 6 56 49 50 19 92 66 1 18 31 83 ]
[ 96 96 76 12 47 89 22 45 16 53 61 76 67 10 28 14 4 65 43 8 23 0 57 74 71 ]
[ 1 92 72 72 76 7 68 72 84 33 19 25 55 65 41 9 26 70 28 88 98 42 45 15 38 ]
[ 53 38 38 10 12 9 11 57 33 83 33 41 4 5 77 37 24 2 92 41 44 1 68 14 82 ]
[ 8 64 24 53 79 14 6 69 52 68 34 13 32 91 47 67 24 40 71 81 17 8 5 19 1 ]
[ 47 15 54 67 81 36 75 45 13 81 76 27 87 46 32 8 80 45 40 23 44 7 47 36 79 ]
[ 28 53 87 85 25 40 84 40 95 3 22 83 31 19 48 12 48 76 51 94 60 59 26 57 99 ]
[ 1 2 7 48 90 38 28 44 25 65 69 18 2 61 13 5 35 48 36 7 97 0 55 25 52 ]
[ 1 85 11 79 94 63 80 48 22 80 39 60 8 83 37 25 4 55 27 65 20 33 53 69 21 ]
[ 60 18 22 15 43 26 68 80 37 47 74 0 27 23 22 7 62 34 67 97 72 92 1 27 72 ]
[ 18 0 57 23 69 30 83 87 52 50 82 30 18 14 68 17 88 20 96 63 95 3 25 29 22 ]
[ 74 53 67 27 33 39 98 33 48 21 2 78 57 41 83 7 75 13 78 89 33 47 29 54 44 ]
[ 93 1 99 70 82 22 45 36 41 72 69 80 70 2 80 44 56 58 1 49 93 60 76 7 38 ]
[ 65 40 38 46 46 82 39 99 81 62 82 55 7 70 96 31 39 28 54 93 8 98 1 19 51 ]
[ 2 12 11 78 19 50 95 12 40 41 10 22 33 10 3 95 44 59 2 14 7 85 53 36 91 ]
[ 98 44 89 51 15 40 53 28 4 83 99 6 78 63 46 19 74 68 4 36 23 99 80 34 53 ]
[ 46 42 39 51 78 82 49 74 72 0 90 64 5 18 68 88 69 74 66 33 20 37 59 40 42 ]

Timer (sort): 115823ms real	115820ms user	0ms sys
The output is sorted!
[ 15 3 15 10 46 25 2 0 11 23 15 2 35 17 19 31 10 58 74 21 4 2 30 60 14 ]
[ 19 11 26 5 13 32 10 35 26 58 12 26 74 38 27 14 11 9 1 26 22 28 6 31 32 ]
[ 41 24 30 10 3 44 38 25 10 44 5 64 10 22 16 64 12 19 28 21 11 40 18 2 7 ]
[ 56 1 7 10 7 22 12 2 22 0 9 13 96 33 3 13 6 40 17 97 1 8 72 62 9 ]
[ 5 22 1 42 19 14 27 6 25 27 12 3 5 35 96 51 2 50 74 54 5 8 0 31 12 ]
[ 2 15 9 29 22 16 26 84 31 1 1 48 41 7 76 17 34 41 14 31 4 48 4 9 17 ]
[ 11 18 15 59 12 17 43 96 17 18 23 7 16 8 43 17 36 9 0 59 17 24 37 16 11 ]
[ 46 2 4 62 15 41 23 5 47 45 68 2 8 12 5 57 13 26 6 17 0 30 70 0 26 ]
[ 16 36 18 62 46 51 30 4 1 71 4 10 15 18 18 28 48 11 13 11 19 12 13 16 60 ]
[ 29 3 20 15 16 8 56 7 8 44 38 35 2 21 7 23 62 44 39 4 0 24 8 60 68 ]
[ 30 27 10 0 7 50 2 40 0 7 6 11 25 12 53 85 23 26 78 53 38 13 21 26 1 ]
[ 16 28 40 8 16 15 7 2 66 40 4 28 23 8 39 7 97 3 78 5 78 3 8 24 1 ]
[ 4 99 6 29 1 16 20 26 15 19 36 60 20 8 8 12 35 78 16 70 0 19 21 23 5 ]
[ 78 0 60 8 25 12 19 2 0 3 0 28 57 78 73 0 4 73 36 38 1 24 13 15 4 ]
[ 3 49 26 52 45 3 14 29 81 47 2 3 24 47 24 9 29 2 15 37 11 27 24 15 34 ]
[ 21 17 42 0 35 46 9 35 7 4 38 38 26 3 0 27 76 19 13 5 34 57 54 31 21 ]
[ 20 39 48 46 8 0 16 4 3 27 32 69 45 36 19 16 30 46 33 21 7 38 2 33 25 ]
[ 4 19 6 5 25 9 21 28 27 41 79 0 52 5 25 7 53 6 60 88 4 28 61 17 4 ]
[ 12 17 43 4 15 18 1 52 62 30 0 28 22 82 27 22 13 42 42 15 46 25 28 4 27 ]
[ 4 32 13 49 93 14 23 23 4 7 14 34 15 4 14 1 38 7 3 35 17 78 33 36 88 ]

Timer (generate): 222ms real	210ms user	0ms sys
[ 80 23 16 10 50 39 48 32 87 35 75 87 36 9 55 32 66 55 51 5 82 18 28 91 59 ]
[ 46 98 50 45 39 53 25 15 69 88 65 9 88 98 48 23 25 35 11 34 42 95 0 98 46 ]
[ 58 32 16 38 23 75 84 73 78 81 13 31 59 28 52 99 45 13 87 43 62 62 68 49 73 ]
[ 3 92 68 55 42 14 13 74 31 4 49 58 88 23 36 22 88 19 81 16 72 80 61 37 67 ]
[ 57 99 81 25 1 54 80 45 74 88 39 40 53 65 23 57 14 34 46 37 70 20 77 42 1 ]
[ 93 66 81 7 3 0 16 55 33 41 56 39 74 53 13 62 92 5 15 57 29 73 71 63 71 ]
[ 61 85 91 38 27 44 84 93 77 43 49 29 59 4 62 0 12 1 26 65 14 88 57 19 56 ]
[ 14 0 29 85 15 52 98 1 95 89 80 39 73 74 16 16 23 45 75 79 7 27 91 8 54 ]
[ 56 74 94 13 45 50 27 46 31 64 61 83 15 14 78 4 95 17 77 21 85 45 96 30 72 ]
[ 75 37 99 66 97 5 22 23 52 87 69 2 14 67 34 30 80 69 45 95 0 1 90 69 30 ]
[ 63 55 75 59 85 47 34 75 99 52 24 56 26 48 8 13 17 63 79 36 97 9 16 18 7 ]
[ 11 18 8 53 88 91 68 95 66 27 32 66 13 7 17 65 32 73 91 32 82 4 49 45 83 ]
[ 85 94 45 53 64 4 65 35 64 70 75 55 39 70 74 18 2 40 32 62 57 97 46 82 89 ]
[ 78 16 45 79 13 29 64 7 26 17 24 82 34 59 46 57 34 2 48 4 28 66 58 68 98 ]
[ 20 77 48 66 59 89 96 76 34 75 41 15 91 1 41 61 25 23 95 84 22 4 70 76 4 ]
[ 26 4 71 84 24 21 57 1 21 23 12 10 20 40 45 47 82 12 39 83 54 0 8 29 47 ]
[ 44 3 52 14 79 8 40 35 79 76 59 53 33 60 74 57 25 37 29 65 82 76 47 94 15 ]
[ 82 0 67 42 82 15 86 37 67 52 17 75 44 4 7 21 64 12 54 76 38 63 1 75 44 ]
[ 67 9 21 66 56 88 1 8 56 43 42 23 82 80 42 34 49 69 79 53 76 52 69 40 6 ]
[ 46 79 22 47 6 66 66 68 39 85 76 80 86 84 36 29 79 59 11 11 53 98 60 22 29 ]

Timer (sort): 111361ms real	111360ms user	0ms sys
The output is sorted!
[ 24 16 75 6 7 21 1 7 29 77 33 78 38 12 36 31 24 1 3 16 5 1 25 36 2 ]
[ 14 4 45 51 32 19 26 13 30 26 51 17 17 6 4 0 16 31 2 2 73 11 20 30 75 ]
[ 62 19 71 9 7 5 34 12 16 8 11 6 57 20 11 26 4 75 6 69 1 20 21 33 28 ]
[ 9 56 5 0 36 27 42 17 45 17 9 24 17 7 52 9 10 6 27 40 9 33 22 89 28 ]
[ 12 17 16 10 34 8 23 24 29 31 2 26 23 32 1 40 1 1 27 66 15 61 59 5 73 ]
[ 10 27 16 23 21 8 33 1 22 16 12 19 11 22 25 74 11 40 65 53 57 44 3 16 10 ]
[ 36 42 7 10 22 1 52 13 56 55 45 31 2 40 35 9 16 20 14 25 27 1 65 13 10 ]
[ 72 2 14 1 16 21 29 61 34 55 1 32 45 5 2 39 15 31 3 25 13 15 49 41 26 ]
[ 26 38 85 19 7 5 20 1 8 1 7 3 4 56 32 90 20 1 20 9 40 26 90 34 10 ]
[ 10 1 29 4 30 62 13 17 22 41 12 70 83 20 4 2 9 35 24 10 4 68 6 2 76 ]
[ 51 15 5 21 5 14 27 45 86 39 22 6 7 55 23 12 11 4 24 12 48 14 72 2 35 ]
[ 22 23 2 1 10 11 35 0 72 13 51 68 5 62 47 26 54 36 33 16 34 12 8 22 0 ]
[ 25 52 68 69 2 8 16 31 34 21 31 16 10 5 6 84 20 1 31 32 10 58 4 9 25 ]
[ 7 37 45 17 13 15 83 29 15 5 46 8 31 58 79 3 23 1 1 85 6 10 20 23 9 ]
[ 24 10 56 6 25 29 23 9 31 84 10 14 14 64 4 50 11 35 0 57 38 21 16 32 6 ]
[ 60 65 27 3 16 94 22 2 94 0 50 6 7 22 22 15 1 0 14 23 52 5 5 2 62 ]
[ 51 33 36 23 4 37 49 8 8 87 7 1 1 56 60 32 5 20 26 36 5 38 20 9 18 ]
[ 60 6 43 93 8 0 4 48 54 22 0 53 28 48 25 18 7 51 12 11 34 0 2 20 24 ]
[ 12 14 4 4 53 18 7 14 22 21 79 86 0 24 35 10 84 29 14 20 13 3 8 4 95 ]
[ 2 56 1 40 2 7 20 16 0 2 12 26 2 38 22 1 87 61 6 89 29 17 73 57 8 ]

Timer (generate): 197ms real	170ms user	10ms sys
[ 37 99 66 79 3 52 99 79 50 41 54 59 25 89 97 31 22 64 63 19 17 78 59 6 91 ]
[ 46 17 68 58 62 60 96 61 78 27 17 30 27 96 81 20 50 40 97 39 89 28 14 5 43 ]
[ 85 23 22 97 81 65 95 50 85 54 12 45 2 26 76 29 43 6 56 39 87 28 41 79 25 ]
[ 33 20 6 47 26 49 84 1 23 81 34 88 77 85 73 83 97 71 85 23 99 14 18 5 23 ]
[ 57 45 51 99 76 29 84 97 87 31 75 88 67 28 64 1 62 52 30 47 78 13 97 1 98 ]
[ 72 0 64 91 57 87 0 2 91 51 31 72 35 28 11 18 55 99 86 35 63 39 49 68 69 ]
[ 97 98 82 46 51 32 18 51 48 61 60 36 62 63 79 13 94 3 49 74 14 19 81 65 57 ]
[ 68 29 96 17 49 65 66 47 99 12 50 83 83 53 32 44 13 20 6 76 99 72 22 2 73 ]
[ 48 16 92 81 81 50 49 62 46 67 63 64 33 10 63 98 12 99 81 65 31 77 79 51 36 ]
[ 7 50 8 82 4 81 82 72 25 64 5 75 65 68 74 84 31 38 18 94 53 68 6 52 49 ]
[ 24 35 26 3 86 62 10 88 22 92 92 55 75 16 81 91 22 8 56 42 34 41 25 24 11 ]
[ 19 30 79 78 82 80 54 70 58 57 56 73 67 97 95 12 41 3 39 58 36 30 80 96 38 ]
[ 22 31 31 47 55 42 19 85 73 49 20 5 3 42 64 12 98 89 31 95 84 43 37 39 34 ]
[ 47 75 64 27 72 55 1 55 86 0 10 81 71 48 6 72 20 12 75 62 28 87 12 17 19 ]
[ 60 53 14 49 93 49 96 20 65 23 92 72 76 99 11 76 10 92 0 10 50 72 82 62 48 ]
[ 44 90 87 8 59 58 68 13 25 17 6 74 13 78 91 88 23 64 64 22 75 93 84 19 93 ]
[ 46 69 65 28 84 65 24 26 5 33 86 15 1 51 40 19 9 66 84 87 10 25 10 74 41 ]
[ 33 1 34 69 72 79 16 41 97 44 77 62 69 56 19 2 42 35 55 93 27 26 2 94 11 ]
[ 41 4 88 52 30 29 37 31 64 6 55 95 22 96 92 19 26 7 88 82 26 42 76 13 97 ]
[ 69 41 24 23 35 87 64 91 75 68 21 4 5 4 20 64 59 68 86 7 60 5 85 19 45 ]

Timer (sort): 115056ms real	115060ms user	0ms sys
The output is sorted!
[ 26 3 44 6 48 46 9 42 27 33 17 1 63 39 21 30 0 0 5 2 7 17 70 5 12 ]
[ 43 1 49 36 41 10 3 0 15 0 2 14 43 25 17 55 12 44 21 0 8 24 34 57 46 ]
[ 11 14 35 5 55 10 13 4 72 46 66 29 32 24 16 27 1 20 40 32 11 2 36 20 2 ]
[ 66 23 25 1 32 17 6 40 16 18 87 1 5 44 19 9 6 39 25 25 26 44 35 3 26 ]
[ 16 3 19 15 5 0 31 72 22 7 69 21 12 35 51 39 41 35 11 27 5 12 23 61 14 ]
[ 3 2 20 30 3 7 56 18 44 54 14 38 85 0 14 69 20 83 9 4 2 8 27 18 21 ]
[ 15 9 11 34 5 55 78 25 12 63 0 23 6 19 14 24 61 16 12 26 31 54 9 1 55 ]
[ 16 23 32 24 2 67 10 70 33 26 20 9 0 45 14 7 66 7 72 29 25 5 17 22 18 ]
[ 12 14 1 27 8 47 26 72 2 12 28 38 59 17 25 22 40 37 12 49 12 17 57 9 18 ]
[ 22 0 72 17 12 37 35 0 44 49 31 51 41 9 53 1 6 22 32 23 49 30 2 19 4 ]
[ 21 2 28 53 5 6 11 13 30 55 41 56 46 47 19 3 88 27 19 4 32 34 9 4 9 ]
[ 4 5 9 22 0 9 77 41 1 24 29 17 59 48 11 20 36 27 0 11 90 37 19 38 28 ]
[ 2 59 36 20 52 36 22 33 25 16 49 6 47 69 30 10 0 5 6 5 11 13 55 23 34 ]
[ 40 48 2 17 17 50 1 43 5 29 78 20 12 9 86 8 19 29 10 22 9 80 13 12 7 ]
[ 16 9 40 4 29 39 84 53 23 31 2 3 4 26 1 18 34 36 53 79 2 18 14 27 22 ]
[ 27 12 8 38 1 3 8 38 8 2 29 33 3 21 50 39 1 34 9 71 87 32 28 5 82 ]
[ 32 57 15 38 4 30 13 45 19 32 9 1 14 28 14 97 25 8 5 63 43 19 18 12 28 ]
[ 20 95 14 14 29 11 64 6 42 53 94 15 22 0 11 6 2 5 24 9 1 11 32 37 53 ]
[ 16 6 3 36 15 20 14 14 4 2 32 68 42 80 24 15 23 63 5 42 19 81 16 13 18 ]
[ 60 26 19 3 22 15 64 29 7 0 33 76 28 45 19 19 55 6 6 0 71 25 1 28 19 ]

Timer (generate): 213ms real	210ms user	0ms sys
[ 76 53 28 22 23 91 75 41 61 3 38 82 76 46 14 47 93 38 43 45 50 61 12 72 76 ]
[ 96 36 45 79 44 25 7 97 53 29 72 96 4 13 57 59 3 40 35 1 6 35 94 44 78 ]
[ 91 46 92 4 70 20 0 58 66 80 2 43 87 51 49 69 23 45 25 88 3 85 43 43 20 ]
[ 44 49 55 39 45 34 82 43 78 86 65 98 87 23 16 19 77 60 58 28 9 27 3 6 53 ]
[ 91 9 90 86 4 10 30 5 18 21 50 4 4 45 82 90 10 80 29 33 49 48 62 9 59 ]
[ 90 70 86 93 76 91 36 38 81 22 42 44 5 48 62 78 98 66 34 96 0 77 6 80 6 ]
[ 92 81 7 54 42 66 97 12 4 90 41 48 79 79 81 53 21 25 58 21 39 89 72 5 23 ]
[ 68 5 0 74 38 59 66 19 66 73 14 84 70 78 40 12 19 88 91 50 22 97 24 47 7 ]
[ 45 87 96 17 44 72 85 2 72 12 40 31 30 11 49 3 77 85 73 56 78 38 75 66 81 ]
[ 78 88 78 2 88 86 99 27 34 17 71 6 54 73 79 66 65 62 49 29 64 52 6 1 78 ]
[ 62 79 16 90 98 97 68 38 28 22 78 14 21 5 0 90 29 7 97 54 38 63 72 52 64 ]
[ 1 68 17 59 70 47 74 1 63 64 51 12 84 42 40 58 20 6 31 26 7 22 7 66 19 ]
[ 61 4 34 33 56 99 86 25 68 46 47 15 20 0 30 36 52 42 72 94 35 30 14 93 61 ]
[ 92 0 35 51 18 54 13 22 41 98 31 92 85 8 60 83 7 27 55 7 57 91 11 99 15 ]
[ 5 86 97 72 80 58 16 32 46 20 51 0 33 25 93 83 56 85 20 16 97 3 23 24 58 ]
[ 83 81 1 94 33 68 52 19 65 76 99 24 44 32 70 64 35 22 49 60 68 33 69 5 53 ]
[ 37 55 9 13 79 67 96 13 21 42 46 89 46 17 55 22 69 31 67 53 53 31 88 27 81 ]
[ 0 47 66 69 53 71 59 8 80 72 39 48 20 52 21 62 50 10 9 68 17 83 37 0 50 ]
[ 90 53 34 30 33 67 30 80 85 52 85 56 11 93 37 35 33 37 55 37 58 17 40 20 78 ]
[ 8 38 62 97 90 64 39 96 98 21 29 17 51 61 2 55 47 59 18 92 96 53 77 33 8 ]

Timer (sort): 119467ms real	119470ms user	0ms sys
The output is sorted!
[ 10 8 38 32 1 68 42 48 32 3 86 1 32 26 18 0 36 9 5 3 48 45 19 1 2 ]
[ 5 34 39 37 11 23 0 33 34 35 49 16 57 9 27 26 9 11 13 36 36 29 19 4 25 ]
[ 17 52 7 1 25 46 25 18 9 2 66 48 52 41 49 9 5 3 10 10 52 13 26 11 24 ]
[ 28 3 9 56 23 23 12 20 8 1 28 25 29 59 20 0 95 21 14 23 3 75 23 2 22 ]
[ 28 12 24 7 49 5 55 29 55 56 1 12 71 10 7 15 4 48 32 17 8 31 25 22 11 ]
[ 3 96 30 16 2 13 25 81 64 17 33 1 14 0 14 11 27 0 17 57 2 87 0 6 22 ]
[ 43 22 1 64 11 77 10 36 13 26 47 13 1 18 72 13 11 47 29 5 4 28 0 32 28 ]
[ 4 1 88 27 1 36 23 20 8 23 20 3 55 0 9 54 75 50 16 37 36 15 1 15 37 ]
[ 4 56 30 73 2 7 39 2 20 14 19 80 46 69 3 5 3 14 16 3 4 24 75 37 15 ]
[ 46 57 4 4 29 31 4 11 39 20 1 48 53 33 1 35 2 26 2 92 28 1 56 22 19 ]
[ 1 15 14 94 29 6 94 14 26 18 42 35 26 28 15 15 98 12 33 3 3 25 5 16 0 ]
[ 50 18 64 5 79 2 65 47 34 8 1 5 11 18 3 0 28 21 68 18 25 0 54 30 15 ]
[ 25 33 56 1 25 12 14 58 10 39 11 11 1 58 6 24 96 20 23 24 46 6 0 5 69 ]
[ 3 8 41 38 26 23 7 6 27 40 78 18 49 25 19 76 14 64 18 0 16 3 9 25 40 ]
[ 8 22 2 3 10 10 1 29 25 3 67 31 25 9 77 53 72 35 17 8 5 75 31 25 30 ]
[ 24 16 8 14 14 35 14 18 24 85 38 1 6 28 28 6 5 54 74 20 5 65 26 56 12 ]
[ 2 47 11 3 28 32 7 6 5 21 97 55 36 64 12 42 4 1 24 29 18 28 39 33 35 ]
[ 89 84 16 33 6 3 25 15 3 41 38 15 1 11 3 89 40 22 15 2 24 49 19 0 36 ]
[ 17 9 18 25 64 9 24 50 14 61 44 89 11 57 32 43 11 0 46 31 3 2 18 0 4 ]
[ 1 15 8 9 96 15 44 8 27 57 45 43 1 28 24 20 24 52 18 4 69 2 22 50 1 ]

Timer (generate): 204ms real	190ms user	10ms sys
[ 40 95 64 20 20 89 27 80 19 48 1 90 12 75 85 37 56 73 32 5 33 39 17 93 43 ]
[ 76 26 87 84 97 44 24 92 9 44 64 50 23 96 70 23 98 12 36 25 50 73 81 23 57 ]
[ 86 9 48 56 2 43 32 80 83 16 77 27 92 21 36 36 38 39 11 34 61 35 32 73 23 ]
[ 57 23 48 38 99 6 77 8 6 33 62 2 17 42 85 33 72 12 25 93 1 13 31 40 24 ]
[ 66 1 11 50 26 34 8 2 83 98 1 41 27 9 99 12 23 1 29 65 86 14 37 51 91 ]
[ 83 52 4 66 44 81 32 45 44 35 23 79 43 25 14 41 26 55 69 87 6 33 10 8 63 ]
[ 28 46 77 17 97 69 0 1 25 67 45 58 51 42 3 86 18 34 81 43 48 75 70 55 96 ]
[ 57 61 29 20 21 92 48 68 22 65 17 91 18 19 68 37 16 79 88 11 82 27 29 68 8 ]
[ 72 16 83 94 23 79 4 36 9 24 58 53 24 78 75 41 95 66 59 66 87 96 83 66 37 ]
[ 46 0 64 27 68 24 99 36 8 46 59 39 2 95 48 26 53 2 2 83 29 43 79 48 55 ]
[ 45 35 51 80 53 88 78 53 4 5 21 29 57 57 89 3 68 28 5 63 29 83 69 83 37 ]
[ 52 12 32 83 60 87 29 95 39 61 48 79 40 53 36 45 26 65 54 83 54 57 3 34 14 ]
[ 19 63 49 40 46 86 92 11 19 28 71 6 9 19 97 70 19 29 10 73 65 8 99 82 62 ]
[ 35 88 72 90 22 38 9 38 88 49 36 26 94 47 97 22 19 4 31 90 53 53 9 34 64 ]
[ 34 51 24 86 33 38 73 21 62 63 96 1 73 34 41 74 70 67 68 18 65 42 89 21 25 ]
[ 79 26 79 40 61 43 75 12 19 13 98 9 86 19 72 1 67 73 26 1 14 1 24 81 21 ]
[ 94 98 64 83 19 89 14 98 68 6 59 63 33 23 34 46 21 44 84 93 68 86 60 41 12 ]
[ 14 7 65 90 40 87 84 39 3 19 10 44 85 8 65 91 19 80 77 43 15 23 64 11 60 ]
[ 9 79 46 22 72 10 88 79 76 78 19 63 14 58 18 33 21 62 70 29 27 13 49 8 90 ]
[ 92 75 66 8 38 26 70 69 24 92 41 34 80 20 10 10 91 25 24 2 43 9 23 6 79 ]

Timer (sort): 131102ms real	131100ms user	0ms sys
The output is sorted!
[ 4 26 8 43 19 31 35 17 10 67 17 1 2 12 93 16 28 11 9 46 6 87 1 6 15 ]
[ 65 0 8 2 4 2 82 1 9 14 24 17 75 9 7 23 58 6 58 20 11 34 17 29 39 ]
[ 4 22 15 57 1 0 78 2 11 25 15 35 23 28 17 86 12 22 0 10 4 5 19 56 84 ]
[ 15 32 57 51 4 11 24 6 82 40 0 6 19 39 64 34 6 3 42 10 15 32 5 4 32 ]
[ 30 29 2 43 10 40 1 55 18 39 3 2 51 63 25 0 57 1 3 30 10 75 36 2 12 ]
[ 56 13 1 62 14 34 3 8 89 13 9 85 28 15 2 4 35 26 32 5 2 31 42 2 28 ]
[ 23 16 74 35 4 33 4 11 93 49 13 43 9 20 20 29 9 5 36 18 78 5 4 9 3 ]
[ 5 8 12 14 8 27 18 88 7 57 46 38 21 17 30 9 39 71 23 50 25 0 1 15 15 ]
[ 67 1 41 34 11 1 95 38 38 11 2 25 19 30 99 1 1 9 13 16 4 11 13 52 13 ]
[ 37 1 15 0 33 3 65 28 7 1 9 49 15 0 37 31 15 5 13 2 13 60 50 74 87 ]
[ 6 4 24 13 77 81 2 33 55 2 17 21 6 28 58 0 64 7 0 48 15 42 22 26 1 ]
[ 17 13 77 19 16 30 7 54 23 28 2 46 23 24 28 4 4 11 18 2 5 16 45 59 82 ]
[ 0 8 86 80 41 9 83 2 6 23 15 34 18 5 14 22 41 19 19 9 39 1 33 31 15 ]
[ 46 74 10 8 14 31 9 16 10 5 24 34 19 51 31 75 82 0 9 1 41 0 41 11 13 ]
[ 0 6 89 7 17 36 22 8 19 33 12 47 20 65 17 25 30 39 11 42 6 22 53 13 21 ]
[ 3 49 12 3 14 26 51 0 38 46 33 75 10 23 8 4 5 33 31 3 6 77 4 15 93 ]
[ 13 6 67 31 51 36 21 6 19 25 57 10 21 43 2 16 66 73 6 12 20 36 1 3 23 ]
[ 4 0 14 2 44 45 9 58 13 37 28 36 38 7 13 13 39 31 7 13 49 9 21 39 95 ]
[ 12 17 29 7 45 11 21 39 4 16 47 24 29 59 5 58 30 10 27 23 3 38 50 56 6 ]
[ 85 27 18 5 10 5 39 31 4 23 21 25 53 0 0 15 67 9 20 60 32 61 36 17 4 ]

Timer (generate): 213ms real	190ms user	20ms sys
[ 11 81 54 52 63 17 51 69 16 38 12 20 3 18 0 90 41 34 0 54 95 17 46 32 54 ]
[ 16 71 22 26 61 2 89 94 8 41 57 77 45 26 94 83 90 66 86 8 66 28 49 0 81 ]
[ 56 96 98 2 80 52 71 51 27 97 64 29 38 58 89 31 15 67 76 41 61 12 31 27 50 ]
[ 91 45 31 93 46 12 49 94 10 3 26 15 74 78 42 23 94 23 13 53 12 97 20 79 73 ]
[ 62 92 37 45 19 88 89 65 19 82 63 31 83 9 93 38 35 8 65 65 50 40 60 25 54 ]
[ 65 38 51 85 17 76 99 10 14 97 81 2 86 98 73 20 13 4 55 22 49 93 10 58 58 ]
[ 27 60 99 39 86 5 4 24 56 90 93 84 89 55 98 86 37 52 24 35 25 44 1 81 99 ]
[ 23 31 45 85 41 3 13 1 2 52 39 59 57 15 15 99 9 0 40 64 50 27 53 3 3 ]
[ 41 80 0 42 14 51 65 97 96 51 38 0 64 91 54 68 31 14 25 46 81 24 7 33 65 ]
[ 72 84 44 77 39 99 18 71 99 60 85 51 26 82 47 29 20 99 45 12 54 13 95 20 91 ]
[ 93 1 67 1 87 84 25 71 80 2 62 80 21 33 79 81 71 30 59 53 30 40 26 29 85 ]
[ 90 83 51 85 55 42 30 57 61 31 44 46 8 67 78 11 81 58 84 14 38 17 85 20 29 ]
[ 91 50 69 17 80 55 7 15 58 44 71 0 74 80 13 58 76 59 66 95 38 29 76 48 65 ]
[ 42 86 83 80 59 12 71 61 81 40 41 88 99 9 46 43 32 98 69 12 12 27 40 23 46 ]
[ 35 13 27 63 62 93 57 0 76 37 59 40 60 21 73 52 14 14 51 23 60 46 7 11 16 ]
[ 19 23 95 11 98 93 46 12 21 61 74 14 19 74 42 8 86 34 21 59 7 73 25 73 77 ]
[ 1 86 23 8 97 91 28 72 39 39 70 32 38 82 53 51 8 19 22 83 13 31 21 47 4 ]
[ 32 7 77 57 80 6 58 66 30 67 15 73 47 87 12 38 58 97 28 40 2 80 49 22 54 ]
[ 84 35 37 57 35 41 89 42 71 98 74 77 57 93 59 76 8 33 23 96 45 13 54 94 42 ]
[ 46 97 74 47 19 28 83 6 66 92 41 7 33 35 78 32 10 8 89 55 67 65 63 0 40 ]

Timer (sort): 117257ms real	117260ms user	0ms sys
The output is sorted!
[ 8 28 47 16 11 1 2 27 30 72 15 19 5 30 0 2 13 26 1 5 30 42 9 67 22 ]
[ 32 9 6 49 3 23 56 68 5 9 4 40 38 30 6 6 22 18 42 38 3 5 11 63 23 ]
[ 1 38 6 30 12 7 35 13 7 13 36 13 46 4 11 40 9 0 58 17 96 20 66 32 5 ]
[ 11 2 13 45 36 14 45 5 13 42 9 97 9 7 70 2 2 4 49 26 68 4 17 5 39 ]
[ 41 24 25 19 13 0 4 51 32 15 10 23 23 34 54 23 15 32 88 14 16 2 43 7 33 ]
[ 69 32 9 28 13 36 13 34 9 8 34 80 3 11 12 98 14 12 3 26 32 13 14 42 1 ]
[ 0 4 1 48 22 17 80 6 35 71 14 18 52 71 10 26 27 31 1 23 23 22 0 19 27 ]
[ 20 79 43 31 9 1 19 44 64 18 37 21 18 7 2 12 16 11 32 70 3 3 4 3 99 ]
[ 44 28 21 59 55 5 13 25 39 44 12 23 4 58 22 8 1 11 53 7 49 34 12 14 26 ]
[ 5 0 6 21 27 25 2 25 41 12 8 23 16 62 88 3 51 31 5 29 29 72 38 6 42 ]
[ 51 45 4 53 65 16 24 42 9 9 1 39 5 42 2 13 66 21 16 10 27 19 15 8 65 ]
[ 0 34 20 11 6 33 34 75 27 0 24 5 8 23 52 26 15 56 19 30 12 5 19 43 91 ]
[ 89 23 15 55 38 12 30 46 38 40 2 8 39 42 19 10 4 14 7 29 22 4 36 44 2 ]
[ 19 1 46 3 45 22 7 56 57 7 63 55 10 26 31 11 54 7 2 33 0 12 32 4 67 ]
[ 14 10 51 10 11 2 0 49 98 44 45 61 22 19 27 15 10 9 58 5 2 28 7 1 72 ]
[ 48 1 1 38 27 15 76 94 11 44 0 6 30 3 3 2 38 8 62 49 16 23 29 1 46 ]
[ 30 22 19 19 18 40 99 13 10 26 29 11 58 3 45 0 1 57 10 4 58 3 5 71 20 ]
[ 78 14 24 17 6 8 13 1 32 29 26 15 53 9 9 39 84 25 38 18 0 19 36 15 66 ]
[ 14 11 5 15 61 23 7 66 36 43 6 74 16 33 26 31 22 8 1 26 12 22 6 17 94 ]
[ 52 9 23 22 25 5 84 0 11 33 31 72 24 0 84 16 47 5 4 8 14 53 7 0 52 ]

Timer (generate): 202ms real	180ms user	10ms sys
[ 13 48 28 66 55 50 81 82 50 14 84 41 3 17 3 1 69 7 9 32 93 18 46 48 45 ]
[ 33 63 90 79 46 95 44 46 23 11 1 25 92 36 75 58 20 69 61 89 72 14 10 79 24 ]
[ 43 24 42 89 25 40 74 88 82 6 86 77 50 84 0 61 38 26 5 74 53 63 94 22 77 ]
[ 35 94 91 46 25 67 89 2 10 30 79 2 56 19 84 62 6 14 13 90 14 26 80 92 84 ]
[ 54 98 47 48 20 76 36 67 20 82 92 87 23 46 49 5 25 51 61 45 88 76 3 2 41 ]
[ 45 68 67 26 61 51 80 59 51 81 31 27 17 98 99 99 43 87 74 89 36 79 67 40 40 ]
[ 64 28 16 67 30 57 64 98 77 90 11 80 23 22 31 56 54 11 73 4 10 24 47 97 98 ]
[ 89 86 29 8 26 69 72 54 38 91 36 47 55 86 24 98 98 5 73 72 88 29 26 99 2 ]
[ 31 10 78 30 59 76 71 45 5 79 23 26 51 29 16 42 65 64 50 52 40 0 2 97 73 ]
[ 74 38 2 53 37 56 36 99 34 66 59 62 38 56 19 69 32 45 21 61 14 15 27 30 17 ]
[ 31 70 17 85 20 90 59 58 44 64 47 0 0 47 34 19 58 96 9 66 15 78 98 13 99 ]
[ 12 27 67 91 57 84 22 79 54 59 51 44 70 9 89 35 9 41 35 8 76 54 18 24 15 ]
[ 84 92 94 35 5 45 99 84 12 90 93 49 64 72 3 23 76 99 93 85 40 80 46 82 16 ]
[ 54 10 22 72 34 38 9 78 32 96 35 77 95 19 42 37 64 91 1 89 46 24 65 45 69 ]
[ 2 86 50 49 20 18 55 30 40 28 16 30 89 95 14 37 30 44 84 2 38 21 66 81 22 ]
[ 55 27 98 20 72 19 23 10 69 24 30 87 79 12 80 59 29 62 0 76 29 37 58 73 21 ]
[ 12 63 94 31 44 68 38 71 66 11 95 86 86 6 7 10 88 47 89 1 79 1 82 41 1 ]
[ 10 70 39 20 95 12 85 58 59 16 2 27 54 25 94 17 21 32 3 27 91 13 67 38 55 ]
[ 20 17 8 54 11 9 64 33 0 37 81 13 22 91 72 38 46 51 44 71 97 62 92 29 17 ]
[ 71 73 83 39 63 90 11 33 98 66 44 7 82 29 8 19 62 73 41 54 97 31 0 48 28 ]

Timer (sort): 124602ms real	124600ms user	0ms sys
The output is sorted!
[ 29 15 14 77 6 93 26 16 41 3 12 0 45 44 17 4 18 49 1 3 24 11 15 37 2 ]
[ 7 48 19 7 47 18 21 18 25 97 8 17 65 0 1 53 13 27 10 0 27 35 22 1 16 ]
[ 0 72 39 17 4 63 13 8 47 13 21 5 31 8 2 17 15 32 45 7 72 32 2 29 34 ]
[ 32 32 36 20 0 89 16 40 6 14 15 39 10 43 2 25 31 13 31 10 17 39 0 55 16 ]
[ 17 13 7 66 8 22 27 3 15 21 92 37 58 14 23 25 40 6 18 2 52 12 20 1 37 ]
[ 9 16 28 29 13 24 12 0 24 24 27 61 80 2 75 4 48 60 13 17 6 6 24 44 12 ]
[ 18 3 39 1 10 17 30 95 2 19 55 76 0 5 18 3 18 5 37 9 60 76 28 12 24 ]
[ 0 43 60 7 11 23 52 2 2 18 23 56 31 9 22 27 11 46 26 6 94 14 29 5 46 ]
[ 19 33 49 73 38 6 26 11 6 21 5 41 69 31 12 4 23 11 2 66 6 82 0 27 3 ]
[ 9 7 7 78 46 13 10 5 68 29 28 75 18 46 76 7 4 9 4 48 26 23 14 0 14 ]
[ 19 13 10 24 32 10 33 8 46 11 15 2 19 18 72 15 78 2 24 82 19 7 8 73 31 ]
[ 38 9 13 16 31 8 30 62 11 20 41 20 31 28 27 28 6 19 22 69 56 33 17 22 16 ]
[ 1 43 25 11 27 7 30 2 77 29 26 5 3 18 75 71 3 7 38 15 37 45 38 16 26 ]
[ 21 28 63 67 3 35 10 10 12 2 0 22 0 47 75 67 55 5 45 14 11 33 6 5 39 ]
[ 35 44 17 31 10 5 22 38 41 56 28 48 59 29 61 12 30 2 10 12 44 18 2 4 18 ]
[ 39 36 18 98 30 38 3 60 71 11 45 31 11 12 1 1 1 88 9 20 10 12 21 1 11 ]
[ 68 12 12 20 27 5 13 18 64 68 20 5 13 8 8 19 27 2 70 44 21 14 2 53 65 ]
[ 6 9 45 42 29 23 13 59 51 6 55 21 77 1 13 33 13 2 34 24 79 11 16 18 0 ]
[ 25 26 13 1 18 58 18 40 8 13 11 3 59 2 72 39 61 3 21 11 51 23 13 69 23 ]
[ 17 0 8 35 1 62 47 40 5 22 0 42 2 5 53 53 14 44 38 38 28 24 23 55 26 ]

