Timer (generate): 7ms real	0ms user	0ms sys
[ 19 11 42 57 34 17 20 6 70 21 55 98 38 17 12 74 42 99 8 78 14 93 74 21 56 ]
[ 45 70 84 50 29 11 22 93 5 31 27 22 51 85 45 72 41 43 62 58 7 36 52 58 97 ]
[ 31 24 90 57 45 98 2 16 35 5 97 46 27 90 52 58 69 26 61 55 23 85 96 18 48 ]
[ 6 25 36 59 83 33 42 7 76 99 53 26 2 21 61 59 18 8 86 61 12 96 30 90 9 ]
[ 85 14 94 33 32 94 92 58 83 3 93 68 45 1 44 44 6 71 98 27 84 57 97 44 95 ]
[ 58 56 43 41 47 52 78 13 99 12 45 93 56 55 28 59 49 97 4 2 93 0 60 16 51 ]
[ 39 1 60 36 45 56 47 2 51 40 1 4 18 14 3 82 11 48 38 67 29 49 68 26 5 ]
[ 22 19 6 82 36 9 21 89 69 9 34 77 8 88 29 48 89 33 67 55 88 1 67 88 92 ]
[ 86 17 41 6 95 47 28 67 5 62 3 14 35 92 83 44 78 61 53 67 90 53 8 75 72 ]
[ 64 15 74 83 3 66 21 73 59 27 68 6 55 35 11 17 90 25 52 34 61 48 13 22 53 ]
[ 80 64 7 40 91 31 4 6 57 39 9 75 60 82 35 87 3 41 94 38 5 11 29 82 15 ]
[ 15 43 64 28 17 69 60 81 76 1 72 60 57 78 17 49 40 93 9 74 80 49 77 73 43 ]
[ 16 78 55 97 61 22 12 4 86 93 74 8 53 55 36 6 80 96 16 10 14 65 50 59 74 ]
[ 25 91 23 54 64 67 70 43 74 19 56 96 32 60 35 25 86 43 30 42 79 89 74 28 5 ]
[ 84 94 70 87 5 96 64 96 20 18 60 39 41 3 65 60 59 13 44 72 0 21 58 43 52 ]
[ 52 75 41 78 55 98 63 49 68 2 54 64 18 50 36 36 10 75 29 66 92 90 77 6 86 ]
[ 49 6 8 60 2 12 64 29 5 43 84 3 58 33 23 60 39 87 78 89 24 66 51 51 96 ]
[ 17 96 38 95 2 24 96 60 84 8 62 48 73 91 53 16 75 8 74 60 31 34 99 71 64 ]
[ 40 47 30 92 98 78 61 94 16 8 48 93 57 9 29 65 71 78 38 15 83 54 42 92 80 ]
[ 55 75 66 6 46 30 47 93 13 91 44 91 52 90 60 13 39 53 70 0 82 35 23 12 74 ]

Timer (sort): 62ms real	70ms user	0ms sys
The output is sorted!
[ 70 34 11 33 24 65 4 47 72 25 18 40 9 31 14 5 12 16 0 31 33 49 28 21 44 ]
[ 24 5 80 39 41 37 12 22 24 5 50 11 30 68 5 62 8 0 12 15 4 33 18 92 42 ]
[ 76 20 42 79 60 15 4 33 9 17 21 16 6 29 18 34 3 19 4 4 13 28 42 65 98 ]
[ 38 66 5 5 8 6 39 83 41 67 1 12 41 21 52 49 30 9 45 10 8 28 7 40 45 ]
[ 50 10 44 90 26 56 27 23 6 0 46 57 15 24 97 9 1 7 4 60 62 18 16 12 7 ]
[ 66 84 4 11 8 2 74 91 6 11 42 89 28 2 5 49 35 67 14 8 39 7 8 3 14 ]
[ 83 20 22 51 29 35 17 3 57 9 89 3 3 23 2 17 6 13 13 84 15 59 55 11 57 ]
[ 8 76 69 9 26 6 8 79 41 13 61 14 84 25 11 6 16 14 58 48 50 14 12 21 8 ]
[ 96 19 3 11 43 11 18 63 83 60 30 0 40 14 65 40 8 5 70 78 8 8 7 3 2 ]
[ 39 47 26 26 1 56 94 21 3 41 42 12 28 2 19 59 12 48 6 43 8 35 16 74 31 ]
[ 93 2 63 70 41 38 15 11 44 88 5 0 62 22 1 5 10 23 15 68 45 15 7 32 14 ]
[ 11 68 73 10 43 13 53 35 9 19 42 26 31 73 16 24 88 18 5 18 14 32 47 6 17 ]
[ 3 15 39 2 1 2 84 41 1 21 39 19 26 47 80 14 26 89 80 1 46 3 20 34 59 ]
[ 59 54 8 24 11 10 37 60 4 48 0 31 42 5 34 24 99 28 7 78 34 23 10 37 31 ]
[ 8 1 4 18 75 9 44 30 9 27 39 21 80 13 46 7 88 22 86 64 0 16 25 33 34 ]
[ 35 58 40 50 41 20 22 44 3 17 7 19 24 43 19 46 55 53 61 21 14 12 27 22 51 ]
[ 38 43 97 7 29 5 78 5 18 5 77 72 4 58 21 15 40 52 0 23 10 19 18 23 47 ]
[ 37 41 69 29 90 3 67 5 0 1 27 5 77 10 48 11 60 86 19 2 26 9 24 2 59 ]
[ 82 13 14 3 42 6 0 57 13 5 60 30 6 43 7 41 7 66 8 25 80 18 20 82 82 ]
[ 24 2 32 4 47 44 66 86 16 55 21 12 28 56 37 5 3 16 33 13 87 17 23 54 30 ]

Timer (generate): 5ms real	0ms user	0ms sys
[ 66 58 66 99 60 58 46 16 59 56 55 81 88 30 16 33 57 38 73 96 77 19 15 67 1 ]
[ 23 23 70 23 78 65 89 37 32 40 49 42 38 65 1 94 72 34 34 2 2 19 11 41 92 ]
[ 7 70 11 75 89 65 50 64 35 73 42 53 14 79 85 55 80 27 93 46 80 40 18 66 74 ]
[ 73 69 46 84 10 38 44 32 2 71 21 67 21 85 54 46 27 7 12 59 44 19 39 23 65 ]
[ 37 55 5 8 22 31 81 91 77 17 1 68 61 85 22 84 6 41 57 43 95 55 22 55 68 ]
[ 81 99 87 73 23 52 62 78 9 70 0 93 3 43 22 73 96 42 86 81 64 71 39 5 28 ]
[ 82 53 84 5 8 4 38 7 43 63 82 96 26 13 57 48 65 2 4 9 25 77 5 19 63 ]
[ 87 84 86 78 89 67 61 42 51 18 2 7 8 62 50 72 44 98 50 9 8 50 75 10 6 ]
[ 84 87 83 41 7 99 80 91 37 59 32 4 20 27 7 90 29 14 98 91 17 22 88 15 72 ]
[ 97 75 75 72 86 81 8 25 17 2 32 68 82 75 5 41 8 10 13 87 69 3 68 84 54 ]
[ 60 53 76 0 20 1 97 96 76 22 34 9 82 59 26 84 92 94 67 67 52 60 27 14 74 ]
[ 14 83 29 35 19 83 95 72 12 47 45 13 96 41 41 18 75 50 53 34 77 37 78 23 56 ]
[ 98 75 17 25 41 43 92 77 24 27 96 60 74 21 72 73 66 37 69 59 78 40 34 28 93 ]
[ 20 5 82 51 81 39 49 8 8 26 50 3 70 27 27 97 75 87 23 96 11 96 14 48 18 ]
[ 73 26 58 59 7 51 80 12 85 83 45 24 32 54 84 58 4 87 29 83 67 78 58 6 54 ]
[ 7 18 2 73 18 20 47 97 78 6 4 81 38 68 67 73 14 43 5 68 28 16 24 67 97 ]
[ 59 34 27 69 41 81 28 11 84 2 81 4 49 78 35 7 34 16 98 3 83 71 17 79 29 ]
[ 37 7 97 13 26 94 72 61 21 41 54 3 70 17 39 24 98 43 73 29 78 32 63 47 82 ]
[ 66 82 6 35 61 35 24 68 32 37 95 78 9 8 99 3 14 54 25 31 93 49 81 89 74 ]
[ 62 19 58 26 18 41 44 1 47 32 62 34 56 83 66 94 78 44 55 38 95 10 4 2 35 ]

Timer (sort): 70ms real	70ms user	0ms sys
The output is sorted!
[ 0 6 85 58 41 35 63 22 8 37 11 5 6 14 44 0 22 66 36 4 8 17 10 15 20 ]
[ 6 10 96 16 27 14 37 23 80 28 60 31 23 16 10 9 7 70 0 69 4 21 35 18 32 ]
[ 16 5 22 41 62 40 23 2 32 17 37 18 17 4 18 6 11 98 58 48 11 33 36 85 22 ]
[ 4 12 38 9 4 1 74 53 93 62 4 94 1 38 6 8 23 27 22 55 24 52 21 21 20 ]
[ 16 15 17 34 30 43 32 19 81 18 15 94 1 19 23 8 69 5 81 24 14 76 15 1 48 ]
[ 50 15 8 46 50 40 25 21 1 46 6 76 11 10 86 28 75 7 48 45 42 7 38 15 2 ]
[ 37 36 53 37 16 55 2 45 0 50 20 4 29 13 52 25 87 66 32 4 12 28 32 39 27 ]
[ 5 19 11 11 1 29 27 29 4 74 17 97 8 14 40 17 37 94 80 4 15 28 35 24 83 ]
[ 1 53 2 60 2 28 33 9 71 24 7 37 25 58 0 11 54 50 41 65 46 66 16 32 15 ]
[ 7 9 23 47 94 20 6 87 16 66 37 34 7 21 28 38 15 11 72 14 30 20 13 60 33 ]
[ 3 10 35 0 48 1 13 65 47 17 2 92 18 63 8 13 73 29 83 75 45 17 13 2 36 ]
[ 34 52 73 0 11 8 43 1 48 7 66 12 12 54 14 25 13 40 93 21 24 61 56 20 24 ]
[ 32 91 28 18 4 6 33 31 8 13 9 87 83 35 2 26 72 4 1 67 68 1 57 15 33 ]
[ 12 92 19 47 6 49 26 18 49 9 12 82 45 34 67 19 3 9 28 28 82 41 31 5 12 ]
[ 53 66 53 40 62 36 27 3 76 11 12 18 93 28 14 1 9 26 4 43 9 36 51 33 27 ]
[ 27 37 21 57 12 4 39 26 3 9 73 13 59 10 27 91 81 4 31 7 8 21 49 59 65 ]
[ 37 21 0 82 41 23 34 71 0 35 5 53 24 31 3 59 22 40 64 20 42 7 25 11 85 ]
[ 41 29 7 1 43 56 21 37 34 25 7 6 53 28 6 32 52 12 11 20 96 67 42 72 37 ]
[ 75 8 32 56 45 18 14 98 20 49 76 17 42 46 17 3 48 2 75 2 14 18 1 20 40 ]
[ 29 10 1 45 8 50 27 41 61 79 28 32 42 30 83 10 15 8 46 22 38 10 12 93 19 ]

Timer (generate): 5ms real	0ms user	0ms sys
[ 32 89 94 63 76 13 80 30 28 2 11 59 19 80 90 89 59 14 81 26 99 96 50 73 19 ]
[ 81 34 77 22 32 6 6 74 52 69 2 18 1 84 46 3 95 57 74 76 48 15 35 62 97 ]
[ 14 13 45 16 87 64 97 73 94 71 57 52 29 31 5 98 34 23 99 18 21 55 14 79 29 ]
[ 42 79 97 29 93 46 95 6 91 11 45 56 61 18 2 84 76 54 14 59 11 64 45 86 64 ]
[ 16 8 71 30 39 52 24 18 49 53 11 95 49 69 39 12 15 47 25 85 49 10 13 55 76 ]
[ 25 19 40 70 5 56 86 13 79 68 4 32 92 22 33 98 85 81 99 55 20 11 22 67 37 ]
[ 7 68 99 73 75 27 98 94 67 20 0 76 7 65 55 27 70 87 72 92 73 70 78 54 21 ]
[ 85 74 32 7 93 21 66 61 72 39 36 99 89 31 19 10 83 95 69 48 50 48 18 90 20 ]
[ 63 63 42 93 17 15 78 43 48 37 36 21 3 49 46 95 85 45 36 68 64 98 3 11 19 ]
[ 52 14 68 22 4 40 37 19 35 30 88 50 60 31 50 49 19 24 53 68 70 0 5 67 36 ]
[ 26 32 35 29 43 54 33 9 74 8 13 15 45 84 50 28 24 52 88 7 3 90 26 27 43 ]
[ 46 49 95 4 16 31 30 0 18 11 44 25 45 5 99 53 19 14 50 55 16 78 80 21 19 ]
[ 39 24 9 66 3 52 64 4 99 68 20 82 98 21 1 62 17 26 7 22 77 12 93 44 62 ]
[ 49 60 93 81 33 12 20 9 21 38 12 25 3 16 24 23 89 6 74 10 59 36 79 85 95 ]
[ 1 63 7 47 7 21 48 19 14 81 53 26 1 62 47 92 27 24 47 95 48 70 36 55 96 ]
[ 98 14 32 77 52 27 31 67 86 78 26 8 78 97 74 59 2 53 12 17 52 4 96 77 3 ]
[ 91 25 26 80 32 22 78 99 55 8 51 34 39 70 21 69 96 81 47 45 7 6 48 60 18 ]
[ 65 13 75 61 42 30 4 67 56 36 52 79 15 51 86 23 54 20 14 24 93 83 72 74 30 ]
[ 17 34 88 17 94 58 82 59 85 95 1 16 52 69 72 88 73 3 3 24 41 78 78 14 92 ]
[ 54 59 75 78 86 57 95 20 97 13 14 8 47 74 93 95 27 9 47 48 34 35 21 89 91 ]

Timer (sort): 60ms real	60ms user	0ms sys
The output is sorted!
[ 97 20 5 36 17 15 3 99 20 34 22 5 37 65 28 7 20 0 16 34 56 3 18 31 32 ]
[ 3 40 74 9 23 11 27 35 74 24 5 8 27 23 32 13 59 32 38 63 21 35 52 22 0 ]
[ 40 7 27 4 33 9 33 6 84 11 32 48 4 48 29 47 3 6 10 45 56 31 69 69 14 ]
[ 2 29 89 10 87 56 19 13 81 2 8 14 18 70 25 17 5 0 30 37 32 43 39 17 32 ]
[ 15 14 25 4 5 36 89 41 3 32 23 8 12 8 14 10 29 81 53 23 32 32 18 74 99 ]
[ 45 33 22 11 79 50 58 11 32 2 13 57 18 25 16 22 50 37 27 52 38 57 3 17 8 ]
[ 10 25 17 45 51 22 32 52 18 30 30 21 92 7 74 8 64 35 12 34 27 8 37 11 25 ]
[ 7 14 92 0 31 8 8 63 33 32 36 21 65 36 13 3 41 14 30 16 94 4 44 18 65 ]
[ 2 44 92 15 20 13 16 15 9 23 18 34 13 90 5 57 23 83 21 70 35 0 2 54 39 ]
[ 27 20 96 30 62 30 46 95 29 2 18 21 0 8 19 26 5 3 46 80 36 42 12 38 2 ]
[ 14 2 18 92 4 3 28 83 42 69 1 80 23 25 31 4 23 17 88 19 17 21 2 86 4 ]
[ 81 34 53 26 61 51 21 15 4 11 41 15 38 21 53 99 15 12 36 68 3 1 4 17 17 ]
[ 15 53 74 42 0 26 42 13 12 5 39 48 8 16 3 53 56 49 54 81 39 5 3 7 57 ]
[ 3 0 57 8 25 21 20 20 44 41 39 37 4 18 87 59 78 63 43 2 20 26 35 40 12 ]
[ 10 1 0 11 94 23 98 40 94 23 52 27 55 24 23 21 61 30 5 25 10 14 45 15 2 ]
[ 74 5 22 27 75 4 16 24 0 4 10 72 56 21 23 29 32 38 35 50 59 23 68 5 34 ]
[ 6 85 2 62 12 25 3 13 5 50 10 79 5 5 81 23 9 26 96 17 45 27 5 31 84 ]
[ 22 36 92 6 15 25 71 48 39 0 48 24 36 30 32 44 19 29 47 38 16 16 13 53 11 ]
[ 69 15 26 34 18 52 7 11 21 13 38 69 39 84 21 3 86 36 53 2 3 73 12 23 3 ]
[ 36 11 46 71 23 22 1 9 15 12 44 29 91 15 61 70 30 32 63 45 6 33 24 17 11 ]

Timer (generate): 6ms real	0ms user	0ms sys
[ 40 73 86 3 20 50 70 13 93 90 89 83 20 98 37 90 64 18 37 95 56 28 54 32 47 ]
[ 83 45 68 38 61 20 30 86 6 34 6 8 56 72 53 46 13 89 19 63 26 61 28 97 51 ]
[ 75 53 79 29 37 26 12 82 46 3 95 18 33 33 24 19 92 84 76 64 38 74 77 27 45 ]
[ 41 5 7 21 2 58 48 8 37 77 45 15 42 28 13 97 75 31 30 9 7 50 1 91 78 ]
[ 17 81 52 46 60 50 39 66 9 60 68 67 60 28 56 90 74 23 84 54 36 81 29 19 11 ]
[ 90 26 13 43 69 91 60 51 96 7 11 46 98 29 55 11 98 74 71 78 82 61 52 5 45 ]
[ 6 93 26 36 12 90 78 90 3 22 59 95 82 10 91 41 74 89 40 3 96 51 53 70 74 ]
[ 32 4 36 84 9 33 43 54 12 31 18 2 9 8 5 31 19 52 66 82 95 59 56 36 51 ]
[ 11 32 54 65 2 29 49 58 17 85 19 50 28 73 62 59 43 16 21 3 74 52 23 26 70 ]
[ 5 74 30 13 10 33 24 43 88 41 97 17 90 56 86 28 75 36 56 1 51 68 44 67 89 ]
[ 48 41 93 23 20 64 28 94 46 93 56 79 17 99 19 11 49 88 53 5 74 81 32 63 90 ]
[ 33 14 58 30 33 47 30 27 92 53 47 56 33 93 54 26 49 86 95 49 5 6 50 94 12 ]
[ 55 68 93 39 31 83 25 97 41 55 31 40 37 58 85 90 57 93 75 50 48 53 99 34 0 ]
[ 0 39 59 50 33 71 57 54 64 49 85 0 74 83 41 81 66 34 18 24 19 8 33 64 35 ]
[ 83 12 88 34 98 40 87 38 99 89 23 70 99 77 87 48 15 87 22 98 80 3 64 66 21 ]
[ 40 37 81 73 2 68 8 66 56 94 65 48 81 55 48 23 78 70 22 8 57 70 23 96 44 ]
[ 73 77 99 89 95 20 29 33 53 54 35 21 14 1 29 8 18 77 42 73 77 65 52 48 87 ]
[ 12 57 9 35 54 53 60 31 52 49 78 24 30 11 77 84 98 50 98 52 31 58 70 60 0 ]
[ 44 38 65 48 38 52 60 95 61 47 49 66 7 32 18 56 11 42 86 22 71 22 73 73 72 ]
[ 25 4 30 95 17 31 39 55 96 87 93 1 99 88 14 46 90 81 53 22 99 61 85 94 99 ]

Timer (sort): 79ms real	80ms user	0ms sys
The output is sorted!
[ 5 50 27 30 99 33 4 96 19 19 63 49 15 18 50 33 1 43 15 12 15 12 6 1 11 ]
[ 13 9 44 73 46 46 6 23 72 52 27 26 2 10 15 2 41 23 16 74 13 7 1 54 34 ]
[ 0 59 8 69 8 36 4 16 33 68 66 2 29 44 18 0 63 22 90 20 22 7 18 24 11 ]
[ 25 31 55 17 8 61 58 5 33 16 81 20 7 21 31 54 54 24 8 7 26 23 6 68 16 ]
[ 14 4 7 54 15 28 74 56 9 29 0 2 50 88 1 20 12 18 8 39 59 62 30 53 31 ]
[ 17 39 33 17 5 11 24 9 10 13 20 7 60 73 48 8 61 5 50 79 33 10 99 9 42 ]
[ 20 26 81 3 86 51 56 12 9 5 27 23 18 12 7 85 67 14 7 65 50 6 0 48 11 ]
[ 82 46 51 42 14 24 21 63 53 2 65 17 5 6 40 93 2 22 20 1 75 44 0 6 1 ]
[ 5 2 0 20 0 2 67 39 0 31 82 50 41 17 32 95 1 38 66 30 48 96 11 8 15 ]
[ 40 9 15 50 17 12 24 82 21 63 8 0 5 19 21 7 20 90 9 62 20 56 8 55 85 ]
[ 4 69 60 20 46 52 76 76 2 16 21 18 4 3 44 1 96 8 18 68 8 9 10 53 21 ]
[ 23 6 81 80 17 25 7 29 42 26 85 6 4 18 14 68 51 69 9 26 32 31 25 0 30 ]
[ 15 34 36 15 31 30 65 27 8 29 16 90 8 19 15 55 30 29 3 4 0 75 55 47 75 ]
[ 55 12 0 26 89 62 51 4 8 49 20 7 65 58 42 35 64 17 12 23 9 13 47 10 34 ]
[ 34 68 65 2 91 9 47 15 22 10 58 24 59 20 10 11 26 5 49 88 33 10 40 17 0 ]
[ 9 47 1 45 27 17 72 23 74 79 20 10 28 29 24 13 59 1 62 16 32 40 28 42 17 ]
[ 13 41 43 4 89 35 24 11 93 3 30 20 6 61 8 12 65 80 20 18 7 47 1 79 15 ]
[ 93 71 11 41 45 48 12 35 1 37 5 31 62 14 9 93 17 27 4 9 65 6 15 46 37 ]
[ 14 55 65 5 27 54 75 2 9 22 25 42 6 42 3 77 20 63 1 8 46 21 36 67 50 ]
[ 43 17 51 64 51 17 8 0 8 9 57 37 2 4 2 74 14 32 68 72 68 52 56 10 24 ]

Timer (generate): 7ms real	0ms user	0ms sys
[ 58 52 87 68 10 31 37 82 9 44 19 42 20 46 14 76 74 37 78 91 27 3 46 85 88 ]
[ 70 55 64 40 85 63 98 37 51 66 47 34 55 29 95 52 1 89 24 47 3 0 21 41 31 ]
[ 64 20 86 11 5 74 81 12 38 73 97 54 23 86 57 41 33 91 49 15 38 1 16 27 25 ]
[ 63 31 77 36 24 8 0 44 95 63 49 69 96 13 60 21 10 66 44 96 23 86 81 66 87 ]
[ 96 4 88 12 31 65 27 14 42 63 38 3 16 82 50 79 83 71 28 96 31 49 58 97 46 ]
[ 6 72 84 88 38 71 36 94 11 1 78 76 28 92 70 44 83 73 60 17 75 91 1 47 71 ]
[ 49 78 21 60 28 67 66 52 51 6 91 74 43 37 85 44 15 13 24 60 83 68 43 9 80 ]
[ 12 84 24 13 31 95 15 62 68 75 42 87 41 94 38 0 37 64 43 75 49 39 42 62 15 ]
[ 54 98 84 97 7 16 10 91 40 75 75 36 42 37 56 17 31 44 11 25 34 11 63 99 6 ]
[ 90 0 45 32 63 60 87 13 96 36 20 13 98 63 5 26 38 93 68 27 50 38 58 94 49 ]
[ 84 28 60 99 27 18 89 28 63 73 43 75 12 56 24 1 28 89 51 91 94 77 82 40 98 ]
[ 9 90 36 68 84 85 4 64 97 55 44 15 44 24 30 69 67 5 34 75 81 35 55 70 86 ]
[ 46 17 16 28 57 14 90 99 50 58 35 35 14 99 32 69 43 99 65 67 29 86 86 86 20 ]
[ 13 68 7 68 90 94 67 7 10 47 16 24 37 67 74 47 2 61 61 2 45 82 97 44 99 ]
[ 17 73 86 55 59 6 21 27 14 89 70 60 8 77 22 56 46 46 93 13 72 41 68 85 54 ]
[ 70 30 89 19 74 88 88 99 74 44 58 33 65 38 47 6 8 59 15 37 81 71 83 79 16 ]
[ 49 51 9 17 88 64 39 18 53 10 44 41 99 43 68 95 1 1 12 39 0 70 99 59 37 ]
[ 37 40 8 72 71 77 21 74 86 90 62 2 81 80 7 92 76 49 43 19 69 38 72 70 2 ]
[ 64 70 72 63 29 10 0 21 70 73 92 99 46 66 86 89 28 88 70 60 96 62 36 97 57 ]
[ 7 66 95 79 36 49 43 58 22 7 39 84 59 60 6 32 4 6 31 70 92 20 50 32 90 ]

Timer (sort): 63ms real	70ms user	0ms sys
The output is sorted!
[ 30 33 1 59 61 2 1 44 5 89 3 32 4 13 0 7 14 75 56 27 10 42 59 6 20 ]
[ 38 5 44 0 49 66 76 8 41 0 52 35 67 7 16 52 17 15 7 45 50 2 6 19 9 ]
[ 9 66 27 36 34 14 4 42 0 17 22 9 26 13 49 83 15 26 66 26 57 11 19 9 62 ]
[ 44 19 23 22 0 61 33 32 7 51 26 84 86 52 23 38 11 4 20 10 9 45 22 19 2 ]
[ 66 61 51 20 6 8 38 56 55 40 42 14 34 19 30 5 82 53 5 10 11 10 10 16 4 ]
[ 15 2 43 59 28 25 81 39 69 78 21 20 25 10 22 34 27 12 17 29 2 16 13 50 23 ]
[ 29 18 2 89 54 1 30 56 1 27 37 58 13 14 15 85 15 23 43 5 45 15 30 36 32 ]
[ 18 28 22 78 0 10 14 46 42 14 3 25 40 51 20 27 46 75 40 19 8 49 0 58 60 ]
[ 63 19 41 10 82 12 14 45 3 70 5 36 36 14 87 10 15 19 2 36 80 40 1 42 17 ]
[ 7 1 6 38 38 24 89 94 11 10 11 84 17 14 52 15 9 9 54 36 16 74 49 5 37 ]
[ 6 62 9 13 6 13 49 60 91 73 28 47 42 6 29 57 11 25 63 13 5 4 9 76 4 ]
[ 15 4 49 20 14 14 4 0 92 33 85 46 63 20 45 8 10 17 14 10 62 54 42 56 26 ]
[ 13 26 16 51 41 7 22 53 55 16 46 63 33 66 48 48 88 8 8 34 12 3 2 22 26 ]
[ 65 3 12 30 1 46 89 0 59 3 12 50 19 4 15 12 69 31 56 5 92 76 22 33 7 ]
[ 66 47 34 35 35 9 14 44 35 4 72 49 18 95 49 7 1 30 28 16 14 2 30 35 42 ]
[ 2 18 9 23 47 46 8 44 5 51 76 41 8 22 21 65 41 36 33 73 25 18 55 42 3 ]
[ 65 92 67 54 2 10 9 72 25 35 12 72 23 7 14 53 0 24 1 13 12 12 50 76 13 ]
[ 45 14 26 37 49 3 65 4 33 69 74 1 0 7 39 15 63 17 31 90 40 2 9 4 77 ]
[ 1 18 31 1 21 15 28 56 81 94 22 61 55 7 60 37 36 70 6 1 7 10 65 30 3 ]
[ 95 15 15 48 39 3 50 90 0 39 16 69 23 20 62 70 29 35 0 18 4 6 9 56 8 ]

Timer (generate): 5ms real	0ms user	0ms sys
[ 65 25 26 85 77 4 41 16 54 33 18 7 29 99 35 93 78 39 6 84 79 91 43 84 32 ]
[ 36 66 11 69 37 18 34 15 96 72 44 53 13 12 7 46 30 66 27 81 1 20 59 41 78 ]
[ 96 20 21 91 56 53 27 23 16 96 12 35 83 27 31 55 23 84 68 35 43 67 66 10 94 ]
[ 99 11 67 59 4 45 55 77 67 98 33 72 25 8 89 73 73 24 56 52 7 63 76 44 84 ]
[ 11 87 51 77 49 97 77 13 16 88 17 62 95 46 81 93 32 53 70 92 94 43 65 70 52 ]
[ 18 78 15 94 74 51 5 13 54 83 63 52 12 76 20 52 45 82 47 92 15 92 76 21 62 ]
[ 68 15 57 34 86 9 52 16 77 46 90 28 51 55 83 86 18 87 50 46 7 54 92 42 53 ]
[ 36 57 45 12 30 59 32 46 69 66 84 30 70 0 7 68 42 88 20 97 23 58 16 62 61 ]
[ 62 69 15 6 63 69 42 73 66 6 3 26 39 49 47 57 85 77 28 85 85 48 79 25 68 ]
[ 77 0 79 45 62 40 59 83 7 66 47 28 60 20 95 67 75 73 58 77 20 67 62 97 47 ]
[ 0 34 96 79 11 16 56 11 95 1 73 87 13 57 47 79 56 75 91 28 70 10 3 43 68 ]
[ 80 15 88 95 13 35 95 99 31 74 11 0 83 22 47 36 48 35 49 5 34 80 13 9 72 ]
[ 41 32 82 96 27 3 77 43 91 24 8 26 19 7 10 45 70 10 28 93 57 65 41 44 14 ]
[ 98 78 95 11 40 67 4 72 1 0 99 4 29 94 95 53 2 74 24 62 84 70 32 46 98 ]
[ 77 55 15 18 0 82 68 30 77 79 70 96 35 94 97 36 94 54 65 40 1 19 43 75 95 ]
[ 57 11 65 89 9 16 67 65 31 37 65 13 6 47 42 37 70 90 73 64 40 9 10 94 26 ]
[ 51 95 97 46 23 93 3 34 58 92 44 26 11 9 10 49 26 23 7 25 18 44 95 8 69 ]
[ 60 48 30 22 94 57 73 42 54 19 65 99 74 99 58 19 95 36 30 56 46 31 34 22 38 ]
[ 60 40 35 7 0 56 19 1 87 42 95 96 67 37 2 39 54 2 13 6 12 32 1 48 15 ]
[ 58 95 46 44 69 85 4 61 72 12 61 28 31 14 67 25 62 63 93 51 66 32 6 68 45 ]

Timer (sort): 59ms real	60ms user	0ms sys
The output is sorted!
[ 11 1 1 10 94 0 10 65 96 16 70 19 45 4 9 56 5 12 59 35 12 19 72 4 15 ]
[ 7 0 27 88 64 4 16 0 3 6 38 52 7 18 8 31 16 28 45 77 57 9 90 28 22 ]
[ 6 78 20 31 12 55 90 21 35 13 45 52 4 6 17 32 0 13 82 50 39 9 0 19 23 ]
[ 3 46 19 95 12 88 14 29 35 4 32 2 29 23 24 1 5 52 64 51 3 35 86 25 4 ]
[ 4 26 3 73 55 17 1 39 32 50 43 20 12 18 2 80 8 14 25 59 55 2 17 73 71 ]
[ 42 16 26 17 23 48 30 21 10 57 46 80 81 23 96 9 20 32 6 28 15 15 6 50 10 ]
[ 64 7 28 9 7 10 13 35 84 97 60 15 2 53 20 24 3 72 11 16 61 31 42 4 39 ]
[ 5 22 65 20 66 7 67 14 29 50 44 45 0 2 11 37 19 15 84 13 86 23 10 4 73 ]
[ 28 8 29 19 20 0 20 27 62 35 12 38 3 13 21 34 16 76 61 59 34 21 82 21 74 ]
[ 42 46 16 8 6 16 71 2 6 16 28 26 21 30 45 9 74 97 45 14 92 18 44 5 36 ]
[ 28 23 75 15 36 53 1 41 87 52 43 14 21 50 16 16 16 28 8 28 36 34 4 41 50 ]
[ 36 19 8 71 75 81 1 18 19 22 95 22 34 6 24 78 39 22 27 12 13 49 22 22 2 ]
[ 35 11 0 60 58 45 61 18 8 39 49 57 9 17 23 77 6 31 40 68 50 28 14 1 12 ]
[ 56 1 90 57 45 7 13 21 16 12 16 52 19 16 60 24 27 44 35 39 60 44 0 18 51 ]
[ 8 49 78 18 15 3 1 7 18 3 89 34 30 31 63 44 62 67 14 38 14 47 50 18 23 ]
[ 17 0 2 32 15 62 16 32 9 85 13 14 1 17 99 94 29 12 30 9 85 45 38 67 4 ]
[ 94 41 28 58 16 50 51 62 42 49 12 16 45 20 54 33 36 4 4 44 31 21 1 18 2 ]
[ 20 30 96 33 58 14 29 92 3 41 46 52 62 5 27 1 62 1 13 10 15 20 24 28 54 ]
[ 20 4 33 65 73 62 70 16 61 14 19 9 62 15 32 61 24 18 26 65 4 23 39 17 4 ]
[ 44 10 15 72 28 42 37 27 0 39 92 1 14 91 35 6 2 45 93 7 54 31 6 24 22 ]

Timer (generate): 5ms real	0ms user	0ms sys
[ 47 84 50 22 83 84 63 64 80 13 84 27 6 58 98 57 98 57 43 70 43 99 78 42 4 ]
[ 37 57 31 49 26 28 48 62 30 70 45 15 85 61 95 98 45 22 57 3 21 14 2 30 9 ]
[ 72 25 8 2 68 64 39 25 95 40 3 24 88 65 54 58 62 21 43 23 17 94 69 91 51 ]
[ 72 64 17 26 95 26 50 20 86 4 40 50 95 17 45 35 20 21 75 85 28 85 47 49 81 ]
[ 71 18 75 92 62 78 16 26 47 43 73 73 45 46 59 50 86 9 45 4 6 33 24 80 8 ]
[ 62 8 46 9 9 27 32 80 54 24 42 32 41 68 31 36 94 4 81 40 15 83 26 76 81 ]
[ 82 82 14 59 14 74 21 74 20 82 84 99 15 64 53 91 58 37 84 26 68 72 20 24 6 ]
[ 12 39 89 91 15 70 73 50 36 84 64 63 57 39 35 40 75 35 7 91 88 98 49 78 35 ]
[ 27 46 7 0 71 13 12 10 55 55 78 25 29 80 14 65 96 77 23 87 64 63 62 99 70 ]
[ 5 40 20 6 18 7 34 64 15 86 87 28 98 50 35 6 28 61 35 60 27 52 56 56 75 ]
[ 44 20 90 6 20 12 64 60 33 70 30 40 56 46 7 42 34 88 93 84 23 99 64 36 86 ]
[ 24 63 38 80 19 14 24 40 56 83 12 69 47 24 54 69 54 46 26 0 54 68 86 42 61 ]
[ 70 17 12 34 54 98 10 17 37 91 89 3 67 81 59 50 93 80 49 69 34 71 23 81 97 ]
[ 75 35 17 62 29 31 84 46 43 19 52 42 81 70 31 72 11 34 92 92 45 42 37 26 44 ]
[ 6 12 67 81 93 64 8 80 33 70 9 64 55 8 8 26 60 2 7 82 33 32 93 19 24 ]
[ 37 64 18 26 42 14 32 55 81 65 0 97 74 81 31 96 42 95 51 2 3 29 63 5 89 ]
[ 97 90 21 43 9 97 80 26 67 7 68 82 91 75 15 9 76 13 83 9 44 79 51 39 83 ]
[ 54 95 64 69 52 53 66 43 26 9 4 23 90 30 43 49 51 25 92 26 40 1 54 53 36 ]
[ 63 49 16 15 41 51 21 88 15 90 40 21 8 35 47 18 92 23 60 22 66 61 73 43 53 ]
[ 52 83 7 6 89 43 70 38 11 37 31 62 58 19 30 0 12 3 8 99 50 78 91 25 38 ]

Timer (sort): 79ms real	80ms user	0ms sys
The output is sorted!
[ 8 60 3 53 2 26 32 25 4 16 39 1 19 26 5 41 19 46 23 78 33 30 54 62 31 ]
[ 78 1 30 17 1 34 31 20 33 30 8 30 37 75 3 23 35 41 28 29 62 54 2 8 40 ]
[ 56 62 19 81 58 33 5 32 30 34 23 0 18 51 43 18 34 16 0 7 21 89 5 2 17 ]
[ 6 90 30 5 53 19 6 3 23 40 46 59 90 15 1 0 29 3 69 50 30 33 2 8 46 ]
[ 6 20 90 22 59 71 23 21 97 11 7 56 0 18 50 66 0 31 14 25 18 20 11 1 28 ]
[ 30 26 47 65 15 15 18 15 59 29 90 2 34 26 35 17 66 13 10 16 27 13 75 4 30 ]
[ 19 35 52 18 55 78 41 9 13 40 15 24 14 28 33 41 63 5 24 24 34 24 48 7 36 ]
[ 25 18 25 50 30 61 13 99 7 62 13 50 11 30 18 4 14 25 68 77 15 15 5 19 28 ]
[ 33 3 3 79 95 31 1 5 53 1 42 75 27 49 25 12 0 32 74 11 14 41 54 22 5 ]
[ 44 31 9 1 3 1 36 10 62 21 15 89 54 44 54 15 56 28 16 9 41 42 6 9 95 ]
[ 12 13 98 2 4 21 55 25 7 12 79 62 11 83 25 5 15 46 66 73 10 4 29 7 35 ]
[ 12 52 0 0 71 2 40 9 87 28 33 65 69 8 19 58 29 50 42 65 24 23 4 1 12 ]
[ 22 27 95 51 55 31 12 27 2 6 31 0 13 89 33 11 79 61 14 29 24 9 67 17 1 ]
[ 0 42 39 7 56 70 51 32 13 11 24 31 31 28 1 4 35 48 9 20 0 82 92 57 27 ]
[ 37 27 24 15 66 43 8 29 44 13 55 34 0 35 2 41 30 22 93 16 39 21 63 26 33 ]
[ 6 17 5 61 73 60 3 32 87 43 45 76 46 36 17 5 6 45 26 0 36 24 17 28 23 ]
[ 2 31 20 51 67 7 34 93 1 18 27 43 8 35 39 38 31 15 64 36 1 0 77 18 65 ]
[ 38 54 19 45 20 20 68 4 4 3 21 30 65 41 87 3 17 36 68 40 0 23 11 17 87 ]
[ 39 99 77 35 2 78 9 25 41 1 22 18 3 82 0 22 16 37 2 20 34 17 28 33 88 ]
[ 77 31 26 7 7 67 67 2 2 72 96 1 0 50 93 1 5 41 47 73 2 11 31 15 9 ]

Timer (generate): 4ms real	0ms user	0ms sys
[ 43 34 99 25 12 75 41 76 11 16 82 93 24 91 13 7 84 72 88 22 60 56 43 82 17 ]
[ 51 71 61 62 23 61 57 57 61 34 69 88 76 97 99 92 31 93 68 22 58 75 58 30 15 ]
[ 80 43 71 23 25 40 27 48 2 41 71 63 50 80 76 85 49 64 13 47 16 5 78 9 73 ]
[ 53 67 0 63 50 15 44 93 38 19 70 79 98 70 33 39 94 96 42 74 25 79 24 41 92 ]
[ 23 57 49 53 18 74 58 38 74 22 88 89 18 33 27 89 55 58 88 25 91 79 19 40 21 ]
[ 46 65 52 70 58 44 45 68 93 98 86 67 57 24 41 31 64 82 1 49 62 90 4 20 30 ]
[ 82 12 10 53 52 83 99 69 36 69 79 32 66 47 26 65 34 45 74 10 39 57 75 21 58 ]
[ 24 83 48 81 4 31 63 68 41 16 72 76 16 93 64 37 72 97 4 20 75 21 6 72 47 ]
[ 16 11 4 43 33 14 68 68 14 49 24 45 64 92 38 80 16 15 48 9 79 86 82 28 42 ]
[ 54 55 15 12 28 62 28 91 18 24 76 32 44 45 46 45 69 44 9 14 82 89 30 97 90 ]
[ 92 29 76 26 9 70 80 65 85 44 45 47 72 36 17 48 13 49 92 10 47 37 31 91 46 ]
[ 45 26 88 28 23 30 20 4 6 98 14 28 78 31 13 22 28 12 46 16 29 95 81 30 39 ]
[ 91 29 77 23 73 75 20 99 15 0 74 45 20 79 3 70 45 31 48 28 96 22 8 60 21 ]
[ 76 89 68 58 71 7 49 53 36 24 26 64 97 77 31 97 51 77 70 82 32 40 79 16 41 ]
[ 59 12 15 19 73 36 96 14 56 54 38 16 55 91 4 32 17 68 29 46 0 78 49 29 48 ]
[ 84 61 89 63 29 82 75 42 97 94 67 34 42 33 42 48 71 58 4 62 63 88 31 83 17 ]
[ 77 35 47 79 64 96 63 78 37 78 7 19 53 1 16 0 20 2 94 54 45 43 25 55 47 ]
[ 40 70 87 71 54 4 1 89 51 32 6 99 95 36 36 73 95 7 79 97 24 79 69 78 25 ]
[ 23 75 68 1 31 67 41 1 54 64 7 10 17 49 14 49 55 13 44 43 2 70 38 9 49 ]
[ 87 85 80 57 64 5 80 39 74 33 22 41 74 76 96 91 83 6 8 84 72 10 39 86 6 ]

Timer (sort): 60ms real	60ms user	0ms sys
The output is sorted!
[ 46 67 18 6 40 37 30 38 28 4 3 19 7 20 32 28 74 22 12 27 12 7 39 70 2 ]
[ 14 86 44 33 79 3 22 31 17 26 2 32 10 7 83 55 46 6 0 61 14 5 1 2 33 ]
[ 19 18 55 19 12 19 6 55 7 6 38 4 21 92 0 6 12 21 1 85 9 56 90 46 63 ]
[ 23 37 43 4 28 7 7 9 25 14 16 50 25 59 59 2 2 9 6 83 54 1 16 88 94 ]
[ 8 1 23 2 33 3 8 43 68 20 83 25 6 42 76 10 8 8 79 21 49 24 45 81 4 ]
[ 18 6 49 71 0 19 9 26 10 83 13 31 69 20 24 16 20 74 32 36 21 79 44 6 4 ]
[ 36 33 11 3 31 2 89 41 25 48 38 40 0 27 74 41 64 43 55 19 12 0 34 24 11 ]
[ 27 45 37 58 10 22 22 13 24 73 69 54 21 2 4 1 15 80 4 36 27 65 55 5 35 ]
[ 48 55 82 6 85 36 81 40 6 7 53 9 46 12 29 3 5 24 37 45 13 61 6 6 9 ]
[ 50 14 45 39 60 25 59 99 47 4 42 12 2 54 42 7 66 18 29 16 57 11 0 1 5 ]
[ 16 32 29 43 29 33 2 15 27 3 5 40 89 6 79 51 2 78 71 4 79 10 0 4 62 ]
[ 1 45 63 78 62 1 28 31 23 24 5 23 61 59 50 28 25 25 49 13 13 4 12 84 3 ]
[ 16 33 74 39 20 10 15 63 27 66 93 29 14 20 2 2 2 72 34 11 55 19 46 11 38 ]
[ 19 3 37 7 16 59 33 40 29 26 88 37 50 26 56 74 39 17 25 1 31 29 17 41 11 ]
[ 11 3 72 65 1 22 40 0 6 20 33 13 30 60 63 37 45 10 78 48 36 47 21 38 14 ]
[ 47 10 5 11 46 21 70 24 23 49 52 28 74 76 21 16 38 78 9 47 4 34 10 18 10 ]
[ 29 34 15 34 10 36 1 42 4 65 86 15 49 60 27 28 1 10 43 82 34 21 17 65 15 ]
[ 1 61 9 92 34 53 20 33 25 24 5 89 41 20 41 34 7 4 4 91 18 51 39 13 14 ]
[ 44 72 24 26 61 2 29 8 44 4 60 12 82 2 14 5 52 22 67 36 15 20 95 13 19 ]
[ 15 12 41 3 1 39 41 50 43 13 85 25 7 74 29 80 16 0 34 40 21 31 81 5 47 ]

Timer (generate): 6ms real	0ms user	0ms sys
[ 57 93 28 37 6 92 61 26 93 23 47 5 46 32 82 67 77 42 38 79 95 64 62 2 23 ]
[ 47 51 46 21 30 41 31 75 69 68 82 13 81 60 58 56 60 63 2 92 97 69 21 91 59 ]
[ 0 38 24 14 92 99 13 43 45 35 25 86 18 1 7 38 35 72 19 47 30 76 7 45 78 ]
[ 51 42 0 72 85 59 72 23 35 87 15 86 52 10 31 87 36 69 57 89 28 95 76 0 15 ]
[ 75 82 43 35 27 73 86 21 73 59 6 85 83 81 72 22 96 59 75 7 90 14 95 12 72 ]
[ 36 92 67 12 93 34 39 27 77 74 7 51 61 28 76 72 87 13 55 68 86 30 17 45 5 ]
[ 24 87 71 19 51 43 55 44 63 19 89 49 58 16 27 85 23 30 98 4 58 70 43 72 77 ]
[ 63 58 59 80 3 64 4 42 36 75 94 31 82 90 46 1 79 96 12 95 75 49 71 5 47 ]
[ 75 63 69 70 87 98 33 45 58 14 0 74 70 95 62 98 89 94 80 79 40 82 10 88 46 ]
[ 5 63 95 28 20 94 3 36 15 25 23 13 59 21 23 25 21 98 47 68 60 45 57 6 26 ]
[ 88 99 60 98 87 6 56 3 53 84 23 47 40 59 62 17 83 27 76 56 51 53 29 1 1 ]
[ 98 13 46 55 20 72 96 71 32 46 58 38 2 13 43 39 37 90 31 96 4 48 31 32 77 ]
[ 39 35 30 69 36 31 67 49 78 74 21 50 70 92 35 17 3 73 71 16 17 62 5 59 45 ]
[ 2 16 46 85 0 75 25 35 5 46 23 89 13 24 19 87 46 69 10 38 4 79 93 30 50 ]
[ 62 99 65 67 10 62 21 26 60 7 78 35 84 13 93 30 88 82 95 13 1 82 59 22 92 ]
[ 49 79 71 95 9 74 57 60 91 24 70 53 46 49 14 5 27 49 41 93 42 23 33 76 18 ]
[ 46 29 0 57 52 45 7 31 68 2 92 42 59 4 85 35 26 39 81 75 5 38 55 6 79 ]
[ 0 1 2 33 77 20 80 7 73 89 11 70 96 42 38 50 86 33 61 90 18 97 16 9 30 ]
[ 44 14 69 99 21 0 51 22 3 84 51 75 16 10 48 6 21 18 54 15 9 57 1 42 18 ]
[ 43 60 67 60 70 98 56 84 19 7 57 19 58 31 22 94 83 50 11 93 98 69 67 69 23 ]

Timer (sort): 62ms real	60ms user	0ms sys
The output is sorted!
[ 12 3 1 71 38 9 0 1 19 8 58 95 80 7 35 39 10 18 6 7 87 0 5 28 32 ]
[ 11 54 13 4 85 10 7 26 34 45 2 20 1 15 35 32 16 12 98 61 5 32 80 31 20 ]
[ 32 52 11 48 57 29 14 85 12 92 14 17 20 39 20 40 1 43 5 4 16 24 30 14 35 ]
[ 19 22 7 2 3 52 0 8 4 5 7 6 81 18 49 94 18 40 31 72 61 83 49 1 23 ]
[ 56 34 7 42 11 8 41 20 6 36 22 86 25 7 83 9 1 11 59 15 29 5 24 53 66 ]
[ 93 4 40 76 19 69 23 39 2 0 27 34 66 36 1 3 55 25 1 44 1 53 27 17 17 ]
[ 17 8 32 15 4 93 11 51 0 58 33 32 13 1 2 66 69 69 15 44 6 88 8 13 30 ]
[ 88 25 14 68 32 5 70 26 48 5 34 7 10 4 41 12 24 19 83 10 6 38 12 68 29 ]
[ 49 75 10 16 67 53 34 0 29 37 6 19 26 58 34 4 30 99 28 41 11 19 23 11 3 ]
[ 1 41 52 27 55 22 5 78 53 35 26 16 19 29 16 68 33 23 37 17 16 29 14 24 47 ]
[ 18 1 35 36 2 11 88 10 57 5 9 55 5 75 63 26 23 54 4 39 20 29 66 54 1 ]
[ 7 24 50 6 47 4 39 94 88 79 98 32 3 14 14 1 18 20 5 19 19 15 28 58 4 ]
[ 48 12 35 30 46 81 59 36 56 7 8 2 40 15 29 92 31 0 2 37 31 7 65 1 21 ]
[ 62 48 6 7 58 39 11 94 2 31 60 57 14 14 13 6 43 36 13 8 42 55 19 25 30 ]
[ 24 18 55 11 11 67 36 20 91 33 24 55 92 26 15 34 55 29 22 12 4 9 12 38 3 ]
[ 35 32 80 7 11 23 80 18 13 9 7 24 72 70 5 17 34 77 39 28 42 28 11 10 24 ]
[ 18 11 38 19 83 52 20 42 44 58 4 14 52 26 91 65 23 26 5 26 28 17 37 0 1 ]
[ 0 22 16 86 40 25 93 51 2 35 13 18 30 22 29 7 83 1 60 36 52 22 4 11 43 ]
[ 1 15 81 8 30 22 96 3 58 69 3 81 17 26 26 5 22 0 57 10 15 75 30 35 18 ]
[ 15 20 7 27 86 7 7 84 13 75 66 20 12 65 27 62 14 21 5 53 37 0 39 33 9 ]

Timer (generate): 5ms real	0ms user	0ms sys
[ 67 71 33 10 49 8 62 83 66 50 66 75 46 7 76 24 67 56 80 15 50 81 96 25 43 ]
[ 67 52 91 2 80 31 69 4 65 31 53 25 46 88 43 96 6 18 42 13 46 18 81 2 98 ]
[ 48 53 79 45 30 74 12 82 17 66 14 49 35 18 66 66 23 43 64 11 87 61 17 57 55 ]
[ 83 4 74 64 58 72 64 63 4 9 93 78 73 27 96 39 42 97 26 12 15 45 36 58 9 ]
[ 99 97 70 69 7 78 52 11 4 68 21 28 32 85 32 94 78 11 19 58 59 59 52 56 37 ]
[ 64 23 82 52 33 92 52 31 14 73 38 44 77 1 48 45 22 77 29 59 61 75 90 24 95 ]
[ 48 83 6 0 91 43 64 66 26 17 0 70 21 83 84 46 73 29 23 74 29 20 48 58 1 ]
[ 60 20 29 50 44 76 98 80 82 98 23 77 14 90 55 31 90 77 4 73 62 2 46 43 77 ]
[ 72 24 49 72 83 51 32 3 32 82 99 8 80 79 42 78 55 71 93 45 27 76 35 4 33 ]
[ 60 18 35 6 13 65 30 90 14 2 73 17 35 28 49 69 27 9 50 59 51 80 14 23 25 ]
[ 11 2 54 46 58 39 58 29 74 16 42 91 46 32 6 0 57 23 35 85 25 57 65 34 7 ]
[ 76 86 39 42 61 65 53 63 71 99 73 10 9 2 36 25 97 28 71 29 34 71 39 9 59 ]
[ 76 86 16 41 21 75 69 59 14 11 20 31 64 35 2 15 8 12 24 11 1 49 8 29 20 ]
[ 89 15 44 28 76 3 57 63 19 98 84 46 20 43 60 31 15 92 96 50 46 11 58 11 36 ]
[ 21 12 85 29 93 58 71 8 2 51 84 57 8 99 28 59 83 74 79 78 34 10 93 78 58 ]
[ 95 77 70 6 88 58 27 52 95 9 45 53 80 53 7 83 89 64 92 89 92 3 24 66 34 ]
[ 55 53 44 0 83 3 96 60 25 2 48 83 81 0 78 90 45 84 22 50 91 6 92 8 50 ]
[ 33 52 5 57 19 39 12 24 83 13 7 38 61 68 15 63 68 50 96 21 29 87 18 65 61 ]
[ 69 8 19 13 16 69 46 69 26 3 40 65 68 16 1 33 23 91 94 43 7 57 12 57 5 ]
[ 33 38 92 51 3 6 72 64 25 85 32 47 31 53 73 87 93 39 55 61 92 88 37 83 82 ]

Timer (sort): 64ms real	70ms user	0ms sys
The output is sorted!
[ 12 34 19 42 25 9 37 6 8 71 19 88 21 6 24 5 28 3 1 47 0 22 52 39 53 ]
[ 95 26 29 52 54 2 11 5 17 28 39 39 17 31 23 44 6 11 81 29 22 2 6 4 15 ]
[ 30 14 61 18 42 5 23 43 32 31 30 25 0 8 17 22 35 55 37 23 69 31 12 6 36 ]
[ 52 37 11 7 86 0 8 2 60 23 48 0 39 3 7 90 14 6 69 26 49 7 40 12 32 ]
[ 18 11 30 39 10 11 30 8 64 16 48 58 11 1 82 53 21 44 26 19 78 15 27 0 12 ]
[ 25 57 19 55 0 6 36 19 14 7 34 15 67 41 23 25 36 92 2 29 31 36 45 18 2 ]
[ 1 12 8 48 16 72 58 16 10 17 42 79 37 26 12 19 23 7 26 21 53 0 88 38 20 ]
[ 55 26 46 16 9 91 8 10 18 53 5 63 65 13 67 35 44 7 1 14 21 0 1 53 46 ]
[ 7 12 40 3 28 43 52 12 23 21 48 87 10 64 45 38 4 13 3 28 46 63 35 9 39 ]
[ 63 0 31 68 69 7 77 25 26 11 16 12 29 9 16 54 60 74 5 30 9 10 31 34 9 ]
[ 0 2 82 22 11 50 5 46 17 56 25 23 49 11 9 10 28 35 58 85 8 95 22 8 18 ]
[ 34 28 23 5 58 1 0 46 28 25 10 58 28 20 90 3 12 33 8 53 54 73 2 14 78 ]
[ 76 86 16 41 21 75 69 59 14 11 20 31 64 35 2 15 8 12 24 11 1 49 8 29 20 ]
[ 26 18 22 20 43 27 14 1 75 51 93 4 3 2 80 6 51 30 73 7 55 21 7 36 32 ]
[ 11 19 35 70 31 61 73 24 50 12 26 32 10 6 29 39 93 24 5 4 67 5 9 65 3 ]
[ 9 24 32 42 4 25 38 32 29 36 1 25 19 94 51 40 22 42 15 20 9 43 52 86 15 ]
[ 29 46 71 1 2 11 1 2 57 86 73 99 29 8 46 21 7 0 4 64 27 69 23 30 6 ]
[ 40 52 15 6 69 71 2 61 25 16 30 51 12 3 14 59 54 54 31 38 7 14 15 22 53 ]
[ 36 5 37 57 15 19 30 89 74 12 41 40 73 23 10 10 37 26 4 31 53 35 25 21 11 ]
[ 1 10 1 9 43 48 0 43 20 36 24 37 9 40 20 54 29 98 21 11 51 87 76 11 38 ]

