Timer (generate): 111ms real	100ms user	10ms sys
[ 79 70 80 79 99 43 94 25 60 34 74 58 90 7 78 92 51 92 82 46 20 68 94 83 6 57 46 48 89 17 30 68 87 10 0 38 5 46 63 66 80 89 76 70 97 7 15 0 51 49 ]
[ 99 71 70 93 54 76 2 0 77 92 69 59 12 8 21 64 47 26 10 62 44 42 52 73 65 1 80 80 1 31 81 0 54 51 46 8 28 48 60 57 92 82 16 5 90 37 69 89 15 32 ]
[ 52 60 74 4 85 91 5 17 71 6 0 53 59 54 4 5 14 84 5 26 93 98 8 9 3 51 98 24 40 14 56 92 26 83 96 11 74 53 28 98 12 28 3 71 34 59 28 48 96 33 ]
[ 74 89 31 35 99 86 38 97 63 78 63 19 23 89 54 71 52 81 25 80 79 37 60 34 60 94 93 40 94 89 25 21 79 9 56 30 95 94 79 58 24 43 30 47 32 36 19 85 17 96 ]
[ 17 96 85 30 82 45 24 76 37 19 17 62 40 96 71 48 78 19 94 58 77 18 1 59 18 85 96 37 22 13 33 92 62 18 22 96 15 46 72 4 17 90 66 9 38 90 57 17 9 51 ]
[ 27 38 22 80 98 40 65 46 29 40 11 14 32 25 84 6 22 51 52 46 55 22 36 73 31 27 63 41 96 72 44 23 63 66 55 13 58 72 59 87 12 22 53 96 48 37 2 22 88 7 ]
[ 68 95 81 57 69 12 84 32 53 32 57 98 7 72 16 62 85 27 34 96 66 99 18 20 95 18 57 50 40 98 57 61 93 38 18 62 2 54 47 8 38 56 58 45 28 74 7 13 53 41 ]
[ 9 20 40 27 40 88 98 97 38 90 47 47 51 41 85 21 3 39 27 2 47 65 58 5 10 86 32 69 99 85 11 60 57 3 88 97 43 38 47 81 28 94 28 32 87 65 53 43 57 33 ]
[ 45 4 98 4 62 61 90 46 30 42 83 93 2 41 49 42 38 92 80 37 74 61 32 54 93 19 72 98 62 29 31 60 85 30 64 47 43 6 45 73 0 29 67 3 22 68 97 60 60 30 ]
[ 50 34 91 34 41 36 53 13 34 68 94 66 80 79 48 44 79 91 2 24 16 3 5 35 58 27 3 55 40 64 85 90 50 28 24 43 64 29 56 99 49 2 17 81 82 65 25 13 8 80 ]
[ 37 24 35 95 12 93 74 15 0 14 31 38 56 34 18 32 77 83 14 86 34 15 88 3 97 70 20 74 35 28 54 73 4 41 20 68 86 94 84 87 9 67 77 17 1 95 50 79 30 16 ]
[ 65 16 31 5 19 28 28 39 3 63 19 9 88 24 51 8 92 37 3 28 76 64 96 53 81 49 1 83 28 83 99 45 0 31 51 71 11 79 11 14 94 30 76 83 6 27 91 99 16 94 ]
[ 79 93 10 27 98 92 77 51 27 57 35 79 3 87 62 6 58 73 37 69 40 31 52 16 66 58 95 58 9 11 4 89 4 15 16 55 59 45 6 38 3 93 17 58 80 79 64 39 53 53 ]
[ 60 93 36 12 61 3 71 56 61 80 67 17 21 24 32 90 79 43 35 85 82 38 79 99 96 11 79 12 50 84 17 11 29 54 75 90 57 46 46 70 79 65 87 52 89 72 42 68 15 78 ]
[ 6 97 68 37 97 17 48 76 29 51 60 47 14 89 53 89 31 10 88 77 32 67 94 71 71 84 43 14 52 59 44 10 56 12 47 53 29 48 81 11 99 93 58 13 34 63 54 65 25 42 ]
[ 94 57 61 89 28 33 25 72 47 29 83 91 40 39 55 39 45 85 87 26 96 38 72 6 51 6 69 6 24 94 0 70 3 62 59 83 95 84 7 94 14 90 85 6 30 92 45 27 77 85 ]
[ 53 25 23 77 83 27 84 52 33 60 98 85 30 53 47 42 37 42 78 44 88 44 35 25 50 17 18 48 44 95 33 49 73 56 27 56 83 63 61 68 23 11 54 53 65 1 95 54 96 74 ]
[ 98 36 18 85 62 21 54 80 69 98 27 2 48 0 10 27 9 94 90 22 14 13 33 20 66 50 74 14 4 22 40 3 58 58 40 20 79 95 0 48 45 80 2 93 32 13 72 41 59 62 ]
[ 63 73 75 49 94 94 99 68 60 4 90 0 59 48 10 99 21 90 46 73 90 92 53 45 37 38 58 10 31 17 72 95 42 0 96 88 46 95 8 58 51 98 58 10 99 68 62 72 10 60 ]
[ 45 53 52 51 98 90 89 56 52 20 25 76 67 19 28 15 8 74 11 16 84 14 67 42 25 18 11 39 42 73 99 87 26 4 90 24 46 31 32 98 4 9 26 23 29 55 39 89 81 50 ]

Timer (sort): 4825ms real	4820ms user	0ms sys
The output is sorted!
[ 27 25 62 0 8 35 5 44 60 44 9 26 56 90 81 32 7 86 0 4 14 39 38 14 14 4 46 78 85 26 12 12 4 74 12 12 9 70 56 22 14 17 48 70 8 81 2 15 19 3 ]
[ 23 50 32 26 85 46 2 97 15 78 95 10 71 3 64 18 0 17 31 91 12 10 11 9 28 80 54 0 46 16 39 22 18 23 0 4 21 2 1 36 80 48 46 3 4 62 21 4 32 52 ]
[ 20 29 55 7 8 23 11 14 43 10 58 8 7 98 9 9 14 97 14 41 24 55 9 18 22 1 18 86 18 21 12 39 50 19 98 10 42 9 24 38 19 34 98 27 33 60 88 47 57 3 ]
[ 7 55 2 39 90 66 13 9 38 9 2 83 19 55 1 31 69 18 30 1 18 67 28 33 45 12 5 76 25 6 54 32 61 56 23 3 75 37 12 13 98 66 48 17 21 1 1 43 19 31 ]
[ 63 42 1 0 74 13 27 32 6 12 73 8 21 55 3 44 78 1 1 27 46 20 97 20 58 13 10 6 78 33 15 41 27 68 42 1 34 21 86 92 86 59 0 7 15 3 3 45 56 4 ]
[ 17 2 1 46 51 57 93 23 30 37 47 61 27 30 64 34 2 5 38 17 12 30 89 28 4 47 15 50 7 22 98 76 24 0 22 27 9 67 2 39 5 50 52 84 32 17 18 34 22 9 ]
[ 55 64 83 53 38 12 33 42 11 12 46 25 79 5 14 15 18 34 39 37 79 0 56 12 25 72 66 37 4 7 17 11 23 1 65 62 65 50 4 29 62 2 54 41 8 20 9 26 54 0 ]
[ 96 13 23 31 79 2 45 42 49 25 47 15 80 2 34 3 17 72 30 73 7 5 7 61 81 28 72 50 44 16 23 40 30 46 23 9 0 20 4 1 46 3 16 26 5 51 81 74 23 12 ]
[ 25 4 84 91 38 27 17 53 25 5 1 12 20 28 3 4 23 73 39 1 34 56 95 8 46 4 40 28 20 9 60 45 13 96 36 3 23 54 56 1 11 9 65 32 38 68 36 13 42 76 ]
[ 5 47 78 21 10 37 99 36 68 50 8 64 42 40 9 14 1 67 2 51 41 54 48 8 0 35 10 24 49 5 81 6 52 12 28 14 1 27 2 70 78 10 86 72 3 47 39 4 14 41 ]
[ 94 31 95 14 1 16 3 46 7 37 7 4 1 64 7 36 19 23 41 35 6 83 15 74 11 15 47 11 2 99 60 48 30 7 14 32 23 70 30 82 7 89 39 8 53 46 45 24 22 38 ]
[ 11 33 67 10 31 20 12 53 55 28 76 35 10 48 12 42 46 20 59 11 53 88 9 27 36 4 36 38 39 38 70 2 23 37 13 55 9 25 8 65 5 36 52 15 37 64 10 35 36 69 ]
[ 14 23 39 31 6 42 82 6 21 17 32 53 43 18 5 1 52 3 96 6 11 73 52 8 25 54 31 41 15 79 25 29 54 64 12 60 7 95 18 28 12 2 81 8 20 86 9 24 42 58 ]
[ 24 63 23 85 24 67 22 45 22 52 9 61 77 26 52 41 3 5 3 21 62 39 51 20 13 3 59 78 48 73 32 72 36 55 10 13 22 32 10 45 37 19 6 14 98 10 7 1 15 10 ]
[ 32 1 36 72 58 5 73 2 38 35 22 28 18 98 44 24 67 3 87 49 53 56 53 20 90 33 56 25 24 16 23 9 17 59 81 27 17 6 30 7 41 4 35 12 2 31 36 22 34 23 ]
[ 50 3 81 6 25 18 41 12 14 8 27 59 74 69 87 15 21 13 65 62 25 24 51 73 7 72 33 92 0 59 56 2 14 38 9 39 8 2 3 22 10 31 33 85 0 20 52 21 86 17 ]
[ 85 85 58 14 62 24 22 94 97 40 17 50 7 31 6 56 91 9 33 74 24 9 10 49 1 12 12 49 26 75 27 12 60 85 26 23 9 0 17 6 41 34 8 0 17 15 8 60 24 42 ]
[ 8 96 60 20 90 32 26 32 17 41 11 9 0 7 3 46 66 0 3 13 19 33 27 17 24 52 3 51 12 38 27 20 86 87 41 77 19 19 61 88 13 24 98 13 31 1 12 98 53 15 ]
[ 90 27 34 14 15 33 24 47 3 60 20 6 74 29 81 4 64 2 7 83 82 8 58 82 8 14 4 23 56 22 38 47 1 24 13 16 9 90 64 12 50 36 18 24 18 52 28 34 6 87 ]
[ 27 17 78 25 43 3 42 78 7 43 6 1 7 15 39 59 36 5 8 6 31 1 8 19 27 74 5 44 19 69 76 47 38 54 24 82 10 18 12 17 61 70 19 68 86 10 80 74 15 40 ]

Timer (generate): 81ms real	80ms user	0ms sys
[ 18 12 33 63 56 12 49 31 6 3 68 88 7 98 70 26 98 46 94 48 87 79 53 89 21 93 6 8 9 76 43 27 41 28 91 97 93 92 28 51 95 49 91 55 99 61 81 97 7 76 ]
[ 46 94 7 51 36 28 45 42 36 54 70 31 33 11 12 24 61 5 16 41 8 12 90 99 67 89 61 48 87 20 76 85 67 83 36 55 63 33 97 99 39 19 83 73 31 47 97 44 4 66 ]
[ 85 12 78 76 11 97 17 24 97 4 97 74 41 16 9 78 71 73 63 20 24 55 39 59 28 22 6 77 66 10 43 4 22 73 80 86 22 49 10 20 6 59 46 47 75 55 77 46 80 41 ]
[ 18 5 48 58 64 76 32 71 5 99 33 1 3 56 26 35 42 49 84 4 21 90 64 19 90 39 26 67 38 7 60 56 12 8 66 28 36 99 51 42 50 85 95 5 93 21 92 35 22 28 ]
[ 91 95 71 55 14 61 47 41 28 85 0 41 93 12 49 12 92 86 11 44 80 13 81 75 70 74 48 62 61 23 42 52 70 13 60 37 74 7 78 55 44 78 96 89 42 97 1 86 83 12 ]
[ 82 15 77 63 42 47 89 43 61 50 66 4 55 36 69 15 25 44 74 3 51 18 33 99 7 27 96 9 66 32 73 48 47 3 12 90 2 1 33 64 52 51 20 59 39 89 74 65 85 48 ]
[ 20 36 18 6 35 77 85 84 38 51 16 12 0 63 67 12 5 69 65 90 33 69 41 5 28 81 95 2 46 80 2 18 69 72 24 56 50 10 40 88 61 8 52 61 24 19 25 29 89 91 ]
[ 20 74 60 13 80 89 94 75 43 92 7 98 11 28 70 35 85 20 97 77 9 59 86 13 20 10 33 98 91 74 89 63 48 49 77 80 90 23 55 34 16 15 32 79 43 2 66 80 75 64 ]
[ 58 84 75 96 49 47 6 82 45 49 56 34 13 57 84 42 37 26 65 45 60 33 60 44 12 55 99 31 36 74 95 46 10 70 42 59 17 0 94 63 1 50 49 14 59 85 56 97 12 74 ]
[ 42 24 7 54 69 72 61 68 3 49 94 98 95 4 20 89 15 89 89 9 4 91 12 54 57 71 39 66 68 51 40 62 76 99 68 97 71 30 65 74 31 11 24 27 15 96 68 82 86 10 ]
[ 92 90 53 4 44 10 75 84 28 96 87 20 10 63 20 79 60 43 61 77 70 92 88 94 71 55 91 40 38 29 2 82 19 55 86 16 65 13 52 46 61 39 66 72 55 38 3 67 82 16 ]
[ 45 52 8 85 98 32 93 41 24 83 70 26 65 42 81 51 10 98 16 62 44 78 53 63 50 60 1 5 28 35 21 25 39 81 10 38 65 55 31 89 38 54 67 3 96 48 6 58 99 23 ]
[ 72 43 1 25 58 3 86 60 60 66 47 81 91 87 14 1 77 80 9 8 69 47 62 37 51 10 37 9 68 36 32 40 32 85 18 90 40 56 2 0 22 50 81 13 89 48 66 66 28 75 ]
[ 26 49 23 89 38 26 99 76 35 20 64 20 12 96 5 30 39 46 38 41 98 60 43 80 25 32 80 92 50 8 19 77 57 94 18 48 72 69 24 60 89 40 80 2 37 37 84 28 35 23 ]
[ 69 34 35 65 66 61 49 46 5 0 54 76 29 63 71 47 11 95 16 87 55 58 28 35 12 17 25 96 45 60 71 66 94 59 83 60 72 33 6 29 85 12 5 66 76 28 65 39 24 33 ]
[ 27 79 91 7 67 3 76 92 52 73 52 23 39 99 34 23 59 6 8 66 35 45 78 41 11 6 21 76 46 45 9 25 77 1 84 96 56 60 88 8 33 92 84 24 91 18 99 3 25 7 ]
[ 21 12 52 51 5 15 58 27 91 56 72 1 33 1 54 17 97 62 77 37 71 62 82 7 86 73 77 86 28 54 45 49 67 98 1 72 65 11 99 57 67 24 10 52 77 16 69 75 78 46 ]
[ 12 1 8 94 8 46 20 86 32 48 40 78 50 59 28 51 32 93 62 83 2 81 59 64 33 37 80 54 12 59 52 76 12 12 23 21 58 95 59 43 95 51 21 45 11 1 48 95 46 62 ]
[ 78 1 95 38 65 80 27 46 34 91 57 86 19 69 98 42 42 57 89 1 0 37 53 73 34 16 26 83 11 24 97 41 25 93 31 91 73 58 89 60 49 98 46 69 67 97 63 62 6 5 ]
[ 63 58 42 68 31 76 36 9 11 47 33 9 89 11 54 20 54 27 31 95 39 80 93 86 1 12 35 65 74 41 70 90 99 64 10 82 40 47 91 52 46 76 13 35 87 67 8 41 46 91 ]

Timer (sort): 4647ms real	4650ms user	0ms sys
The output is sorted!
[ 5 17 42 83 3 10 29 11 36 9 8 33 13 39 7 8 93 8 60 91 19 53 26 10 3 17 46 60 7 30 24 12 99 18 47 2 29 28 65 17 37 25 50 3 64 10 11 9 18 23 ]
[ 15 27 21 46 26 14 47 46 36 28 15 10 30 21 60 7 1 29 78 23 71 28 38 52 15 80 22 73 21 21 32 36 0 6 34 26 20 33 24 8 13 40 18 95 13 30 3 14 60 81 ]
[ 2 23 31 70 22 47 23 21 21 23 40 56 0 64 49 37 7 20 34 13 77 75 33 66 13 14 0 11 41 52 17 44 27 1 14 1 48 38 22 22 61 14 30 13 79 79 2 38 51 36 ]
[ 98 21 74 9 13 42 42 2 17 63 9 0 11 11 51 11 95 55 3 22 52 7 22 54 52 0 14 51 42 8 74 40 29 1 1 43 43 43 97 12 58 59 13 21 22 16 33 18 23 36 ]
[ 29 13 62 10 26 59 19 23 7 54 4 95 23 42 8 29 20 63 12 37 23 16 75 46 10 59 3 1 20 92 74 2 5 88 12 31 48 83 6 7 37 10 2 61 53 10 90 25 25 3 ]
[ 35 73 7 0 58 32 75 43 20 30 53 6 22 9 23 63 25 33 40 5 44 19 30 20 69 11 8 41 23 34 40 58 7 99 11 17 31 86 60 4 68 14 10 43 23 33 6 0 18 99 ]
[ 59 28 20 19 34 22 34 0 1 62 90 72 13 63 57 19 28 36 2 1 27 49 48 16 83 48 6 11 94 41 42 5 22 14 24 56 89 10 8 42 25 50 15 38 13 24 57 41 13 11 ]
[ 43 93 18 32 43 82 47 11 47 20 10 13 68 43 42 60 2 2 14 16 19 27 56 12 51 51 41 66 73 55 48 69 0 66 1 44 0 1 7 47 73 17 13 42 12 55 2 14 9 16 ]
[ 68 33 27 16 12 5 5 32 96 16 59 7 8 39 16 54 55 31 17 46 80 66 80 20 2 79 32 7 73 21 20 41 6 47 9 18 52 14 50 0 31 61 8 39 0 76 45 55 8 14 ]
[ 43 50 23 2 11 74 19 18 35 10 26 20 6 54 10 34 41 30 10 69 56 34 23 58 68 54 44 10 76 5 56 19 7 80 73 18 6 45 36 41 7 14 13 14 68 23 48 61 6 59 ]
[ 36 8 0 0 35 0 29 44 89 24 98 29 1 26 19 21 89 14 13 11 50 42 41 42 0 57 0 56 87 38 66 76 46 18 28 33 18 9 30 59 33 28 88 35 6 7 8 95 22 21 ]
[ 5 75 33 5 8 82 40 27 18 61 8 14 3 22 47 90 38 44 38 58 32 20 6 11 14 7 51 16 52 39 75 9 14 8 66 74 42 6 2 60 19 62 26 23 36 26 65 26 70 55 ]
[ 17 60 21 5 12 50 88 46 35 55 44 58 42 15 6 23 27 36 34 84 6 37 25 39 66 85 17 5 48 1 37 65 13 11 22 25 13 11 71 49 18 67 7 13 34 13 88 62 2 22 ]
[ 46 5 7 6 46 17 28 91 0 12 52 35 63 29 8 91 19 11 25 3 1 56 3 8 16 27 72 67 54 83 67 0 40 74 58 38 44 39 29 96 3 34 31 66 15 39 9 34 2 35 ]
[ 8 55 78 77 21 3 81 22 3 14 5 42 21 29 10 15 36 39 38 19 10 15 23 4 70 18 33 76 37 27 22 98 82 52 27 55 7 8 77 62 74 34 5 47 64 67 15 0 6 5 ]
[ 9 16 47 55 46 0 55 56 2 90 31 79 10 15 4 28 98 48 12 0 2 36 9 50 2 7 33 21 94 16 64 55 32 11 11 30 63 18 38 17 8 21 96 18 89 1 47 87 49 11 ]
[ 26 72 84 54 6 17 28 6 10 10 25 55 10 6 14 25 41 47 2 30 8 45 54 3 92 82 21 24 4 88 39 30 12 75 36 18 92 65 76 54 75 1 9 37 59 23 15 0 22 17 ]
[ 59 7 47 2 67 48 57 37 7 91 9 20 15 31 16 14 53 12 15 30 35 77 68 27 21 85 78 7 1 5 12 12 64 11 66 31 11 24 21 18 67 30 38 82 62 6 48 15 70 15 ]
[ 30 26 8 40 7 42 11 35 23 82 20 80 56 9 10 68 21 46 81 18 57 1 20 41 2 40 58 5 19 45 0 50 23 60 90 30 3 2 18 78 36 38 58 44 47 21 13 21 67 46 ]
[ 21 29 58 48 50 36 12 0 31 18 95 8 21 46 19 1 30 22 5 4 12 21 49 4 53 71 50 74 54 94 74 28 23 84 28 25 20 40 26 3 10 73 12 31 19 83 84 2 6 41 ]

Timer (generate): 79ms real	70ms user	10ms sys
[ 75 47 53 5 0 57 80 81 98 19 20 0 77 73 68 26 10 58 9 72 14 50 57 97 43 48 81 25 11 44 98 86 91 51 92 44 60 24 25 59 95 45 59 25 70 79 51 80 90 60 ]
[ 5 4 63 62 53 6 62 34 83 74 78 81 60 21 32 52 65 93 29 90 4 76 87 15 1 10 95 53 42 37 65 47 93 80 61 46 86 24 32 70 98 62 51 58 35 36 63 1 29 44 ]
[ 43 33 20 31 0 74 93 47 79 35 84 44 35 29 25 96 75 63 72 59 85 70 73 89 81 9 25 96 10 6 92 53 91 12 36 91 86 29 39 17 17 75 14 52 5 91 48 32 54 21 ]
[ 92 40 43 17 29 76 26 6 72 88 12 64 94 3 29 30 46 67 12 85 85 81 61 99 33 18 90 33 50 96 6 94 88 50 12 69 78 90 75 51 79 39 67 73 94 48 55 41 16 19 ]
[ 26 53 0 39 4 33 9 46 19 60 42 25 54 31 27 18 52 6 9 28 57 88 19 76 13 14 25 20 55 93 40 33 46 92 25 2 78 34 48 97 46 42 74 53 73 2 71 78 8 32 ]
[ 6 17 20 77 93 85 91 70 58 46 63 50 32 61 42 57 63 20 91 63 69 38 6 44 91 31 46 14 9 6 47 67 23 19 45 68 57 36 91 15 83 54 65 15 68 7 24 83 80 67 ]
[ 47 1 5 53 45 48 84 43 15 94 1 62 61 76 33 6 45 90 95 88 5 78 94 22 45 62 30 21 46 62 88 45 63 94 50 61 94 34 56 61 80 58 75 94 86 9 52 83 99 47 ]
[ 71 57 77 66 79 74 28 61 95 26 75 84 23 91 30 73 4 76 60 60 38 92 70 13 86 57 22 91 40 74 90 64 83 68 30 14 94 10 28 90 37 3 74 12 94 56 86 50 32 98 ]
[ 11 70 90 33 36 29 42 10 20 35 36 10 99 71 30 29 86 25 39 14 67 28 69 41 41 16 49 79 66 81 77 29 4 19 63 92 48 57 2 20 92 91 83 91 62 13 72 48 90 64 ]
[ 14 57 92 36 50 85 52 99 64 70 81 93 0 37 13 15 29 13 72 83 34 17 74 17 60 37 82 85 37 73 49 52 30 93 88 81 79 92 80 95 62 13 41 62 2 54 29 83 67 54 ]
[ 67 53 71 41 22 83 30 5 68 68 78 17 72 60 11 60 41 42 52 74 37 66 39 78 81 42 84 10 25 4 64 44 57 87 38 80 71 68 37 91 36 15 9 60 75 72 20 69 14 24 ]
[ 43 3 91 34 82 72 76 18 34 54 22 51 50 32 38 88 64 61 57 1 53 45 68 14 6 43 86 78 12 52 55 7 55 98 94 89 70 22 60 56 76 82 7 79 66 46 67 30 59 24 ]
[ 83 12 22 51 26 80 95 64 58 59 68 65 19 76 63 13 65 85 35 77 42 64 60 49 43 26 47 62 9 59 39 92 71 61 44 50 93 91 66 3 2 35 69 73 63 32 86 28 18 74 ]
[ 6 12 90 18 13 85 96 13 47 57 72 86 50 43 47 46 45 92 89 12 96 91 99 65 65 62 97 3 42 67 29 0 31 19 70 45 4 19 58 52 76 30 90 78 25 90 76 71 82 65 ]
[ 35 78 9 86 43 74 0 93 29 42 12 59 95 44 30 17 89 35 36 47 39 13 29 29 91 54 19 68 77 2 85 64 32 94 50 76 20 2 69 50 97 33 9 92 77 39 9 66 26 46 ]
[ 65 17 11 94 99 54 1 18 74 78 72 60 95 5 54 97 33 75 0 54 77 97 87 38 89 65 29 50 31 56 48 49 25 11 43 24 66 96 43 40 27 67 0 22 24 7 19 57 34 19 ]
[ 11 11 16 51 49 57 16 78 60 99 86 60 48 12 72 44 36 38 40 31 78 19 99 31 41 75 90 61 33 24 32 96 35 1 47 36 10 15 14 70 15 1 31 15 65 3 11 1 93 4 ]
[ 33 23 23 84 54 65 11 96 78 44 20 62 93 55 63 92 43 74 8 58 96 75 11 27 42 76 82 54 29 75 58 14 99 81 50 5 98 62 2 28 58 22 91 51 30 54 96 73 80 56 ]
[ 83 77 83 46 56 25 22 39 31 4 14 41 18 65 75 69 23 25 83 25 54 41 99 45 45 81 51 93 7 84 49 42 61 32 89 69 9 63 8 93 67 75 34 38 92 61 59 15 87 42 ]
[ 40 41 35 92 86 80 25 89 73 32 73 74 75 86 58 16 56 68 79 16 13 99 91 47 37 84 61 48 51 48 90 92 89 77 36 27 58 61 68 83 46 42 58 73 80 16 89 36 36 20 ]

Timer (sort): 4728ms real	4720ms user	0ms sys
The output is sorted!
[ 1 38 31 76 68 40 99 43 0 14 56 71 3 26 9 23 18 26 5 6 2 60 80 10 36 2 16 10 20 17 27 21 55 11 49 23 3 48 19 3 63 75 27 66 2 88 41 20 14 46 ]
[ 27 15 21 52 49 28 83 16 25 10 42 5 7 33 50 9 30 20 30 27 0 22 9 45 38 69 47 2 42 36 33 70 51 6 22 52 34 58 68 11 20 11 16 27 96 18 36 27 91 18 ]
[ 34 41 32 14 4 20 35 37 25 9 3 42 68 47 8 2 92 89 93 4 98 46 35 31 38 41 52 11 35 31 32 21 24 64 35 28 37 23 18 14 84 21 56 4 21 16 6 13 5 51 ]
[ 44 14 41 95 21 13 56 0 1 8 0 20 6 63 19 10 86 57 6 74 46 50 29 33 23 71 54 0 1 16 48 46 30 41 93 4 55 50 4 8 10 4 28 17 19 99 79 5 9 86 ]
[ 4 67 72 6 22 39 15 31 6 33 18 57 61 5 15 7 33 6 39 89 7 19 75 24 8 67 63 17 79 19 94 83 39 18 41 13 10 57 44 68 90 62 26 3 19 41 10 4 0 2 ]
[ 30 32 16 51 20 63 68 18 33 81 0 76 14 37 74 63 24 12 92 2 19 40 16 11 18 24 34 73 47 42 18 29 26 35 33 47 50 1 17 35 83 18 11 49 7 37 65 32 1 9 ]
[ 17 82 7 4 34 92 52 18 7 33 6 12 19 25 5 14 63 74 59 29 24 95 18 66 19 72 23 15 37 0 25 6 83 32 10 17 77 14 87 36 0 45 1 19 71 6 33 34 80 44 ]
[ 22 5 16 20 1 20 54 78 8 6 15 46 25 57 39 19 34 79 79 3 16 7 39 15 19 17 16 44 20 67 19 43 72 35 15 73 56 69 3 16 75 19 62 52 28 54 71 15 33 51 ]
[ 67 28 50 67 25 34 32 4 32 19 1 44 3 70 2 10 15 34 42 49 1 75 79 8 8 21 15 29 59 20 36 27 0 38 46 78 72 31 82 56 2 35 0 5 57 2 67 72 88 10 ]
[ 22 74 0 40 39 27 14 7 13 25 26 31 50 75 37 13 46 1 65 49 6 29 3 25 47 58 39 26 22 49 12 96 75 65 37 14 44 3 74 9 28 52 40 78 28 30 44 26 31 9 ]
[ 35 19 54 22 5 49 96 80 21 39 24 26 53 27 83 6 0 9 29 53 23 65 93 5 25 41 31 83 15 10 23 2 30 30 24 87 31 20 19 5 11 43 31 65 22 66 23 23 76 4 ]
[ 15 11 56 50 35 15 3 41 1 50 46 80 3 31 80 63 51 21 27 96 54 20 23 46 2 41 28 3 85 39 51 52 2 59 2 37 74 5 30 27 56 28 7 11 11 39 26 63 60 5 ]
[ 2 8 90 7 64 45 16 2 45 7 1 59 43 42 8 10 4 4 34 18 9 45 20 49 36 39 25 30 69 43 71 71 3 13 30 67 59 98 22 4 6 75 15 1 17 75 11 73 79 98 ]
[ 0 43 23 44 38 58 14 51 4 23 21 65 64 27 13 83 16 21 57 36 3 4 13 55 64 10 18 83 5 66 47 5 9 70 1 0 29 15 51 85 39 72 2 55 51 15 38 20 88 48 ]
[ 99 8 12 41 8 10 27 0 0 18 6 18 99 97 64 38 4 58 42 35 5 40 53 14 85 31 20 3 33 48 93 33 8 6 26 16 68 5 69 20 23 27 38 74 24 55 13 80 65 7 ]
[ 55 0 68 25 25 30 2 69 8 51 50 36 70 39 22 91 6 51 39 33 41 32 30 45 2 69 14 73 26 85 10 33 37 30 10 62 13 12 84 21 16 34 10 38 25 32 29 31 36 20 ]
[ 25 21 5 70 14 42 53 10 19 29 92 45 50 56 1 29 43 16 85 33 43 32 54 30 14 40 5 98 61 3 9 38 76 14 8 43 8 13 5 27 42 97 24 45 53 25 26 48 42 11 ]
[ 41 0 13 20 24 75 0 13 26 42 34 31 93 91 18 5 46 1 54 51 36 26 4 10 19 16 26 14 48 62 50 41 14 15 13 91 43 66 4 69 8 38 52 53 81 22 58 79 23 13 ]
[ 27 14 82 0 42 32 17 53 93 53 42 2 63 7 9 73 9 18 33 79 27 52 39 15 47 14 0 47 85 15 45 12 29 27 12 23 11 30 76 4 35 18 58 98 77 20 24 38 38 9 ]
[ 11 7 27 74 0 15 80 84 61 61 0 4 17 75 38 47 31 31 77 22 2 14 7 7 34 90 68 3 13 4 3 76 12 30 2 12 45 34 48 58 96 48 15 13 76 5 12 59 36 89 ]

Timer (generate): 80ms real	80ms user	0ms sys
[ 7 68 36 5 70 34 39 33 58 20 99 9 2 31 38 75 23 78 33 13 80 49 60 64 70 27 89 79 67 65 51 26 85 87 31 55 21 23 41 32 43 40 41 46 71 31 21 94 9 54 ]
[ 60 89 56 72 5 78 51 95 58 70 60 9 96 98 49 80 53 70 3 94 2 98 86 95 44 58 26 18 4 87 24 16 29 80 40 86 11 43 81 69 65 94 30 62 92 79 94 97 2 97 ]
[ 44 56 95 82 52 92 40 30 10 97 70 86 65 99 19 58 85 30 1 19 51 67 65 81 81 9 13 75 58 15 24 54 23 19 37 27 11 29 58 73 26 80 12 44 31 31 2 16 61 55 ]
[ 87 12 74 4 45 55 13 58 82 72 25 6 26 49 78 63 76 89 45 86 15 71 18 27 67 49 58 21 18 71 29 5 83 3 10 80 11 75 39 93 99 16 52 78 17 30 93 46 71 38 ]
[ 84 86 62 3 65 29 52 75 3 70 46 32 28 81 87 90 62 98 65 53 44 65 21 96 43 39 26 36 85 97 75 21 36 37 24 1 18 29 77 21 99 75 5 27 57 93 17 71 43 35 ]
[ 24 87 0 97 83 95 36 61 83 73 11 10 95 47 99 71 0 70 0 29 91 52 5 49 79 14 42 49 37 37 84 13 25 36 10 60 83 47 22 18 72 33 29 19 32 28 91 32 98 43 ]
[ 62 42 95 19 43 27 33 37 28 70 74 64 83 99 52 45 60 35 92 34 53 17 19 34 36 51 63 79 83 13 23 97 7 18 16 50 97 1 39 25 71 14 89 6 13 41 52 25 28 96 ]
[ 11 34 13 82 68 2 33 83 81 69 97 4 18 56 75 35 59 72 36 98 50 60 64 91 18 30 85 22 7 13 71 19 47 84 53 16 38 87 99 20 8 48 24 78 57 51 13 68 76 2 ]
[ 18 78 14 83 69 84 13 54 7 20 20 78 91 19 14 45 87 53 84 39 25 92 39 1 22 96 53 88 16 81 90 35 59 56 18 28 40 31 35 99 51 7 29 95 26 44 40 66 49 24 ]
[ 5 74 68 44 27 90 93 80 78 9 13 20 44 72 76 62 53 69 45 40 68 49 47 98 44 25 94 84 91 95 60 48 21 28 45 48 70 90 29 1 51 42 21 96 67 50 10 20 71 8 ]
[ 60 91 57 59 89 53 36 35 89 80 30 49 28 51 29 25 0 51 15 81 52 67 75 26 15 42 28 77 14 99 85 26 90 94 85 32 47 22 19 36 54 50 37 34 53 18 60 5 70 27 ]
[ 38 74 94 14 52 61 8 80 39 23 31 76 49 74 71 87 58 70 61 77 59 15 79 96 49 85 67 9 90 89 37 29 63 83 95 16 97 3 96 88 78 80 64 80 54 87 67 12 58 28 ]
[ 41 17 95 21 65 44 6 84 6 48 73 95 29 37 30 76 5 27 80 1 15 10 33 32 90 87 19 9 51 29 37 93 46 32 66 64 29 24 48 35 72 74 30 54 11 60 30 16 40 62 ]
[ 69 55 73 3 87 15 42 59 25 46 88 14 39 87 99 57 51 28 81 51 63 5 25 45 59 88 57 42 56 97 4 78 53 29 33 92 97 27 3 74 73 92 88 64 79 87 21 82 67 54 ]
[ 85 82 60 63 79 71 3 37 13 60 34 70 38 39 51 23 32 48 50 35 22 24 79 63 88 58 2 62 92 70 16 78 4 28 93 84 0 96 21 65 56 55 87 46 95 39 69 79 39 20 ]
[ 66 62 96 46 77 36 56 79 98 49 49 15 79 6 95 72 90 95 68 11 13 77 18 0 23 65 91 45 44 31 17 63 45 13 9 22 49 17 1 0 66 3 67 97 61 62 69 51 10 90 ]
[ 14 23 67 32 75 42 50 19 39 46 2 56 9 47 21 70 21 23 88 74 23 6 29 90 4 90 52 25 93 14 15 7 89 34 92 17 77 42 36 16 88 38 25 98 37 46 20 10 21 8 ]
[ 84 44 67 66 86 71 56 91 48 50 5 16 9 95 50 1 12 79 95 0 48 36 90 73 86 79 71 6 89 93 15 25 89 82 43 76 5 52 67 5 54 72 21 63 19 72 17 83 3 12 ]
[ 35 51 0 25 76 86 56 48 93 97 93 60 75 82 94 18 10 51 70 77 56 24 2 78 40 21 2 57 57 5 21 92 57 22 70 33 8 26 33 53 24 78 13 51 61 7 69 71 58 92 ]
[ 1 15 68 3 45 8 76 47 17 85 4 91 78 61 13 0 47 73 26 32 27 2 11 92 5 72 0 75 95 10 67 48 77 35 3 22 96 32 21 13 17 26 4 95 39 69 47 86 43 26 ]

Timer (sort): 4786ms real	4780ms user	0ms sys
The output is sorted!
[ 3 71 25 24 59 94 33 16 25 2 10 63 15 49 56 19 11 34 29 14 4 62 6 36 38 8 5 33 47 91 36 3 14 13 79 74 59 12 42 85 15 4 0 30 5 56 1 17 42 31 ]
[ 55 68 12 20 67 39 67 3 28 74 4 15 40 48 60 3 36 9 58 0 56 90 6 33 27 10 11 41 6 57 37 13 77 1 34 45 92 1 0 21 27 4 88 20 4 0 23 41 10 33 ]
[ 23 29 35 51 8 8 5 19 11 11 3 52 85 38 75 5 50 19 55 5 24 86 78 43 31 70 10 36 29 56 19 4 37 6 7 45 14 12 17 26 75 20 30 13 11 57 18 61 76 25 ]
[ 65 72 48 34 60 5 0 0 65 5 9 17 70 85 24 36 71 43 34 40 27 45 12 72 30 24 97 64 1 17 3 18 41 3 4 2 9 5 54 26 10 15 95 33 0 19 21 24 62 56 ]
[ 3 4 50 72 7 18 2 12 72 15 99 22 6 16 57 8 3 13 82 25 13 10 58 26 33 54 34 7 75 44 14 78 0 16 50 7 34 5 71 7 20 70 81 78 38 38 86 41 4 20 ]
[ 18 0 33 70 3 61 21 67 5 14 20 21 32 22 11 49 0 62 28 55 49 6 71 22 32 51 40 7 35 32 41 5 84 26 28 87 40 1 6 97 15 26 18 47 0 29 97 1 43 77 ]
[ 22 12 4 68 13 18 57 63 33 14 61 33 4 26 65 90 20 22 65 11 21 71 16 27 2 20 8 94 26 70 34 0 34 38 21 0 57 78 63 42 44 24 27 0 51 44 43 23 18 8 ]
[ 36 12 47 5 77 64 33 10 60 3 91 26 18 8 49 8 96 1 19 48 20 12 76 40 91 49 38 0 15 70 24 4 34 23 9 12 40 42 22 0 45 65 26 15 25 27 75 21 29 47 ]
[ 39 58 23 11 42 51 7 64 14 29 16 52 1 29 1 9 11 18 71 9 47 31 70 38 0 23 44 83 86 3 7 25 13 30 36 55 33 43 71 0 24 87 52 78 16 6 39 80 24 10 ]
[ 0 22 34 46 3 55 76 39 30 40 32 20 6 2 18 25 50 12 27 41 1 28 48 37 43 11 24 54 9 50 98 61 25 84 59 80 39 36 19 22 28 51 42 34 6 13 12 8 77 39 ]
[ 98 88 98 14 17 11 40 49 18 4 6 5 8 70 94 37 28 36 6 9 48 26 78 3 0 7 17 5 5 46 54 55 87 4 21 4 15 14 6 86 18 64 43 27 34 38 16 14 74 74 ]
[ 71 97 8 50 9 39 31 14 58 84 36 4 38 2 37 24 49 67 4 5 2 63 28 3 6 35 13 36 61 94 8 84 44 16 34 53 55 17 20 66 2 8 70 92 10 7 17 12 26 21 ]
[ 47 9 2 55 73 75 17 1 2 29 9 32 2 15 20 6 58 76 24 54 38 52 35 87 8 35 30 8 58 3 32 57 64 34 13 38 9 30 39 12 11 0 96 14 68 16 72 26 92 48 ]
[ 10 10 6 8 1 58 12 35 42 66 1 42 44 49 15 52 46 69 12 33 7 59 13 40 1 13 98 57 3 11 51 13 73 57 73 74 15 85 9 9 3 63 51 0 12 18 52 59 87 17 ]
[ 29 45 5 57 33 25 57 81 7 32 31 0 4 95 51 16 5 5 14 11 51 57 60 64 1 75 45 12 74 58 19 55 3 25 12 88 2 22 70 9 54 1 62 10 48 13 26 5 18 93 ]
[ 80 24 90 51 8 5 1 42 40 21 28 14 53 28 16 90 6 3 75 11 46 18 3 38 28 12 38 5 95 24 80 75 0 22 79 60 27 32 3 19 5 31 86 58 11 54 0 17 57 27 ]
[ 11 77 22 69 31 8 48 90 15 78 21 34 46 7 4 7 40 11 28 20 53 37 4 40 54 11 13 25 30 0 26 42 30 1 11 61 9 60 3 76 38 24 11 37 84 67 96 24 78 25 ]
[ 8 4 6 5 23 53 2 28 54 4 18 26 23 49 67 50 63 22 37 16 3 98 3 76 18 29 94 59 56 30 40 16 34 46 22 10 51 24 90 5 80 8 31 4 57 51 6 72 25 43 ]
[ 91 31 77 90 51 52 0 45 26 13 99 12 9 65 35 17 13 25 41 7 44 5 23 1 60 61 79 4 26 22 90 18 53 19 8 5 23 8 50 2 74 1 14 83 66 1 0 31 27 42 ]
[ 83 6 63 19 84 29 87 6 45 56 51 2 62 99 33 4 2 2 65 66 1 3 39 5 89 12 22 85 52 1 4 35 8 19 7 44 48 46 50 45 3 54 48 17 5 33 21 7 36 38 ]

Timer (generate): 82ms real	70ms user	0ms sys
[ 45 9 59 11 84 53 41 94 29 58 70 67 29 42 62 18 86 14 7 4 72 36 69 64 91 13 22 15 20 18 47 17 27 58 29 63 11 22 57 92 81 27 11 62 22 73 80 8 40 87 ]
[ 64 12 75 34 28 19 99 50 34 71 69 33 89 48 43 70 12 7 44 69 99 25 49 11 39 23 36 72 83 76 11 47 40 39 33 69 58 85 71 44 8 40 29 97 41 72 19 53 79 64 ]
[ 74 31 41 75 94 33 98 30 5 33 7 68 33 47 7 18 68 65 3 40 9 12 80 38 61 73 63 33 26 42 97 53 25 90 28 19 23 79 50 80 64 9 49 97 56 8 16 77 74 19 ]
[ 17 35 83 49 26 97 23 89 30 1 83 27 6 9 69 35 80 93 66 30 73 30 39 74 80 48 83 96 25 9 67 42 44 51 91 22 0 66 63 30 68 99 57 74 60 78 61 40 71 79 ]
[ 71 97 62 62 71 42 10 6 38 35 15 57 29 12 60 73 86 60 39 2 90 59 1 99 86 61 78 99 1 49 79 24 98 93 87 22 35 97 28 25 85 96 82 66 60 43 39 98 55 31 ]
[ 0 46 42 1 45 28 14 75 80 16 77 11 92 75 4 79 97 91 29 78 16 66 26 50 32 38 45 24 36 1 7 37 99 49 90 96 30 5 72 10 73 49 21 65 24 77 97 74 68 78 ]
[ 4 36 44 30 38 28 20 36 4 56 89 11 45 88 61 36 84 43 93 8 53 66 57 26 83 34 55 32 60 75 10 64 11 6 46 1 87 66 37 91 22 26 3 68 14 16 56 51 59 49 ]
[ 59 64 67 17 42 50 3 97 83 63 72 45 27 35 4 73 36 91 39 74 34 13 0 89 33 67 57 89 18 16 90 29 32 57 98 74 60 1 23 95 64 47 40 43 82 96 68 19 87 59 ]
[ 45 74 73 97 63 6 16 21 48 86 89 90 16 74 48 14 0 8 68 24 55 84 71 95 28 6 44 48 77 83 8 22 57 81 71 73 39 88 46 39 74 87 30 42 61 30 57 62 90 77 ]
[ 38 45 61 61 92 89 67 36 38 44 20 98 18 29 31 42 2 22 82 48 62 56 36 44 51 49 26 60 11 16 37 1 13 98 63 5 40 30 94 30 27 66 28 45 95 59 39 50 81 21 ]
[ 50 95 30 86 91 81 88 17 41 51 85 78 53 98 28 16 56 68 98 2 50 25 68 78 71 15 89 10 65 23 84 16 70 14 54 62 95 42 31 36 94 17 66 99 67 46 15 75 67 13 ]
[ 77 17 39 45 96 62 13 37 24 78 60 8 94 31 22 1 45 69 43 76 57 89 93 75 88 13 22 55 88 89 69 66 6 60 63 54 74 76 44 98 55 4 59 1 87 81 54 32 3 98 ]
[ 9 60 39 54 36 80 67 58 35 56 99 56 74 5 16 37 12 90 66 56 41 73 12 0 26 0 33 81 32 36 31 41 97 70 96 85 2 15 43 38 23 42 94 97 99 63 87 63 5 5 ]
[ 19 46 78 84 98 56 84 84 37 16 20 68 10 69 91 58 54 93 25 49 31 49 43 78 98 43 93 37 58 98 42 30 97 72 14 47 29 98 31 66 66 4 87 28 25 78 86 80 71 12 ]
[ 81 55 13 25 85 11 20 78 49 30 28 43 60 77 16 74 25 45 24 56 63 43 12 50 71 38 28 10 70 52 74 51 7 39 28 44 50 0 74 51 31 54 95 91 32 63 18 9 60 94 ]
[ 17 23 89 30 74 61 68 54 23 38 6 49 41 65 88 70 9 90 22 35 42 53 90 89 97 22 52 67 83 12 13 0 87 3 30 61 16 98 68 39 88 74 40 30 92 28 52 1 18 74 ]
[ 37 12 80 79 1 29 1 5 96 36 69 9 36 57 64 67 70 80 17 38 71 58 65 11 40 57 91 92 58 62 18 47 74 50 26 28 79 79 85 75 15 55 37 4 12 1 23 34 82 92 ]
[ 73 5 50 38 17 90 95 8 34 5 70 5 5 97 55 83 25 35 63 62 62 30 17 51 34 81 53 9 16 87 2 41 92 52 31 61 95 78 22 81 35 92 86 40 41 42 24 18 77 39 ]
[ 81 91 21 98 43 8 32 48 17 0 87 19 41 79 24 24 93 19 2 15 52 37 59 39 78 1 33 54 19 62 45 52 53 66 51 96 74 35 96 44 35 83 63 28 15 39 52 8 10 54 ]
[ 23 63 91 82 2 21 35 87 27 7 49 72 59 2 91 10 51 17 97 47 61 32 31 77 60 46 16 12 6 27 18 29 90 62 63 44 83 99 31 11 58 32 35 17 34 26 80 37 44 77 ]

Timer (sort): 4713ms real	4710ms user	0ms sys
The output is sorted!
[ 4 32 40 5 22 63 12 65 89 51 4 26 45 27 31 34 30 22 20 39 50 3 29 19 50 27 4 37 58 24 7 14 8 48 20 30 63 84 48 5 36 52 31 33 32 14 20 14 36 40 ]
[ 85 21 35 1 27 37 7 32 35 83 54 21 0 18 19 16 1 4 14 1 10 69 2 91 5 7 90 51 3 92 29 41 65 17 42 92 6 1 76 41 36 31 15 36 1 86 4 2 42 19 ]
[ 20 21 5 16 20 34 30 97 31 1 28 57 49 46 5 26 79 2 20 0 73 19 88 27 13 11 9 7 40 13 19 12 35 77 28 7 63 11 5 95 12 85 52 13 31 9 91 63 11 11 ]
[ 34 21 76 60 23 54 0 17 25 1 30 19 46 27 36 28 56 44 47 18 4 87 56 99 5 56 31 1 77 27 26 11 0 3 23 23 9 23 92 87 24 74 6 23 2 42 3 10 38 2 ]
[ 4 2 29 81 9 55 48 38 25 45 22 23 23 15 82 61 33 32 6 11 32 16 67 26 17 18 23 18 22 29 88 26 31 17 7 40 24 55 30 1 0 4 24 76 20 6 89 5 91 95 ]
[ 47 28 42 70 8 23 40 18 7 20 4 24 22 83 54 49 5 19 26 39 25 85 25 22 11 32 33 44 30 12 63 77 41 6 0 1 29 40 71 36 12 76 61 34 11 67 35 16 38 13 ]
[ 12 5 67 0 2 73 6 67 73 56 15 9 30 46 21 19 64 60 56 1 24 7 27 24 14 69 15 6 46 44 40 58 2 7 11 4 32 69 23 6 25 91 15 56 37 36 75 53 48 31 ]
[ 3 19 32 3 76 22 86 51 94 4 0 57 8 14 19 16 31 11 33 3 84 16 24 30 14 86 8 61 61 53 7 17 24 39 20 0 62 59 4 56 63 4 65 71 18 37 39 2 0 73 ]
[ 49 7 5 52 14 70 34 8 34 12 46 49 49 21 13 0 49 40 51 49 18 52 76 57 2 8 87 51 62 30 61 63 90 66 15 4 36 1 12 22 13 11 23 15 32 37 15 33 29 19 ]
[ 31 64 41 5 6 33 53 20 31 41 43 5 76 33 14 63 0 42 10 38 10 60 21 0 17 21 14 40 46 6 1 29 22 43 86 28 76 91 1 59 33 96 16 9 29 31 72 29 25 35 ]
[ 21 14 6 27 43 6 44 26 44 55 79 8 63 89 45 13 31 2 8 85 19 59 8 43 46 77 53 3 86 2 96 7 17 2 34 12 9 30 90 53 38 22 13 1 11 11 15 42 65 23 ]
[ 24 22 1 37 33 4 12 7 25 81 85 1 43 4 11 9 23 21 7 34 54 19 94 29 12 38 49 33 1 98 6 25 20 7 15 53 64 79 60 41 60 46 43 55 2 54 64 77 27 24 ]
[ 80 23 11 2 62 33 72 54 32 12 45 66 11 11 22 24 28 29 49 11 74 11 73 8 17 13 63 0 44 70 39 25 94 2 79 8 35 52 14 19 16 11 38 27 23 60 51 3 89 0 ]
[ 12 13 54 56 38 53 75 5 14 27 12 6 14 20 10 26 38 47 29 34 45 6 73 87 6 81 38 24 15 0 21 27 13 76 35 51 81 10 57 47 89 21 54 4 42 16 30 32 16 59 ]
[ 26 82 10 9 65 35 98 13 22 55 34 20 33 54 50 7 38 26 60 69 37 60 2 12 48 3 9 33 31 1 65 9 83 75 18 1 10 68 14 33 23 0 5 9 55 55 68 45 33 29 ]
[ 48 22 9 31 14 9 16 21 27 20 68 52 3 30 6 9 3 31 5 17 35 73 0 51 83 98 11 86 45 44 40 45 18 49 76 32 11 45 5 38 17 25 90 21 7 48 30 11 79 87 ]
[ 0 40 4 88 90 16 28 37 7 0 3 17 51 0 0 71 40 15 42 97 3 37 53 18 78 28 12 35 37 41 40 37 33 45 77 23 13 5 13 21 6 16 90 9 68 90 80 9 6 74 ]
[ 11 29 28 41 48 14 1 0 22 68 47 20 5 37 58 28 46 14 12 5 94 12 36 14 32 22 87 41 87 84 57 50 14 37 92 14 3 45 15 25 65 14 98 23 3 56 3 50 22 15 ]
[ 81 5 8 7 60 47 15 48 89 54 91 6 16 59 51 73 75 40 13 52 77 17 21 48 22 12 39 28 6 42 11 39 48 19 47 8 18 14 8 7 68 0 65 36 11 17 9 87 9 22 ]
[ 26 30 3 35 12 0 10 23 19 28 37 7 7 14 15 9 4 98 95 93 34 2 42 87 0 28 72 36 3 23 67 29 5 70 17 17 22 27 92 93 55 29 0 63 44 67 24 48 66 19 ]

Timer (generate): 78ms real	70ms user	0ms sys
[ 70 44 31 40 48 45 63 84 22 91 46 71 59 87 54 41 56 94 29 67 69 84 50 55 46 48 73 40 78 74 4 1 71 36 93 19 33 57 4 8 0 2 79 59 41 86 0 97 80 29 ]
[ 65 1 66 67 56 64 16 30 4 46 56 61 99 27 97 93 47 30 50 3 38 50 57 70 62 98 56 62 95 88 44 12 89 62 80 45 26 48 27 82 94 84 43 94 63 92 39 10 23 41 ]
[ 65 13 43 22 35 5 72 43 20 68 83 64 80 72 26 12 70 4 60 49 86 7 85 82 53 49 74 92 11 49 33 29 15 76 3 50 82 76 46 2 44 29 18 76 54 96 41 76 0 1 ]
[ 77 38 60 15 20 13 64 95 57 27 96 90 56 11 19 60 14 53 36 60 7 32 41 25 60 47 73 1 75 25 55 53 63 67 68 36 81 84 83 90 11 79 33 68 91 52 80 5 57 68 ]
[ 17 64 52 58 41 64 58 66 66 33 91 73 38 6 40 6 42 73 42 25 16 54 57 49 74 48 53 54 5 10 74 22 26 26 32 67 90 90 85 8 24 76 33 62 82 26 21 77 51 63 ]
[ 54 67 69 11 16 43 11 69 49 16 31 75 38 57 53 71 76 96 13 61 4 37 89 90 52 72 16 25 1 67 40 55 35 10 19 3 53 30 25 55 99 56 30 37 66 84 60 42 80 74 ]
[ 56 36 63 45 26 15 69 94 92 70 14 33 78 1 43 97 4 48 79 29 3 78 38 86 68 4 70 28 98 2 54 54 38 18 52 17 85 73 63 78 44 77 11 74 78 6 23 35 54 54 ]
[ 64 10 85 54 96 53 58 18 33 9 20 88 15 10 58 67 79 43 41 43 21 37 72 84 63 51 90 86 38 97 92 54 7 77 9 55 30 67 73 64 76 93 4 92 55 62 11 35 5 4 ]
[ 30 79 41 2 15 56 5 58 42 95 55 87 50 14 64 59 69 95 78 42 11 7 87 15 51 94 29 62 29 34 67 11 65 60 66 81 69 23 91 63 19 46 50 69 12 15 28 81 10 58 ]
[ 75 73 65 62 88 16 56 69 31 38 55 98 1 21 10 67 54 79 43 45 95 62 43 45 83 7 60 63 88 22 21 15 95 87 29 35 3 37 4 34 27 60 84 29 81 47 48 87 78 91 ]
[ 84 73 5 79 71 88 86 31 51 26 54 73 41 49 60 70 37 15 7 41 2 35 1 38 16 34 85 64 73 16 8 57 41 13 36 12 2 74 44 53 0 50 26 41 51 38 63 88 6 23 ]
[ 82 8 10 83 46 26 70 84 42 43 52 50 53 93 64 89 58 18 64 54 71 16 4 50 58 7 40 73 48 46 96 30 6 6 13 5 32 35 41 75 79 93 77 32 38 41 73 96 59 89 ]
[ 50 83 6 6 85 16 14 25 89 62 24 86 92 30 44 57 35 77 93 76 4 24 21 81 8 60 75 81 8 86 23 59 69 29 65 6 97 31 32 86 45 8 24 37 38 69 47 26 98 92 ]
[ 54 54 16 76 87 24 88 62 57 96 1 80 55 22 61 73 29 58 56 13 97 2 21 21 91 59 42 38 85 92 30 92 46 98 68 86 22 56 48 80 52 1 12 60 24 74 85 53 32 41 ]
[ 66 29 43 87 51 87 98 45 25 36 90 8 28 36 6 48 74 81 4 23 13 8 24 25 20 0 99 57 53 32 99 71 61 94 58 64 81 9 62 59 45 52 19 73 40 77 21 15 10 77 ]
[ 90 23 37 66 49 10 67 0 67 72 32 18 44 46 13 54 62 46 63 24 57 8 28 76 33 69 6 6 36 16 35 26 40 25 44 41 35 11 41 54 84 74 73 80 72 86 34 34 84 98 ]
[ 11 42 58 91 70 44 60 76 50 48 93 86 74 85 63 71 26 98 82 19 52 18 93 77 98 17 63 85 4 0 35 15 42 93 6 64 37 19 41 40 67 86 78 94 23 41 65 1 91 99 ]
[ 20 95 70 14 73 20 83 88 5 87 88 40 54 82 86 13 47 75 32 40 15 51 78 93 97 1 86 62 2 77 14 22 73 84 88 98 4 24 86 62 11 27 2 66 9 40 79 8 16 63 ]
[ 0 83 66 30 29 64 31 15 78 85 45 92 60 70 28 0 68 33 24 6 95 36 33 49 54 95 42 85 55 58 48 56 93 66 38 22 30 70 90 9 7 35 53 19 5 82 20 25 67 44 ]
[ 31 62 32 17 63 38 12 5 23 19 15 23 75 9 90 14 83 20 36 73 81 95 8 35 15 65 17 87 90 84 31 74 98 16 91 13 54 55 19 78 74 86 1 2 47 43 68 31 64 56 ]

Timer (sort): 4416ms real	4410ms user	0ms sys
The output is sorted!
[ 2 4 69 23 1 6 16 81 3 85 12 39 57 6 10 84 56 89 67 16 24 68 27 32 32 11 28 4 14 50 83 16 6 53 40 8 11 8 41 14 45 5 6 2 11 16 38 68 5 58 ]
[ 46 61 14 2 10 6 33 33 41 41 34 4 20 32 12 3 21 18 14 6 46 3 59 23 3 39 40 67 28 47 61 27 8 75 29 18 33 15 3 74 56 37 78 28 70 43 31 43 13 46 ]
[ 73 8 63 79 7 11 19 5 24 31 25 92 3 6 41 37 4 40 18 33 28 1 11 54 58 6 25 91 39 51 14 64 11 77 44 18 40 15 76 16 46 1 9 2 7 2 91 11 95 9 ]
[ 17 27 43 8 45 54 46 10 8 76 35 43 79 33 16 60 12 77 13 6 15 85 56 61 17 35 10 2 33 31 5 2 10 0 63 55 7 9 17 15 38 53 10 17 86 26 29 50 55 43 ]
[ 13 61 13 5 26 49 46 7 20 70 27 38 33 0 36 63 66 72 14 32 76 43 41 3 7 3 5 49 2 36 39 16 49 4 73 75 5 20 35 78 90 14 16 24 14 4 39 32 28 53 ]
[ 35 12 0 33 16 48 4 1 69 10 41 34 15 11 45 87 39 42 20 1 47 55 29 41 95 22 24 29 25 69 11 60 34 11 45 2 11 49 3 81 11 44 67 27 7 12 66 46 6 86 ]
[ 10 23 41 9 79 33 5 50 31 15 41 13 19 59 40 12 44 76 31 2 39 20 20 99 50 0 21 25 11 9 78 21 33 19 30 64 52 88 14 84 3 7 49 22 18 90 34 14 18 18 ]
[ 24 50 7 65 59 57 50 3 31 6 86 14 97 2 32 38 7 58 13 34 10 39 76 52 53 5 22 55 27 0 2 3 2 61 20 14 18 71 17 1 29 55 15 78 9 47 16 16 57 81 ]
[ 24 27 77 2 61 0 82 30 83 43 89 0 9 76 44 86 5 4 74 3 17 23 35 30 47 2 10 5 26 78 51 2 5 28 5 18 80 39 49 15 34 38 16 43 66 60 29 23 16 4 ]
[ 12 85 2 17 24 19 13 70 73 23 23 61 12 71 28 0 25 8 6 56 4 80 75 24 14 55 16 62 35 16 11 48 1 13 17 77 32 30 47 58 53 70 19 17 41 0 17 18 60 76 ]
[ 62 13 1 46 31 6 21 8 48 22 15 56 15 63 44 37 12 66 74 13 0 52 27 81 16 47 36 50 44 56 39 6 69 92 5 53 51 26 13 51 0 28 7 15 43 3 4 56 21 79 ]
[ 37 66 7 98 51 84 50 8 56 7 31 24 49 10 29 14 40 41 42 16 91 7 70 1 4 56 19 14 15 50 49 53 69 8 3 20 44 5 28 0 13 11 77 14 74 6 80 14 47 22 ]
[ 21 8 16 32 84 68 47 12 6 88 93 42 7 13 26 10 61 28 26 23 48 59 33 0 9 17 36 34 1 70 40 22 30 8 7 14 29 6 79 87 94 24 29 53 37 8 15 51 36 41 ]
[ 71 51 13 7 50 4 8 29 38 2 17 92 66 23 25 20 8 36 47 7 41 78 16 45 94 43 15 53 31 20 60 2 72 25 9 22 29 17 4 19 71 21 12 38 44 89 58 4 26 57 ]
[ 18 1 7 51 13 7 77 39 88 84 3 12 10 14 64 88 73 7 5 49 20 30 58 84 43 62 41 9 31 0 52 2 1 12 5 66 19 82 6 59 19 61 24 29 27 40 69 0 47 26 ]
[ 30 45 29 23 55 64 11 51 11 30 32 47 0 76 40 50 10 5 37 28 55 23 1 64 6 61 2 18 36 77 8 18 22 37 41 77 53 5 80 65 35 13 12 35 41 53 38 3 10 75 ]
[ 57 65 16 14 92 35 20 30 31 42 92 80 5 35 19 9 72 47 73 6 11 18 21 38 25 23 96 12 32 38 18 41 4 34 7 48 22 28 78 53 22 23 33 28 10 4 37 83 4 10 ]
[ 10 19 28 39 12 4 0 16 79 10 26 17 99 33 77 96 84 37 25 14 30 65 61 26 29 2 16 24 49 39 25 11 10 54 2 23 10 2 39 42 64 17 59 15 2 88 12 87 25 89 ]
[ 2 64 50 19 20 98 26 36 27 27 12 8 44 29 65 4 17 70 11 7 4 41 66 32 36 13 0 30 89 41 3 91 5 5 62 26 55 40 14 82 20 26 42 64 55 59 20 24 30 32 ]
[ 31 43 76 16 3 57 31 69 3 11 59 13 50 29 20 15 78 19 50 14 71 26 3 11 25 29 20 54 13 49 61 44 44 38 12 99 47 96 68 2 7 28 15 9 9 87 25 40 6 27 ]

Timer (generate): 83ms real	70ms user	0ms sys
[ 53 89 82 30 51 29 91 48 83 80 84 16 65 80 14 54 3 54 89 27 64 77 69 77 35 23 1 98 15 18 22 20 59 56 51 62 85 94 62 21 74 98 89 91 78 4 45 34 58 35 ]
[ 61 23 64 82 52 99 5 53 98 72 23 72 93 35 28 96 49 65 90 12 38 64 10 28 55 41 84 52 75 42 39 88 17 3 22 21 55 79 26 5 51 2 77 96 37 57 92 38 74 34 ]
[ 50 13 98 13 93 5 54 77 10 81 71 49 21 41 5 43 62 60 74 89 17 25 91 94 74 80 3 18 18 29 53 21 42 3 34 35 9 40 12 71 73 36 20 46 77 77 89 39 89 63 ]
[ 80 6 40 71 52 66 3 7 85 22 37 38 95 79 93 81 67 2 21 31 73 46 67 46 92 96 75 33 36 65 48 16 23 40 40 76 7 43 83 92 17 20 82 12 52 75 93 71 30 66 ]
[ 54 55 64 74 53 56 70 29 41 6 46 89 75 69 82 67 97 89 10 81 33 80 53 67 92 5 42 38 28 24 56 83 32 21 9 85 29 79 14 71 38 12 12 65 34 94 32 31 35 42 ]
[ 12 68 22 18 35 67 75 30 57 4 54 13 39 38 34 48 24 16 79 90 87 17 3 51 82 37 46 14 68 81 9 33 2 83 51 37 50 26 19 7 82 26 73 21 64 7 21 88 23 1 ]
[ 79 62 18 34 14 53 23 12 67 91 45 76 76 47 12 79 85 62 6 4 22 40 30 95 62 95 54 35 35 30 36 14 44 7 0 10 60 23 22 27 67 68 56 43 15 68 75 52 82 33 ]
[ 9 56 73 91 3 87 38 10 23 74 40 59 88 36 66 41 47 78 64 69 58 31 89 14 27 57 34 2 61 68 35 70 25 8 62 80 96 0 90 71 74 82 30 15 19 49 56 66 27 72 ]
[ 87 85 4 29 51 83 86 37 85 47 58 72 70 35 80 32 15 28 84 6 51 11 88 34 78 7 35 86 25 62 58 65 0 62 94 3 45 32 93 82 31 51 54 1 86 87 85 1 67 70 ]
[ 59 19 33 48 53 11 7 88 97 33 2 55 50 54 70 44 10 67 76 3 2 7 6 56 61 44 95 46 45 63 68 57 34 1 5 39 64 64 79 13 49 33 21 99 88 91 43 50 10 71 ]
[ 5 12 31 11 21 44 55 16 90 52 31 11 9 17 12 66 56 29 31 35 42 80 21 15 80 61 6 75 11 69 99 16 33 82 79 54 26 86 23 68 90 54 79 52 24 44 70 80 25 1 ]
[ 68 67 34 89 83 66 50 41 41 13 62 92 81 96 26 12 2 4 50 25 73 40 32 52 44 56 48 15 88 73 68 56 93 2 97 28 68 47 69 62 12 84 6 93 80 33 57 82 37 7 ]
[ 60 10 48 44 15 44 0 15 59 88 89 28 97 82 82 94 62 51 42 83 13 6 67 19 0 99 4 57 34 42 17 94 4 17 38 71 61 90 87 73 78 28 53 75 62 35 22 24 86 64 ]
[ 7 51 22 75 23 74 26 27 84 60 21 1 54 26 18 44 49 79 86 88 52 65 16 5 92 30 93 14 54 79 30 14 83 5 41 6 79 67 33 63 28 55 64 34 33 82 31 82 14 17 ]
[ 71 18 34 39 76 79 70 69 45 76 0 28 42 83 33 83 89 12 51 23 76 31 30 92 17 63 27 48 97 93 66 68 11 52 60 39 31 82 8 77 58 9 5 1 92 90 36 34 2 39 ]
[ 57 30 70 39 75 88 2 2 88 51 95 6 20 58 59 32 98 42 14 58 71 24 67 28 77 12 18 14 46 21 53 55 3 76 94 78 64 48 80 52 99 27 11 71 86 70 55 36 12 69 ]
[ 94 36 46 62 64 23 26 83 37 24 56 43 79 59 19 25 38 35 25 70 87 76 98 50 48 36 20 55 72 85 25 18 21 71 32 37 46 58 20 84 82 76 79 13 88 98 90 78 33 15 ]
[ 48 72 92 98 23 92 34 95 99 58 32 24 77 5 47 9 43 94 20 15 30 54 44 9 68 32 7 10 10 92 26 58 64 70 9 39 14 95 35 13 54 67 90 83 25 37 44 68 83 16 ]
[ 83 13 71 27 74 91 11 33 1 21 25 27 32 42 49 41 81 15 36 68 81 42 88 71 77 13 60 22 81 96 38 16 61 9 44 36 0 7 69 54 29 95 33 13 89 83 54 70 50 42 ]
[ 91 31 85 79 54 62 92 67 36 25 63 75 41 24 36 37 60 89 45 82 43 26 29 76 39 18 11 93 40 14 87 31 45 24 10 52 39 54 19 75 79 82 2 73 58 91 10 19 32 7 ]

Timer (sort): 4379ms real	4380ms user	0ms sys
The output is sorted!
[ 21 4 51 27 48 81 15 4 20 3 36 36 14 42 28 0 42 11 4 87 18 34 6 23 29 30 1 45 0 4 41 21 60 92 0 8 26 15 64 98 19 0 34 85 94 15 38 37 78 42 ]
[ 59 8 1 43 8 58 23 20 25 1 36 52 26 20 39 98 84 15 25 0 8 51 10 9 35 28 6 97 6 80 69 17 40 22 12 0 80 35 20 6 88 8 10 15 80 49 13 64 16 38 ]
[ 12 2 13 70 32 51 34 42 36 5 70 0 26 63 14 8 53 18 17 5 20 20 1 37 81 41 72 59 94 21 17 58 75 30 28 8 34 14 2 22 20 25 22 46 88 88 6 41 6 23 ]
[ 99 3 18 12 63 80 37 16 64 57 16 48 26 0 34 46 61 56 12 14 38 37 58 39 37 21 14 2 48 6 6 0 9 76 12 73 56 2 41 73 11 57 21 38 9 7 36 23 15 48 ]
[ 31 29 74 31 19 41 34 50 57 87 20 3 4 1 26 10 26 7 30 27 39 74 51 5 1 61 84 38 13 33 45 96 14 20 27 34 13 14 36 70 1 56 25 6 57 4 16 35 11 99 ]
[ 20 48 10 44 5 1 12 12 43 12 35 16 1 59 15 10 31 95 12 8 45 59 75 41 65 32 13 55 41 4 64 13 5 74 57 10 28 22 74 23 34 61 39 87 20 6 97 4 1 61 ]
[ 31 22 19 21 37 73 21 67 2 3 59 23 46 68 77 3 12 8 28 82 35 51 98 13 67 40 3 43 21 60 9 4 34 28 26 23 53 47 43 55 2 2 78 0 22 7 4 35 15 84 ]
[ 51 74 82 33 43 7 15 96 66 58 9 19 41 40 12 27 23 22 24 22 0 42 22 45 32 1 71 25 18 32 31 21 7 13 6 2 72 21 98 38 31 7 57 25 0 22 4 75 96 28 ]
[ 64 54 2 36 48 24 12 4 28 11 39 6 11 28 49 30 94 4 17 19 32 20 50 63 33 21 61 14 95 58 7 11 13 10 47 61 86 12 17 14 23 56 21 34 37 22 65 31 78 34 ]
[ 45 48 14 22 91 1 55 12 10 34 41 48 13 59 21 14 2 14 84 48 12 92 40 15 19 11 98 12 36 11 96 33 60 10 55 3 11 10 16 22 97 9 22 10 21 43 25 23 58 61 ]
[ 16 73 33 0 89 10 23 54 13 2 22 69 25 5 97 36 1 12 9 23 51 7 16 53 25 65 26 84 7 62 81 23 35 14 75 24 76 51 30 89 5 4 11 30 9 60 19 10 25 28 ]
[ 28 5 63 18 78 48 7 85 15 7 3 63 65 55 42 18 34 56 20 62 1 38 0 22 23 26 55 44 51 23 71 31 28 35 1 6 35 8 44 51 15 47 66 33 54 8 51 41 16 23 ]
[ 1 46 48 73 2 8 18 14 33 40 44 39 12 30 10 90 11 16 20 3 36 38 66 42 17 18 13 5 47 63 4 48 61 4 73 16 13 92 30 46 84 27 85 48 9 47 39 20 15 59 ]
[ 12 30 8 23 81 33 46 63 28 1 44 10 21 76 37 36 13 31 61 46 38 1 75 44 46 16 23 93 15 45 0 27 75 8 2 8 41 0 24 69 2 68 31 23 96 20 12 9 51 73 ]
[ 59 54 46 20 12 11 1 18 39 80 30 1 49 94 9 95 7 7 28 45 78 86 83 11 22 84 27 11 11 82 5 22 36 3 43 0 14 96 18 6 29 0 7 30 46 69 25 53 28 5 ]
[ 15 98 14 32 10 81 8 19 98 31 31 21 18 58 19 41 41 0 17 41 65 78 33 24 8 20 10 39 48 54 15 15 5 29 47 15 62 7 34 61 39 18 82 9 28 1 2 69 54 72 ]
[ 54 21 18 82 42 60 1 18 16 38 29 34 54 20 87 75 86 91 38 21 28 9 1 17 52 26 45 17 16 88 6 22 9 24 4 3 36 57 22 53 47 3 39 1 23 27 29 62 18 67 ]
[ 26 43 72 12 44 31 32 85 21 4 79 5 35 39 19 62 18 18 63 15 9 4 79 63 24 6 73 76 27 36 5 5 31 29 69 27 60 53 13 33 57 44 39 44 36 10 6 6 29 21 ]
[ 66 23 69 7 50 27 22 27 40 62 49 28 57 68 38 15 29 0 11 24 52 30 57 83 44 23 20 6 0 37 21 19 12 91 26 62 18 0 42 11 14 43 39 72 12 30 39 41 30 51 ]
[ 61 22 41 2 2 54 13 48 2 7 23 34 25 30 88 20 14 6 56 45 54 8 35 21 9 15 3 56 38 30 91 52 5 32 6 59 38 71 59 40 78 34 26 3 65 14 24 79 21 80 ]

Timer (generate): 77ms real	70ms user	0ms sys
[ 66 25 89 72 18 85 24 96 44 18 58 82 11 79 39 95 62 46 29 66 59 63 67 48 24 44 40 63 81 48 60 0 74 49 72 44 35 48 92 31 67 50 13 30 81 5 77 43 51 58 ]
[ 62 62 21 29 62 46 25 2 9 7 3 69 7 29 71 31 25 58 31 17 89 50 19 2 81 1 7 58 44 10 17 58 25 38 87 87 36 13 90 46 72 45 67 31 74 38 14 99 96 45 ]
[ 68 37 96 87 92 29 88 51 87 85 62 4 43 87 95 83 26 31 48 68 29 72 13 97 3 39 87 69 38 36 66 58 73 62 46 65 43 86 17 31 23 31 87 67 70 82 2 96 66 50 ]
[ 65 95 22 78 92 77 18 32 46 8 68 12 19 93 27 65 59 70 3 28 53 27 11 41 46 81 75 48 77 41 50 94 37 72 25 29 1 95 61 99 55 81 11 74 75 90 39 34 61 95 ]
[ 14 66 22 25 7 68 58 83 68 87 24 18 82 61 42 7 43 43 54 56 94 9 38 5 84 13 48 23 99 61 70 13 27 92 90 35 60 48 70 80 87 94 98 69 8 92 28 51 87 82 ]
[ 7 81 92 45 39 76 10 87 51 9 48 22 74 75 66 64 62 27 64 32 59 4 27 58 73 35 2 54 38 90 36 97 71 80 43 10 56 53 97 60 15 97 34 89 73 0 6 35 79 22 ]
[ 68 39 26 47 49 52 34 51 6 24 41 94 21 65 75 16 75 83 22 25 43 37 22 29 78 47 30 84 83 9 59 3 48 37 2 49 89 88 1 95 12 94 42 33 59 17 2 87 0 24 ]
[ 12 96 61 86 25 39 34 55 76 17 17 87 72 65 24 26 15 66 14 68 61 26 62 3 11 22 72 13 9 25 37 73 21 50 59 98 42 93 54 70 62 23 57 86 88 33 12 55 99 26 ]
[ 23 13 4 38 68 16 12 41 81 73 66 19 46 39 21 57 37 63 51 43 33 65 66 42 52 7 76 64 62 75 91 38 88 95 28 57 63 40 50 45 13 68 64 11 7 85 68 44 1 71 ]
[ 40 34 37 6 77 89 13 5 53 28 80 96 18 21 92 46 30 7 38 32 52 51 0 16 14 7 54 82 3 55 6 43 41 43 50 70 84 63 75 89 43 8 86 61 81 30 59 11 37 97 ]
[ 43 90 0 43 58 14 2 64 49 5 19 55 49 13 50 99 83 34 14 11 23 10 19 61 71 52 43 83 63 81 80 58 23 81 53 81 47 55 46 96 60 17 3 61 82 53 12 66 39 27 ]
[ 77 15 89 48 76 12 0 20 95 15 53 28 25 76 9 78 9 8 33 7 57 45 25 60 7 7 66 71 25 5 98 54 72 39 54 49 52 6 21 47 21 74 75 46 50 36 76 11 97 61 ]
[ 19 54 7 96 66 66 55 84 37 81 42 88 87 14 79 42 63 31 48 84 31 22 10 58 20 60 47 97 72 44 58 43 98 17 39 16 35 94 1 25 75 43 13 15 57 92 57 73 76 57 ]
[ 9 7 79 20 65 0 32 64 49 56 8 7 99 58 77 38 75 12 33 28 37 60 71 2 75 80 47 84 5 23 42 15 82 21 35 99 73 19 64 22 76 72 82 75 31 11 66 58 23 99 ]
[ 38 13 11 61 15 39 41 14 23 47 37 65 14 19 39 1 71 12 20 35 87 48 7 21 24 90 32 42 0 7 41 38 20 4 99 88 43 93 2 19 92 92 84 6 11 75 59 82 40 31 ]
[ 69 79 80 77 0 56 19 32 98 72 91 91 10 12 95 62 0 91 55 54 10 47 46 46 5 10 22 64 44 14 95 14 93 27 43 93 83 62 77 81 34 68 72 97 32 20 59 32 63 14 ]
[ 39 25 13 85 71 18 95 45 34 40 59 81 54 4 9 49 97 92 63 26 26 50 47 50 47 79 22 58 64 85 24 3 10 37 88 34 7 36 31 93 28 43 74 82 47 83 83 97 28 46 ]
[ 23 6 96 70 56 43 50 79 1 66 16 25 69 27 14 9 13 73 97 44 66 25 87 41 7 35 76 90 32 56 89 7 14 85 78 71 29 80 2 82 98 18 60 67 97 26 28 10 0 26 ]
[ 7 66 51 94 59 11 29 88 53 13 96 42 21 11 28 51 34 9 83 36 91 81 6 3 0 56 30 28 18 82 6 25 48 58 72 60 21 53 0 26 67 96 69 40 7 49 91 41 58 26 ]
[ 29 1 7 88 5 59 96 87 87 14 69 46 92 69 56 64 29 77 17 81 3 36 78 24 76 37 73 19 31 31 45 12 85 4 0 90 63 48 29 3 63 98 49 7 67 5 23 49 34 92 ]

Timer (sort): 4615ms real	4620ms user	0ms sys
The output is sorted!
[ 33 2 49 19 49 33 33 1 5 3 52 67 45 6 81 6 13 53 93 72 40 74 20 1 16 21 44 12 21 95 68 6 50 17 26 99 3 11 52 8 15 5 27 12 11 8 70 77 13 16 ]
[ 12 7 16 41 29 41 19 26 26 51 84 50 4 33 41 90 21 28 24 9 25 12 29 19 0 12 25 18 74 0 50 38 59 66 31 88 7 2 15 85 5 51 87 61 36 28 52 9 8 28 ]
[ 47 13 28 5 0 2 2 97 2 9 73 83 20 6 2 24 45 5 33 69 44 37 2 55 9 0 39 79 8 65 88 56 30 69 61 31 23 15 28 25 24 53 8 45 60 62 21 5 19 54 ]
[ 14 53 14 42 2 55 8 33 42 29 5 49 73 37 50 58 0 21 11 52 31 24 6 94 33 53 81 46 36 15 47 2 21 13 44 23 68 5 8 11 34 14 12 60 3 62 70 4 35 81 ]
[ 28 89 41 93 57 9 97 87 2 18 51 39 20 95 47 11 77 28 68 3 22 70 6 34 33 66 27 22 28 17 17 8 7 10 2 16 19 51 4 73 21 7 13 41 2 12 4 31 40 25 ]
[ 29 7 72 68 2 38 21 70 18 18 31 6 24 25 50 52 22 35 2 48 1 50 33 47 24 16 64 64 33 48 85 14 7 9 35 61 47 56 31 17 27 14 24 51 40 26 55 14 13 58 ]
[ 1 13 18 2 3 4 11 11 51 85 51 25 58 84 79 6 91 13 31 48 39 16 66 46 26 1 9 33 54 37 14 55 2 84 58 5 88 21 68 91 6 20 16 17 56 47 23 0 13 7 ]
[ 25 22 18 21 30 64 11 92 62 62 19 36 20 81 32 22 53 7 46 79 30 95 2 38 15 17 40 69 4 8 35 81 30 5 2 12 21 65 4 83 28 24 19 0 57 3 75 11 10 21 ]
[ 24 58 3 29 61 51 39 4 35 16 68 35 38 10 33 19 66 34 11 18 8 7 92 59 18 7 1 40 5 76 34 81 34 90 63 48 41 54 4 28 22 24 15 60 34 0 32 1 34 43 ]
[ 68 14 57 37 14 56 89 80 59 18 46 63 33 29 4 14 10 36 48 1 32 19 18 0 36 13 0 17 57 9 28 25 24 38 62 38 46 3 70 6 21 17 69 54 46 25 21 8 61 69 ]
[ 24 12 34 7 79 28 63 83 69 18 39 66 18 2 84 79 6 6 67 22 25 52 1 11 39 19 44 46 20 10 33 44 74 19 3 6 0 19 89 21 37 80 39 7 34 23 38 40 29 5 ]
[ 31 50 14 3 4 87 14 24 96 26 5 24 85 19 63 60 33 52 17 35 37 53 10 0 7 70 60 73 24 26 5 55 28 72 10 32 11 25 9 8 3 14 32 88 85 48 0 18 0 70 ]
[ 3 63 68 78 86 56 46 21 61 29 93 22 16 38 41 9 15 13 4 16 19 50 61 9 10 18 29 7 80 7 44 35 70 12 13 8 21 12 30 34 41 23 57 57 13 50 18 81 16 23 ]
[ 69 35 9 86 32 70 40 15 23 7 1 44 10 32 13 16 16 99 49 33 51 40 11 24 15 72 26 28 5 14 91 74 1 0 12 33 22 4 1 46 11 2 42 73 86 55 90 54 7 39 ]
[ 11 84 14 31 34 94 14 0 16 40 4 51 75 9 27 87 19 46 66 54 42 75 38 75 57 26 4 25 41 36 1 4 20 15 88 7 61 2 7 77 43 63 28 18 24 8 5 44 6 23 ]
[ 10 28 72 44 28 65 41 5 1 7 16 7 60 32 11 13 5 22 26 69 45 6 89 75 36 71 6 17 17 1 35 27 29 7 23 58 25 16 63 26 76 31 85 36 64 48 49 21 70 27 ]
[ 42 87 86 47 32 7 10 5 56 43 39 16 25 16 13 22 89 97 2 71 59 33 7 58 74 15 38 67 59 15 21 1 2 7 0 34 66 10 40 22 6 79 39 31 48 4 5 37 2 60 ]
[ 37 61 45 63 71 17 80 50 0 10 5 4 35 65 37 6 60 71 1 42 0 79 57 29 73 9 10 49 82 23 28 19 37 26 35 8 43 15 59 44 25 16 0 12 33 37 18 93 8 19 ]
[ 3 35 51 25 2 11 28 53 51 56 38 0 19 86 5 4 28 4 20 6 61 54 41 96 18 5 16 70 94 20 91 98 7 42 23 61 5 3 15 9 59 5 9 30 92 14 34 72 70 7 ]
[ 12 29 27 18 32 22 43 73 22 4 21 62 67 51 3 12 98 6 98 26 26 9 88 97 31 67 35 18 37 25 26 1 54 5 20 39 28 15 12 2 20 85 17 39 36 20 4 86 78 2 ]

Timer (generate): 80ms real	70ms user	10ms sys
[ 59 97 37 61 81 7 77 25 96 22 34 68 15 37 94 73 3 83 46 94 64 90 28 13 76 76 58 83 8 17 69 67 14 6 80 47 65 57 25 61 80 59 81 95 48 76 68 51 11 15 ]
[ 98 27 5 26 41 33 54 99 69 62 68 38 29 82 96 62 30 62 19 7 75 99 66 9 47 67 37 67 70 48 34 68 27 39 46 20 25 53 72 46 15 40 84 97 23 32 59 5 46 78 ]
[ 64 22 30 30 31 29 49 68 96 20 68 31 40 47 22 39 68 99 92 40 45 7 32 81 56 7 14 15 64 60 46 28 34 28 11 17 57 60 85 5 32 5 88 73 5 11 12 73 62 56 ]
[ 65 8 15 49 89 72 57 3 39 21 16 85 2 50 13 13 68 22 73 5 28 6 63 68 31 68 79 95 93 94 51 58 2 66 59 43 90 16 99 30 90 15 15 92 17 81 5 85 55 30 ]
[ 43 35 88 6 4 19 26 35 66 19 29 17 29 31 36 88 27 26 5 26 56 47 41 24 39 58 57 44 96 12 26 39 48 15 97 4 34 23 39 53 94 21 70 23 4 58 63 31 85 20 ]
[ 57 93 67 50 17 6 61 74 2 57 87 29 48 87 96 97 43 30 72 34 35 66 55 6 41 60 64 56 43 1 77 1 95 96 3 12 55 64 39 9 21 26 38 21 65 86 18 60 69 90 ]
[ 94 4 8 50 10 1 62 27 58 5 28 87 58 23 83 62 88 90 26 27 0 0 5 90 73 22 77 92 82 46 34 76 50 95 26 13 96 40 40 6 98 20 93 56 96 29 18 84 71 97 ]
[ 63 71 49 68 14 22 90 91 14 24 89 1 0 39 48 79 52 96 19 44 3 17 65 48 26 13 29 96 97 1 45 12 24 94 32 38 17 74 29 83 98 18 36 98 10 84 29 14 81 1 ]
[ 59 84 70 76 84 96 89 14 45 38 67 90 50 91 85 34 30 2 8 59 37 6 30 74 56 92 58 86 6 91 39 65 27 9 93 12 58 34 78 3 72 45 93 74 36 30 8 18 84 16 ]
[ 30 22 74 60 48 31 52 58 17 10 50 56 28 77 17 21 41 75 56 71 30 80 16 76 55 5 6 15 23 91 84 5 65 58 65 13 89 69 71 58 32 73 66 60 3 84 81 96 11 89 ]
[ 68 42 70 84 18 25 41 76 92 17 67 76 22 84 35 40 49 24 61 73 35 93 46 1 53 1 37 87 98 49 76 66 43 46 50 13 23 44 89 16 61 9 44 83 45 79 23 95 56 85 ]
[ 68 91 30 14 44 84 16 82 71 14 31 47 32 26 46 82 39 69 78 80 37 39 41 82 75 87 61 98 82 69 35 50 60 66 16 5 2 84 39 25 50 22 24 82 48 70 17 39 92 95 ]
[ 19 29 35 13 63 62 0 77 60 82 46 48 84 59 66 0 16 20 85 55 45 35 77 21 18 77 44 87 16 36 82 87 17 69 0 81 31 0 58 44 34 56 44 18 15 10 19 31 82 56 ]
[ 38 79 43 15 0 13 92 44 0 60 32 83 48 50 52 48 83 36 1 41 80 87 49 24 6 65 86 77 48 20 85 87 99 28 2 99 42 47 96 42 7 28 77 55 30 82 56 13 18 9 ]
[ 6 50 48 56 26 6 21 64 83 69 84 20 8 83 1 11 34 43 10 30 37 17 59 67 25 89 49 81 55 19 42 61 69 90 17 95 97 90 59 32 12 95 5 20 78 6 83 12 49 93 ]
[ 43 38 11 54 5 36 95 54 69 50 25 63 64 94 5 81 41 2 24 52 87 36 47 92 8 77 98 92 90 99 85 85 89 96 91 95 84 86 1 5 89 27 68 53 73 74 86 15 28 10 ]
[ 19 15 98 67 59 7 44 57 99 86 8 84 23 98 33 14 45 69 1 46 75 42 25 95 95 99 69 33 66 50 44 85 17 42 4 77 1 1 86 0 87 95 37 63 45 22 77 90 91 30 ]
[ 36 66 72 14 14 19 13 35 53 79 85 49 16 3 43 21 32 45 74 18 45 13 65 34 76 10 56 54 0 48 84 89 66 9 55 32 28 68 68 81 99 53 82 67 8 26 88 40 71 14 ]
[ 11 68 28 76 3 4 39 11 58 91 59 95 80 78 4 87 10 32 55 30 66 6 84 48 74 44 74 14 37 97 29 48 66 9 24 21 13 63 32 24 55 44 19 87 22 23 27 84 7 82 ]
[ 15 25 41 51 26 67 95 52 81 84 50 62 32 68 71 9 89 37 24 21 61 31 65 80 71 39 55 98 76 14 80 91 92 73 94 18 40 41 70 74 26 72 88 58 40 60 67 29 97 44 ]

Timer (sort): 5076ms real	5070ms user	0ms sys
The output is sorted!
[ 30 11 22 63 54 20 88 35 36 0 28 48 86 73 13 39 85 5 42 0 10 6 19 23 37 25 20 15 6 3 29 36 14 51 0 21 23 40 56 59 40 36 7 26 61 72 18 47 30 12 ]
[ 12 35 6 60 3 37 10 31 16 5 4 8 63 64 23 6 56 17 32 7 7 85 78 18 17 21 5 9 57 29 53 70 17 11 30 20 0 92 3 69 97 8 77 13 24 52 19 81 69 51 ]
[ 7 18 47 42 49 31 54 42 13 27 62 65 85 66 12 26 10 32 1 43 28 50 19 38 36 19 95 33 11 0 7 18 18 7 12 20 38 67 62 4 46 25 69 83 43 33 9 53 17 10 ]
[ 41 39 57 52 2 77 11 0 41 96 5 48 19 38 52 18 28 21 20 23 97 50 31 8 37 13 39 4 8 62 30 1 54 39 53 56 17 16 9 10 12 14 10 83 52 14 2 32 87 74 ]
[ 81 3 24 9 24 57 28 88 47 75 31 6 19 73 44 4 78 0 60 68 16 7 4 39 8 27 80 6 30 24 25 11 27 1 72 3 10 1 44 9 76 75 68 47 0 12 4 78 64 16 ]
[ 3 45 70 8 93 1 72 15 39 89 19 9 37 27 63 3 89 20 6 5 81 6 69 28 1 23 20 12 40 3 0 43 1 22 3 46 75 75 13 14 16 84 75 5 12 39 9 53 59 67 ]
[ 71 35 31 66 39 74 77 36 28 47 25 6 26 1 0 39 3 95 1 26 49 53 12 63 4 71 31 34 42 11 70 13 98 1 31 37 27 9 25 7 8 2 14 34 3 66 73 7 61 27 ]
[ 79 29 32 7 19 33 46 71 75 63 33 4 14 92 38 45 45 6 29 8 9 48 13 41 18 16 30 33 14 1 72 45 31 4 52 2 89 51 73 64 14 58 21 80 3 11 25 0 18 6 ]
[ 36 3 9 43 2 77 0 27 67 40 53 19 55 12 48 89 33 4 7 31 14 25 68 17 63 60 7 56 23 62 30 11 17 39 55 19 16 7 99 83 47 4 55 3 16 55 44 1 12 51 ]
[ 22 7 34 24 28 0 41 12 5 24 40 14 8 35 54 66 7 24 12 6 12 13 17 77 59 9 55 21 36 4 38 58 11 72 35 40 24 76 4 30 52 96 96 60 31 50 26 90 26 38 ]
[ 17 28 31 89 53 13 33 9 17 46 18 20 96 55 88 57 47 27 73 23 14 93 6 26 1 7 48 5 17 77 21 34 5 4 23 10 70 9 19 87 7 38 8 3 93 48 13 40 27 38 ]
[ 51 7 13 47 13 91 52 60 24 38 35 8 3 24 84 9 26 5 2 34 13 18 87 17 2 18 22 51 13 32 63 64 92 29 11 5 72 15 65 96 6 0 4 9 77 88 18 3 45 72 ]
[ 34 17 32 0 97 3 53 27 2 80 24 52 93 31 41 33 39 6 28 37 70 4 18 30 18 34 23 39 28 1 24 63 71 56 63 20 60 69 0 14 49 24 18 42 7 12 27 98 18 7 ]
[ 10 25 97 16 9 22 30 11 12 9 41 7 17 20 32 10 92 50 25 38 43 26 59 65 40 66 65 31 10 18 25 21 43 74 37 4 96 19 16 61 28 9 68 45 29 0 8 73 2 85 ]
[ 13 46 16 43 19 53 32 17 23 27 4 82 10 23 21 0 52 15 69 23 49 51 3 5 98 22 2 11 38 36 57 3 34 74 46 53 27 30 70 2 58 27 36 20 2 58 72 54 73 42 ]
[ 42 6 15 14 50 19 44 58 42 12 44 33 64 21 19 65 4 62 19 63 22 54 60 72 1 29 31 17 0 13 71 43 71 86 9 73 6 5 83 48 18 27 34 34 48 53 0 4 16 19 ]
[ 40 52 25 64 65 18 88 30 10 84 84 71 20 9 14 0 17 10 30 31 2 48 24 67 56 3 64 27 14 9 16 6 13 94 22 31 12 10 61 23 95 45 46 15 6 13 15 23 23 98 ]
[ 2 75 34 37 52 23 23 23 54 21 98 16 75 66 74 23 0 51 54 78 17 27 8 3 10 46 30 0 5 47 49 7 22 36 45 26 11 20 1 65 94 0 81 69 18 7 44 18 10 51 ]
[ 46 38 4 6 1 12 5 13 47 85 58 65 73 88 81 2 12 45 25 37 38 87 43 21 98 32 0 23 2 57 8 0 47 64 6 0 29 11 14 76 49 24 41 74 13 74 28 25 20 5 ]
[ 36 19 48 45 36 27 61 26 21 40 13 8 87 11 5 27 88 10 5 1 10 63 53 53 11 34 0 30 50 1 78 86 20 78 83 8 6 96 34 79 36 0 87 23 11 44 2 0 54 8 ]

Timer (generate): 80ms real	70ms user	10ms sys
[ 69 57 6 77 55 49 12 5 21 27 40 15 10 14 46 60 54 70 89 28 55 10 70 71 13 88 88 9 32 49 94 53 7 53 82 62 2 46 67 76 73 7 91 35 21 37 47 28 59 36 ]
[ 56 66 47 78 37 60 66 25 22 50 75 68 55 34 21 89 96 24 36 15 0 61 74 43 97 48 32 44 76 91 33 84 9 80 15 99 92 33 76 14 36 51 83 43 37 4 33 85 80 21 ]
[ 0 32 82 75 75 79 75 7 76 51 50 9 87 60 41 2 59 33 88 87 0 24 39 35 67 28 91 52 14 72 73 66 4 56 93 32 87 68 91 63 19 42 24 59 54 65 13 65 99 1 ]
[ 52 51 25 43 86 45 24 77 97 38 1 71 4 6 79 98 90 66 18 81 82 38 75 6 49 81 24 62 98 75 64 51 26 41 46 12 86 70 41 36 8 43 59 65 1 38 15 43 56 33 ]
[ 24 90 23 52 49 72 33 73 87 32 48 51 35 74 92 81 38 31 4 31 67 64 74 78 81 27 16 96 70 24 82 47 15 57 99 16 30 84 89 17 16 37 20 3 11 64 37 1 95 41 ]
[ 32 14 57 59 92 39 86 60 87 57 37 69 4 4 27 3 20 9 39 9 78 8 46 50 11 9 14 48 62 62 41 94 28 99 53 73 38 92 33 77 49 22 47 5 26 26 60 46 35 99 ]
[ 7 65 7 5 15 19 14 81 19 28 43 13 23 72 64 28 45 54 20 30 31 21 5 78 26 31 4 86 30 91 86 89 8 45 95 23 16 61 5 36 90 0 49 65 72 13 45 69 67 18 ]
[ 52 98 39 57 29 18 40 85 4 22 77 42 12 85 88 7 61 4 20 18 92 10 18 93 27 43 58 73 64 77 91 16 28 82 25 9 0 18 94 5 40 23 99 4 61 39 63 22 96 84 ]
[ 92 40 46 10 34 74 53 44 99 18 22 90 86 2 24 64 11 25 34 5 30 74 29 81 31 42 73 94 16 69 30 8 9 77 18 95 3 24 40 54 94 14 96 32 16 20 96 79 45 30 ]
[ 84 27 57 65 9 88 59 34 34 75 3 65 83 64 94 2 60 49 26 52 3 72 18 99 4 86 71 1 65 17 83 1 44 92 19 5 32 78 39 67 54 94 84 37 59 30 91 71 31 69 ]
[ 75 34 41 93 85 46 31 56 99 96 25 34 49 70 27 68 27 59 99 67 78 5 13 62 94 72 44 86 95 75 7 70 9 1 15 46 99 46 55 98 94 80 84 44 2 11 64 30 71 63 ]
[ 49 49 68 62 64 63 35 8 1 82 84 8 53 45 61 20 44 60 19 99 58 13 79 43 57 82 6 74 64 29 37 13 31 58 75 95 73 62 55 74 45 91 34 50 89 96 22 33 56 41 ]
[ 84 67 55 15 62 64 49 20 90 13 50 28 26 81 38 54 28 11 68 35 37 65 27 23 67 68 71 90 1 80 31 37 99 38 52 13 55 2 33 45 15 35 25 94 16 15 0 96 78 68 ]
[ 84 15 34 11 91 1 31 14 43 32 46 27 21 45 17 73 58 24 75 44 70 43 79 47 89 48 63 89 44 41 9 28 9 95 91 52 49 22 66 92 6 13 19 27 10 89 53 21 13 28 ]
[ 65 35 23 44 83 12 92 98 53 89 91 15 69 52 10 13 4 59 87 23 4 46 88 75 73 98 64 78 71 78 59 36 13 82 33 48 47 77 98 52 66 90 67 36 94 78 1 51 89 88 ]
[ 74 93 34 14 69 60 64 33 38 36 63 97 72 77 32 57 77 79 35 76 31 1 18 51 89 12 29 90 63 70 79 89 64 65 3 33 25 20 18 64 56 82 13 80 11 45 38 40 76 73 ]
[ 68 60 74 86 11 16 51 92 58 66 62 37 8 26 55 63 11 80 83 82 96 39 64 62 20 27 7 58 67 84 83 88 96 57 74 7 25 77 99 84 44 61 73 4 40 28 67 51 61 51 ]
[ 33 57 42 49 71 14 28 79 24 48 15 7 36 11 17 62 70 42 40 69 78 36 30 52 40 70 32 59 74 93 62 59 3 5 9 74 19 37 5 96 85 72 3 73 83 72 36 53 15 76 ]
[ 74 45 64 57 97 4 27 30 15 53 75 78 13 78 83 22 5 54 11 10 50 49 83 6 22 18 78 10 24 45 86 50 91 50 7 40 6 35 22 74 40 98 52 53 28 87 27 85 41 91 ]
[ 96 44 40 31 50 14 1 80 25 77 78 63 28 21 66 35 61 24 22 84 98 63 34 50 68 14 37 48 0 31 39 48 75 31 31 77 45 32 9 22 62 87 86 90 8 4 77 22 28 52 ]

Timer (sort): 5139ms real	5140ms user	0ms sys
The output is sorted!
[ 62 66 62 51 1 40 2 19 30 45 21 20 41 39 64 40 2 25 11 16 8 15 39 26 6 49 31 19 42 20 55 4 38 17 55 91 9 10 10 40 7 83 60 0 23 76 40 25 1 51 ]
[ 14 26 38 49 73 46 31 14 62 42 56 38 24 1 4 84 30 3 9 83 4 39 6 17 79 11 4 55 1 97 70 15 23 60 16 49 7 0 15 21 94 23 59 18 24 63 3 6 19 12 ]
[ 4 16 20 38 16 16 14 20 63 12 57 11 18 43 4 20 25 51 59 9 52 42 77 73 59 51 19 6 58 0 3 14 17 75 52 33 43 67 6 6 31 15 69 49 58 26 21 35 77 33 ]
[ 84 7 1 25 97 12 11 13 63 63 25 52 22 25 28 4 15 1 5 31 40 87 4 15 0 10 50 64 41 31 37 25 90 90 2 39 55 65 4 18 28 82 23 51 7 3 55 22 5 60 ]
[ 14 74 3 18 69 77 17 37 17 2 12 28 64 65 1 79 10 75 1 72 27 12 52 8 9 19 68 35 3 87 16 17 13 20 87 35 49 4 72 18 58 36 47 22 1 0 53 11 27 55 ]
[ 35 20 63 12 39 43 90 14 50 43 23 57 2 32 7 24 21 3 1 37 28 64 52 83 34 86 14 48 43 4 46 30 24 61 42 16 5 32 30 7 28 5 64 30 38 71 7 59 26 8 ]
[ 49 8 65 22 52 48 60 30 27 15 99 29 43 36 11 10 14 88 34 1 45 46 60 67 51 7 11 37 9 60 89 58 21 6 32 73 7 45 4 34 12 55 16 8 43 27 18 9 15 4 ]
[ 61 5 6 1 51 2 8 19 26 41 12 34 57 47 78 18 60 71 36 18 64 2 63 29 4 16 74 50 36 24 37 97 29 43 50 32 46 10 3 24 4 16 11 61 15 89 79 27 12 16 ]
[ 47 2 61 57 11 2 47 10 41 32 34 3 17 13 40 65 26 90 16 52 25 63 46 35 39 47 94 33 6 30 94 5 32 8 14 43 10 62 5 3 46 40 7 15 5 47 80 31 38 48 ]
[ 14 29 3 15 25 22 2 30 13 39 24 61 12 18 50 8 36 3 15 19 23 46 87 18 0 50 24 10 52 20 9 66 49 12 33 74 34 36 56 48 27 80 61 39 51 12 47 87 67 63 ]
[ 6 69 8 4 45 1 25 37 54 20 78 38 65 62 71 97 59 34 37 48 6 5 32 14 13 37 29 14 40 7 27 46 28 36 3 26 89 28 15 43 0 93 34 66 7 5 63 18 39 1 ]
[ 21 0 15 26 12 79 32 1 14 55 7 5 8 18 84 7 5 88 88 43 24 10 18 58 0 10 61 7 8 73 2 81 25 18 7 90 49 92 91 63 47 50 20 55 68 4 14 25 45 2 ]
[ 47 74 40 4 66 11 2 14 15 61 58 78 25 68 10 6 30 58 16 82 73 11 0 19 7 7 30 44 11 69 84 10 43 25 14 9 88 16 23 3 29 34 33 55 2 43 13 84 1 81 ]
[ 50 54 51 7 41 35 1 44 27 90 18 38 4 15 58 57 19 24 82 2 85 54 3 75 72 33 17 77 54 2 52 4 8 4 12 1 91 13 45 18 55 15 57 11 30 15 20 2 91 2 ]
[ 69 83 20 67 68 53 44 14 40 17 69 88 24 7 3 5 37 17 20 0 8 1 67 78 85 40 43 4 44 23 1 66 6 73 33 74 27 29 40 19 47 9 7 23 16 63 28 5 32 1 ]
[ 6 1 38 42 4 28 14 1 45 25 73 31 48 40 13 77 10 15 4 17 40 18 79 17 44 4 2 34 91 54 55 50 56 93 44 12 21 59 14 18 84 39 50 84 31 15 14 41 31 18 ]
[ 55 4 36 24 58 4 8 21 24 61 37 40 42 13 76 3 68 38 74 2 29 13 12 11 54 6 20 12 12 83 33 67 39 21 44 97 25 52 18 1 65 7 93 7 20 69 11 41 59 37 ]
[ 9 86 71 13 58 40 5 19 13 36 39 30 27 7 14 30 9 17 85 37 60 46 82 31 44 34 6 43 38 50 57 47 36 28 12 47 21 17 18 34 54 57 17 33 16 83 15 25 0 52 ]
[ 33 16 4 20 22 18 34 16 51 96 0 50 44 74 0 56 47 8 28 3 38 95 22 21 39 77 77 88 70 45 37 3 61 41 23 35 12 57 3 15 5 3 65 2 30 65 10 29 25 38 ]
[ 92 25 9 41 50 14 44 15 10 49 4 51 65 51 5 7 45 25 23 44 55 8 47 3 48 33 1 53 20 34 40 13 11 49 6 62 15 2 29 26 52 85 29 69 37 87 28 82 12 51 ]

