Timer (generate): 9ms real	0ms user	0ms sys
[ 80 46 83 20 23 21 28 73 13 79 ]
[ 89 49 20 97 54 66 97 24 14 67 ]
[ 12 78 13 96 93 13 20 44 80 78 ]
[ 27 61 76 62 33 51 35 62 76 49 ]
[ 93 66 50 65 63 56 31 12 80 45 ]
[ 79 44 23 44 40 68 57 12 12 38 ]
[ 42 91 51 18 6 84 21 41 98 97 ]
[ 42 91 63 92 56 78 48 39 90 80 ]
[ 84 22 24 59 66 16 27 76 28 91 ]
[ 66 70 35 17 40 41 53 61 34 4 ]
[ 59 77 47 74 21 56 53 22 95 95 ]
[ 2 80 69 79 91 36 95 71 64 76 ]
[ 62 30 46 49 99 87 42 52 0 77 ]
[ 56 11 6 4 86 79 60 91 1 7 ]
[ 38 56 87 8 35 31 44 82 2 60 ]
[ 58 16 90 57 66 89 96 8 93 96 ]
[ 37 2 8 95 58 94 75 18 37 76 ]
[ 77 75 84 65 83 71 48 79 6 50 ]
[ 39 64 66 81 73 84 70 69 45 16 ]
[ 66 82 18 74 78 76 20 5 46 9 ]

Timer (sort): 1233ms real	1230ms user	0ms sys
The output is sorted!
[ 1 0 11 39 35 3 44 13 1 2 ]
[ 4 27 10 14 30 5 19 42 10 10 ]
[ 56 7 35 31 24 7 3 4 2 8 ]
[ 4 41 14 3 5 50 0 30 16 15 ]
[ 13 23 55 7 2 12 2 1 31 33 ]
[ 28 1 2 1 22 48 18 33 18 14 ]
[ 4 8 20 67 20 14 10 11 24 8 ]
[ 14 16 5 13 19 78 19 6 1 16 ]
[ 16 41 3 10 39 17 17 6 37 1 ]
[ 14 29 7 18 68 9 0 3 24 16 ]
[ 22 61 16 56 3 5 4 8 13 0 ]
[ 19 34 2 27 25 15 7 12 12 37 ]
[ 2 7 1 15 59 56 6 24 17 5 ]
[ 32 30 6 14 69 6 3 12 17 3 ]
[ 37 92 8 6 11 9 3 6 21 0 ]
[ 23 3 10 13 37 24 15 26 16 28 ]
[ 28 26 53 51 3 10 7 6 6 5 ]
[ 18 17 21 23 24 9 0 28 29 27 ]
[ 30 20 0 1 67 21 16 1 41 0 ]
[ 9 5 10 9 4 70 10 29 22 31 ]

Timer (generate): 9ms real	0ms user	0ms sys
[ 85 68 13 26 36 51 91 32 79 22 ]
[ 63 81 58 43 73 90 80 47 76 99 ]
[ 38 45 78 77 81 21 39 33 35 26 ]
[ 28 73 46 93 99 82 45 91 14 76 ]
[ 65 77 57 75 20 82 65 1 29 93 ]
[ 52 67 90 30 45 71 3 36 57 90 ]
[ 62 85 63 8 78 15 91 75 58 57 ]
[ 3 23 35 61 50 7 95 15 60 25 ]
[ 60 12 92 50 94 89 74 49 26 31 ]
[ 40 40 68 55 49 98 70 92 74 80 ]
[ 49 29 55 36 90 5 44 38 72 4 ]
[ 63 32 17 7 35 63 49 9 13 27 ]
[ 40 53 67 60 60 68 58 83 60 84 ]
[ 63 62 14 19 98 56 76 94 94 49 ]
[ 99 9 81 68 17 16 83 18 77 96 ]
[ 45 69 1 12 29 62 81 40 97 93 ]
[ 24 60 7 38 31 6 47 8 52 41 ]
[ 9 3 3 90 23 20 59 7 38 88 ]
[ 3 35 58 5 47 39 19 80 79 16 ]
[ 74 4 28 81 94 12 39 41 72 92 ]

Timer (sort): 1262ms real	1260ms user	0ms sys
The output is sorted!
[ 14 2 6 5 15 32 38 1 16 12 ]
[ 6 16 22 25 38 7 1 11 9 18 ]
[ 10 3 12 24 8 1 38 24 7 30 ]
[ 7 23 28 8 2 13 7 3 31 45 ]
[ 6 64 7 14 28 25 1 8 14 2 ]
[ 13 36 10 38 13 26 11 3 0 32 ]
[ 0 60 11 1 34 22 5 0 41 10 ]
[ 51 14 5 16 42 7 12 20 19 0 ]
[ 1 44 40 1 10 29 11 13 1 37 ]
[ 31 1 10 10 4 10 33 14 66 10 ]
[ 13 7 22 12 55 3 34 9 35 1 ]
[ 7 38 0 12 22 51 18 14 24 6 ]
[ 6 4 16 7 5 25 64 13 6 46 ]
[ 27 4 43 1 55 5 26 5 27 0 ]
[ 2 1 13 58 7 1 39 16 43 13 ]
[ 43 25 4 44 33 13 1 6 23 3 ]
[ 18 5 28 3 28 16 11 69 9 8 ]
[ 22 9 47 0 28 25 11 31 22 2 ]
[ 38 7 40 8 9 22 16 0 23 36 ]
[ 12 5 40 11 9 5 45 55 15 2 ]

Timer (generate): 9ms real	0ms user	0ms sys
[ 36 33 40 5 70 25 68 85 32 2 ]
[ 12 54 50 83 62 1 30 86 75 6 ]
[ 2 4 18 9 88 45 8 99 6 60 ]
[ 7 43 45 99 0 67 76 20 5 60 ]
[ 22 17 67 73 0 29 26 82 67 53 ]
[ 40 21 9 10 83 97 55 91 96 14 ]
[ 3 55 9 0 6 61 67 82 82 72 ]
[ 43 56 89 10 81 42 91 59 76 10 ]
[ 12 17 32 73 27 15 70 35 58 18 ]
[ 1 13 73 10 13 79 71 80 62 5 ]
[ 53 57 62 42 67 43 36 10 55 13 ]
[ 20 67 30 4 93 9 71 63 96 29 ]
[ 82 97 42 7 7 55 87 31 88 1 ]
[ 36 41 58 50 35 77 46 72 87 1 ]
[ 37 59 20 67 64 13 28 35 29 25 ]
[ 17 11 22 11 70 82 19 57 13 7 ]
[ 10 1 0 68 52 35 97 98 59 36 ]
[ 51 96 48 71 15 12 85 96 99 14 ]
[ 21 68 77 95 80 99 77 51 57 42 ]
[ 58 67 44 58 88 48 45 37 98 57 ]

Timer (sort): 1260ms real	1260ms user	0ms sys
The output is sorted!
[ 5 3 9 2 12 9 8 12 14 47 ]
[ 8 12 2 2 7 11 64 29 24 0 ]
[ 52 4 12 12 4 0 29 8 39 0 ]
[ 6 11 5 10 0 21 26 62 16 4 ]
[ 12 34 40 7 0 7 5 19 20 22 ]
[ 23 50 3 11 26 35 6 5 10 3 ]
[ 35 30 3 24 5 12 11 8 30 15 ]
[ 9 5 10 22 1 9 36 44 7 32 ]
[ 43 55 7 1 2 12 2 16 33 8 ]
[ 21 32 9 19 46 11 16 10 3 12 ]
[ 2 21 9 17 18 17 25 44 21 6 ]
[ 8 2 63 17 15 10 23 8 25 19 ]
[ 3 16 12 14 20 40 7 20 54 7 ]
[ 15 7 27 48 11 6 28 10 21 22 ]
[ 14 13 55 4 24 41 10 1 16 17 ]
[ 11 2 27 67 13 25 2 22 0 29 ]
[ 32 1 9 33 8 7 28 5 55 20 ]
[ 54 2 1 8 3 82 4 0 40 9 ]
[ 10 2 46 59 19 4 5 3 2 53 ]
[ 14 28 3 9 11 19 58 13 3 45 ]

Timer (generate): 8ms real	0ms user	0ms sys
[ 8 85 16 50 65 88 64 52 19 98 ]
[ 27 17 44 44 23 5 63 19 31 93 ]
[ 49 95 45 76 57 93 90 56 45 68 ]
[ 46 6 5 14 56 71 54 72 75 73 ]
[ 23 55 91 67 99 66 72 63 38 3 ]
[ 8 87 50 6 63 60 99 6 16 44 ]
[ 26 14 50 31 29 59 54 83 83 30 ]
[ 9 6 37 52 25 36 70 49 51 8 ]
[ 4 12 95 7 18 11 67 69 69 35 ]
[ 65 95 2 16 78 83 27 33 18 62 ]
[ 15 27 21 52 79 46 40 2 96 44 ]
[ 10 52 56 6 59 26 17 78 95 38 ]
[ 66 60 33 68 28 63 51 7 48 69 ]
[ 70 63 49 91 67 80 89 60 82 37 ]
[ 4 93 90 12 51 49 38 20 80 85 ]
[ 58 46 45 43 14 26 6 17 85 55 ]
[ 38 55 18 87 98 38 20 40 98 2 ]
[ 77 2 95 67 66 98 69 56 18 1 ]
[ 41 76 47 38 19 13 16 26 30 2 ]
[ 33 20 57 51 8 8 41 28 48 39 ]

Timer (sort): 1266ms real	1260ms user	0ms sys
The output is sorted!
[ 0 4 44 5 28 46 5 6 5 7 ]
[ 25 7 24 19 21 46 0 9 0 9 ]
[ 2 21 50 11 3 27 21 14 5 13 ]
[ 20 0 7 3 14 16 43 5 5 57 ]
[ 20 6 4 6 8 53 30 18 24 5 ]
[ 0 7 1 9 32 11 6 47 41 20 ]
[ 40 17 0 1 20 26 2 15 35 22 ]
[ 37 1 6 42 9 14 0 15 6 48 ]
[ 20 57 7 5 43 3 21 0 0 25 ]
[ 29 16 29 6 12 13 0 61 10 12 ]
[ 2 4 23 22 48 18 8 17 1 45 ]
[ 0 9 20 58 6 16 5 59 12 5 ]
[ 35 1 15 28 30 17 15 34 12 3 ]
[ 41 43 5 12 47 11 8 15 2 6 ]
[ 37 38 3 8 54 34 2 14 2 0 ]
[ 32 40 19 2 47 7 8 2 28 10 ]
[ 5 45 44 3 23 5 16 38 5 12 ]
[ 8 6 76 17 31 0 12 47 0 2 ]
[ 0 21 17 61 20 11 15 1 36 17 ]
[ 0 5 19 9 99 17 31 4 5 10 ]

Timer (generate): 8ms real	0ms user	0ms sys
[ 12 46 45 63 51 72 98 40 50 86 ]
[ 39 71 18 58 68 88 81 15 14 90 ]
[ 4 24 45 24 52 4 26 12 83 72 ]
[ 84 48 71 81 11 74 53 61 15 55 ]
[ 0 6 26 70 64 46 58 98 61 73 ]
[ 88 66 49 34 42 1 90 68 65 73 ]
[ 93 49 21 64 30 85 38 35 98 5 ]
[ 90 98 12 16 21 28 15 79 26 76 ]
[ 4 15 94 54 1 37 7 91 57 73 ]
[ 64 50 22 38 66 5 75 5 40 25 ]
[ 62 83 76 74 51 97 55 66 28 81 ]
[ 95 33 48 41 87 49 30 94 40 88 ]
[ 67 57 90 42 47 57 99 74 14 91 ]
[ 99 76 74 27 3 26 76 58 44 5 ]
[ 91 91 38 92 85 25 41 15 71 34 ]
[ 55 91 91 46 85 90 3 84 64 69 ]
[ 27 15 45 2 95 0 80 71 58 76 ]
[ 76 2 68 14 94 53 91 87 20 15 ]
[ 21 76 6 64 74 43 6 29 79 70 ]
[ 98 6 38 43 60 33 44 40 4 54 ]

Timer (sort): 1377ms real	1370ms user	0ms sys
The output is sorted!
[ 42 1 5 13 11 5 36 2 27 10 ]
[ 1 8 17 23 25 4 2 5 70 4 ]
[ 5 1 11 9 0 84 15 2 2 30 ]
[ 15 8 27 6 31 30 7 11 6 22 ]
[ 28 79 6 13 35 0 10 4 1 2 ]
[ 21 4 1 46 26 3 4 10 12 52 ]
[ 1 37 0 33 7 2 33 33 11 22 ]
[ 3 14 34 50 4 18 36 3 14 3 ]
[ 18 18 29 43 6 25 2 16 21 2 ]
[ 4 0 10 9 53 30 4 23 17 31 ]
[ 14 43 6 16 58 4 38 1 1 1 ]
[ 25 30 38 22 6 14 13 15 1 20 ]
[ 3 1 25 54 20 30 27 20 6 0 ]
[ 5 73 46 17 0 9 6 1 20 10 ]
[ 59 1 7 7 31 34 5 25 8 10 ]
[ 30 22 19 8 8 34 34 8 8 16 ]
[ 0 28 24 4 6 1 29 7 18 71 ]
[ 54 9 19 11 14 24 10 17 19 13 ]
[ 45 18 0 8 44 1 1 15 50 9 ]
[ 3 6 57 6 84 9 3 2 0 24 ]

Timer (generate): 13ms real	0ms user	0ms sys
[ 83 23 70 25 35 47 73 47 56 28 ]
[ 73 11 20 86 68 15 99 77 35 97 ]
[ 11 54 23 74 7 71 64 74 8 43 ]
[ 98 44 19 20 69 54 67 95 53 75 ]
[ 75 26 87 96 13 7 11 12 84 46 ]
[ 61 96 0 36 22 60 59 86 86 68 ]
[ 82 36 64 53 56 33 59 75 80 12 ]
[ 51 56 90 90 52 3 97 15 67 33 ]
[ 61 80 81 13 68 3 25 80 42 64 ]
[ 48 76 0 64 29 9 97 88 36 78 ]
[ 0 39 86 90 29 38 46 78 5 65 ]
[ 64 66 98 97 31 66 53 57 46 95 ]
[ 73 46 71 73 10 0 34 60 88 23 ]
[ 90 40 62 76 30 44 66 28 74 71 ]
[ 94 90 89 44 88 20 10 41 29 9 ]
[ 88 2 55 59 28 18 11 14 78 51 ]
[ 37 68 91 52 96 73 48 62 2 22 ]
[ 85 48 65 74 92 5 94 54 98 76 ]
[ 63 86 78 71 97 58 89 8 73 19 ]
[ 11 62 39 2 14 87 75 62 49 29 ]

Timer (sort): 1444ms real	1440ms user	0ms sys
The output is sorted!
[ 4 13 6 1 31 2 7 0 16 24 ]
[ 19 11 16 28 5 3 31 19 9 5 ]
[ 4 6 9 5 43 28 13 0 25 14 ]
[ 22 0 21 16 20 13 13 35 14 7 ]
[ 24 12 16 26 4 7 30 1 35 8 ]
[ 4 3 9 42 21 3 32 1 43 9 ]
[ 26 7 2 26 1 8 29 28 39 9 ]
[ 22 4 20 11 72 16 18 3 3 11 ]
[ 6 21 2 4 4 21 59 26 5 35 ]
[ 3 34 1 32 18 24 5 2 57 10 ]
[ 4 36 5 40 25 3 0 46 4 32 ]
[ 3 0 18 22 43 75 1 10 11 12 ]
[ 25 24 7 5 27 1 37 41 24 7 ]
[ 42 24 4 40 16 26 7 28 2 9 ]
[ 8 10 44 58 30 20 17 5 3 4 ]
[ 60 11 39 23 10 5 10 1 17 26 ]
[ 5 8 2 1 28 51 28 39 32 9 ]
[ 9 18 27 10 23 33 11 19 28 25 ]
[ 2 78 7 15 15 23 10 3 18 33 ]
[ 11 0 21 16 19 0 6 23 93 17 ]

Timer (generate): 10ms real	10ms user	0ms sys
[ 68 94 18 0 53 19 25 25 38 87 ]
[ 84 71 75 36 17 18 24 24 83 55 ]
[ 41 10 24 78 26 10 37 83 54 92 ]
[ 70 74 38 40 26 91 59 51 16 98 ]
[ 90 52 69 17 89 39 87 65 63 70 ]
[ 20 5 32 44 35 10 6 24 93 13 ]
[ 16 63 87 54 4 14 97 15 17 65 ]
[ 65 60 17 87 29 58 26 17 75 41 ]
[ 87 95 98 72 92 33 82 50 9 76 ]
[ 63 25 91 3 31 47 17 80 63 86 ]
[ 45 80 98 15 67 28 73 45 45 49 ]
[ 87 84 96 85 56 40 19 39 91 28 ]
[ 67 54 6 58 57 89 6 26 70 21 ]
[ 65 15 1 63 30 21 91 56 66 88 ]
[ 57 53 73 53 91 81 94 10 20 37 ]
[ 90 39 43 48 98 53 38 56 31 60 ]
[ 77 96 27 30 12 10 3 3 66 70 ]
[ 92 23 75 17 28 66 98 74 28 71 ]
[ 11 71 10 55 71 60 60 61 16 91 ]
[ 21 45 88 49 28 0 11 31 55 77 ]

Timer (sort): 1465ms real	1460ms user	0ms sys
The output is sorted!
[ 6 16 14 29 1 19 18 3 1 20 ]
[ 4 35 55 2 0 4 0 22 2 27 ]
[ 35 20 2 19 5 11 11 0 16 36 ]
[ 27 58 0 8 23 16 1 4 3 24 ]
[ 1 35 15 19 0 26 10 55 4 1 ]
[ 21 42 6 10 27 18 18 14 5 7 ]
[ 26 9 24 10 36 37 12 0 6 11 ]
[ 8 8 2 17 11 26 43 19 17 39 ]
[ 8 22 22 8 34 17 18 9 14 39 ]
[ 28 13 18 32 39 25 6 1 25 4 ]
[ 33 8 27 18 9 8 4 3 6 77 ]
[ 9 12 20 0 36 23 14 52 4 28 ]
[ 17 6 18 10 2 23 25 18 1 78 ]
[ 14 36 13 15 37 18 27 1 32 5 ]
[ 12 39 3 58 1 32 6 7 28 13 ]
[ 36 19 45 37 1 12 33 9 7 0 ]
[ 16 61 11 2 32 7 27 13 19 12 ]
[ 1 4 39 27 35 0 35 17 7 36 ]
[ 44 6 40 26 9 23 31 9 0 13 ]
[ 2 0 11 2 6 15 43 13 55 54 ]

Timer (generate): 9ms real	0ms user	0ms sys
[ 52 56 39 80 88 40 33 92 4 31 ]
[ 41 68 96 15 68 87 36 97 31 24 ]
[ 82 24 82 83 82 48 30 51 73 85 ]
[ 22 26 41 61 6 82 53 91 26 57 ]
[ 75 67 77 23 34 45 10 70 42 93 ]
[ 94 76 17 29 59 99 77 41 51 50 ]
[ 27 25 28 20 86 87 2 39 30 28 ]
[ 48 5 47 25 80 82 22 90 52 16 ]
[ 35 99 92 53 80 3 4 9 45 7 ]
[ 11 24 32 92 44 70 79 47 9 61 ]
[ 27 9 19 27 34 99 61 8 90 65 ]
[ 24 77 64 68 30 96 72 87 5 69 ]
[ 94 69 45 79 61 89 49 92 88 11 ]
[ 53 68 20 72 95 7 24 56 15 66 ]
[ 21 92 43 38 12 74 86 36 13 92 ]
[ 5 59 13 2 38 26 92 40 18 32 ]
[ 51 23 0 71 48 47 78 72 55 46 ]
[ 38 29 38 81 67 50 7 53 87 72 ]
[ 97 44 32 62 47 70 88 91 62 6 ]
[ 23 13 82 76 85 30 23 15 54 79 ]

Timer (sort): 1482ms real	1480ms user	0ms sys
The output is sorted!
[ 34 39 0 9 1 2 1 16 43 7 ]
[ 13 8 50 8 30 12 43 0 4 0 ]
[ 0 22 3 70 2 5 7 36 18 12 ]
[ 4 24 35 20 4 23 5 23 25 16 ]
[ 8 25 19 7 34 12 53 3 18 1 ]
[ 30 15 3 1 18 90 14 0 9 0 ]
[ 13 1 18 23 3 29 7 32 17 39 ]
[ 1 1 27 24 56 51 7 7 7 2 ]
[ 6 2 8 1 68 11 55 29 0 5 ]
[ 8 31 4 9 3 62 36 7 0 26 ]
[ 1 11 41 12 8 10 6 47 35 16 ]
[ 3 48 37 8 41 39 6 0 1 5 ]
[ 57 2 31 4 1 8 25 1 23 38 ]
[ 6 19 23 3 57 9 12 14 36 11 ]
[ 9 23 41 10 13 41 25 1 3 25 ]
[ 9 20 5 36 12 25 33 3 40 9 ]
[ 80 1 0 22 8 28 7 41 9 0 ]
[ 11 16 3 16 3 21 19 11 52 45 ]
[ 36 80 0 7 4 2 29 9 24 7 ]
[ 30 36 1 0 10 41 31 9 26 17 ]

Timer (generate): 10ms real	0ms user	0ms sys
[ 92 2 88 12 84 51 13 64 16 57 ]
[ 77 92 36 81 96 96 60 91 49 6 ]
[ 34 54 48 6 49 13 58 4 81 53 ]
[ 1 73 7 89 85 43 93 50 8 61 ]
[ 59 37 54 47 18 2 44 30 93 93 ]
[ 36 27 0 36 85 1 49 43 5 82 ]
[ 49 59 55 8 48 93 52 41 43 60 ]
[ 3 3 97 9 50 67 11 46 49 4 ]
[ 92 38 83 92 26 68 45 76 63 3 ]
[ 58 64 62 66 73 62 59 77 56 2 ]
[ 89 11 57 38 20 8 57 83 54 6 ]
[ 39 98 96 22 90 23 42 88 51 57 ]
[ 43 9 74 5 27 99 19 86 76 75 ]
[ 41 65 86 98 3 58 58 60 93 65 ]
[ 18 32 63 15 6 6 38 48 46 41 ]
[ 58 89 50 32 46 30 31 65 16 7 ]
[ 41 9 24 79 60 27 38 18 39 31 ]
[ 35 57 16 51 24 22 57 14 71 3 ]
[ 55 29 44 58 13 90 88 44 55 56 ]
[ 3 48 66 27 28 26 6 66 96 45 ]

Timer (sort): 1614ms real	1610ms user	0ms sys
The output is sorted!
[ 14 20 18 13 20 7 20 3 9 22 ]
[ 16 2 32 64 2 0 10 27 7 0 ]
[ 4 47 11 3 1 27 12 3 42 13 ]
[ 25 7 10 18 41 35 9 12 2 7 ]
[ 4 31 12 12 17 7 54 8 12 19 ]
[ 30 8 2 28 15 1 10 68 20 1 ]
[ 6 20 56 0 18 33 0 13 0 37 ]
[ 21 6 25 36 17 38 17 12 1 10 ]
[ 7 4 5 70 0 28 24 24 18 12 ]
[ 1 1 7 82 6 4 27 23 9 34 ]
[ 8 2 33 11 4 2 56 12 10 58 ]
[ 9 13 4 10 6 26 32 69 11 17 ]
[ 1 24 41 19 27 14 24 11 27 10 ]
[ 6 1 39 1 16 10 9 72 24 20 ]
[ 25 4 9 9 9 13 93 11 17 9 ]
[ 12 8 7 30 54 16 38 8 16 10 ]
[ 14 1 7 4 61 28 43 1 2 41 ]
[ 37 88 10 12 7 2 3 4 8 34 ]
[ 58 4 54 3 12 3 0 31 5 36 ]
[ 5 52 11 16 9 1 49 2 50 12 ]

Timer (generate): 13ms real	10ms user	0ms sys
[ 64 31 81 1 5 51 24 7 75 70 ]
[ 47 72 26 32 56 20 14 28 60 91 ]
[ 37 38 86 96 47 91 8 52 56 85 ]
[ 13 72 68 46 74 26 49 50 33 24 ]
[ 72 80 96 98 12 5 70 27 85 30 ]
[ 70 22 20 56 19 20 99 79 72 8 ]
[ 16 37 80 85 83 6 11 32 8 96 ]
[ 8 80 76 4 30 41 9 0 20 95 ]
[ 83 90 69 55 98 40 75 98 19 99 ]
[ 58 36 36 38 21 71 97 84 55 5 ]
[ 80 63 38 8 68 68 49 29 21 21 ]
[ 76 4 63 46 11 62 86 39 12 6 ]
[ 38 70 94 27 60 67 50 9 51 6 ]
[ 67 31 69 5 91 89 73 41 71 94 ]
[ 14 47 50 78 93 62 92 32 1 56 ]
[ 38 91 78 84 18 38 51 69 0 54 ]
[ 27 67 85 96 72 76 38 45 69 61 ]
[ 92 84 8 42 14 54 56 6 86 57 ]
[ 62 76 49 40 12 19 30 63 88 30 ]
[ 17 15 97 54 64 21 82 54 19 4 ]

Timer (sort): 1598ms real	1600ms user	0ms sys
The output is sorted!
[ 42 6 34 4 8 27 6 19 6 3 ]
[ 0 11 65 27 11 0 8 27 4 9 ]
[ 16 15 34 0 3 16 4 38 15 26 ]
[ 33 20 31 7 29 13 4 24 0 6 ]
[ 17 7 16 7 61 21 3 0 3 40 ]
[ 28 13 2 21 33 16 3 11 28 23 ]
[ 6 10 7 3 10 29 37 12 54 11 ]
[ 43 12 2 3 13 17 18 23 34 15 ]
[ 7 37 24 19 38 4 47 0 3 1 ]
[ 21 11 15 29 18 3 9 14 12 53 ]
[ 16 4 7 26 3 22 2 32 31 48 ]
[ 14 21 1 1 7 19 34 18 21 56 ]
[ 55 25 31 29 3 7 18 13 0 12 ]
[ 31 3 6 10 15 19 2 27 17 63 ]
[ 7 2 6 39 6 19 8 23 53 31 ]
[ 50 34 22 26 2 18 32 4 6 0 ]
[ 31 4 1 7 7 9 32 17 6 80 ]
[ 14 3 7 8 47 4 19 45 33 16 ]
[ 18 6 17 10 0 38 14 86 0 7 ]
[ 24 19 28 18 29 11 18 4 31 15 ]

Timer (generate): 11ms real	10ms user	0ms sys
[ 11 31 98 81 59 32 64 98 95 9 ]
[ 21 16 83 68 41 23 96 40 98 32 ]
[ 58 94 29 6 51 68 34 29 66 34 ]
[ 94 29 65 44 63 25 77 27 75 24 ]
[ 36 96 92 71 17 34 94 65 74 44 ]
[ 97 84 90 78 90 41 98 76 70 64 ]
[ 11 16 94 76 60 57 53 89 36 81 ]
[ 14 24 29 58 95 46 92 89 63 18 ]
[ 85 60 2 75 90 44 16 88 73 38 ]
[ 5 84 6 51 12 66 60 18 56 96 ]
[ 99 22 20 80 80 15 79 25 56 42 ]
[ 43 41 55 98 68 45 94 36 34 67 ]
[ 26 91 3 32 42 16 50 2 86 6 ]
[ 98 37 80 70 17 13 37 96 38 93 ]
[ 91 33 86 46 83 54 43 78 42 29 ]
[ 45 68 20 1 0 62 17 50 64 55 ]
[ 9 14 92 41 36 61 54 73 10 44 ]
[ 66 1 30 4 99 13 10 42 91 52 ]
[ 72 89 72 44 90 24 7 59 75 23 ]
[ 14 36 90 58 77 26 71 84 0 81 ]

Timer (sort): 1594ms real	1590ms user	0ms sys
The output is sorted!
[ 3 45 11 8 12 0 26 7 13 4 ]
[ 7 1 36 4 24 10 44 3 4 10 ]
[ 5 18 35 3 6 1 1 27 48 0 ]
[ 32 8 9 4 13 27 27 29 5 5 ]
[ 42 16 2 22 8 12 6 5 40 9 ]
[ 15 23 6 19 5 40 31 4 15 12 ]
[ 1 1 20 51 6 14 15 38 20 12 ]
[ 3 39 8 61 6 4 0 7 20 36 ]
[ 56 0 11 2 6 5 10 1 1 93 ]
[ 3 65 1 47 0 22 6 3 34 6 ]
[ 17 8 4 8 5 34 38 50 16 11 ]
[ 20 37 53 1 17 1 38 24 0 0 ]
[ 4 2 22 9 12 1 22 72 23 26 ]
[ 11 13 37 34 0 26 3 7 41 23 ]
[ 18 27 17 10 36 8 19 33 19 9 ]
[ 8 6 55 4 15 61 1 22 0 25 ]
[ 29 29 29 38 12 2 5 6 29 18 ]
[ 3 9 35 35 20 30 9 22 24 11 ]
[ 21 6 65 8 25 3 19 33 17 1 ]
[ 12 26 15 30 36 33 1 6 43 1 ]

Timer (generate): 11ms real	10ms user	0ms sys
[ 23 4 1 38 58 76 13 59 14 67 ]
[ 74 17 72 60 31 73 47 46 64 57 ]
[ 83 98 72 11 60 36 43 74 16 60 ]
[ 55 92 64 56 30 74 85 43 86 99 ]
[ 62 60 16 86 20 47 11 68 45 28 ]
[ 77 28 26 1 91 86 37 34 61 6 ]
[ 46 68 98 63 25 80 37 10 24 23 ]
[ 9 38 35 77 25 56 76 36 76 21 ]
[ 64 5 49 90 6 41 29 95 27 42 ]
[ 53 26 10 51 89 35 32 78 97 8 ]
[ 54 58 46 89 35 71 97 11 60 25 ]
[ 84 24 30 86 67 88 79 48 36 6 ]
[ 90 89 32 52 93 21 40 25 52 37 ]
[ 85 6 96 31 95 83 55 45 47 15 ]
[ 70 31 39 1 17 58 41 96 6 77 ]
[ 55 96 19 87 1 12 61 41 37 13 ]
[ 78 74 71 26 5 66 10 12 63 9 ]
[ 27 34 92 19 87 10 77 28 58 36 ]
[ 58 65 32 77 5 33 89 66 26 78 ]
[ 31 5 52 54 83 9 72 45 22 36 ]

Timer (sort): 1496ms real	1500ms user	0ms sys
The output is sorted!
[ 6 15 1 8 53 22 5 11 35 11 ]
[ 15 10 3 16 5 0 55 52 4 10 ]
[ 0 7 28 30 8 31 14 8 12 32 ]
[ 47 24 29 17 11 17 2 11 7 6 ]
[ 40 9 9 4 24 2 0 50 12 23 ]
[ 29 11 22 20 6 0 14 18 16 44 ]
[ 10 17 1 17 5 40 43 12 25 12 ]
[ 34 2 25 5 91 1 5 4 15 3 ]
[ 24 68 17 10 20 6 4 8 20 9 ]
[ 13 14 7 60 7 9 4 12 17 43 ]
[ 13 9 7 24 8 15 28 24 54 5 ]
[ 19 4 17 0 22 3 36 49 6 32 ]
[ 68 9 3 35 4 17 12 31 6 6 ]
[ 9 28 5 20 15 0 62 12 19 21 ]
[ 31 14 13 14 6 9 9 17 57 21 ]
[ 27 16 19 15 23 8 5 25 24 31 ]
[ 18 52 4 5 6 5 66 10 2 27 ]
[ 6 26 77 22 9 12 25 5 7 7 ]
[ 18 82 14 13 5 7 12 1 8 36 ]
[ 9 6 32 21 12 15 21 7 12 65 ]

Timer (generate): 10ms real	10ms user	0ms sys
[ 18 34 25 21 24 70 69 63 42 15 ]
[ 99 24 88 39 2 99 53 38 95 33 ]
[ 57 95 88 98 96 10 50 5 55 47 ]
[ 75 74 33 53 47 58 23 68 73 17 ]
[ 83 24 42 23 64 96 75 17 34 22 ]
[ 51 43 70 39 41 66 2 44 23 57 ]
[ 43 98 31 77 51 31 87 26 99 60 ]
[ 96 35 85 90 10 1 86 85 18 20 ]
[ 60 21 15 30 13 9 48 15 53 71 ]
[ 72 96 21 56 25 25 39 12 3 90 ]
[ 25 99 25 10 89 88 63 75 25 81 ]
[ 47 85 55 15 67 68 24 15 35 29 ]
[ 38 59 77 60 15 3 37 6 67 92 ]
[ 97 92 92 74 54 33 62 17 61 88 ]
[ 51 60 25 6 75 93 26 51 8 61 ]
[ 80 47 20 10 59 88 65 48 94 32 ]
[ 40 91 77 84 66 83 18 80 1 31 ]
[ 68 4 91 94 62 19 39 88 70 47 ]
[ 1 3 46 21 13 57 61 30 57 8 ]
[ 14 50 51 91 34 17 75 4 50 28 ]

Timer (sort): 1582ms real	1580ms user	0ms sys
The output is sorted!
[ 48 8 5 9 13 3 32 6 13 0 ]
[ 25 8 30 23 5 3 25 17 8 1 ]
[ 2 39 6 6 0 14 1 58 1 32 ]
[ 15 13 40 30 24 8 16 7 1 7 ]
[ 3 9 19 12 48 9 0 14 30 17 ]
[ 13 11 5 25 11 9 5 20 14 53 ]
[ 5 1 21 42 0 19 22 23 0 42 ]
[ 34 3 27 0 30 6 15 11 49 6 ]
[ 36 9 19 0 3 11 19 23 64 2 ]
[ 52 33 7 25 7 5 13 31 14 0 ]
[ 1 53 28 3 20 0 51 18 10 4 ]
[ 4 59 3 1 3 28 1 0 4 88 ]
[ 79 42 17 10 4 26 5 1 6 2 ]
[ 10 15 42 9 5 11 32 21 14 33 ]
[ 4 5 2 6 46 35 37 8 16 34 ]
[ 9 42 11 19 2 1 23 11 55 21 ]
[ 12 22 68 1 8 4 18 20 14 30 ]
[ 44 65 0 9 11 6 6 10 42 5 ]
[ 72 7 18 10 28 31 11 3 2 16 ]
[ 14 0 30 55 9 17 33 10 17 14 ]

Timer (generate): 9ms real	10ms user	0ms sys
[ 5 18 65 27 32 19 67 69 56 90 ]
[ 36 53 68 24 90 24 37 15 27 85 ]
[ 72 77 12 82 70 55 48 26 24 0 ]
[ 44 81 19 9 8 3 28 27 73 84 ]
[ 18 61 89 38 38 79 62 75 46 41 ]
[ 60 71 70 24 53 40 79 53 18 56 ]
[ 54 62 37 25 23 98 28 51 25 53 ]
[ 87 95 15 28 33 53 59 47 28 6 ]
[ 88 41 77 58 17 82 51 97 35 69 ]
[ 53 41 84 42 66 7 40 47 11 66 ]
[ 0 50 13 67 79 47 20 38 46 1 ]
[ 96 35 94 73 45 11 7 48 60 43 ]
[ 70 65 36 54 8 55 13 48 2 76 ]
[ 66 54 27 80 22 58 79 94 48 25 ]
[ 47 45 12 93 70 10 5 30 58 17 ]
[ 25 28 83 61 34 91 16 48 91 18 ]
[ 76 10 25 3 90 47 13 21 93 62 ]
[ 98 41 59 11 34 81 73 91 11 31 ]
[ 9 88 12 92 50 46 35 66 46 26 ]
[ 37 23 88 62 78 78 61 44 51 54 ]

Timer (sort): 1518ms real	1520ms user	0ms sys
The output is sorted!
[ 9 28 3 30 22 34 1 1 2 0 ]
[ 28 56 11 18 3 23 5 5 13 5 ]
[ 4 13 39 7 41 7 0 12 6 40 ]
[ 13 50 12 70 3 14 1 0 8 10 ]
[ 30 10 29 5 6 13 15 45 20 11 ]
[ 45 6 24 11 16 19 3 32 32 1 ]
[ 59 21 19 9 2 5 10 48 16 4 ]
[ 21 60 21 14 3 10 0 33 26 6 ]
[ 12 38 5 14 53 7 9 17 26 16 ]
[ 10 17 18 48 17 29 0 17 31 11 ]
[ 4 44 13 7 30 8 0 56 35 2 ]
[ 25 14 5 88 1 12 12 24 13 6 ]
[ 12 3 8 30 44 11 25 1 29 37 ]
[ 12 13 1 28 34 62 2 13 33 3 ]
[ 6 28 9 8 8 4 33 52 21 34 ]
[ 27 55 3 50 1 35 16 1 6 10 ]
[ 42 34 10 5 5 18 5 66 1 19 ]
[ 20 2 22 88 11 13 7 10 33 1 ]
[ 1 14 43 14 5 16 5 38 35 39 ]
[ 8 28 47 17 88 6 4 2 11 0 ]

Timer (generate): 11ms real	10ms user	0ms sys
[ 15 14 54 12 56 7 71 45 31 89 ]
[ 26 52 29 79 86 51 31 15 93 24 ]
[ 57 82 64 12 43 18 89 67 47 11 ]
[ 39 14 25 93 26 82 52 49 79 35 ]
[ 90 5 88 20 36 74 23 68 42 69 ]
[ 44 99 51 8 63 47 78 4 66 25 ]
[ 16 57 91 93 50 69 27 54 70 6 ]
[ 90 60 63 30 80 0 56 56 20 98 ]
[ 25 64 97 76 24 13 75 2 69 94 ]
[ 79 37 51 70 31 54 91 10 8 61 ]
[ 17 98 21 80 28 54 32 85 10 4 ]
[ 83 35 20 33 63 44 98 91 46 67 ]
[ 85 25 5 36 47 88 42 38 98 51 ]
[ 51 15 1 73 48 82 27 32 19 89 ]
[ 37 54 24 57 87 39 54 37 30 0 ]
[ 5 67 78 62 56 25 2 98 16 0 ]
[ 1 67 68 3 40 68 85 19 0 4 ]
[ 60 89 10 84 47 98 76 1 87 58 ]
[ 53 44 26 31 6 82 9 8 32 25 ]
[ 61 34 44 29 37 37 97 74 8 97 ]

Timer (sort): 1516ms real	1510ms user	0ms sys
The output is sorted!
[ 69 1 4 12 40 7 1 3 23 0 ]
[ 0 10 28 67 24 17 3 3 11 5 ]
[ 59 14 6 51 1 20 12 0 5 1 ]
[ 16 1 13 39 2 13 3 48 17 17 ]
[ 7 29 31 5 46 12 13 8 15 8 ]
[ 13 25 8 28 8 0 13 12 62 16 ]
[ 12 25 5 5 5 46 12 55 20 0 ]
[ 14 3 14 18 13 4 65 9 10 35 ]
[ 3 12 4 11 20 7 27 24 51 27 ]
[ 11 48 19 5 3 8 2 20 57 13 ]
[ 11 24 2 1 5 34 0 48 45 19 ]
[ 2 7 0 4 68 27 20 16 38 8 ]
[ 15 38 15 0 17 43 35 6 11 14 ]
[ 58 8 10 14 10 26 11 5 34 19 ]
[ 40 9 13 48 15 21 4 39 1 6 ]
[ 22 26 22 16 11 29 0 52 20 0 ]
[ 20 17 25 6 16 29 34 4 3 45 ]
[ 4 43 2 51 1 11 4 53 0 31 ]
[ 27 26 1 15 2 1 54 3 47 24 ]
[ 3 5 20 0 11 0 63 80 13 5 ]

Timer (generate): 11ms real	10ms user	0ms sys
[ 47 95 23 31 86 8 78 82 64 29 ]
[ 62 90 25 48 40 92 56 73 64 81 ]
[ 61 59 42 64 76 57 15 54 19 51 ]
[ 79 19 46 54 50 84 14 28 66 79 ]
[ 10 80 21 87 29 61 79 37 34 96 ]
[ 18 47 7 12 12 35 70 79 90 89 ]
[ 82 21 8 28 75 59 64 41 39 30 ]
[ 20 1 11 41 88 92 54 20 29 40 ]
[ 16 99 88 75 11 52 10 81 31 52 ]
[ 23 14 73 31 94 0 42 59 42 34 ]
[ 41 62 35 4 56 76 96 10 96 77 ]
[ 51 12 28 91 39 40 43 49 73 74 ]
[ 2 96 40 27 80 87 28 74 46 70 ]
[ 8 39 84 96 44 40 72 92 3 68 ]
[ 22 6 32 50 97 71 42 40 72 16 ]
[ 66 26 64 59 54 96 46 82 71 44 ]
[ 4 31 83 88 27 79 29 51 72 84 ]
[ 71 94 90 3 44 39 26 87 79 51 ]
[ 55 97 77 71 56 83 68 2 65 39 ]
[ 46 69 22 82 10 2 61 91 53 33 ]

Timer (sort): 1482ms real	1480ms user	0ms sys
The output is sorted!
[ 27 10 51 0 4 0 5 17 4 17 ]
[ 38 0 2 1 53 15 5 7 10 6 ]
[ 4 0 2 35 17 39 26 5 8 10 ]
[ 15 56 3 16 3 22 4 20 15 3 ]
[ 24 50 8 12 3 6 4 19 18 31 ]
[ 4 51 38 12 17 10 23 6 16 5 ]
[ 6 12 2 11 29 26 93 3 1 3 ]
[ 34 30 21 13 0 26 28 0 18 18 ]
[ 28 9 15 50 1 16 1 41 4 24 ]
[ 33 9 30 38 6 36 0 3 3 32 ]
[ 26 10 47 17 27 10 12 0 17 25 ]
[ 5 4 24 1 20 26 18 10 31 52 ]
[ 20 46 2 1 7 52 6 20 4 34 ]
[ 0 16 28 0 17 50 3 24 29 26 ]
[ 27 17 6 79 8 44 1 7 4 2 ]
[ 11 11 47 16 7 1 1 11 32 58 ]
[ 14 11 2 4 51 36 15 43 19 0 ]
[ 4 10 10 40 9 38 75 1 6 3 ]
[ 60 11 13 2 3 50 0 6 31 23 ]
[ 5 13 56 1 6 3 29 5 29 53 ]

Timer (generate): 9ms real	10ms user	0ms sys
[ 1 74 66 1 2 97 77 83 53 99 ]
[ 25 77 33 5 48 71 70 62 98 10 ]
[ 35 77 10 47 7 59 79 66 15 9 ]
[ 69 16 35 87 70 38 37 47 73 90 ]
[ 46 98 19 32 55 67 3 77 30 53 ]
[ 39 17 83 49 64 42 8 96 8 76 ]
[ 57 30 44 93 69 14 31 6 62 56 ]
[ 48 60 54 20 92 61 39 47 39 69 ]
[ 1 78 38 36 80 3 78 40 51 87 ]
[ 16 8 69 61 1 90 27 84 49 41 ]
[ 40 97 2 46 17 94 8 9 42 99 ]
[ 78 95 29 69 31 9 24 9 50 75 ]
[ 48 18 35 69 31 37 60 59 73 9 ]
[ 0 14 58 2 12 28 49 72 37 43 ]
[ 71 67 90 1 36 21 62 12 82 12 ]
[ 87 83 83 23 4 14 12 16 73 85 ]
[ 77 26 51 36 28 16 16 29 88 5 ]
[ 72 12 72 62 65 61 35 27 73 70 ]
[ 92 13 53 75 88 9 89 0 26 15 ]
[ 37 3 41 89 91 21 5 59 51 45 ]

Timer (sort): 1487ms real	1480ms user	0ms sys
The output is sorted!
[ 4 7 14 33 2 10 22 15 10 6 ]
[ 15 60 5 14 0 45 6 9 9 3 ]
[ 44 2 15 6 7 9 19 1 3 64 ]
[ 5 4 21 8 29 8 6 54 13 25 ]
[ 31 28 47 12 0 3 17 20 12 11 ]
[ 18 14 4 3 33 5 7 10 29 58 ]
[ 36 17 7 30 2 8 44 6 14 22 ]
[ 4 3 31 6 39 7 19 32 40 6 ]
[ 28 19 11 0 27 29 21 13 27 12 ]
[ 6 35 24 55 0 2 19 14 7 27 ]
[ 7 6 20 4 49 4 55 11 16 19 ]
[ 8 1 0 66 54 0 2 23 2 38 ]
[ 38 20 18 28 21 1 5 9 47 8 ]
[ 53 4 12 16 6 31 4 5 62 3 ]
[ 3 2 51 14 18 6 28 20 29 28 ]
[ 22 19 15 19 35 32 20 11 1 25 ]
[ 10 7 44 33 39 8 3 4 26 25 ]
[ 27 4 3 37 2 24 37 10 2 54 ]
[ 35 2 10 2 26 13 29 8 8 67 ]
[ 38 12 34 11 9 39 16 13 17 12 ]

Timer (generate): 11ms real	10ms user	0ms sys
[ 20 57 7 10 74 27 68 43 20 79 ]
[ 6 37 31 55 16 60 61 11 64 31 ]
[ 75 93 12 1 57 31 0 92 61 99 ]
[ 22 33 8 30 44 82 9 12 77 81 ]
[ 92 83 71 75 39 39 87 0 51 51 ]
[ 31 26 96 95 79 53 78 79 45 91 ]
[ 31 68 25 39 50 69 22 11 33 51 ]
[ 92 77 35 63 52 74 3 40 26 54 ]
[ 43 57 32 40 52 12 93 82 91 91 ]
[ 74 74 11 99 14 13 68 88 24 1 ]
[ 39 16 79 74 32 83 0 87 75 26 ]
[ 93 19 35 77 59 39 89 4 22 33 ]
[ 47 96 7 58 95 21 71 15 9 95 ]
[ 16 49 64 47 75 48 83 76 87 58 ]
[ 2 80 29 38 57 40 77 99 45 99 ]
[ 84 92 95 91 51 42 65 74 57 26 ]
[ 22 26 27 38 25 3 86 8 79 73 ]
[ 67 33 5 48 23 14 89 1 13 34 ]
[ 52 49 78 0 41 81 42 58 56 52 ]
[ 84 30 78 12 68 3 67 54 64 46 ]

Timer (sort): 1615ms real	1610ms user	0ms sys
The output is sorted!
[ 8 46 17 5 4 9 21 8 3 4 ]
[ 9 5 30 27 9 4 35 1 13 11 ]
[ 20 12 34 1 28 27 24 2 12 4 ]
[ 36 9 25 1 20 5 12 59 4 1 ]
[ 65 13 2 22 1 0 13 5 50 7 ]
[ 5 8 0 77 33 13 4 11 7 23 ]
[ 0 7 20 15 0 3 9 2 93 39 ]
[ 31 12 17 23 48 3 1 1 22 31 ]
[ 3 12 3 74 23 1 7 18 9 40 ]
[ 3 15 48 4 30 20 45 22 1 2 ]
[ 12 5 6 1 4 7 59 61 3 34 ]
[ 0 69 33 4 3 6 15 37 0 26 ]
[ 5 10 20 4 30 40 5 33 28 20 ]
[ 5 28 38 0 51 4 45 1 20 4 ]
[ 37 11 24 10 3 17 31 20 40 4 ]
[ 42 10 1 2 21 84 14 15 8 0 ]
[ 2 3 25 4 32 5 30 69 18 9 ]
[ 15 0 2 9 66 11 8 13 5 68 ]
[ 17 15 22 37 45 20 35 0 7 0 ]
[ 16 80 12 25 8 5 18 1 21 13 ]

Timer (generate): 10ms real	10ms user	0ms sys
[ 24 14 0 99 42 27 30 74 95 17 ]
[ 34 75 18 8 68 64 41 45 49 9 ]
[ 24 89 0 12 18 60 66 95 1 93 ]
[ 57 25 8 58 76 2 37 59 76 32 ]
[ 76 62 59 46 22 27 63 64 73 12 ]
[ 25 49 53 77 61 71 89 79 66 91 ]
[ 73 76 68 33 86 45 87 23 56 15 ]
[ 55 84 77 14 31 51 93 94 67 18 ]
[ 6 92 67 11 70 80 82 11 12 1 ]
[ 2 85 77 23 70 63 20 57 38 76 ]
[ 72 45 60 1 11 43 52 4 37 20 ]
[ 23 95 12 42 6 34 23 41 46 35 ]
[ 42 0 72 71 75 42 86 47 51 76 ]
[ 23 75 21 36 76 32 79 80 36 69 ]
[ 0 11 16 65 54 75 51 77 16 49 ]
[ 64 10 2 36 81 77 30 19 25 81 ]
[ 95 0 56 16 36 84 0 68 64 36 ]
[ 89 65 48 5 82 54 80 33 83 48 ]
[ 35 47 58 37 35 91 14 17 10 91 ]
[ 98 57 92 6 25 80 42 25 0 6 ]

Timer (sort): 1452ms real	1450ms user	0ms sys
The output is sorted!
[ 6 2 5 25 4 8 15 18 52 9 ]
[ 39 21 7 1 19 11 35 6 5 3 ]
[ 18 3 4 12 10 2 32 42 26 7 ]
[ 3 7 10 41 12 15 28 9 37 1 ]
[ 44 22 1 62 8 2 1 7 16 5 ]
[ 10 3 12 29 17 58 18 2 6 14 ]
[ 14 10 12 0 29 60 8 34 4 2 ]
[ 0 12 40 22 31 52 1 10 0 5 ]
[ 12 5 6 20 1 20 8 32 7 65 ]
[ 23 12 37 10 20 47 10 10 2 6 ]
[ 8 36 26 15 17 26 4 2 34 10 ]
[ 0 9 12 0 13 39 20 9 50 28 ]
[ 26 30 6 13 29 0 35 25 15 3 ]
[ 7 7 7 32 0 7 38 65 15 11 ]
[ 32 10 4 11 35 16 0 24 11 46 ]
[ 31 19 31 12 24 4 3 38 22 5 ]
[ 86 6 2 19 3 19 18 13 24 1 ]
[ 22 2 5 38 12 1 13 64 22 12 ]
[ 9 20 9 15 39 21 15 13 3 47 ]
[ 48 31 23 7 8 6 11 23 31 5 ]

Timer (generate): 9ms real	10ms user	0ms sys
[ 38 39 85 49 12 7 93 23 98 73 ]
[ 51 51 86 91 94 10 84 27 82 99 ]
[ 53 26 36 33 84 53 59 66 79 86 ]
[ 74 69 77 12 18 90 19 11 65 17 ]
[ 37 16 20 23 59 14 85 44 93 67 ]
[ 43 47 46 31 32 30 36 91 97 16 ]
[ 30 23 85 59 35 4 1 6 67 67 ]
[ 24 4 35 44 79 95 11 65 91 4 ]
[ 32 34 51 78 17 83 61 54 27 10 ]
[ 70 9 33 7 20 21 63 22 27 31 ]
[ 41 51 35 28 48 67 75 59 32 66 ]
[ 15 64 0 19 95 18 54 56 24 33 ]
[ 66 46 42 51 53 63 72 69 37 0 ]
[ 52 78 3 87 6 51 6 82 62 38 ]
[ 48 78 3 1 97 50 71 3 58 47 ]
[ 37 76 93 79 27 98 94 0 67 31 ]
[ 52 19 61 55 59 20 7 65 54 21 ]
[ 56 54 99 11 55 48 61 78 52 19 ]
[ 25 41 95 70 72 22 69 67 74 88 ]
[ 50 78 60 64 34 71 84 93 36 38 ]

Timer (sort): 1313ms real	1310ms user	0ms sys
The output is sorted!
[ 2 70 1 14 1 5 4 6 9 58 ]
[ 46 16 41 14 2 9 7 2 7 28 ]
[ 47 38 5 16 13 4 14 30 13 0 ]
[ 1 9 22 7 13 33 40 15 5 35 ]
[ 6 38 13 2 40 11 0 2 43 27 ]
[ 12 3 21 55 13 18 4 45 8 4 ]
[ 8 20 16 49 17 3 14 52 4 1 ]
[ 7 2 3 3 46 15 31 8 18 54 ]
[ 30 2 13 50 14 21 8 20 13 21 ]
[ 40 4 13 0 9 28 11 43 43 6 ]
[ 1 2 24 3 59 7 32 68 0 2 ]
[ 27 0 1 18 9 24 11 8 29 72 ]
[ 1 87 17 18 24 23 13 8 4 5 ]
[ 27 31 6 27 63 10 1 12 13 12 ]
[ 13 56 31 45 8 22 11 11 5 2 ]
[ 10 3 21 9 32 2 20 1 48 62 ]
[ 42 34 20 14 22 24 20 0 7 26 ]
[ 7 17 9 6 55 17 41 0 55 2 ]
[ 19 14 27 17 58 13 6 17 33 5 ]
[ 6 12 61 3 11 5 0 53 58 1 ]

