Timer (generate): 103ms real	90ms user	10ms sys
[ 37 26 15 91 14 21 97 86 24 38 86 60 77 27 64 96 9 96 48 68 60 6 19 43 28 ]
[ 99 56 21 39 20 0 28 46 16 71 12 89 69 98 14 59 85 26 36 64 91 33 73 39 33 ]
[ 94 99 39 13 43 67 12 51 40 51 71 93 32 69 9 3 82 50 72 32 64 83 69 91 20 ]
[ 34 34 5 59 25 38 53 24 77 67 19 96 79 70 89 83 93 82 15 63 43 18 97 93 43 ]
[ 81 58 26 51 1 98 37 87 3 96 12 93 2 36 22 21 8 19 0 30 8 35 24 42 2 ]
[ 39 85 21 88 78 16 69 36 94 72 89 93 9 76 48 58 88 42 60 77 64 81 85 35 33 ]
[ 15 95 21 91 37 23 30 22 96 18 1 12 40 89 59 12 79 4 22 7 4 32 96 46 44 ]
[ 25 63 77 10 50 10 77 46 83 69 83 7 51 58 3 70 11 68 62 0 27 74 31 83 48 ]
[ 39 87 80 87 86 24 12 1 1 74 51 64 51 97 47 20 33 6 72 43 10 94 54 30 56 ]
[ 54 9 82 38 92 83 29 31 63 16 17 40 80 18 93 6 70 9 57 19 9 30 4 15 54 ]
[ 47 77 0 1 7 8 56 16 90 46 60 73 75 92 89 43 61 81 75 80 74 81 2 84 90 ]
[ 73 93 20 78 60 26 25 38 26 27 97 86 35 14 29 81 74 54 8 18 43 51 80 24 26 ]
[ 12 51 59 14 87 49 87 32 22 65 92 0 43 82 79 70 80 65 57 94 94 38 20 49 98 ]
[ 91 44 49 71 21 27 83 72 86 49 59 87 36 91 61 54 35 62 49 18 41 19 98 6 28 ]
[ 44 53 18 16 2 16 7 46 65 30 19 44 13 91 82 62 2 69 51 93 31 57 81 93 6 ]
[ 99 34 77 49 92 57 93 45 75 61 99 91 69 98 8 51 17 52 65 9 34 79 11 3 82 ]
[ 57 86 91 90 31 97 89 65 26 38 10 83 83 55 10 44 55 1 65 53 9 17 22 13 34 ]
[ 31 47 13 95 3 96 4 89 87 94 21 37 35 38 15 73 48 51 8 56 61 52 63 15 18 ]
[ 68 76 87 90 90 21 74 37 86 21 92 34 25 82 74 71 55 63 6 45 78 79 46 81 87 ]
[ 54 95 91 17 10 61 37 86 48 27 28 21 1 66 8 22 58 42 99 92 16 70 99 79 76 ]

Timer (sort): 29974ms real	29970ms user	0ms sys
The output is sorted!
[ 73 23 28 14 8 4 21 24 17 75 5 96 8 18 25 40 16 27 19 0 38 3 11 48 0 ]
[ 45 40 21 30 3 46 3 3 35 16 51 20 55 21 56 20 25 51 1 18 28 0 1 47 13 ]
[ 22 39 44 65 46 15 7 7 1 16 2 39 3 4 40 65 15 5 32 57 0 14 6 37 71 ]
[ 15 24 35 3 28 53 11 44 6 29 46 58 35 27 10 7 27 60 18 13 29 11 34 1 31 ]
[ 3 35 24 21 64 2 48 9 97 3 32 22 18 80 37 13 2 3 4 2 61 1 30 36 8 ]
[ 30 38 2 83 10 55 18 20 4 32 33 35 15 54 12 6 7 60 5 49 3 8 13 49 24 ]
[ 29 42 18 21 21 9 91 2 27 7 0 22 45 1 10 34 63 77 5 8 18 51 24 42 4 ]
[ 8 63 9 13 58 26 16 22 46 7 18 3 9 15 0 41 70 94 24 18 52 23 17 9 14 ]
[ 39 4 61 25 3 37 5 73 28 38 11 47 11 22 7 13 55 33 11 11 38 11 21 12 65 ]
[ 21 57 53 19 2 2 80 15 15 66 45 16 5 19 7 7 31 55 37 16 11 18 29 10 49 ]
[ 46 17 69 30 1 43 52 3 23 21 5 5 51 35 80 4 39 28 9 2 44 14 58 7 6 ]
[ 7 45 56 18 0 73 12 22 7 76 7 15 38 17 57 57 28 21 27 13 51 8 10 5 22 ]
[ 26 24 14 71 25 18 86 50 14 29 21 28 45 34 7 41 9 53 14 22 31 27 1 1 8 ]
[ 35 11 44 6 54 2 77 5 31 19 47 2 42 40 1 30 5 45 61 1 19 91 13 18 0 ]
[ 6 1 37 0 47 72 24 19 65 51 5 58 9 18 33 4 2 59 68 3 41 28 5 35 11 ]
[ 42 22 25 7 7 30 7 0 20 6 22 14 59 2 88 0 21 39 36 31 72 58 14 14 67 ]
[ 10 39 16 67 3 51 72 75 36 11 2 37 35 16 43 40 2 16 20 89 4 2 9 9 0 ]
[ 4 3 7 26 27 3 0 16 49 20 34 26 46 55 48 8 36 62 29 25 25 24 37 10 85 ]
[ 55 10 19 97 2 36 5 93 71 26 4 3 4 3 9 32 0 44 6 14 25 10 18 55 64 ]
[ 30 23 57 12 61 10 41 4 51 57 58 52 11 22 53 18 15 10 32 7 14 5 22 40 3 ]

Timer (generate): 108ms real	90ms user	0ms sys
[ 93 6 38 33 44 89 55 96 43 67 25 43 62 72 50 79 2 6 13 31 46 36 28 46 62 ]
[ 65 84 88 22 90 40 15 48 78 0 93 19 8 89 14 75 66 9 89 38 60 69 92 18 34 ]
[ 75 64 71 3 11 85 68 47 25 90 37 65 57 86 96 58 79 67 18 20 34 93 38 43 82 ]
[ 28 3 3 20 21 38 95 86 61 99 49 46 19 96 23 10 85 40 19 71 36 29 2 56 47 ]
[ 74 90 40 12 33 75 40 37 78 60 10 16 8 96 77 7 97 75 26 93 50 88 79 91 8 ]
[ 2 79 37 5 35 85 31 25 25 96 11 0 36 48 31 49 10 47 57 59 77 64 56 4 42 ]
[ 50 55 31 29 46 39 83 25 28 40 61 13 72 38 91 68 49 43 56 49 74 57 60 74 14 ]
[ 71 51 30 27 55 25 29 10 56 10 8 47 94 86 27 34 99 41 58 37 84 26 39 79 35 ]
[ 40 6 92 0 80 7 23 31 89 51 38 14 80 1 22 91 61 69 37 47 49 71 46 90 30 ]
[ 36 26 8 75 5 43 15 11 36 68 43 95 91 26 36 94 65 3 27 18 25 70 79 47 7 ]
[ 27 96 78 25 38 60 61 64 21 36 21 64 4 85 52 24 28 99 15 55 88 62 72 91 89 ]
[ 90 16 11 21 63 18 48 11 48 74 49 61 87 65 82 24 87 46 80 24 51 4 52 2 71 ]
[ 59 90 85 31 81 74 73 98 37 95 13 55 95 25 56 21 26 17 9 92 99 85 31 97 65 ]
[ 55 48 21 59 3 92 19 93 78 2 27 4 76 25 42 23 90 49 70 67 5 92 46 22 53 ]
[ 38 21 38 21 19 55 76 19 76 35 74 20 6 68 98 9 95 55 37 72 97 60 14 98 30 ]
[ 82 4 74 80 26 27 18 0 65 91 71 20 67 42 48 54 17 69 61 85 67 22 32 74 59 ]
[ 56 23 19 70 22 1 4 26 76 84 4 55 54 4 21 45 75 93 12 18 42 19 35 11 32 ]
[ 72 30 54 56 5 65 12 28 36 82 2 37 87 28 65 23 33 21 78 89 94 23 65 39 88 ]
[ 35 81 59 22 44 91 46 27 97 2 32 62 14 12 98 96 15 87 35 95 53 59 80 26 37 ]
[ 70 20 12 87 11 0 22 93 11 96 89 2 42 16 51 44 0 13 10 65 11 6 80 51 94 ]

Timer (sort): 30705ms real	30700ms user	0ms sys
The output is sorted!
[ 29 75 12 27 3 8 1 19 18 49 24 50 28 14 0 15 37 12 24 10 25 49 21 34 32 ]
[ 23 46 88 14 0 12 1 21 39 11 7 21 0 48 18 20 1 16 4 47 7 31 78 42 29 ]
[ 2 47 38 4 19 50 14 13 45 5 23 30 0 23 25 9 35 17 16 25 7 52 23 11 93 ]
[ 9 40 6 80 12 39 21 19 11 55 51 3 22 13 20 9 8 1 34 41 52 16 44 9 23 ]
[ 26 14 66 21 6 8 32 47 7 49 21 8 70 21 35 3 2 9 25 10 17 70 49 16 15 ]
[ 6 11 13 41 43 0 3 40 30 48 38 16 27 7 0 9 71 27 6 9 7 40 4 74 88 ]
[ 59 20 31 20 34 5 43 12 47 37 5 10 26 15 30 4 30 45 56 8 4 20 32 40 32 ]
[ 10 11 64 38 7 9 12 10 29 38 15 43 14 10 34 4 36 61 56 0 25 45 24 12 71 ]
[ 2 3 3 49 5 17 0 57 20 92 7 15 9 3 11 24 6 50 20 56 53 86 1 20 74 ]
[ 12 20 10 54 7 56 19 52 0 1 93 56 32 4 38 14 1 73 19 36 2 26 11 45 3 ]
[ 33 8 11 2 94 14 31 3 6 37 11 3 54 36 18 10 67 8 54 8 25 1 10 79 64 ]
[ 75 11 2 19 12 2 64 39 19 58 4 43 19 0 1 14 32 35 39 17 11 24 60 25 63 ]
[ 67 29 1 0 3 38 26 31 1 7 11 94 31 0 61 21 60 26 43 53 68 11 4 0 2 ]
[ 19 31 23 59 30 4 20 17 9 1 97 8 15 3 1 21 22 22 39 31 32 60 37 75 14 ]
[ 18 8 61 7 80 1 47 77 26 9 30 23 14 47 33 25 20 21 31 17 41 4 6 39 6 ]
[ 17 40 9 9 22 29 29 66 25 34 55 33 17 9 4 20 72 21 34 26 77 4 23 13 4 ]
[ 33 52 6 22 30 54 7 62 4 5 13 1 44 0 11 25 72 39 58 18 76 28 22 8 6 ]
[ 49 69 41 46 27 10 42 4 40 13 14 43 5 10 39 0 61 43 11 35 18 3 12 38 24 ]
[ 24 28 6 66 4 1 31 39 16 33 3 73 21 7 23 1 38 47 4 2 30 72 20 84 26 ]
[ 58 17 55 17 79 22 11 4 3 79 7 33 1 2 90 29 24 1 15 1 36 62 14 13 27 ]

Timer (generate): 112ms real	100ms user	10ms sys
[ 88 89 65 29 27 43 86 40 41 38 16 0 71 39 38 28 67 13 76 80 72 44 86 41 10 ]
[ 80 34 81 86 32 1 75 21 18 56 48 61 94 88 54 32 56 54 3 47 92 83 15 57 59 ]
[ 47 81 4 86 22 66 66 9 48 52 41 49 79 14 67 35 14 80 29 55 35 14 11 89 17 ]
[ 59 34 53 26 43 12 25 25 68 11 99 35 77 8 83 82 1 84 13 67 3 49 82 83 30 ]
[ 89 70 44 0 60 14 11 46 67 89 89 31 15 14 0 26 66 87 56 74 70 38 28 54 3 ]
[ 95 57 4 29 92 35 18 63 31 71 75 97 82 21 16 72 62 48 39 29 0 65 95 87 73 ]
[ 21 9 63 49 15 67 97 24 71 26 16 58 97 31 90 68 6 39 2 79 56 26 94 56 65 ]
[ 23 8 83 70 47 56 43 56 20 93 23 87 42 47 58 20 15 69 17 47 59 85 5 50 88 ]
[ 37 58 66 31 66 32 6 74 15 28 21 71 71 29 43 16 52 82 58 99 93 31 67 62 48 ]
[ 66 73 86 71 23 26 8 82 92 91 48 76 49 75 91 77 96 15 49 26 10 17 30 93 28 ]
[ 30 86 59 49 48 59 15 73 45 86 96 23 47 30 68 90 31 44 40 6 88 69 54 3 70 ]
[ 32 13 88 63 58 16 45 44 75 94 44 34 9 17 32 47 66 55 46 96 23 37 79 20 29 ]
[ 85 8 50 92 11 21 24 76 61 87 87 77 32 83 4 26 28 90 87 97 22 35 63 30 33 ]
[ 12 5 70 91 25 51 29 85 2 21 96 75 97 25 36 85 12 13 69 95 69 48 75 59 87 ]
[ 25 34 22 40 64 56 4 21 78 96 99 82 77 84 84 50 33 59 99 58 47 84 22 60 6 ]
[ 69 29 6 97 40 93 22 74 68 62 90 76 67 12 54 15 11 88 44 95 24 46 80 35 45 ]
[ 38 82 82 12 42 88 34 23 46 31 16 39 53 90 7 67 81 35 34 45 42 1 56 30 45 ]
[ 3 55 43 84 90 89 74 73 71 39 67 11 73 43 57 4 59 96 9 49 56 76 82 91 63 ]
[ 27 33 16 35 16 14 91 71 57 75 13 46 1 38 17 40 58 28 65 1 85 21 12 34 30 ]
[ 61 42 7 96 33 22 23 19 38 11 35 52 2 58 10 29 23 56 82 62 26 75 20 54 40 ]

Timer (sort): 32175ms real	32170ms user	0ms sys
The output is sorted!
[ 53 27 18 5 37 25 4 2 16 2 10 29 16 20 7 25 12 70 58 57 5 1 19 20 43 ]
[ 61 18 10 14 5 5 43 30 5 10 44 12 5 14 75 7 39 24 67 12 20 13 40 55 10 ]
[ 6 43 22 0 9 54 8 15 0 38 88 15 15 52 8 65 7 15 35 46 46 16 31 4 5 ]
[ 19 72 23 34 72 52 47 12 52 14 2 5 21 39 24 10 16 24 52 9 25 4 2 9 7 ]
[ 13 74 24 69 21 40 41 4 55 6 37 5 30 4 8 4 36 5 17 1 15 33 43 59 7 ]
[ 20 22 0 0 84 3 22 6 22 72 27 2 71 88 4 24 14 3 15 30 27 43 9 56 4 ]
[ 15 2 26 18 7 41 31 39 6 82 41 7 5 32 59 40 4 39 11 14 1 78 20 40 13 ]
[ 3 13 37 51 46 25 9 11 46 1 24 0 64 13 3 1 38 22 29 81 18 6 57 58 19 ]
[ 23 12 30 80 6 8 25 24 1 70 20 37 10 22 14 17 1 12 59 5 43 13 56 79 10 ]
[ 14 33 40 10 18 50 27 76 0 12 1 45 30 42 7 29 20 11 29 16 26 71 0 16 57 ]
[ 9 67 35 30 24 42 9 52 33 0 19 0 19 68 27 14 77 27 71 7 3 9 35 0 5 ]
[ 6 4 13 74 16 22 25 22 53 26 17 10 21 31 8 81 8 59 59 1 13 3 91 21 2 ]
[ 16 1 82 4 30 21 17 0 96 0 8 32 20 52 62 20 50 5 57 2 21 9 15 66 2 ]
[ 14 90 2 25 2 16 6 89 63 0 21 74 11 54 6 38 23 12 6 1 69 37 2 20 8 ]
[ 50 60 44 13 3 79 5 42 3 46 17 4 4 13 18 91 20 31 13 59 12 27 1 7 33 ]
[ 49 37 14 0 0 47 4 92 66 7 24 13 6 39 83 2 53 1 37 16 9 0 0 85 12 ]
[ 5 4 6 7 28 18 82 2 14 52 6 43 10 11 34 10 74 81 98 11 6 3 50 15 27 ]
[ 40 68 28 41 8 0 7 78 88 38 2 34 40 34 44 16 5 40 1 7 33 4 0 15 29 ]
[ 3 78 28 14 60 12 22 48 92 36 77 5 1 1 52 9 1 35 2 20 21 54 20 11 0 ]
[ 56 10 33 16 63 19 1 25 8 28 37 8 9 40 42 10 38 11 45 61 0 31 23 88 2 ]

Timer (generate): 124ms real	120ms user	0ms sys
[ 35 46 44 92 56 73 46 30 17 60 94 66 33 95 15 56 56 27 20 93 76 25 65 53 43 ]
[ 98 5 65 63 99 13 98 45 9 90 2 82 88 84 99 1 78 17 34 25 33 90 81 60 62 ]
[ 26 88 87 92 42 83 90 99 48 5 50 13 4 96 22 46 50 5 87 86 56 88 64 74 22 ]
[ 41 59 65 23 71 79 1 12 67 93 6 2 36 5 50 41 8 64 97 4 38 96 6 95 83 ]
[ 92 52 71 8 26 45 49 37 62 72 8 42 26 20 61 19 26 63 7 84 13 1 92 29 50 ]
[ 48 20 46 54 15 81 98 67 4 58 45 50 7 82 64 32 91 6 58 63 67 29 90 30 37 ]
[ 74 96 90 18 77 40 66 97 39 72 13 20 22 32 25 80 78 27 87 60 91 71 3 50 29 ]
[ 67 17 59 57 0 48 83 48 38 53 77 78 19 27 17 43 92 90 65 24 67 97 2 94 84 ]
[ 15 37 8 18 87 37 37 57 48 46 9 48 81 57 86 34 86 17 53 13 86 48 5 28 65 ]
[ 30 95 62 84 41 99 99 31 7 70 70 96 59 27 45 6 36 45 87 45 32 22 32 1 27 ]
[ 97 39 28 3 68 93 33 15 56 69 9 7 69 40 14 91 62 10 50 90 7 8 78 53 96 ]
[ 76 37 70 60 38 49 57 29 77 60 49 23 45 17 79 15 26 86 36 18 52 79 80 62 81 ]
[ 22 70 90 1 23 38 29 60 60 89 50 9 46 31 39 7 81 62 4 98 93 19 76 31 7 ]
[ 46 83 86 26 97 68 1 67 10 2 42 48 83 54 8 72 56 69 18 88 8 77 21 70 82 ]
[ 71 63 53 47 94 61 45 29 99 71 27 67 72 46 77 26 89 77 61 95 85 33 52 7 4 ]
[ 40 15 81 13 86 15 84 1 21 83 48 82 28 29 81 51 56 1 24 3 30 2 44 60 64 ]
[ 39 45 49 43 4 53 35 20 87 48 58 2 32 11 75 67 59 57 95 89 91 47 97 44 23 ]
[ 52 26 77 96 86 93 88 84 43 31 88 48 67 8 35 67 66 90 52 78 65 19 89 75 67 ]
[ 30 18 14 28 62 89 32 88 66 29 75 12 69 59 7 52 99 55 71 8 91 39 26 33 43 ]
[ 56 50 62 98 25 29 28 43 95 8 57 36 41 98 55 22 25 67 43 36 74 95 35 29 67 ]

Timer (sort): 31775ms real	31780ms user	0ms sys
The output is sorted!
[ 2 16 40 19 2 30 5 27 6 0 11 27 22 9 35 69 1 86 14 17 58 17 8 40 42 ]
[ 16 13 6 15 22 17 85 12 22 69 57 29 2 30 9 29 19 20 26 28 0 6 8 21 54 ]
[ 20 1 8 22 15 6 30 49 4 17 21 19 13 42 88 18 3 3 20 10 17 19 35 64 71 ]
[ 0 21 88 50 16 57 5 10 13 22 3 13 54 76 32 4 0 35 32 19 31 15 2 32 34 ]
[ 21 8 2 25 35 43 0 34 11 8 9 5 67 9 57 31 12 34 62 23 19 41 23 21 76 ]
[ 1 42 13 27 7 3 65 8 40 2 63 40 36 35 0 42 10 96 95 3 8 21 5 5 10 ]
[ 44 25 26 4 3 12 3 38 38 25 57 12 66 15 18 53 9 44 21 61 2 40 1 21 42 ]
[ 28 19 17 40 40 11 53 29 15 40 41 36 13 55 18 0 0 3 54 14 2 31 1 28 92 ]
[ 89 7 24 4 71 4 25 20 23 25 8 25 31 6 9 47 2 11 4 83 2 13 34 67 49 ]
[ 20 77 3 13 2 12 0 8 15 35 36 54 34 14 12 19 91 1 86 36 18 5 16 30 47 ]
[ 12 44 7 98 35 6 32 39 80 9 0 30 4 26 15 14 45 35 1 12 39 33 52 10 7 ]
[ 12 6 2 3 13 12 8 44 6 1 66 52 20 3 98 30 53 79 24 44 11 10 19 45 28 ]
[ 40 26 12 28 14 11 10 17 83 7 39 69 22 40 86 14 35 10 17 13 16 6 22 34 20 ]
[ 9 97 5 54 84 40 71 10 10 10 11 25 9 31 33 22 6 47 4 2 0 10 7 3 92 ]
[ 54 11 14 27 13 46 14 0 8 13 21 66 73 19 83 41 6 35 22 3 42 27 35 6 15 ]
[ 40 3 12 13 14 14 53 1 40 35 77 17 23 78 11 33 15 17 55 15 12 42 55 22 1 ]
[ 3 50 50 17 9 97 11 5 2 81 58 20 9 57 1 19 40 21 23 18 1 38 43 5 22 ]
[ 46 1 50 68 43 10 15 0 17 31 7 75 1 1 41 27 65 51 5 17 4 0 21 65 40 ]
[ 3 0 87 9 16 80 45 28 2 2 19 30 28 34 11 11 9 23 10 89 77 46 23 12 8 ]
[ 20 9 20 14 57 17 42 9 24 1 47 48 1 38 12 46 14 11 36 92 31 42 7 27 38 ]

Timer (generate): 107ms real	90ms user	0ms sys
[ 22 14 64 93 65 63 50 48 45 27 50 8 25 31 31 1 83 65 64 56 15 10 6 61 66 ]
[ 19 53 25 69 14 44 92 80 8 37 45 71 87 93 68 66 95 29 92 78 60 45 61 77 9 ]
[ 70 92 71 76 6 37 95 11 15 17 77 59 61 57 19 98 54 42 37 47 10 3 95 91 47 ]
[ 73 3 92 35 81 53 5 25 76 33 31 14 29 94 29 98 71 40 11 28 59 61 82 1 50 ]
[ 82 63 53 77 55 53 50 10 97 85 91 51 42 69 27 76 0 93 57 95 74 55 66 14 18 ]
[ 47 73 79 29 26 81 11 90 86 88 97 39 91 7 37 76 51 40 71 20 67 47 72 13 4 ]
[ 67 87 11 86 2 29 33 27 60 62 6 41 26 96 27 66 45 67 57 4 56 86 55 96 57 ]
[ 75 15 4 0 28 60 67 16 71 5 70 52 90 97 12 5 3 5 31 51 84 97 48 3 7 ]
[ 53 59 93 8 55 50 36 71 6 88 51 66 7 67 37 13 37 89 3 87 53 8 42 10 91 ]
[ 46 94 41 94 98 48 99 57 93 60 65 95 48 88 1 36 39 67 43 59 56 56 48 97 12 ]
[ 35 2 72 30 12 16 28 6 57 74 56 57 74 14 50 34 31 45 34 19 46 70 58 65 13 ]
[ 17 73 22 66 70 86 53 72 10 35 84 26 63 42 83 38 99 92 64 65 42 50 96 39 84 ]
[ 15 37 54 25 54 19 95 27 41 13 97 79 18 69 90 54 5 16 69 0 52 59 99 96 23 ]
[ 16 91 73 12 30 57 79 20 63 56 74 83 3 2 76 16 99 56 87 21 98 93 78 66 14 ]
[ 78 70 74 29 67 49 45 58 23 9 40 32 88 60 96 97 87 31 0 89 7 69 40 15 56 ]
[ 13 13 49 92 32 63 22 2 89 4 69 39 49 79 14 11 72 46 51 84 94 48 71 25 49 ]
[ 60 33 18 53 0 26 66 66 75 10 98 90 33 0 32 89 22 71 90 53 85 1 25 83 53 ]
[ 10 78 1 81 55 2 94 40 20 47 41 98 65 7 73 76 5 16 61 57 48 50 79 71 40 ]
[ 33 56 94 10 39 47 72 69 0 54 25 3 0 65 75 99 6 74 16 65 99 92 70 67 5 ]
[ 80 15 7 59 86 48 44 94 42 7 86 41 79 55 41 85 32 96 85 98 72 36 56 98 53 ]

Timer (sort): 30176ms real	30180ms user	10ms sys
The output is sorted!
[ 19 11 54 16 79 44 7 5 24 3 76 95 25 17 0 20 5 4 18 36 19 11 20 11 6 ]
[ 0 41 0 19 6 10 7 64 42 16 12 41 5 35 22 80 11 7 49 23 22 37 1 28 66 ]
[ 29 11 1 23 49 33 25 11 19 18 13 3 33 54 42 30 23 13 19 60 12 42 25 45 15 ]
[ 13 20 30 0 0 7 6 51 32 5 14 47 5 29 84 33 39 0 45 71 0 36 56 2 30 ]
[ 89 97 25 11 7 55 7 37 1 66 6 0 0 27 5 37 42 7 27 17 4 33 9 18 38 ]
[ 13 0 11 75 53 1 81 5 42 26 11 0 2 18 16 34 18 16 32 4 53 70 53 16 18 ]
[ 1 97 20 28 59 35 9 27 4 81 9 6 41 18 10 22 48 17 1 32 18 16 16 12 45 ]
[ 29 45 13 27 18 8 2 21 2 18 13 15 47 72 80 7 10 51 30 1 70 1 26 3 63 ]
[ 13 36 30 2 95 32 6 1 14 16 12 47 25 34 50 5 24 13 21 23 6 29 97 42 1 ]
[ 27 6 26 12 12 10 9 8 8 39 67 0 2 50 89 56 42 35 34 1 17 37 14 64 16 ]
[ 27 1 86 16 34 7 7 16 15 22 8 14 26 15 12 10 58 43 74 3 93 52 19 17 7 ]
[ 27 44 9 63 0 41 71 20 7 25 9 14 24 6 66 14 2 30 82 11 29 11 51 9 20 ]
[ 34 15 18 31 72 31 52 12 23 24 16 65 14 23 45 17 7 6 15 9 11 35 17 59 36 ]
[ 2 60 80 34 5 24 0 4 42 41 0 23 27 65 17 52 11 12 38 6 36 79 5 10 14 ]
[ 75 37 38 2 9 8 98 13 12 7 4 0 23 56 49 21 12 22 40 6 61 19 64 3 12 ]
[ 4 34 18 39 41 35 10 15 2 18 0 25 27 45 10 4 31 12 2 84 61 17 32 61 70 ]
[ 48 6 1 10 72 2 65 13 64 15 61 0 4 32 91 59 5 2 31 14 1 0 62 21 21 ]
[ 63 15 4 73 40 31 14 17 15 22 72 34 15 11 15 11 7 70 22 10 8 60 25 7 40 ]
[ 7 44 9 15 92 7 30 1 16 17 16 37 23 6 56 11 17 91 2 51 53 3 13 44 41 ]
[ 17 57 21 48 4 5 23 14 39 43 40 5 17 15 3 31 35 85 48 16 34 19 73 6 7 ]

Timer (generate): 108ms real	100ms user	0ms sys
[ 36 86 86 65 23 77 99 81 47 92 69 80 91 24 11 43 98 97 58 32 76 67 1 70 63 ]
[ 37 25 42 25 57 38 13 43 77 78 18 54 29 99 53 22 68 85 13 44 97 8 95 46 67 ]
[ 79 23 86 80 93 49 69 18 91 46 75 82 12 70 59 90 88 65 20 87 70 94 8 56 59 ]
[ 52 5 68 99 51 87 78 26 73 10 20 74 32 90 17 78 18 99 90 88 10 33 29 75 53 ]
[ 68 46 47 76 54 6 81 59 26 32 62 13 11 89 38 73 9 12 5 51 82 84 69 33 26 ]
[ 10 44 59 39 71 64 59 69 11 36 23 70 69 34 48 53 97 14 64 86 52 90 47 17 95 ]
[ 98 99 31 68 32 10 30 28 69 21 0 34 80 21 97 68 45 19 89 79 20 43 76 34 59 ]
[ 14 86 49 61 55 97 60 6 80 80 39 90 62 19 60 83 71 46 63 93 95 84 90 15 73 ]
[ 69 87 16 98 21 76 12 59 77 26 15 74 86 21 55 18 12 45 80 84 57 15 55 55 78 ]
[ 0 51 62 90 18 88 12 5 4 10 26 32 74 37 10 0 4 36 38 26 43 56 90 41 88 ]
[ 74 98 3 82 6 34 82 57 48 25 75 36 37 32 93 47 10 77 73 47 39 74 52 76 12 ]
[ 30 71 21 72 12 61 99 63 17 33 69 51 15 26 51 40 53 40 29 37 33 28 47 10 2 ]
[ 46 2 76 50 78 40 32 49 13 5 14 75 56 77 44 89 46 95 56 24 46 49 77 86 78 ]
[ 14 71 7 13 34 9 59 36 37 62 66 29 94 67 95 51 81 22 7 58 66 48 56 61 5 ]
[ 80 59 6 57 98 84 23 21 43 88 55 4 0 43 93 62 9 23 8 29 70 60 10 92 19 ]
[ 21 58 20 77 71 25 58 82 83 67 80 67 43 2 63 31 9 67 31 5 61 45 14 36 54 ]
[ 95 6 66 6 98 37 79 56 57 56 79 34 66 61 17 34 94 37 77 96 0 60 57 67 44 ]
[ 62 28 41 29 64 95 24 70 13 82 20 51 61 28 8 70 7 95 36 69 12 70 63 49 99 ]
[ 11 1 12 20 69 56 35 49 97 64 14 45 40 36 10 75 9 61 36 37 22 6 45 17 43 ]
[ 66 81 65 81 83 17 44 84 29 64 53 37 99 3 86 15 69 83 8 57 94 83 66 55 71 ]

Timer (sort): 30427ms real	30430ms user	0ms sys
The output is sorted!
[ 11 73 65 10 12 24 3 12 74 12 36 6 10 62 8 2 10 43 29 22 7 58 4 15 14 ]
[ 35 7 25 74 32 8 0 23 9 14 10 1 3 38 1 26 33 6 53 37 34 51 59 46 20 ]
[ 12 4 24 28 8 6 17 7 11 33 45 17 95 21 38 9 4 46 25 3 94 22 27 42 17 ]
[ 16 49 13 75 46 0 8 15 26 13 32 36 8 8 64 2 29 31 2 22 48 13 3 41 58 ]
[ 96 27 22 42 23 55 29 23 16 30 9 1 26 17 38 30 39 7 10 11 7 11 53 33 5 ]
[ 20 39 12 5 4 1 51 3 16 30 74 11 73 16 17 18 82 11 10 66 9 9 26 25 37 ]
[ 6 15 57 9 49 44 1 40 20 9 4 12 51 41 86 17 6 15 10 5 18 73 13 50 15 ]
[ 8 1 9 34 59 80 38 44 59 14 19 7 20 40 5 36 66 34 7 14 24 4 30 8 6 ]
[ 12 16 12 12 8 34 76 24 36 43 52 15 0 20 8 87 60 32 14 45 1 5 32 12 15 ]
[ 4 38 15 46 31 7 48 9 18 3 33 89 22 42 6 26 35 14 7 22 83 7 27 30 15 ]
[ 13 48 45 34 4 70 37 25 10 67 21 9 9 16 12 45 9 61 3 23 17 0 19 75 7 ]
[ 26 20 9 1 20 35 51 28 1 48 30 18 24 17 13 67 4 31 7 82 13 25 28 25 59 ]
[ 25 88 26 14 43 23 5 18 13 42 36 25 13 15 12 29 35 40 55 30 9 1 2 0 84 ]
[ 5 84 10 9 2 0 0 84 3 9 0 86 3 48 17 4 36 64 20 33 3 68 9 28 62 ]
[ 7 8 69 20 50 17 26 6 15 0 26 96 6 2 24 24 3 20 35 99 29 30 39 30 7 ]
[ 32 62 18 11 11 33 28 10 1 10 32 4 1 97 45 19 29 8 5 14 97 54 2 51 14 ]
[ 16 17 32 33 65 51 13 10 25 4 10 51 16 31 21 42 81 10 32 5 59 20 0 33 13 ]
[ 94 31 5 14 10 0 41 83 1 25 2 15 6 24 28 39 20 22 11 16 6 49 30 83 37 ]
[ 28 54 12 40 72 2 11 15 4 15 4 35 77 25 31 24 54 25 2 7 72 17 14 38 15 ]
[ 22 83 1 0 35 34 17 80 2 52 29 1 31 10 8 11 5 6 98 19 16 46 23 40 24 ]

Timer (generate): 110ms real	110ms user	0ms sys
[ 5 78 62 48 41 67 14 99 57 1 95 82 94 25 74 82 6 74 65 47 89 13 57 57 43 ]
[ 87 20 17 54 17 88 59 47 2 60 40 22 74 39 79 27 87 61 74 12 36 56 70 62 73 ]
[ 70 4 38 27 61 81 66 81 50 21 50 90 32 49 45 92 90 67 18 81 98 46 20 11 20 ]
[ 32 99 28 55 62 2 25 66 92 4 27 74 70 61 76 43 11 67 76 61 64 20 3 31 39 ]
[ 36 81 37 57 92 57 41 44 37 96 6 39 73 24 32 77 51 58 48 12 34 43 76 53 71 ]
[ 37 17 92 40 0 83 76 33 20 85 26 29 27 70 66 23 28 58 97 52 42 74 55 0 74 ]
[ 68 86 70 96 40 41 33 9 33 25 62 68 1 95 88 87 73 69 66 43 36 89 23 94 38 ]
[ 75 88 65 31 88 91 51 74 61 47 66 3 32 28 88 57 90 57 10 37 97 49 11 67 15 ]
[ 6 55 57 30 1 95 57 89 12 88 77 4 91 3 65 90 22 20 22 50 9 31 92 66 42 ]
[ 29 15 91 92 82 59 99 37 16 29 38 63 86 27 76 27 56 32 70 60 49 61 34 70 35 ]
[ 36 79 67 28 97 61 9 64 4 2 47 63 1 36 31 82 75 95 20 54 23 99 11 55 70 ]
[ 23 4 83 57 26 70 45 57 37 73 6 50 34 71 55 88 18 70 89 54 2 23 81 49 96 ]
[ 36 72 95 99 79 17 74 35 52 31 62 23 28 71 12 1 78 63 87 49 70 76 19 40 17 ]
[ 25 42 41 59 43 89 47 67 84 46 46 54 20 34 6 3 48 81 31 19 94 84 49 9 23 ]
[ 50 79 99 69 19 17 47 14 10 6 57 99 53 25 35 51 23 41 23 9 0 78 57 81 61 ]
[ 29 27 97 30 88 20 81 67 20 2 39 89 49 5 51 7 14 2 12 91 37 63 15 79 38 ]
[ 76 31 68 86 12 29 67 92 26 97 80 99 78 0 71 81 91 60 30 96 63 90 10 65 2 ]
[ 2 2 18 69 33 56 97 64 25 83 29 6 50 73 85 0 53 84 78 5 55 59 96 67 42 ]
[ 44 30 32 7 95 86 61 49 4 82 35 13 79 99 90 15 80 96 65 53 33 65 59 17 96 ]
[ 64 72 7 13 39 49 9 21 33 16 16 72 77 66 76 59 1 41 91 52 31 6 85 80 23 ]

Timer (sort): 27243ms real	27240ms user	0ms sys
The output is sorted!
[ 36 6 69 35 15 1 39 57 0 2 33 1 35 38 71 20 9 18 35 39 30 6 1 4 5 ]
[ 15 80 15 9 4 2 11 5 0 46 20 24 42 20 72 2 9 19 3 20 13 57 10 97 37 ]
[ 76 2 58 36 13 4 14 20 64 9 10 19 7 1 51 21 13 9 7 10 32 42 9 68 43 ]
[ 24 15 20 13 12 34 5 41 5 2 60 33 4 58 40 2 3 34 19 38 36 26 18 20 84 ]
[ 67 30 4 20 15 2 42 83 4 27 2 43 51 35 86 2 6 0 17 30 5 1 6 10 89 ]
[ 27 58 50 1 15 23 62 20 4 3 9 25 46 22 45 7 3 76 79 9 18 67 5 0 6 ]
[ 53 0 44 39 18 5 45 43 22 12 47 12 22 23 6 44 50 12 2 41 17 21 38 60 5 ]
[ 13 39 38 29 12 16 86 23 25 20 22 23 10 48 51 26 1 40 43 9 34 30 2 30 21 ]
[ 40 50 30 79 17 6 40 31 9 2 26 12 14 0 55 3 7 9 48 31 69 44 17 44 11 ]
[ 6 21 26 31 3 7 35 6 5 92 25 63 3 48 35 5 74 13 23 5 19 4 59 63 25 ]
[ 11 9 27 36 15 25 0 8 26 8 51 15 44 4 19 41 27 6 2 50 28 67 49 80 48 ]
[ 20 46 16 6 87 5 12 9 3 22 57 24 9 25 27 28 20 11 0 29 42 56 59 81 6 ]
[ 58 71 4 1 30 3 33 36 60 26 1 55 27 13 77 17 7 16 34 10 38 4 6 37 38 ]
[ 0 2 93 42 28 30 26 10 9 27 6 8 30 19 55 89 15 82 10 35 18 16 5 43 8 ]
[ 1 12 98 16 14 6 88 14 9 12 47 6 32 56 2 30 24 76 1 24 20 85 10 15 8 ]
[ 84 0 9 36 30 29 79 13 2 67 2 1 13 9 11 21 13 3 66 8 32 31 27 61 59 ]
[ 58 12 68 3 8 4 43 19 2 29 0 12 11 3 38 71 14 63 30 55 79 26 5 30 27 ]
[ 13 54 38 29 8 65 30 6 30 14 44 76 70 4 6 22 25 9 59 24 2 34 0 9 41 ]
[ 1 0 0 17 83 8 4 12 11 91 72 91 13 10 12 4 11 10 85 64 7 32 2 53 21 ]
[ 73 3 0 49 1 1 73 24 13 3 35 2 66 7 20 41 2 30 36 78 86 3 17 11 41 ]

Timer (generate): 104ms real	80ms user	10ms sys
[ 85 55 54 94 1 48 1 18 53 88 9 15 52 21 71 75 93 16 12 39 87 95 9 40 8 ]
[ 95 45 13 9 58 72 47 65 26 93 67 74 47 37 79 35 99 47 87 20 70 14 13 86 78 ]
[ 5 25 73 14 18 82 9 15 47 70 73 19 69 38 97 15 57 23 62 95 3 97 46 2 36 ]
[ 66 72 2 31 10 80 88 88 6 2 58 40 63 73 87 86 46 58 7 36 55 22 94 78 84 ]
[ 41 33 33 87 35 69 5 59 23 88 22 56 77 10 62 31 68 2 47 93 41 85 91 99 92 ]
[ 27 54 15 73 32 99 66 66 33 5 53 54 10 13 30 51 35 86 80 97 48 63 17 2 10 ]
[ 10 95 47 1 94 40 80 0 7 6 84 6 72 2 91 30 8 98 40 21 28 43 8 14 23 ]
[ 57 14 39 26 68 1 88 15 49 41 9 89 21 61 96 79 45 54 4 0 98 34 8 96 26 ]
[ 81 76 70 41 42 45 98 8 84 76 76 86 64 91 87 5 52 76 78 65 24 58 62 30 62 ]
[ 62 28 96 22 76 74 3 4 44 96 46 42 94 6 26 22 82 64 86 25 51 43 29 79 22 ]
[ 46 55 32 9 86 94 23 66 42 46 95 16 1 51 13 98 98 55 44 4 33 67 39 50 5 ]
[ 16 1 49 98 81 71 44 88 55 5 74 1 29 93 43 27 88 11 28 39 76 26 89 83 23 ]
[ 46 17 42 37 67 47 5 20 96 3 53 19 0 42 74 5 16 75 34 61 70 61 49 34 42 ]
[ 41 62 20 82 46 43 28 15 85 17 82 33 23 54 81 78 8 53 78 50 27 84 18 55 70 ]
[ 80 77 32 81 11 26 74 74 46 57 72 90 85 87 27 3 21 12 78 75 94 56 35 47 35 ]
[ 37 26 71 56 33 41 88 11 73 21 22 51 96 48 98 53 20 40 90 59 67 45 80 80 75 ]
[ 56 26 32 43 25 19 81 3 90 89 37 31 29 48 57 50 22 8 98 23 6 3 43 46 46 ]
[ 3 66 91 35 98 67 91 76 51 35 1 70 68 4 60 57 93 91 86 41 0 88 16 9 87 ]
[ 39 67 42 34 66 88 37 32 32 73 30 51 16 6 2 3 59 24 71 15 84 80 9 27 66 ]
[ 2 28 55 18 89 94 9 56 36 44 22 25 33 6 9 58 36 60 75 94 14 30 5 38 54 ]

Timer (sort): 28224ms real	28220ms user	0ms sys
The output is sorted!
[ 32 3 1 6 10 25 1 53 39 29 40 16 30 27 59 4 6 55 16 9 6 72 27 6 37 ]
[ 2 5 18 3 19 2 1 0 16 3 31 44 56 31 1 16 80 93 33 11 9 8 33 94 2 ]
[ 55 79 18 3 0 51 2 9 24 34 17 9 23 13 5 46 5 35 98 5 8 30 20 8 35 ]
[ 13 9 23 23 27 0 43 88 71 11 24 21 15 20 0 30 6 25 5 28 1 7 48 55 51 ]
[ 3 21 17 81 27 19 67 43 32 4 0 70 2 23 45 48 19 16 21 47 21 7 4 14 0 ]
[ 15 28 13 34 30 17 3 25 14 31 7 47 8 57 35 9 10 0 14 70 38 4 69 71 17 ]
[ 36 48 17 7 46 62 25 34 52 0 20 6 0 44 47 53 33 17 8 41 16 6 31 13 7 ]
[ 36 16 15 35 16 10 89 12 25 22 14 35 34 46 61 18 30 4 7 7 5 46 37 37 13 ]
[ 1 13 22 18 24 31 68 24 0 58 23 38 9 4 52 23 52 32 16 6 43 26 1 95 7 ]
[ 47 28 50 21 28 19 27 14 65 90 16 18 40 3 20 26 21 64 0 5 0 68 8 5 7 ]
[ 11 35 20 96 18 17 23 6 3 3 16 20 4 75 18 53 77 22 23 43 3 1 76 0 30 ]
[ 10 19 13 7 53 15 37 62 0 6 61 25 26 8 57 74 53 23 2 64 0 18 15 17 29 ]
[ 28 2 38 8 55 62 12 7 30 48 49 5 78 1 4 0 2 15 11 86 39 3 82 1 28 ]
[ 1 21 5 4 10 37 40 39 21 25 52 5 35 28 71 27 6 56 26 69 8 12 73 2 23 ]
[ 68 6 7 25 10 33 28 18 1 68 39 4 28 58 10 21 34 78 12 15 60 36 1 12 24 ]
[ 32 28 31 17 69 49 83 9 4 64 36 4 22 0 35 0 21 5 35 73 9 3 9 17 42 ]
[ 32 32 19 89 36 41 7 21 20 46 11 60 29 14 60 54 4 10 19 31 2 5 7 9 42 ]
[ 61 10 0 18 7 2 36 20 10 20 7 25 41 36 14 33 34 50 75 52 42 7 26 25 57 ]
[ 18 62 16 47 38 40 13 7 27 27 46 19 6 3 62 0 7 88 40 44 0 39 34 25 0 ]
[ 91 40 10 5 19 50 40 74 14 31 34 71 20 65 9 14 4 3 6 16 1 12 29 32 19 ]

Timer (generate): 101ms real	90ms user	10ms sys
[ 93 89 93 77 38 4 46 66 65 32 26 69 44 15 68 55 25 55 48 64 20 1 86 50 32 ]
[ 21 30 3 73 47 74 66 36 19 96 74 24 42 92 89 26 18 10 71 86 78 78 11 85 26 ]
[ 27 6 79 13 56 12 34 38 15 8 86 41 26 74 60 22 1 84 16 93 26 43 64 88 66 ]
[ 50 67 44 13 4 22 40 10 2 5 18 14 92 57 81 52 95 74 78 69 86 1 22 23 69 ]
[ 16 49 12 32 37 30 34 56 26 99 13 49 91 23 51 96 94 17 40 3 50 92 98 24 71 ]
[ 19 62 24 42 85 93 10 86 58 94 76 88 80 84 15 79 97 64 22 21 67 70 67 84 11 ]
[ 70 34 3 68 10 26 39 24 50 33 10 44 43 96 54 89 24 42 69 9 9 0 6 25 22 ]
[ 79 92 93 46 28 4 16 14 7 36 24 34 28 49 36 61 11 32 57 59 86 46 84 81 16 ]
[ 45 42 16 3 68 39 83 12 84 81 41 88 50 55 47 38 32 33 66 33 22 80 96 54 37 ]
[ 55 93 83 91 74 51 36 68 20 40 88 11 75 53 95 56 94 83 58 1 82 97 85 16 15 ]
[ 70 90 95 66 44 84 74 37 68 65 63 71 54 32 91 94 72 2 21 25 97 29 71 32 88 ]
[ 25 15 37 10 83 4 33 73 52 51 69 36 25 59 56 43 22 28 97 6 71 43 79 74 64 ]
[ 56 23 93 28 56 81 53 23 70 15 58 75 48 83 27 0 4 15 77 63 72 20 38 0 17 ]
[ 44 71 60 75 97 24 84 21 70 12 29 3 17 4 74 32 14 1 33 49 80 85 53 95 14 ]
[ 69 67 35 7 19 4 3 43 17 79 40 41 63 13 63 27 94 67 44 50 41 28 64 42 13 ]
[ 65 22 98 71 17 13 40 37 0 47 56 4 50 99 21 81 40 15 96 5 78 23 0 45 19 ]
[ 2 38 0 19 80 13 84 54 64 55 24 29 95 61 81 94 17 85 45 69 59 78 9 26 75 ]
[ 66 4 50 18 2 70 21 40 22 40 73 35 76 79 51 32 55 80 79 16 61 74 86 99 71 ]
[ 55 10 49 16 36 24 82 92 27 1 46 97 74 87 71 66 12 6 42 91 10 74 99 42 6 ]
[ 15 4 32 53 55 3 8 17 4 76 53 81 11 97 8 64 44 57 38 31 28 4 95 86 46 ]

Timer (sort): 29079ms real	29070ms user	10ms sys
The output is sorted!
[ 6 28 43 12 29 1 68 41 16 7 20 23 4 0 69 27 51 2 4 3 29 54 8 67 11 ]
[ 4 47 56 4 21 12 17 2 21 43 41 50 48 13 33 22 3 0 21 51 7 46 2 53 15 ]
[ 26 42 3 3 63 2 28 9 35 16 18 8 10 1 56 15 67 15 48 8 6 91 49 2 24 ]
[ 50 54 14 29 2 50 40 32 10 37 35 8 0 1 14 69 14 3 19 7 18 0 32 49 63 ]
[ 50 5 12 26 17 82 7 30 35 20 2 25 39 11 15 16 2 63 8 20 63 22 36 6 44 ]
[ 24 5 2 43 54 9 5 22 66 18 85 29 33 55 32 5 43 25 2 29 10 9 37 16 21 ]
[ 9 14 9 36 43 2 27 3 28 34 64 0 76 35 9 71 16 34 8 18 25 8 11 6 93 ]
[ 4 42 82 97 15 24 52 18 18 61 30 6 10 50 19 1 29 0 6 47 5 5 0 45 14 ]
[ 60 24 7 31 2 44 26 37 29 18 21 10 71 8 42 23 80 16 8 2 47 1 24 54 3 ]
[ 22 17 6 1 22 26 37 10 5 73 1 41 34 45 13 35 7 32 54 63 35 15 49 22 28 ]
[ 90 18 8 17 15 64 52 48 17 12 18 43 37 0 24 10 25 5 25 5 87 35 29 2 9 ]
[ 24 4 80 85 44 51 4 11 34 27 18 15 3 7 22 56 57 32 43 29 2 11 21 12 4 ]
[ 21 68 18 31 19 37 44 2 22 38 58 39 64 9 0 29 24 2 49 29 4 50 5 30 6 ]
[ 33 12 48 10 55 9 32 8 22 16 47 24 1 6 61 81 10 50 16 0 41 40 6 0 73 ]
[ 38 0 47 22 34 62 3 15 45 7 24 0 9 28 7 25 19 3 37 84 57 30 18 58 36 ]
[ 3 68 24 84 19 31 7 21 25 70 12 35 13 11 7 88 14 45 18 10 25 35 19 23 3 ]
[ 2 8 57 1 23 16 15 92 0 2 23 1 5 55 18 10 33 79 43 52 34 3 24 71 43 ]
[ 29 47 4 24 82 64 43 7 38 2 3 8 5 12 25 23 50 64 44 4 18 1 16 97 0 ]
[ 5 16 70 67 29 41 5 14 15 1 74 37 53 23 48 1 52 8 21 31 13 16 26 9 35 ]
[ 4 13 62 1 77 4 60 30 28 42 38 33 12 15 12 34 46 33 35 19 12 64 31 6 0 ]

Timer (generate): 104ms real	90ms user	0ms sys
[ 87 95 13 75 57 58 51 66 88 26 3 14 20 65 72 46 39 24 53 2 50 73 49 18 91 ]
[ 50 1 43 86 69 97 25 64 11 52 74 69 4 40 9 82 95 23 2 12 95 0 52 20 53 ]
[ 6 22 26 7 92 69 58 93 64 96 15 62 22 79 25 74 53 46 30 45 55 64 93 78 66 ]
[ 5 25 18 9 97 71 15 20 50 23 64 19 33 58 84 29 73 46 51 4 71 78 10 17 8 ]
[ 7 72 73 0 2 91 58 79 10 19 77 33 87 49 83 62 13 3 95 23 87 24 48 85 28 ]
[ 53 56 58 63 25 18 70 49 43 23 51 35 33 82 97 52 59 30 91 60 66 53 26 69 0 ]
[ 49 8 77 50 93 5 3 1 15 18 78 33 40 27 77 15 30 64 48 12 13 53 24 43 44 ]
[ 36 9 98 62 30 98 64 38 75 14 83 32 69 36 99 87 14 33 79 93 62 95 23 26 43 ]
[ 88 39 96 64 34 41 0 96 91 63 26 41 79 17 17 93 52 1 14 89 1 53 55 86 32 ]
[ 49 48 79 24 74 23 64 65 71 28 99 64 29 47 7 44 26 49 23 95 18 68 47 71 34 ]
[ 88 72 87 44 58 19 45 58 99 69 32 74 34 49 97 14 1 14 43 48 21 39 74 70 14 ]
[ 69 40 34 69 12 68 57 84 55 1 95 27 46 53 78 68 38 4 54 39 1 68 40 15 64 ]
[ 41 37 3 67 59 70 37 52 4 58 64 73 15 0 80 69 95 7 67 1 85 87 91 89 41 ]
[ 30 43 62 71 58 26 12 47 81 31 59 51 68 11 8 78 27 33 46 27 13 15 23 21 34 ]
[ 76 58 22 67 0 15 49 43 77 20 53 55 84 53 37 16 64 40 36 75 0 67 2 33 13 ]
[ 81 47 28 56 68 62 32 78 36 51 78 52 1 21 29 73 27 85 58 80 74 26 44 66 14 ]
[ 71 67 81 25 0 94 6 47 74 63 67 37 47 46 25 99 76 77 0 98 59 73 77 44 83 ]
[ 57 70 61 53 36 76 76 3 57 1 56 4 59 3 78 22 23 67 22 21 93 21 97 22 73 ]
[ 47 81 46 24 25 82 33 95 43 86 84 71 62 87 81 15 43 85 75 99 15 49 74 83 71 ]
[ 95 28 44 44 50 17 92 84 16 68 9 98 2 57 93 40 41 65 55 80 46 70 76 83 45 ]

Timer (sort): 28977ms real	28980ms user	0ms sys
The output is sorted!
[ 5 16 36 17 9 1 27 9 68 1 0 41 1 17 7 24 13 15 51 9 66 13 39 9 54 ]
[ 38 41 37 26 8 4 19 0 29 23 30 85 27 3 4 0 16 28 7 6 15 81 18 5 30 ]
[ 12 30 40 5 2 18 33 14 3 8 43 12 22 32 64 7 17 39 3 17 45 10 85 1 18 ]
[ 1 50 9 6 33 12 27 27 8 34 1 3 7 13 54 32 79 29 2 49 4 19 73 6 29 ]
[ 36 11 7 9 10 54 38 8 71 96 0 35 18 49 36 19 27 10 8 26 25 3 8 7 35 ]
[ 16 4 91 30 19 79 1 22 33 5 8 2 31 18 12 37 23 20 18 0 56 18 21 8 78 ]
[ 23 34 61 42 7 17 25 29 18 43 61 20 14 20 2 24 65 12 7 9 16 6 4 45 52 ]
[ 40 18 0 2 26 0 15 12 7 25 21 5 13 48 18 73 59 19 28 69 62 26 0 42 30 ]
[ 14 1 22 41 67 60 3 9 75 10 9 6 3 31 10 67 42 81 30 34 21 10 1 13 8 ]
[ 48 23 17 11 55 38 57 9 41 4 53 12 24 31 53 3 45 10 6 15 65 16 9 4 20 ]
[ 2 1 51 7 62 25 21 12 54 7 13 24 18 25 8 46 71 62 22 1 1 16 38 39 48 ]
[ 11 33 15 23 24 4 25 85 1 10 23 33 79 43 1 60 15 12 79 5 2 2 70 1 19 ]
[ 0 7 5 39 14 15 26 13 21 28 13 45 24 85 1 19 31 69 3 29 19 63 34 14 61 ]
[ 51 18 9 16 50 0 35 18 17 14 50 0 4 17 13 21 19 9 44 62 2 16 94 50 54 ]
[ 33 13 71 9 84 37 34 19 6 78 33 20 6 38 28 13 44 4 53 4 27 3 20 6 1 ]
[ 0 12 18 4 4 15 24 34 7 21 63 35 96 35 43 29 36 35 13 17 34 1 47 48 14 ]
[ 13 86 12 27 18 68 58 4 3 29 20 1 2 1 49 26 39 70 0 56 9 27 27 28 13 ]
[ 17 38 17 21 6 20 53 2 67 41 23 1 32 24 8 6 42 34 24 25 12 61 1 62 52 ]
[ 23 14 14 70 19 0 14 86 2 1 20 39 45 51 45 18 22 12 55 36 19 54 5 30 2 ]
[ 28 15 5 13 32 72 8 57 20 8 60 36 4 3 58 18 1 37 0 43 72 32 23 43 8 ]

