Timer (generate): 201ms real	190ms user	10ms sys
[ 21 39 68 33 83 22 8 8 84 52 58 8 57 47 49 4 28 56 3 29 35 16 65 10 6 50 69 3 64 81 41 37 20 61 70 56 83 78 64 67 82 75 75 92 74 25 96 2 33 51 ]
[ 31 20 67 48 30 26 98 51 81 14 33 74 51 5 35 21 61 18 52 78 85 86 5 61 30 79 38 78 81 23 29 13 44 49 61 26 75 12 78 8 26 63 83 78 20 18 51 82 37 55 ]
[ 12 22 94 17 35 24 48 25 55 29 49 36 94 45 85 56 71 12 68 1 21 46 64 56 24 85 74 28 19 11 83 83 86 77 52 73 54 0 99 9 81 0 97 76 45 83 32 68 47 52 ]
[ 70 20 98 86 76 75 23 3 3 94 14 38 77 52 16 29 26 22 81 25 83 63 77 80 39 22 15 23 90 63 27 12 35 25 51 12 52 74 15 55 69 81 46 98 86 62 80 12 36 61 ]
[ 89 19 24 66 51 15 40 67 38 82 30 65 95 17 43 98 29 95 72 96 3 93 30 49 44 16 63 24 80 51 37 69 70 14 87 21 29 27 40 68 9 70 85 56 40 28 54 21 76 79 ]
[ 18 31 24 0 32 68 16 95 44 96 46 82 17 68 96 56 41 25 35 82 45 96 4 83 53 44 63 59 66 39 90 36 22 15 36 54 35 4 49 80 52 47 62 69 67 10 25 9 87 60 ]
[ 43 33 56 47 16 61 44 31 73 62 71 63 98 45 30 34 0 66 90 1 46 42 49 60 11 16 70 88 77 57 0 20 42 8 20 10 22 64 42 95 26 65 10 76 10 41 62 10 7 52 ]
[ 12 5 94 13 65 57 81 35 97 11 44 49 31 87 57 3 49 31 19 91 78 97 56 89 73 67 30 35 29 89 39 41 94 33 6 11 42 88 46 39 99 42 40 82 81 98 38 31 81 57 ]
[ 22 60 55 79 49 28 98 31 16 27 72 55 21 66 89 79 77 83 19 75 75 70 17 15 53 51 65 91 82 47 0 4 7 55 35 8 36 33 39 52 13 11 7 86 29 48 65 58 32 85 ]
[ 33 59 55 2 74 60 53 40 3 35 87 4 92 94 11 27 2 47 13 93 99 26 56 7 64 85 7 29 43 91 14 28 50 22 30 25 82 36 65 38 23 4 42 15 50 53 95 4 53 8 ]
[ 97 52 86 5 11 50 90 19 79 33 10 46 13 61 20 95 38 2 31 55 92 7 59 34 74 61 40 69 65 93 29 14 97 15 19 9 17 9 80 49 94 90 47 59 3 67 54 93 21 38 ]
[ 48 14 45 59 0 19 20 40 41 85 85 70 51 83 38 70 44 7 31 24 56 77 66 3 36 70 22 91 15 44 29 64 10 74 23 10 45 44 3 86 81 88 9 33 23 99 55 67 6 87 ]
[ 91 63 16 58 18 53 80 93 96 47 37 25 11 99 51 87 9 48 83 12 35 64 53 96 49 76 95 5 96 53 44 87 16 12 97 87 65 29 80 61 77 69 38 40 20 89 27 29 38 10 ]
[ 94 25 27 47 73 76 75 20 33 71 73 29 11 90 42 8 29 59 90 61 21 67 82 11 7 2 1 87 31 91 97 77 68 24 24 41 53 52 61 38 23 34 68 34 76 62 95 57 21 85 ]
[ 18 94 4 0 6 63 54 7 50 38 50 0 15 18 76 92 11 81 44 72 20 19 58 40 54 35 2 49 92 23 86 63 70 90 15 76 5 70 35 56 8 85 8 75 55 36 67 66 18 63 ]
[ 38 38 83 96 78 89 83 32 38 76 55 76 91 25 18 6 53 23 76 88 31 36 25 39 12 80 76 31 46 46 95 36 84 30 85 14 19 68 46 9 96 53 85 39 31 55 46 84 78 74 ]
[ 25 62 11 50 53 75 31 81 58 29 27 5 66 11 35 3 77 6 23 75 15 72 29 52 11 12 7 57 96 38 32 21 0 95 72 53 22 55 35 80 84 62 86 2 26 21 57 55 28 81 ]
[ 31 95 53 60 48 16 72 7 74 20 45 58 94 97 5 66 51 27 73 38 7 9 52 93 12 78 67 21 34 47 2 17 42 7 77 42 24 1 2 50 21 99 60 15 97 65 33 0 44 6 ]
[ 38 3 68 42 97 32 73 16 53 7 15 56 76 9 15 53 52 39 6 6 41 27 5 1 95 2 18 28 2 14 87 92 18 55 35 67 39 60 83 92 67 50 48 95 59 64 48 11 55 54 ]
[ 17 49 33 75 50 28 77 21 9 32 87 48 76 5 55 63 72 94 23 7 86 42 57 87 37 17 3 37 80 10 91 50 59 77 25 62 57 54 35 18 86 22 66 63 28 73 78 52 19 2 ]

Timer (sort): 29108ms real	29110ms user	0ms sys
The output is sorted!
[ 48 71 40 24 30 4 3 7 25 21 1 16 72 84 14 36 4 21 96 14 79 73 19 12 11 54 76 34 52 12 61 0 36 2 24 18 6 80 25 32 1 27 0 25 11 14 13 15 87 61 ]
[ 54 80 13 93 0 10 23 49 0 32 76 45 29 31 21 27 0 7 13 44 57 31 20 67 15 18 47 1 25 31 26 79 11 91 24 11 1 0 12 1 32 41 99 62 24 20 41 24 79 6 ]
[ 35 28 2 30 18 37 1 11 3 0 24 5 26 47 35 60 41 74 29 75 18 73 39 17 33 11 33 20 7 22 70 95 2 72 25 20 61 27 83 16 27 7 22 5 55 9 17 48 35 98 ]
[ 65 15 4 1 80 37 17 14 16 22 0 35 63 7 27 1 18 2 30 79 21 32 25 95 45 51 0 3 1 66 28 66 81 33 19 14 22 36 28 38 10 81 74 74 40 1 75 58 4 5 ]
[ 55 23 6 7 4 13 87 27 72 1 22 74 25 3 5 4 81 2 2 45 15 11 1 4 96 34 73 44 19 7 0 74 30 7 33 87 72 21 14 96 22 89 22 99 44 27 3 25 30 5 ]
[ 34 71 0 26 28 50 21 4 2 64 51 91 71 4 42 92 13 13 12 5 68 66 78 17 3 78 17 29 20 9 11 54 33 11 80 13 13 1 17 16 18 20 7 89 24 1 33 90 14 45 ]
[ 19 15 31 56 25 76 41 0 16 4 35 48 29 20 30 41 35 31 48 29 31 5 89 62 37 71 64 50 9 18 89 28 33 72 37 11 0 30 11 16 35 98 16 16 19 46 10 6 29 10 ]
[ 44 15 44 18 52 12 41 79 42 83 2 46 8 43 88 19 12 13 36 42 91 16 58 7 15 51 25 87 7 4 11 3 19 7 73 23 71 14 3 13 49 5 59 58 0 0 29 12 65 65 ]
[ 3 92 62 35 36 9 11 25 71 2 5 24 43 27 86 46 30 3 33 36 73 58 17 71 15 12 36 82 6 23 2 61 16 16 96 4 25 7 30 49 62 87 25 5 14 11 3 44 15 37 ]
[ 7 29 67 69 15 34 33 24 80 16 27 9 6 20 38 38 56 0 32 18 83 23 54 29 70 72 8 17 28 36 66 35 18 86 56 33 20 41 10 1 57 37 10 63 9 0 1 17 0 86 ]
[ 45 31 16 4 34 5 35 11 76 0 96 97 76 7 19 8 88 13 40 89 9 8 65 55 20 18 11 65 65 36 12 10 19 80 14 6 85 1 17 14 1 65 11 30 24 30 38 12 43 30 ]
[ 75 11 39 0 81 0 2 18 10 42 31 17 38 18 89 9 19 27 39 1 35 58 66 7 44 94 10 57 86 86 10 61 49 1 13 82 1 15 1 63 9 84 32 0 2 73 9 21 52 0 ]
[ 31 45 23 68 53 30 41 24 6 24 61 4 7 20 26 26 41 3 29 20 12 76 11 16 14 14 29 85 39 10 6 22 55 29 91 8 12 84 84 18 8 45 74 67 18 1 45 59 4 74 ]
[ 26 2 7 21 59 5 6 78 46 11 65 16 1 35 35 13 40 25 9 68 55 27 39 45 44 3 27 3 13 16 18 39 18 26 60 30 31 18 8 77 81 74 93 82 61 29 48 53 6 9 ]
[ 40 51 3 4 8 73 75 5 7 4 39 8 39 57 25 63 64 4 16 27 35 4 10 32 14 9 10 35 0 47 6 40 98 61 96 6 34 23 11 93 27 3 2 18 60 79 33 76 83 49 ]
[ 36 14 33 85 75 11 14 31 32 28 79 2 1 69 82 64 41 28 34 59 9 14 2 12 47 87 0 7 69 51 84 5 17 17 42 44 29 8 27 13 36 6 15 38 28 49 2 21 77 36 ]
[ 2 17 25 18 8 28 9 23 14 33 25 77 32 31 2 82 16 11 40 81 53 28 89 22 24 49 70 8 27 60 14 29 30 40 47 38 20 8 13 86 41 91 63 26 22 65 8 38 28 0 ]
[ 17 38 47 4 10 14 57 12 49 60 8 3 44 13 10 12 45 16 21 96 15 2 41 21 9 21 7 89 81 76 35 51 14 34 55 77 48 64 41 97 24 2 52 68 15 15 33 12 31 6 ]
[ 33 21 72 41 36 30 25 4 87 59 31 79 26 52 68 13 65 10 35 6 51 0 4 52 26 42 18 61 17 87 11 2 8 83 43 45 13 21 1 52 32 32 31 10 36 99 24 1 9 11 ]
[ 99 9 58 27 69 2 22 71 35 41 6 25 34 73 9 46 20 10 21 40 7 15 55 37 88 66 4 16 10 24 12 61 33 23 88 2 25 10 25 60 3 31 37 38 57 46 36 29 8 58 ]

Timer (generate): 210ms real	200ms user	10ms sys
[ 39 31 80 4 43 7 75 98 39 16 93 50 83 80 41 91 79 32 25 59 31 55 40 20 74 63 45 53 91 3 52 30 86 85 86 30 92 61 28 83 29 74 85 13 6 27 56 85 11 82 ]
[ 45 43 89 85 15 63 48 60 17 91 64 21 73 50 6 60 32 98 21 13 34 3 39 19 16 45 98 72 31 10 6 76 53 95 13 20 11 14 80 80 57 96 1 31 99 8 43 83 58 16 ]
[ 48 92 19 87 12 87 33 62 12 64 72 18 92 77 66 57 97 77 23 30 57 81 78 58 64 29 18 7 13 77 75 13 21 95 1 85 34 86 48 46 50 72 17 94 50 83 3 99 60 27 ]
[ 81 69 60 60 79 76 89 98 83 54 27 10 68 0 57 21 86 92 7 34 38 9 58 55 3 60 90 58 60 50 85 41 71 97 53 51 73 95 1 8 1 80 19 69 80 76 90 18 20 49 ]
[ 4 11 58 63 18 13 23 9 72 83 11 57 77 83 7 82 86 80 77 39 89 79 19 8 0 51 36 43 70 9 92 74 20 3 37 38 16 61 47 88 96 59 98 25 94 57 60 80 37 89 ]
[ 19 26 20 90 86 21 41 75 16 11 84 60 38 4 63 75 42 32 88 42 72 37 53 22 14 47 79 74 27 17 64 98 95 84 88 82 57 29 9 73 93 93 86 83 97 49 58 91 81 99 ]
[ 85 6 88 38 28 54 85 8 29 12 25 45 62 20 81 50 54 39 32 63 64 25 56 50 8 5 52 18 49 85 69 34 91 9 73 20 64 10 28 45 75 5 90 37 77 71 88 32 62 20 ]
[ 47 79 97 56 29 57 61 33 27 62 19 49 49 10 58 74 82 74 84 62 19 59 67 9 49 45 33 37 77 95 9 24 26 58 80 56 15 94 41 94 8 60 43 57 23 54 31 57 28 68 ]
[ 20 48 79 87 9 28 32 42 17 61 90 26 38 16 36 70 24 3 16 66 98 25 78 93 34 53 47 18 11 76 38 31 76 17 70 85 46 55 28 15 68 70 94 6 86 30 29 63 34 45 ]
[ 29 32 22 59 25 9 13 25 79 76 53 17 59 29 34 29 66 32 36 46 48 5 16 42 63 3 72 92 66 58 90 47 90 64 6 68 73 71 45 52 99 98 21 58 79 56 40 45 40 76 ]
[ 44 40 81 60 82 45 15 7 37 33 65 79 80 8 44 39 28 69 62 73 74 62 23 95 20 54 51 60 99 44 89 95 84 70 56 67 67 71 26 57 5 43 36 37 3 32 28 31 2 91 ]
[ 56 76 53 79 23 25 33 75 38 85 71 27 80 55 49 88 74 17 60 0 74 17 96 62 6 99 95 35 83 97 78 39 25 31 19 48 8 4 75 98 41 46 25 74 54 27 62 28 44 74 ]
[ 81 70 91 77 32 98 28 27 85 11 76 63 51 53 46 22 2 6 26 29 5 20 76 82 94 30 9 56 10 53 31 91 75 74 20 8 24 49 87 61 60 64 24 11 17 70 85 71 77 12 ]
[ 1 82 84 29 16 78 11 26 86 21 31 69 65 7 96 85 15 72 34 2 34 95 18 58 58 88 81 44 59 10 8 12 44 92 41 60 22 4 86 60 26 18 82 43 25 78 28 92 50 15 ]
[ 94 36 62 65 95 20 53 28 16 12 38 76 25 82 68 18 94 42 23 81 55 1 51 37 44 76 67 24 68 69 39 14 6 1 79 53 74 84 81 90 97 71 67 74 5 87 92 99 82 67 ]
[ 80 89 68 31 26 64 59 45 89 79 14 80 46 72 82 77 77 8 62 10 50 11 81 69 85 86 9 29 86 91 49 18 80 17 2 58 82 13 55 23 93 21 3 39 94 37 16 71 45 30 ]
[ 82 96 41 15 17 78 2 26 60 40 69 9 10 49 78 12 59 12 26 14 35 71 36 91 10 82 28 78 5 26 61 39 74 2 55 91 33 9 18 45 49 87 54 59 89 84 24 0 97 50 ]
[ 67 84 21 3 75 83 37 56 13 42 82 74 82 56 29 89 99 14 98 17 59 47 57 65 58 98 49 82 98 98 84 65 83 57 20 58 92 57 66 6 52 48 32 86 56 61 75 56 27 73 ]
[ 25 86 72 82 3 82 80 5 17 31 3 1 48 86 11 69 97 3 78 63 9 30 64 94 16 20 55 43 76 83 68 2 21 40 36 25 23 69 30 92 52 85 93 0 24 56 69 21 60 0 ]
[ 36 21 30 0 15 99 73 23 94 49 58 63 3 31 55 92 56 30 61 38 22 13 24 68 65 48 24 35 21 84 87 9 58 69 62 25 20 35 0 15 36 58 78 92 90 33 84 98 64 97 ]

Timer (sort): 28993ms real	28990ms user	0ms sys
The output is sorted!
[ 14 19 71 25 56 23 47 6 21 1 37 46 11 51 47 41 17 79 1 13 27 18 30 18 42 0 2 71 7 83 7 21 54 30 99 10 6 46 16 27 0 5 25 11 56 24 4 25 56 5 ]
[ 80 35 8 28 54 22 12 4 76 3 14 16 19 17 7 25 43 6 42 39 56 4 18 21 69 19 44 95 29 74 69 9 61 29 37 15 3 1 19 32 4 33 0 75 3 8 0 46 14 42 ]
[ 30 2 14 32 5 9 86 2 83 45 15 17 16 15 26 29 15 21 15 11 44 98 86 35 0 1 10 60 4 45 37 87 47 51 19 4 60 57 6 43 3 21 12 71 88 91 1 3 12 16 ]
[ 20 1 5 39 22 2 68 29 15 52 5 60 23 54 16 83 1 58 85 11 5 60 63 52 4 47 24 44 94 47 48 14 1 5 54 23 7 22 5 23 74 62 35 49 16 3 32 17 13 17 ]
[ 38 44 62 5 5 18 10 18 4 37 11 17 1 38 29 3 24 2 33 27 92 7 69 21 24 63 8 95 46 35 9 84 79 23 41 36 42 3 6 46 40 17 16 42 8 97 45 32 51 30 ]
[ 14 11 6 5 64 41 52 74 70 39 15 38 57 85 44 66 62 8 39 30 4 59 9 17 18 16 74 50 29 4 45 43 15 51 0 31 44 52 5 14 44 21 5 1 58 1 19 73 9 10 ]
[ 21 51 39 16 56 5 90 68 17 45 44 46 6 57 67 37 7 19 9 4 1 30 7 23 20 51 47 51 28 17 4 50 20 43 18 77 0 9 45 70 6 41 16 12 98 83 1 5 54 10 ]
[ 3 38 1 36 53 73 5 1 14 99 10 60 2 1 14 55 56 58 82 34 5 23 26 6 6 32 15 26 15 67 32 18 6 85 6 11 59 11 13 73 10 75 85 12 77 0 19 85 58 1 ]
[ 0 63 43 45 75 1 7 35 70 15 24 74 34 7 65 59 18 11 3 5 13 69 93 5 72 33 21 15 52 20 56 4 35 52 50 11 53 9 46 24 24 70 50 10 30 15 21 0 26 25 ]
[ 54 37 12 84 90 11 22 11 21 1 7 41 1 11 73 0 60 3 6 54 0 11 24 16 11 22 84 99 41 13 60 47 50 24 84 41 35 6 4 9 60 11 2 61 75 75 13 35 30 19 ]
[ 96 61 29 30 28 26 17 19 4 10 90 18 7 58 31 86 1 23 15 21 33 22 90 1 35 44 52 21 56 39 21 52 1 50 34 81 28 51 0 33 61 42 3 20 0 86 6 2 9 21 ]
[ 36 32 1 39 52 2 22 11 35 55 54 21 53 18 99 4 4 98 97 45 19 20 88 27 11 85 10 21 0 31 47 36 63 0 27 68 2 49 79 37 4 33 11 10 3 62 14 7 13 11 ]
[ 12 45 0 21 33 6 11 23 53 0 40 35 71 75 41 30 3 23 33 93 84 4 45 13 23 9 30 79 30 30 3 42 27 3 63 13 62 27 88 15 27 28 2 50 4 44 32 59 19 65 ]
[ 59 15 14 15 16 3 11 77 52 4 36 29 45 14 99 48 11 61 6 17 7 26 31 21 34 82 1 59 34 98 0 45 14 14 60 82 69 72 59 21 28 48 2 25 14 2 25 26 15 32 ]
[ 3 57 30 69 41 6 5 61 4 50 16 10 26 53 21 21 38 94 24 39 32 27 6 63 40 31 47 53 98 30 31 1 39 61 22 81 19 27 42 23 29 11 33 7 16 55 28 6 1 52 ]
[ 28 13 41 83 51 73 86 12 19 5 2 11 57 9 31 45 9 8 8 7 57 82 54 81 5 12 77 27 9 87 72 89 0 13 73 3 38 11 15 9 16 17 21 26 79 4 23 40 12 31 ]
[ 7 27 47 9 10 17 33 78 2 39 21 65 10 4 24 22 34 5 31 61 6 74 80 34 11 29 3 71 61 98 91 20 25 39 30 88 8 15 18 11 6 39 76 16 96 0 38 30 5 21 ]
[ 22 38 16 3 32 64 72 15 83 35 20 31 43 42 51 44 18 13 89 57 27 19 77 65 35 19 7 22 26 27 5 1 17 22 4 2 38 77 17 74 64 37 5 7 31 8 3 50 21 92 ]
[ 19 61 16 48 47 8 45 8 26 12 0 93 47 39 9 78 37 12 37 0 75 68 91 60 10 90 52 9 5 41 38 24 2 55 24 1 15 21 9 42 34 61 35 33 1 44 63 38 8 1 ]
[ 25 7 24 88 50 3 24 57 41 96 89 53 74 21 7 0 18 80 5 22 2 18 13 6 40 28 14 9 43 93 24 21 1 1 9 3 4 33 60 97 81 1 2 8 74 62 8 45 42 66 ]

Timer (generate): 199ms real	180ms user	0ms sys
[ 9 51 67 58 41 45 33 59 14 33 31 69 46 89 94 29 51 0 92 30 38 3 99 67 16 80 38 29 97 41 31 58 44 99 68 38 96 53 49 62 87 80 32 85 69 78 66 72 78 10 ]
[ 2 68 13 54 36 29 86 26 11 35 67 42 45 64 93 13 2 41 66 51 4 5 84 36 42 53 66 61 78 44 71 32 12 85 38 0 66 24 26 29 11 46 72 56 10 17 69 12 59 88 ]
[ 15 63 45 99 51 88 5 17 49 83 13 20 67 77 57 6 78 24 82 56 53 94 54 77 50 64 47 72 28 6 60 44 21 5 43 72 45 48 41 46 83 54 19 51 31 76 9 61 52 91 ]
[ 70 58 85 24 87 36 89 34 8 69 92 20 65 13 77 9 37 23 9 30 21 45 36 40 96 68 69 5 81 73 48 51 31 34 76 71 70 17 5 30 38 50 2 4 15 79 65 5 54 74 ]
[ 35 76 71 72 68 67 92 37 24 25 63 73 77 46 59 5 17 81 74 75 11 64 25 65 68 92 44 33 97 99 60 85 27 31 57 95 51 1 85 27 26 0 52 55 46 11 12 64 92 38 ]
[ 91 55 3 16 20 71 8 17 57 58 16 69 43 95 0 52 42 3 53 79 83 31 79 35 87 26 99 51 42 43 90 33 99 93 49 71 16 9 88 25 67 56 94 62 51 47 14 46 50 67 ]
[ 25 85 51 5 21 90 83 20 41 25 63 31 58 14 76 59 86 45 20 26 70 40 35 65 2 38 12 17 84 14 36 10 0 39 67 73 29 2 45 71 27 60 54 37 75 83 96 13 28 16 ]
[ 91 98 8 26 15 11 65 27 80 1 94 68 63 46 8 30 71 37 32 16 60 11 76 15 48 3 98 96 68 78 65 12 76 73 90 92 36 55 71 16 57 17 37 20 63 45 3 34 34 87 ]
[ 2 47 99 79 62 99 34 12 96 55 90 61 19 18 86 9 62 23 65 34 91 74 51 28 46 67 25 1 53 12 89 56 59 40 87 73 39 73 37 87 28 79 0 47 97 87 57 60 62 74 ]
[ 46 53 0 49 82 46 16 59 48 70 71 89 78 30 29 65 55 20 38 92 8 19 71 8 18 69 47 27 81 9 1 27 63 53 28 97 0 45 8 0 67 80 89 97 62 70 62 18 90 52 ]
[ 10 50 23 34 11 42 3 58 69 36 20 23 15 35 76 43 84 28 40 92 80 59 24 21 56 87 91 70 57 34 75 19 36 98 53 47 40 8 58 62 44 78 37 11 65 13 7 49 94 47 ]
[ 41 74 59 66 48 67 5 39 38 62 25 65 33 62 63 87 61 56 95 19 70 92 49 7 55 14 72 62 63 18 62 57 93 21 75 41 88 80 32 78 94 10 43 27 72 7 66 85 15 14 ]
[ 5 85 58 6 44 13 21 16 76 36 35 38 93 80 11 20 73 99 0 57 78 46 67 73 26 91 32 92 77 47 6 34 84 16 40 28 30 13 45 58 50 32 96 95 64 59 16 37 58 68 ]
[ 46 88 15 14 62 93 57 46 85 34 94 44 68 78 60 61 59 42 74 56 0 76 88 48 24 4 7 92 41 66 60 87 6 27 53 20 20 11 67 58 97 61 2 18 91 14 79 50 57 5 ]
[ 58 57 82 98 58 6 2 65 98 43 31 10 83 90 90 88 10 62 51 77 20 49 90 74 19 82 41 98 84 98 55 95 7 89 93 65 47 96 31 45 91 14 8 26 56 98 15 67 12 66 ]
[ 44 33 15 87 59 34 21 0 84 57 50 92 52 58 81 46 75 29 42 58 26 85 25 34 12 81 84 27 48 97 45 45 82 61 32 41 47 5 42 84 62 92 76 15 2 57 61 30 38 55 ]
[ 88 65 40 13 51 4 47 36 31 47 85 77 44 19 90 28 60 89 33 54 25 96 99 53 11 1 63 24 31 1 31 72 66 23 37 18 28 84 6 11 32 91 40 28 10 82 57 22 24 90 ]
[ 77 49 86 28 3 49 29 18 73 13 19 4 37 86 28 74 56 8 11 62 19 95 5 60 23 67 94 80 89 18 71 18 68 9 46 23 59 28 41 32 93 60 89 30 98 69 56 6 77 67 ]
[ 68 48 62 25 8 86 92 3 66 34 21 89 4 41 99 3 64 58 83 57 42 76 70 83 58 68 52 66 27 81 34 95 30 48 73 90 86 17 45 5 3 19 94 8 12 45 11 29 3 46 ]
[ 86 98 22 56 33 32 77 86 98 4 19 84 51 49 85 24 92 71 94 37 76 97 8 23 5 21 68 68 50 24 14 36 74 88 45 7 72 22 45 23 78 65 59 29 66 44 6 58 68 52 ]

Timer (sort): 29280ms real	29280ms user	0ms sys
The output is sorted!
[ 36 20 15 98 62 91 60 30 32 4 16 56 18 24 72 12 1 51 18 69 11 10 7 85 61 51 5 24 15 44 43 3 16 59 1 30 2 13 60 34 18 28 42 36 4 14 0 5 18 18 ]
[ 41 25 44 5 15 24 16 48 11 25 37 17 5 33 50 11 33 8 70 2 8 95 96 29 97 8 69 28 66 18 2 8 43 46 13 58 23 29 7 34 6 96 3 12 29 5 75 14 13 45 ]
[ 23 32 61 86 8 27 34 19 33 2 7 23 48 20 8 61 28 22 17 29 34 7 14 22 33 98 64 16 94 20 8 69 5 21 8 13 0 94 32 86 48 39 9 49 11 17 10 40 39 27 ]
[ 9 43 74 16 8 6 37 24 46 23 6 28 62 15 23 11 19 38 7 11 30 50 28 1 51 80 51 2 45 11 69 54 6 43 23 14 1 60 38 47 35 44 27 98 59 2 9 78 41 16 ]
[ 44 81 47 33 77 2 14 23 74 16 85 31 68 11 1 43 3 10 72 14 64 3 23 65 59 25 25 20 4 34 8 0 67 7 33 44 61 47 19 36 15 4 67 36 15 20 31 18 30 3 ]
[ 90 33 85 19 28 83 62 20 3 46 88 29 18 2 11 30 25 40 23 1 71 49 9 2 63 7 35 7 75 68 47 17 54 32 88 82 15 2 2 18 0 42 0 18 44 11 0 21 3 24 ]
[ 77 3 17 17 7 83 51 51 13 39 1 23 19 34 31 91 56 45 34 10 5 8 33 1 72 37 44 64 7 97 56 36 0 25 53 59 9 4 10 22 43 11 45 14 45 29 6 1 26 92 ]
[ 64 20 28 44 47 64 20 14 48 7 46 2 67 2 2 22 33 75 77 67 43 49 28 30 21 6 24 27 25 88 13 89 8 41 85 7 6 5 22 6 64 20 8 31 22 10 5 55 37 34 ]
[ 25 3 49 9 9 10 9 89 31 21 40 28 37 13 49 1 31 14 98 1 40 38 21 60 19 48 6 31 44 7 4 69 11 54 30 20 64 39 62 47 12 2 76 1 67 77 2 50 91 1 ]
[ 72 48 33 43 83 44 10 13 4 18 69 40 20 21 55 49 68 22 63 55 33 19 6 29 12 16 47 27 32 60 25 56 8 11 0 91 55 10 4 11 81 25 3 1 47 58 2 15 32 17 ]
[ 28 10 66 85 4 63 54 4 23 18 56 62 5 34 14 7 40 33 11 87 50 14 38 74 14 16 59 15 25 41 22 5 3 41 90 7 4 45 11 79 15 19 41 21 5 7 28 46 40 91 ]
[ 49 54 29 61 91 89 11 22 11 51 4 9 19 10 69 30 1 1 52 80 63 48 13 22 43 0 42 39 24 29 38 25 83 67 87 26 8 50 48 71 1 5 32 20 15 1 3 16 2 7 ]
[ 82 41 43 9 1 31 50 59 6 45 11 7 48 62 37 22 24 15 39 24 8 94 49 5 12 14 87 52 7 13 80 42 7 24 51 8 7 1 19 13 47 82 20 47 45 9 69 21 24 60 ]
[ 1 42 46 0 5 39 27 72 96 37 10 19 27 13 24 3 13 25 33 28 45 23 42 41 10 23 43 36 61 6 6 63 0 4 15 6 44 43 30 92 32 40 63 60 53 88 15 66 65 0 ]
[ 37 1 13 38 63 57 35 21 63 1 55 37 19 6 0 18 22 76 2 36 74 99 71 55 27 88 12 32 44 21 27 81 22 40 20 37 49 7 10 12 8 66 1 27 24 1 46 46 29 0 ]
[ 23 1 80 53 9 77 76 17 6 22 2 47 29 81 25 44 32 22 10 3 33 3 58 29 4 96 28 6 42 5 36 17 59 16 70 20 45 46 89 4 20 43 51 1 25 28 46 57 51 8 ]
[ 3 0 46 56 8 1 38 3 59 23 2 2 55 80 32 3 8 57 11 28 9 83 89 84 50 28 7 1 10 36 5 65 37 51 21 45 4 11 48 63 87 2 17 42 82 2 45 91 11 56 ]
[ 20 50 0 96 47 54 25 17 40 3 12 14 74 23 9 52 38 17 75 11 36 20 20 55 87 67 10 14 10 3 7 30 53 7 26 53 62 3 22 54 7 86 20 33 61 29 37 0 98 13 ]
[ 33 1 43 88 26 67 3 28 77 82 24 26 46 22 80 2 32 12 14 5 1 55 1 35 23 55 6 24 15 4 13 0 5 56 40 32 75 44 12 4 78 37 30 76 11 62 79 44 27 45 ]
[ 52 3 10 14 49 17 34 78 68 41 38 34 41 48 7 0 19 4 22 73 48 10 44 38 9 22 20 53 24 39 35 28 42 45 94 43 62 28 22 30 22 12 17 15 12 76 15 32 32 90 ]

Timer (generate): 204ms real	190ms user	10ms sys
[ 33 41 83 21 89 26 42 10 39 24 7 66 32 80 11 9 81 84 55 80 98 39 48 51 53 52 8 50 1 90 7 87 83 42 8 73 68 2 35 60 26 42 78 10 74 89 19 7 73 74 ]
[ 40 24 65 88 75 18 41 35 21 94 77 80 81 61 23 89 86 91 44 21 3 70 16 81 81 90 70 52 98 96 79 90 20 44 78 47 15 71 34 88 66 12 68 99 73 91 41 59 35 85 ]
[ 32 38 55 48 20 88 91 42 41 41 38 20 31 10 16 9 9 31 33 44 19 99 8 88 50 81 79 91 92 66 76 24 5 84 25 77 72 68 19 13 9 10 85 92 72 54 53 34 85 86 ]
[ 30 57 37 38 97 88 19 28 79 63 95 56 39 0 92 64 29 64 32 48 30 93 10 67 37 83 21 91 17 59 77 47 16 15 37 65 55 8 93 34 71 40 42 10 92 34 27 21 51 11 ]
[ 70 81 5 80 48 94 15 22 85 84 81 15 83 49 82 20 14 37 28 59 23 99 0 66 62 92 52 89 14 55 0 36 36 57 68 37 52 84 59 37 20 92 4 4 41 86 24 55 23 53 ]
[ 14 47 4 66 65 66 59 69 55 25 25 8 61 13 17 81 50 69 17 61 59 38 5 63 42 46 50 18 1 25 71 68 72 28 34 37 94 45 7 2 70 84 10 83 97 27 65 0 49 34 ]
[ 13 8 72 19 23 66 65 25 85 19 51 8 39 23 36 25 13 83 71 72 85 93 56 95 29 53 22 46 5 71 80 19 31 53 38 55 71 3 80 56 74 83 17 13 7 5 39 20 88 62 ]
[ 44 73 55 0 68 84 5 43 30 11 66 63 30 98 16 68 5 87 23 37 96 50 21 65 63 80 70 54 52 59 16 96 32 24 96 53 60 1 48 43 64 14 6 94 64 74 14 21 61 90 ]
[ 11 9 40 84 74 3 64 97 10 68 8 26 64 40 2 12 45 63 13 93 58 30 60 64 24 24 38 91 98 51 81 9 61 21 45 87 76 61 36 86 29 44 65 93 37 19 5 82 34 70 ]
[ 28 92 0 88 56 77 64 94 68 14 46 1 75 59 22 20 98 50 81 87 89 10 31 6 55 68 25 60 3 60 83 83 52 35 23 61 12 39 55 32 54 53 33 81 64 7 54 15 10 35 ]
[ 2 99 98 33 5 5 54 82 18 9 94 1 44 47 36 67 60 49 6 15 33 12 21 67 46 85 26 0 0 36 87 54 35 85 40 92 43 46 27 61 55 21 62 99 20 50 18 80 99 76 ]
[ 48 85 89 69 52 87 6 78 87 59 67 74 13 54 12 53 47 55 99 26 16 6 99 30 57 20 80 75 52 32 52 52 17 93 73 69 80 80 99 19 39 66 93 4 73 5 10 72 12 61 ]
[ 98 28 68 97 10 77 69 91 5 74 23 9 26 40 54 0 61 86 80 12 5 71 79 50 27 4 8 37 76 20 99 74 1 19 23 11 48 93 2 53 19 25 62 45 17 68 97 78 54 29 ]
[ 91 59 52 22 62 80 26 70 17 2 90 68 28 43 39 51 55 88 96 9 93 15 87 56 61 4 76 10 83 31 40 26 42 92 48 4 72 26 74 42 28 17 10 56 60 2 59 15 90 56 ]
[ 77 83 71 64 91 84 68 68 95 3 99 35 29 93 79 29 98 4 55 24 46 35 41 8 43 2 10 3 69 0 59 46 36 82 62 27 67 83 47 14 86 98 1 68 92 80 49 90 84 57 ]
[ 66 82 44 8 91 88 62 1 43 31 54 54 30 90 36 44 69 3 27 17 69 66 15 70 86 7 3 35 49 87 44 16 70 89 76 13 29 38 14 72 21 20 26 3 62 14 48 32 70 27 ]
[ 1 39 93 16 62 31 76 65 67 77 4 63 45 74 4 21 39 33 59 6 57 33 26 35 36 89 50 36 73 72 64 74 11 9 42 73 41 18 38 60 96 43 23 41 69 80 15 61 65 26 ]
[ 67 23 59 45 10 48 86 12 84 59 84 0 85 48 10 28 21 3 98 12 63 94 7 38 88 28 18 55 89 84 81 8 59 41 54 21 89 40 34 25 52 18 78 37 66 40 65 40 43 64 ]
[ 4 58 10 11 48 50 91 19 5 81 3 87 89 14 80 95 35 21 36 69 46 40 40 76 77 58 16 95 50 59 59 54 69 21 17 18 72 9 37 29 42 92 16 83 6 48 79 93 69 67 ]
[ 15 68 7 55 44 84 65 13 79 16 72 90 70 42 12 88 60 36 97 49 65 39 41 34 22 47 34 53 92 4 20 7 24 27 62 20 64 28 33 95 96 58 86 66 52 50 54 12 86 3 ]

Timer (sort): 28001ms real	28000ms user	0ms sys
The output is sorted!
[ 65 11 7 38 27 97 25 86 1 57 4 48 71 42 4 6 83 4 22 12 26 44 15 48 62 0 40 2 94 43 44 11 55 3 2 34 0 27 21 1 84 25 1 7 19 57 13 2 13 35 ]
[ 63 36 3 8 19 19 41 44 8 31 77 78 2 15 39 7 13 65 3 17 44 65 42 6 16 27 42 93 99 40 51 14 29 6 22 48 25 15 45 34 47 22 12 1 89 3 8 2 69 12 ]
[ 82 46 3 4 15 99 40 92 51 13 26 35 43 22 67 25 59 90 42 3 52 5 8 45 13 29 5 53 72 17 29 6 16 32 11 31 31 3 23 35 16 1 22 12 23 41 37 35 31 31 ]
[ 0 6 4 13 4 15 51 57 20 5 10 63 6 24 1 32 5 49 67 26 44 56 75 81 94 0 68 10 86 2 58 39 8 62 52 13 30 55 22 2 13 33 17 71 57 18 3 14 67 23 ]
[ 40 40 45 17 54 3 87 68 26 6 23 58 49 23 66 1 53 77 0 27 46 58 8 26 9 1 60 16 53 33 6 45 25 3 15 32 6 2 0 32 8 23 43 9 98 61 10 3 91 62 ]
[ 78 12 8 52 14 22 28 11 28 12 6 63 52 32 25 46 95 17 38 59 81 20 13 94 52 15 38 22 33 23 98 11 87 6 15 2 29 95 65 9 8 23 24 12 8 2 10 3 19 48 ]
[ 28 20 36 9 45 5 77 95 24 7 31 7 23 10 17 3 11 93 24 31 37 6 4 39 57 80 63 57 23 5 61 3 77 97 13 22 3 42 17 79 2 1 38 25 63 55 28 74 1 4 ]
[ 56 3 36 52 37 9 86 7 70 5 51 1 91 62 54 4 18 5 8 10 4 7 5 87 57 74 47 42 44 20 36 1 23 25 5 12 34 91 72 4 48 23 5 39 37 59 43 55 16 3 ]
[ 30 62 32 22 2 88 2 59 14 22 32 36 43 18 81 0 24 20 20 4 20 55 74 53 43 69 4 43 23 34 44 6 48 76 28 51 17 30 10 31 4 94 19 0 12 52 0 36 24 72 ]
[ 8 62 11 38 49 9 52 21 6 59 36 16 8 30 51 17 5 2 31 91 66 56 53 80 50 5 31 38 53 45 60 13 7 23 51 8 32 3 29 90 14 17 6 22 47 57 91 5 11 22 ]
[ 39 6 7 44 21 12 79 22 0 48 23 8 51 34 73 53 15 20 47 78 74 22 11 29 44 52 20 6 62 42 28 2 48 35 46 21 47 25 44 99 25 19 7 29 6 33 34 21 5 81 ]
[ 3 48 52 27 53 83 59 89 40 15 51 24 49 18 48 53 13 33 7 13 38 4 2 12 91 30 36 19 18 7 67 21 7 19 0 60 3 11 1 95 27 53 19 28 71 19 81 36 4 41 ]
[ 5 3 47 0 14 27 13 73 27 15 51 38 47 0 67 20 6 44 0 35 94 38 41 41 12 32 45 0 27 1 57 32 57 56 32 23 36 98 96 15 13 0 53 61 0 21 81 58 17 34 ]
[ 52 20 16 56 33 16 62 53 22 70 40 9 45 23 2 8 60 63 25 76 72 13 82 2 3 45 46 18 8 4 15 60 25 32 16 10 0 30 15 23 0 56 84 45 31 39 5 91 2 82 ]
[ 22 71 27 6 12 16 0 30 28 7 55 45 60 50 86 13 97 44 8 41 18 19 15 8 16 85 41 22 25 1 4 99 72 31 5 37 0 5 67 28 65 22 26 25 25 12 90 22 8 99 ]
[ 19 98 85 97 54 56 41 42 42 29 42 11 25 82 39 40 35 8 98 2 8 28 47 2 18 3 58 53 46 8 17 65 58 2 15 12 10 8 54 4 38 48 16 15 31 7 8 66 15 6 ]
[ 64 7 68 4 29 0 22 50 68 7 71 28 80 9 34 6 26 90 51 2 6 13 60 11 0 8 39 70 12 28 40 29 36 8 85 17 8 7 67 28 66 91 8 46 0 42 4 27 84 56 ]
[ 40 15 11 51 43 22 18 2 43 32 55 71 24 82 63 35 1 19 8 36 34 37 74 3 23 7 82 22 55 8 75 48 75 87 51 18 9 21 20 4 53 27 75 29 9 38 16 11 10 24 ]
[ 27 92 46 61 8 12 24 11 37 14 87 23 54 9 7 56 15 31 29 0 2 5 45 10 38 14 35 16 0 52 29 27 44 27 40 52 40 64 16 29 79 55 52 85 16 11 93 32 42 23 ]
[ 13 42 63 10 81 4 83 85 9 1 86 10 15 29 35 55 28 95 77 78 14 35 2 39 35 2 10 3 37 73 37 3 15 0 65 48 5 49 34 14 2 20 76 18 1 64 25 81 11 2 ]

Timer (generate): 193ms real	170ms user	10ms sys
[ 40 87 23 2 15 76 24 51 44 83 95 10 49 57 96 5 75 76 47 84 22 85 72 76 12 7 28 26 84 17 29 24 4 4 79 71 80 3 74 24 38 22 86 87 79 82 93 7 58 92 ]
[ 91 32 29 15 9 93 22 89 20 6 6 1 83 62 5 14 33 38 69 59 14 7 81 1 47 13 83 92 20 94 84 63 26 65 78 87 58 1 76 78 59 82 31 94 44 89 8 29 27 29 ]
[ 89 41 89 22 42 36 87 78 80 59 72 64 22 50 81 1 38 39 54 14 70 13 97 1 60 93 42 20 23 69 50 64 63 39 38 57 27 26 35 7 85 59 23 8 10 4 61 48 95 15 ]
[ 62 65 80 11 19 92 5 61 13 80 31 63 44 94 54 82 51 33 8 39 92 46 98 67 6 8 23 67 8 18 34 71 84 66 34 3 59 91 64 72 71 47 87 15 93 93 50 97 26 10 ]
[ 36 70 56 86 37 14 95 60 81 3 78 67 26 62 86 61 17 97 4 82 69 76 81 8 43 75 1 93 24 79 56 60 49 64 46 86 79 93 98 12 49 76 80 27 91 18 40 8 15 45 ]
[ 42 36 21 24 44 64 51 97 10 75 28 66 87 77 30 85 15 9 31 13 22 80 41 54 7 32 24 48 93 39 93 35 75 66 11 71 30 14 20 40 41 48 58 28 77 89 66 44 50 97 ]
[ 9 24 29 50 30 88 35 54 36 28 45 81 15 72 47 27 43 30 93 15 22 35 15 81 15 44 22 81 88 72 30 97 49 59 0 31 48 87 86 36 15 83 70 30 56 69 9 51 99 55 ]
[ 67 22 90 34 55 5 79 77 39 67 1 69 17 50 81 69 34 81 56 72 69 71 55 39 53 11 61 15 15 60 70 82 34 12 68 89 69 47 18 8 67 20 30 84 22 11 53 56 92 61 ]
[ 28 13 84 36 53 37 47 66 4 62 78 26 96 13 90 65 54 60 64 25 68 31 45 50 15 19 61 20 28 5 81 56 19 65 92 24 55 92 90 11 6 68 90 55 33 80 72 40 40 36 ]
[ 65 61 68 62 11 35 81 25 8 9 30 41 18 49 59 62 25 14 6 67 77 13 36 67 20 21 48 92 61 88 28 78 1 48 40 13 36 74 38 44 35 20 37 5 22 96 68 47 62 26 ]
[ 67 40 39 3 7 59 76 55 3 90 96 84 68 49 84 61 14 20 87 4 16 22 25 54 28 47 50 48 46 13 74 13 53 66 68 12 77 97 20 81 87 16 17 7 65 1 20 32 22 59 ]
[ 36 90 82 61 44 62 60 47 62 59 12 88 24 17 54 45 29 84 42 49 17 81 17 34 40 35 35 13 67 9 72 3 0 6 17 96 20 77 43 82 88 7 23 13 24 77 10 6 13 4 ]
[ 55 30 37 25 64 77 60 52 42 79 13 15 82 13 21 99 62 94 29 57 28 69 65 51 34 41 81 44 47 94 48 55 25 85 80 41 15 92 45 57 71 59 72 53 24 46 5 86 92 86 ]
[ 96 20 55 13 72 90 54 5 34 54 99 35 9 76 72 41 18 87 33 15 97 4 74 21 9 51 67 66 89 11 52 85 32 60 50 56 50 5 61 36 59 12 23 20 89 96 61 59 35 94 ]
[ 74 32 50 1 54 11 4 73 30 93 85 82 31 69 94 81 25 44 38 38 33 97 50 56 69 39 4 30 98 40 76 25 72 78 26 26 90 82 52 20 75 37 54 58 6 49 92 83 45 30 ]
[ 73 78 80 23 87 49 15 91 32 65 31 8 90 56 87 68 34 29 50 86 49 78 23 55 36 81 4 28 16 50 11 89 80 91 65 67 92 80 11 24 45 94 33 88 50 20 8 85 49 59 ]
[ 71 50 37 47 5 25 28 62 6 45 64 17 86 44 60 51 64 52 31 27 77 29 21 10 17 72 82 25 9 83 36 80 85 25 79 42 3 8 4 9 5 68 26 43 65 38 95 81 90 78 ]
[ 8 67 7 29 29 76 53 63 54 14 46 42 95 83 68 26 26 71 86 30 32 91 51 10 35 68 48 82 49 38 60 9 58 68 90 87 96 96 3 50 10 1 93 57 85 13 84 11 36 70 ]
[ 93 68 14 96 30 49 64 78 83 65 68 43 26 26 11 17 66 60 13 69 10 75 70 55 33 55 68 17 18 4 87 64 24 53 60 54 54 77 84 37 94 53 81 21 79 44 90 97 4 3 ]
[ 66 67 30 89 22 63 96 43 32 67 99 72 31 24 25 43 30 80 20 15 17 67 68 98 88 99 95 78 97 99 33 15 66 63 4 41 79 53 84 11 20 83 83 51 59 9 94 90 89 67 ]

Timer (sort): 29474ms real	29470ms user	0ms sys
The output is sorted!
[ 45 15 6 6 76 22 21 70 16 69 17 36 36 33 12 31 47 57 76 52 69 33 17 27 14 8 37 70 6 20 5 3 35 11 9 11 85 82 34 2 52 3 38 40 36 3 23 35 12 0 ]
[ 6 57 77 94 38 56 2 11 17 89 17 48 70 9 25 7 15 43 16 22 1 36 23 19 35 1 65 32 5 2 18 11 11 48 57 1 4 12 13 74 1 82 22 71 43 48 31 58 43 47 ]
[ 20 22 59 22 36 44 4 16 16 41 33 24 8 0 27 5 15 45 5 99 98 71 29 66 70 18 24 54 53 4 5 73 26 16 47 14 12 4 82 29 45 15 5 53 15 32 11 82 29 16 ]
[ 81 47 32 6 68 38 53 80 7 11 49 21 10 20 36 3 87 23 17 42 27 20 34 5 2 3 92 29 78 7 21 11 7 5 18 75 44 71 7 51 34 9 24 44 29 12 0 68 35 69 ]
[ 1 14 86 34 4 37 1 10 36 48 38 2 24 32 53 51 50 40 47 0 9 66 28 70 14 50 32 98 16 46 24 18 60 11 4 17 48 5 27 36 5 66 38 29 50 43 32 0 36 79 ]
[ 31 92 71 14 22 26 21 16 38 33 2 32 67 23 9 23 31 58 43 15 32 42 15 16 6 19 37 24 31 18 14 62 10 37 77 84 63 50 0 53 36 2 86 3 77 47 26 9 6 22 ]
[ 18 1 18 50 25 24 23 1 41 64 14 13 5 38 10 4 11 31 42 62 33 58 19 55 5 58 35 28 41 67 12 59 21 82 10 98 59 85 99 0 1 13 13 59 3 75 63 15 6 5 ]
[ 12 68 4 80 84 37 75 66 44 30 19 16 2 68 7 37 68 17 28 18 25 19 4 37 44 7 19 37 19 35 13 83 3 18 16 39 7 91 6 51 21 25 20 23 45 27 12 13 96 40 ]
[ 15 99 73 61 80 72 20 12 34 41 81 22 12 1 14 43 31 49 2 23 47 72 27 18 35 13 16 10 4 7 9 20 7 82 33 39 6 6 3 93 47 37 15 11 38 82 54 21 31 9 ]
[ 7 41 5 96 30 22 97 36 36 29 16 35 74 10 18 28 36 79 1 83 73 16 9 61 4 21 18 45 67 0 54 26 41 60 22 23 34 19 60 22 0 28 9 26 39 27 7 27 58 8 ]
[ 4 66 29 49 21 15 30 13 56 9 69 35 92 16 37 20 64 19 22 5 17 12 4 44 56 16 39 10 63 11 1 19 29 30 21 51 98 3 64 6 12 33 41 56 2 31 76 18 50 99 ]
[ 74 5 33 16 47 6 10 80 30 39 4 6 48 37 27 5 73 32 69 62 36 1 54 29 41 27 77 22 10 11 78 36 68 63 4 15 70 67 47 0 6 3 7 6 40 86 12 14 18 33 ]
[ 3 30 0 79 26 41 28 74 6 48 1 14 41 12 48 42 61 72 14 37 13 13 41 64 21 61 31 9 47 43 50 2 73 2 34 52 44 62 26 2 11 28 17 4 40 17 46 54 89 12 ]
[ 81 2 46 15 52 8 34 0 28 36 48 49 11 2 13 2 58 17 21 5 1 23 13 47 17 69 48 4 79 82 89 12 36 36 79 40 44 13 40 24 49 88 25 13 43 38 15 1 8 88 ]
[ 46 30 50 7 14 33 32 7 11 31 55 29 15 7 24 35 43 83 2 93 6 38 12 6 0 5 15 33 7 15 4 5 45 54 64 11 40 48 71 51 80 26 32 47 85 8 82 29 91 36 ]
[ 30 68 31 14 8 49 37 80 13 80 8 17 50 24 94 57 36 5 8 4 8 1 0 20 36 2 93 14 32 72 46 15 40 29 29 0 30 18 33 95 98 41 13 48 17 59 6 5 16 66 ]
[ 11 5 36 61 86 26 3 11 3 17 30 3 95 27 19 38 11 47 33 21 5 33 25 27 26 9 23 90 43 11 43 6 68 31 19 7 58 75 70 13 92 1 17 40 80 36 30 91 36 15 ]
[ 9 4 17 7 61 81 7 75 52 21 0 9 1 52 18 1 22 8 22 61 71 11 48 56 16 41 20 28 57 99 88 18 3 5 25 16 39 32 44 43 5 44 53 7 96 71 8 19 31 82 ]
[ 59 30 16 55 6 30 60 46 3 18 67 27 9 19 12 44 19 56 17 20 6 56 7 43 62 47 31 14 5 28 81 64 10 97 19 17 28 31 15 31 49 82 10 11 2 23 55 73 31 72 ]
[ 81 25 14 46 45 7 81 13 42 35 48 73 7 8 97 27 4 15 57 18 7 27 16 27 99 0 20 16 67 66 44 48 91 10 46 88 17 27 2 12 62 50 37 22 10 34 1 14 1 10 ]

Timer (generate): 207ms real	180ms user	10ms sys
[ 3 6 71 84 9 68 8 22 35 14 88 54 10 0 75 52 69 65 89 1 24 43 74 6 85 5 70 81 66 67 5 22 26 76 6 35 45 66 9 32 80 97 39 90 49 66 94 71 31 84 ]
[ 24 7 79 99 65 64 56 87 45 23 7 2 97 33 31 55 20 28 21 29 60 2 79 51 92 80 17 87 3 1 23 28 60 2 79 78 66 87 65 64 62 72 66 59 57 97 14 77 25 36 ]
[ 59 38 38 90 41 82 70 11 21 74 12 96 54 24 98 33 2 17 72 20 33 35 44 99 94 2 49 9 31 26 97 90 64 87 80 6 69 3 17 91 29 81 39 83 5 38 68 60 7 40 ]
[ 80 40 75 76 91 22 78 40 83 10 67 80 52 83 67 85 41 88 88 10 31 17 91 71 0 49 61 20 61 68 60 93 60 88 69 51 10 48 44 93 10 63 25 62 46 44 47 88 32 87 ]
[ 98 64 4 42 87 56 43 48 28 4 68 89 97 28 77 66 31 39 66 27 84 76 90 9 91 37 5 90 77 89 78 27 5 34 21 92 43 64 40 71 68 8 12 65 88 41 84 72 80 50 ]
[ 99 64 79 90 25 70 79 30 12 8 20 42 35 25 29 57 70 72 73 10 95 42 71 8 59 11 49 43 83 82 94 35 46 73 25 24 95 56 6 7 64 78 50 51 56 79 60 26 3 34 ]
[ 88 98 76 11 58 35 23 8 79 58 90 25 93 88 50 70 12 45 26 19 52 90 49 54 42 5 33 2 31 36 36 20 87 64 31 45 52 6 5 83 65 95 8 10 36 58 81 48 3 7 ]
[ 19 7 98 69 62 92 74 47 94 58 36 83 78 23 99 61 20 51 68 26 34 33 73 42 43 9 52 76 10 7 84 81 15 82 2 29 74 77 76 20 87 12 55 65 87 55 78 8 6 46 ]
[ 34 41 31 59 35 27 69 88 3 79 95 87 60 62 21 63 91 47 92 68 20 31 32 75 96 20 82 26 80 89 73 66 82 4 25 17 83 94 57 87 25 5 26 38 67 48 53 11 47 97 ]
[ 79 67 28 11 43 76 83 25 2 63 66 75 29 48 32 7 18 15 53 75 54 79 32 33 69 0 81 22 11 28 19 42 48 47 5 91 23 41 68 77 56 35 53 38 35 37 45 53 4 98 ]
[ 81 59 77 65 92 98 17 25 20 80 5 39 22 53 38 80 96 13 21 17 91 77 4 96 15 39 33 12 45 37 11 78 48 40 43 92 39 61 17 59 93 75 51 68 80 41 48 77 55 21 ]
[ 46 98 50 50 94 18 89 27 30 86 16 41 16 65 34 60 9 73 73 79 84 66 54 87 34 86 29 34 63 36 55 9 34 58 11 28 76 1 7 6 39 75 0 56 92 34 68 2 59 41 ]
[ 81 43 59 87 31 46 73 12 32 89 48 40 50 82 98 62 62 74 15 69 32 54 44 32 62 89 18 30 91 77 23 24 21 35 11 4 81 36 16 65 25 64 5 28 46 55 90 8 81 57 ]
[ 29 14 63 25 98 26 14 17 56 57 46 80 81 19 67 44 23 0 81 91 65 58 55 23 86 53 78 28 13 12 85 94 26 1 20 76 27 86 45 35 44 92 67 77 11 34 22 87 34 55 ]
[ 78 0 13 86 75 0 39 53 80 5 65 18 99 43 19 71 72 98 58 17 33 54 61 1 31 25 87 53 12 22 60 42 74 74 28 49 26 20 2 6 77 20 76 76 15 95 48 87 45 58 ]
[ 57 79 12 18 32 95 95 19 49 59 41 61 2 67 35 82 16 61 54 71 20 31 43 48 8 58 44 8 46 41 18 55 20 30 25 52 25 21 24 26 80 17 88 34 85 75 17 53 37 71 ]
[ 24 9 55 67 57 15 78 53 23 76 95 41 31 67 23 56 72 0 77 96 27 10 13 67 44 50 42 13 4 31 37 80 40 92 48 50 7 78 3 82 54 50 75 85 18 98 41 90 98 71 ]
[ 86 77 81 51 44 77 2 87 43 58 18 80 38 11 72 38 61 31 16 16 13 70 67 88 55 85 38 49 75 36 72 13 66 5 64 10 82 18 49 77 76 20 57 15 83 81 53 44 12 22 ]
[ 12 77 92 79 17 0 64 55 1 91 44 73 4 10 30 21 72 12 39 74 42 16 94 99 83 77 81 88 73 45 10 85 75 55 65 92 55 81 0 8 25 96 81 29 58 11 2 30 75 42 ]
[ 4 17 10 50 69 45 79 2 85 52 47 96 38 22 3 55 67 58 88 67 18 13 63 99 95 21 62 97 3 89 91 60 59 53 10 28 50 90 30 36 94 29 32 32 4 35 39 71 45 28 ]

Timer (sort): 30530ms real	30530ms user	0ms sys
The output is sorted!
[ 83 83 12 3 12 1 5 75 36 8 89 95 55 67 25 14 1 26 13 46 36 1 16 2 9 17 20 93 65 17 5 0 52 18 4 64 71 9 39 7 70 28 2 25 47 28 91 0 6 4 ]
[ 22 36 12 13 58 16 27 78 53 12 68 98 99 0 21 39 52 31 14 18 23 36 35 23 56 19 9 11 45 18 20 19 55 84 32 13 0 11 43 54 24 11 52 23 64 25 15 16 9 29 ]
[ 61 25 24 18 0 44 7 24 13 4 6 1 13 29 6 33 81 64 11 94 57 0 81 24 28 45 41 9 92 47 7 5 24 83 23 24 79 31 1 45 35 7 98 0 88 5 33 21 21 44 ]
[ 33 42 30 11 15 37 65 72 13 62 26 1 22 45 64 27 4 16 22 68 83 4 33 4 23 81 46 36 53 1 20 86 96 2 49 11 40 14 35 5 28 13 6 51 58 23 30 14 39 4 ]
[ 2 76 20 5 30 51 26 36 31 17 99 44 17 5 15 20 38 1 20 75 47 22 73 24 26 38 63 25 14 79 30 16 7 2 22 89 54 0 26 37 17 25 81 86 30 48 6 21 1 27 ]
[ 41 13 16 16 8 20 63 3 8 32 6 19 35 18 49 8 50 15 76 31 51 19 16 49 87 78 27 39 8 38 43 1 51 11 17 12 31 32 15 40 65 21 11 52 92 13 13 94 28 89 ]
[ 65 30 4 34 83 8 61 23 5 8 94 47 13 17 12 23 7 18 92 27 26 85 0 43 67 23 57 1 1 22 43 18 4 47 5 87 8 18 10 13 26 4 60 40 73 25 63 32 95 7 ]
[ 22 50 49 34 5 76 41 14 8 5 46 8 20 8 49 55 27 3 13 21 68 45 83 8 35 64 12 22 44 23 17 18 74 18 4 31 94 45 45 55 2 43 15 23 4 16 78 31 19 91 ]
[ 21 15 82 38 34 63 34 14 13 36 2 44 15 15 9 34 29 31 94 81 32 15 27 41 5 39 3 26 66 6 41 87 22 23 25 8 38 11 22 52 0 24 48 15 91 58 1 72 41 48 ]
[ 51 45 19 83 25 10 85 36 24 29 25 4 14 17 32 74 43 30 72 21 18 47 29 27 78 21 11 69 51 12 20 54 10 39 90 35 1 27 23 25 8 48 29 23 17 14 49 13 44 21 ]
[ 50 6 83 19 88 21 1 1 15 61 50 38 28 8 92 0 85 17 44 61 61 64 13 18 61 50 29 57 84 65 2 86 23 38 5 11 11 6 12 26 20 14 16 48 22 8 0 8 25 44 ]
[ 17 12 8 4 27 42 41 9 2 39 2 67 5 22 85 11 42 3 69 49 72 18 1 3 22 55 19 36 20 54 5 38 67 13 42 94 8 83 3 10 74 57 29 79 31 66 42 26 70 12 ]
[ 12 38 67 21 26 79 11 27 2 14 5 4 19 25 4 3 11 78 8 47 82 12 27 80 87 73 14 57 65 32 14 77 71 33 50 49 13 14 28 15 28 33 72 47 10 28 2 21 59 11 ]
[ 5 0 74 32 40 1 28 14 51 54 31 71 12 75 11 1 23 72 8 58 37 9 90 93 4 25 7 38 10 65 73 16 65 99 0 5 52 29 71 4 35 3 27 0 78 38 1 53 11 9 ]
[ 29 23 16 24 63 44 85 25 55 69 8 81 76 7 32 37 1 18 81 5 52 60 13 50 31 43 48 57 14 27 0 43 2 16 20 65 12 5 43 20 26 3 1 54 10 33 91 63 4 24 ]
[ 34 78 15 4 54 17 17 73 4 27 25 24 5 44 62 42 25 2 11 27 13 90 16 6 47 0 39 57 20 83 36 55 13 51 11 20 69 80 93 25 8 18 50 13 14 12 7 39 66 70 ]
[ 22 65 7 26 54 7 47 25 3 47 90 37 1 77 14 60 79 36 58 86 58 19 50 7 64 3 9 26 15 37 40 89 2 47 15 56 7 15 33 10 14 24 0 15 53 14 27 33 3 85 ]
[ 11 6 28 42 21 65 94 68 99 55 10 50 60 61 75 44 60 2 4 97 23 3 19 13 13 56 9 38 0 51 33 11 9 13 6 31 30 0 51 29 7 62 32 67 23 7 12 35 61 16 ]
[ 50 2 15 64 1 49 87 44 8 70 0 11 29 21 30 55 1 26 74 5 25 19 2 84 35 48 36 44 53 76 89 4 30 4 68 31 54 55 27 14 25 27 25 7 0 55 14 2 33 88 ]
[ 14 79 38 67 69 97 10 37 43 30 7 9 50 15 9 29 42 35 29 61 4 0 24 6 97 90 83 16 1 70 19 15 49 9 82 18 7 45 7 2 75 15 11 77 30 20 6 24 8 36 ]

Timer (generate): 193ms real	190ms user	0ms sys
[ 36 27 50 5 81 34 79 24 52 1 97 69 67 94 69 29 66 63 40 95 95 6 20 40 49 6 46 87 68 3 61 4 83 11 61 64 45 41 40 50 42 90 71 61 36 41 43 3 56 83 ]
[ 50 51 89 22 43 38 28 41 25 49 97 86 5 80 50 67 96 95 8 89 97 2 79 69 63 15 62 6 70 18 41 21 21 31 43 64 21 24 57 47 73 54 85 78 86 35 97 35 83 5 ]
[ 24 32 7 3 53 23 70 67 81 93 85 23 14 58 54 9 74 75 33 32 74 58 38 12 89 77 99 86 12 34 44 36 67 3 91 72 26 13 40 60 6 77 83 20 36 89 82 10 16 15 ]
[ 94 91 26 33 55 15 10 54 53 74 41 97 62 8 53 5 32 79 18 72 39 25 50 74 97 86 63 79 48 80 47 43 23 25 28 78 40 90 84 45 16 25 95 78 85 48 83 70 27 53 ]
[ 42 19 78 44 93 28 82 9 59 31 41 58 26 64 83 6 94 75 96 30 73 12 8 68 42 45 16 77 15 95 30 10 14 61 54 60 89 37 21 0 20 62 59 46 78 94 4 24 22 0 ]
[ 54 95 64 14 63 58 60 79 35 75 74 65 37 41 78 92 53 67 29 26 68 1 88 79 99 18 73 3 42 95 55 96 90 19 11 5 29 23 84 64 50 11 81 88 4 60 80 9 79 61 ]
[ 35 99 62 23 78 61 41 52 64 35 99 19 31 42 90 94 47 19 69 84 35 20 47 68 8 51 28 40 60 60 1 47 59 15 70 38 28 63 42 92 50 93 63 33 35 5 28 35 76 97 ]
[ 71 63 69 18 31 77 21 12 17 33 72 70 80 31 85 2 69 65 17 63 57 67 57 72 0 44 29 80 79 5 30 2 68 99 72 52 29 93 64 98 78 36 21 58 19 58 12 89 24 29 ]
[ 4 33 48 61 6 1 6 87 33 37 93 63 40 13 15 12 65 96 58 81 46 36 17 67 47 37 26 59 78 50 41 82 83 41 96 41 94 2 29 28 91 74 43 83 87 58 48 5 6 6 ]
[ 86 53 94 56 20 41 45 46 53 23 48 46 57 84 39 53 25 34 7 54 62 51 80 57 34 68 68 82 25 74 40 11 27 35 19 0 28 64 98 33 87 47 31 97 31 71 2 8 57 62 ]
[ 15 71 13 95 28 99 15 96 82 40 71 74 4 50 9 23 50 90 88 49 75 27 48 7 76 31 30 79 39 87 41 54 10 6 2 38 5 17 35 39 10 58 14 14 8 75 89 59 17 29 ]
[ 60 93 9 60 52 85 91 82 64 30 21 57 37 31 63 39 21 69 56 56 60 66 14 74 32 75 50 74 86 67 3 46 12 12 6 64 98 49 98 14 79 19 72 16 2 87 55 24 8 64 ]
[ 32 69 82 47 95 15 74 45 41 60 65 44 58 77 57 16 94 7 65 92 21 44 12 45 13 66 85 20 90 93 84 23 14 67 22 10 34 96 7 75 56 72 71 66 2 28 82 96 87 47 ]
[ 88 9 43 52 6 56 19 91 77 61 37 13 84 51 32 58 61 66 54 69 93 62 93 17 28 95 45 62 91 85 9 32 94 5 84 52 61 3 44 90 17 81 4 1 84 36 12 46 55 66 ]
[ 67 0 81 60 17 61 8 15 24 99 0 33 31 46 90 68 98 52 23 94 94 40 27 98 94 12 87 6 58 94 24 77 94 5 37 64 67 45 79 91 97 31 76 80 77 67 48 27 71 24 ]
[ 22 65 64 49 16 58 61 55 64 71 49 89 48 95 46 38 59 13 35 90 56 32 21 85 65 50 4 13 78 75 37 52 92 54 53 60 64 67 15 29 38 64 70 39 60 68 29 71 34 64 ]
[ 62 90 97 35 27 62 86 31 27 16 58 17 20 3 23 73 63 87 40 79 68 31 43 38 70 55 7 99 79 41 15 93 83 64 28 63 78 66 94 6 34 5 75 54 8 98 80 71 85 20 ]
[ 2 54 51 98 44 73 53 3 24 84 96 40 77 32 4 58 95 83 76 41 41 11 46 68 17 6 66 97 78 3 18 80 9 21 30 54 47 84 9 71 20 6 11 98 38 68 8 85 3 84 ]
[ 26 96 47 73 64 65 79 30 14 9 85 84 42 95 6 72 1 53 8 10 76 29 68 40 79 58 8 87 43 63 71 70 59 19 95 23 36 74 5 50 36 90 35 78 37 93 50 90 46 59 ]
[ 53 22 40 21 62 19 32 22 6 27 85 29 97 96 48 44 19 84 19 76 87 55 19 22 85 56 15 35 47 13 46 52 87 38 73 2 57 57 76 15 85 14 45 34 10 45 79 82 82 50 ]

Timer (sort): 29162ms real	29160ms user	0ms sys
The output is sorted!
[ 45 91 37 0 13 74 5 39 18 12 10 51 8 42 31 36 36 47 98 0 19 9 40 7 24 6 40 69 11 54 35 8 45 72 9 10 46 14 2 17 26 12 20 34 54 3 23 42 51 73 ]
[ 36 10 1 45 17 42 57 3 51 36 15 96 31 26 36 14 72 59 5 41 17 4 64 8 73 40 8 23 26 78 16 14 40 70 59 9 12 16 12 15 52 80 12 36 6 0 2 30 60 7 ]
[ 42 8 26 9 46 75 22 34 34 31 75 13 3 9 33 6 47 87 13 50 12 41 75 15 25 7 16 7 53 8 20 47 16 46 8 14 73 31 0 8 14 28 21 17 37 6 76 84 46 89 ]
[ 79 33 12 17 54 3 12 38 29 1 13 66 42 84 46 10 48 23 7 74 18 9 4 21 9 31 65 47 28 25 39 7 58 3 76 12 6 41 2 35 42 67 53 36 3 51 98 3 26 6 ]
[ 16 98 56 23 75 43 41 58 42 10 2 34 2 5 25 93 0 93 14 4 67 69 9 34 2 20 7 9 30 59 10 47 9 19 70 36 14 63 94 8 26 49 42 28 6 20 21 6 13 36 ]
[ 20 13 7 84 91 89 54 13 10 21 9 7 47 10 0 28 29 17 16 13 14 18 18 8 2 57 57 95 0 50 21 20 15 80 4 59 22 11 24 32 84 33 91 31 95 91 12 24 9 28 ]
[ 24 14 42 9 62 28 66 97 16 2 68 31 18 50 16 11 74 94 4 20 43 15 56 26 8 54 28 2 76 7 25 52 21 19 14 35 0 32 33 16 34 53 48 52 3 64 15 29 59 20 ]
[ 57 28 81 36 67 66 19 26 56 58 28 7 26 23 16 24 15 50 6 25 34 4 37 23 12 15 81 62 15 73 16 24 1 49 60 21 16 31 99 24 41 27 31 19 2 99 43 18 2 1 ]
[ 5 4 37 24 33 71 1 63 39 30 71 13 66 53 17 99 16 12 75 20 89 6 4 13 4 48 43 26 4 18 66 10 22 3 34 56 27 87 71 18 17 42 31 36 48 0 35 64 12 11 ]
[ 0 98 75 25 13 4 1 8 69 15 8 4 18 7 54 9 19 57 40 6 94 39 5 76 32 13 17 4 63 48 33 63 46 9 40 60 13 42 20 34 9 80 38 27 88 45 36 59 2 29 ]
[ 28 51 2 50 12 15 15 8 32 53 69 27 80 9 21 51 13 64 81 20 36 5 29 45 17 29 10 66 72 51 23 52 2 25 3 15 41 18 23 25 71 44 53 3 54 26 7 19 42 88 ]
[ 4 15 34 35 0 89 16 3 6 70 9 33 81 68 38 22 32 32 83 81 14 33 76 33 32 8 6 50 96 48 73 0 15 7 36 15 48 4 70 6 26 32 40 7 0 30 81 33 14 16 ]
[ 83 1 43 21 20 61 29 21 4 65 29 44 6 2 20 21 9 8 15 30 36 30 0 19 17 58 96 19 88 28 75 71 29 70 44 1 31 25 22 36 90 4 32 48 58 4 69 20 12 37 ]
[ 45 70 19 48 6 10 26 8 31 3 3 3 63 91 21 46 54 15 9 13 17 41 64 2 74 42 17 79 59 32 76 5 2 47 5 8 57 83 69 41 87 24 44 2 15 17 48 21 32 9 ]
[ 8 13 82 38 10 82 25 62 1 25 28 78 3 67 52 21 9 93 52 30 35 6 29 26 16 32 63 86 2 55 5 11 20 39 1 30 74 27 92 27 4 20 5 8 39 9 81 49 2 34 ]
[ 96 45 46 18 37 27 43 17 69 27 46 25 15 21 9 34 75 3 40 24 82 28 42 56 61 58 9 39 21 2 21 18 47 19 88 36 46 31 53 15 10 51 41 25 25 2 12 0 5 52 ]
[ 1 70 29 58 2 57 0 16 69 30 10 27 19 15 7 13 41 0 90 98 7 47 49 50 41 68 32 68 6 37 19 7 59 1 17 62 58 70 30 27 0 40 6 20 7 65 33 0 65 75 ]
[ 96 14 95 8 17 57 45 0 55 9 31 5 99 63 31 6 31 10 56 38 84 65 2 2 16 61 52 0 55 0 52 3 14 47 11 84 56 8 36 11 69 20 16 20 83 0 27 15 10 35 ]
[ 16 94 6 54 67 18 96 18 39 5 46 0 32 16 15 52 26 9 22 25 12 8 97 35 40 78 73 55 42 40 34 10 34 41 64 2 11 60 20 2 17 18 3 50 34 18 2 61 79 24 ]
[ 14 57 21 36 3 68 50 10 31 98 97 51 30 4 10 2 52 86 0 86 79 27 2 60 80 38 32 11 16 90 86 30 47 7 18 50 28 21 12 11 19 9 14 2 66 24 4 18 10 5 ]

Timer (generate): 203ms real	190ms user	10ms sys
[ 82 15 29 80 35 98 47 25 77 39 74 33 47 42 40 0 66 35 99 88 91 98 79 29 9 12 47 73 74 19 19 8 35 1 88 70 99 35 95 29 26 21 14 74 63 54 26 30 89 25 ]
[ 70 33 75 1 62 84 65 62 9 91 81 29 99 16 30 39 87 81 74 34 62 53 8 76 27 71 31 53 53 72 31 75 5 6 76 20 43 93 34 52 84 15 33 83 84 15 22 23 49 49 ]
[ 57 11 2 17 40 81 89 71 86 94 95 17 22 53 24 50 73 67 44 7 71 28 74 57 64 58 72 86 81 21 87 91 85 41 8 25 22 49 48 9 44 43 26 18 96 2 68 21 21 12 ]
[ 28 45 93 55 2 57 13 74 95 47 48 35 38 33 76 98 10 99 48 58 60 44 1 38 14 50 93 82 71 14 47 52 59 92 7 61 1 20 88 96 19 36 31 57 21 60 8 31 59 8 ]
[ 89 71 52 42 9 66 92 2 0 16 69 47 68 80 39 75 42 40 47 82 89 67 70 72 76 91 32 84 74 43 92 15 14 96 57 76 14 2 30 15 18 99 14 86 32 6 13 74 98 60 ]
[ 8 87 27 78 12 4 69 44 40 43 88 33 10 54 81 67 30 96 21 13 63 91 64 77 29 96 83 42 22 82 55 30 21 34 8 33 38 29 78 31 24 18 16 34 24 97 54 7 45 27 ]
[ 20 8 19 84 86 0 33 69 95 55 3 50 38 25 84 98 58 75 28 88 58 4 58 74 39 83 23 45 90 69 72 62 77 43 98 63 96 31 85 91 39 88 93 77 65 77 75 24 4 55 ]
[ 64 62 60 23 36 51 6 12 96 48 81 20 62 58 16 60 74 12 44 11 55 83 99 48 12 17 77 39 41 34 95 5 96 55 80 85 58 38 97 54 86 78 26 48 88 42 61 62 6 5 ]
[ 73 13 40 25 61 52 94 91 91 35 25 38 92 73 45 25 58 3 63 7 57 50 37 36 50 26 30 11 40 37 68 66 2 8 43 16 12 37 7 56 24 84 94 68 57 40 93 68 43 57 ]
[ 27 53 59 65 89 61 43 71 73 35 60 93 53 63 54 48 79 66 37 38 22 61 22 69 82 31 61 27 99 4 84 79 9 95 44 50 57 39 22 82 26 82 75 80 45 29 28 24 48 18 ]
[ 62 22 31 36 91 13 68 52 41 19 9 77 98 18 25 94 69 82 33 91 64 60 73 91 92 71 73 72 47 21 90 10 43 22 98 87 87 18 39 80 38 48 58 36 19 83 83 40 17 16 ]
[ 31 33 28 56 24 20 27 97 93 75 70 35 37 14 57 87 1 97 6 92 77 44 93 87 32 12 70 15 52 39 84 35 72 64 43 97 85 23 46 30 98 17 17 87 31 27 26 84 24 32 ]
[ 76 1 28 69 89 13 33 11 80 37 51 16 72 23 81 16 72 18 39 19 0 89 88 17 28 71 44 54 55 68 39 83 22 19 5 63 32 38 74 13 76 77 29 0 53 62 16 25 80 7 ]
[ 96 80 48 84 98 76 55 94 83 62 15 74 46 89 93 51 52 26 41 78 91 17 8 72 70 61 35 86 38 15 46 35 48 94 19 46 71 27 92 6 89 7 80 87 48 73 90 0 51 32 ]
[ 31 42 1 39 15 71 0 2 10 38 17 56 73 65 50 45 63 73 24 8 31 65 15 11 53 64 37 43 16 88 27 47 83 29 86 98 52 38 52 62 77 69 70 2 87 73 99 50 46 23 ]
[ 58 30 89 26 41 94 42 30 37 10 19 17 58 54 46 96 4 98 35 56 13 64 25 83 66 12 56 66 15 55 41 25 37 82 3 30 76 97 61 66 8 32 83 18 86 81 66 90 31 1 ]
[ 46 44 17 23 80 84 36 88 2 3 95 43 80 32 26 36 63 54 33 76 20 93 8 3 11 94 84 30 36 16 83 82 12 1 5 92 37 93 81 39 48 28 34 29 61 12 17 76 67 50 ]
[ 52 39 44 60 43 7 6 79 37 42 47 21 24 60 74 81 52 11 27 85 2 75 14 36 56 27 1 73 3 20 24 55 59 20 67 54 79 73 34 69 67 81 42 43 41 16 24 46 27 51 ]
[ 83 81 79 49 17 35 28 70 9 31 90 85 38 2 57 57 56 36 30 42 5 97 24 47 92 17 63 17 15 42 20 51 23 99 0 93 35 29 15 96 12 58 33 51 60 90 8 68 78 91 ]
[ 11 84 40 87 83 33 56 99 2 24 41 22 75 17 74 75 62 61 56 77 57 69 87 90 72 99 32 32 68 10 75 31 94 68 70 30 53 78 29 55 2 22 29 77 91 3 5 53 16 13 ]

Timer (sort): 29546ms real	29540ms user	0ms sys
The output is sorted!
[ 98 5 14 47 83 46 16 4 59 40 92 47 11 1 2 27 34 53 99 64 88 24 1 11 10 28 31 86 8 15 38 6 20 4 5 56 51 21 12 62 14 4 9 25 5 11 53 40 16 4 ]
[ 11 5 25 14 70 14 42 41 49 2 14 60 0 31 38 43 85 67 9 13 75 64 1 24 26 1 45 30 33 9 30 45 66 7 11 36 73 6 30 22 8 44 34 60 75 24 3 13 91 13 ]
[ 27 25 17 11 25 41 15 92 65 21 51 92 43 4 8 1 4 38 52 45 1 21 28 13 26 3 84 37 91 3 50 70 28 19 33 5 60 0 97 78 21 1 70 16 5 30 17 9 20 21 ]
[ 21 45 14 22 12 13 20 5 1 43 15 8 95 10 41 9 34 14 12 3 1 41 58 26 14 70 64 21 49 48 53 70 93 19 44 6 32 16 63 33 59 30 41 6 40 35 16 74 49 28 ]
[ 44 21 56 96 25 51 2 2 33 17 5 57 41 32 10 62 0 41 22 95 23 47 48 33 18 81 8 22 11 66 48 7 39 4 4 16 8 6 18 93 75 23 51 17 55 13 31 8 54 5 ]
[ 33 12 13 21 77 39 52 27 42 40 35 23 24 90 99 87 64 15 16 4 20 17 2 49 0 45 21 7 15 90 29 1 2 94 22 32 34 26 59 28 18 46 3 42 36 2 30 1 18 46 ]
[ 46 59 44 15 19 30 90 23 84 58 8 8 82 64 45 42 29 36 48 26 12 18 17 59 25 18 17 13 20 3 25 18 14 69 33 33 0 76 8 36 34 16 44 16 32 41 10 13 29 58 ]
[ 13 6 20 41 9 65 24 49 23 13 10 7 76 50 84 4 29 4 5 39 64 39 12 10 22 17 29 94 66 1 0 31 59 20 25 21 37 49 22 60 14 84 67 91 34 51 47 15 7 5 ]
[ 35 28 8 8 33 19 65 23 25 37 28 23 1 1 52 44 16 74 37 72 81 28 58 37 46 24 0 37 19 53 53 6 34 62 15 19 33 32 43 10 21 23 33 23 76 37 19 45 63 8 ]
[ 55 85 11 29 7 67 9 14 96 33 12 29 14 30 93 26 31 11 73 32 38 31 46 24 2 90 10 35 11 13 3 18 50 14 48 57 33 9 23 81 42 36 10 57 18 55 35 2 19 8 ]
[ 13 16 44 89 17 31 4 31 4 5 60 61 79 10 70 8 34 40 34 34 16 5 14 61 16 54 20 26 60 19 5 25 36 49 14 5 32 70 88 37 76 0 50 7 11 72 15 97 12 1 ]
[ 39 28 36 31 4 62 9 35 31 43 19 16 8 39 13 1 19 71 10 49 4 16 50 15 68 10 70 60 25 12 67 64 40 3 47 97 18 56 32 1 51 3 17 11 42 30 65 13 53 75 ]
[ 77 33 9 17 6 10 15 41 77 0 28 7 9 18 12 94 3 76 42 47 10 72 76 18 1 70 80 67 24 21 97 1 6 6 70 12 69 37 5 46 37 33 5 47 3 18 41 6 46 35 ]
[ 10 22 51 5 40 13 41 18 27 45 20 66 1 28 35 45 22 50 10 22 85 9 84 34 13 1 17 51 99 51 95 9 25 46 66 65 60 8 35 87 5 7 6 7 36 41 4 10 44 14 ]
[ 30 22 7 0 9 3 13 67 35 38 10 21 15 51 74 32 69 7 59 25 13 17 77 67 69 90 50 8 19 8 11 1 31 18 1 92 21 14 59 8 4 21 29 71 73 4 55 94 63 14 ]
[ 24 37 72 51 48 35 20 37 11 15 8 25 39 29 12 9 15 66 9 84 18 0 58 27 88 82 38 32 18 66 8 42 56 32 45 4 19 17 41 30 32 2 7 23 31 19 33 98 37 42 ]
[ 28 17 31 30 78 37 6 77 23 26 63 12 31 16 48 69 2 19 10 87 9 45 62 56 10 50 49 25 26 38 11 6 7 42 36 86 31 42 15 6 20 30 19 3 46 67 24 48 38 34 ]
[ 10 40 11 17 19 1 4 0 18 44 30 78 26 7 70 22 56 50 24 27 89 67 20 59 69 18 29 32 20 30 18 30 23 29 47 42 83 4 94 1 48 24 31 26 83 53 1 40 4 25 ]
[ 67 43 22 10 18 43 13 59 23 5 33 90 26 93 0 55 38 45 12 15 12 7 82 14 31 13 82 26 63 15 28 31 58 2 41 29 46 7 40 21 12 73 12 90 67 12 45 5 9 10 ]
[ 43 17 23 49 24 3 1 33 20 45 32 11 30 27 50 24 66 91 83 10 64 46 12 15 62 60 4 20 17 62 8 12 79 31 61 55 34 14 89 7 11 73 18 41 53 20 18 19 11 1 ]

Timer (generate): 198ms real	180ms user	0ms sys
[ 5 99 88 11 16 47 34 14 21 62 67 60 89 76 72 10 27 90 65 57 81 40 88 22 92 38 20 22 56 50 22 13 49 10 24 17 9 10 31 82 72 98 95 14 26 67 76 6 9 42 ]
[ 63 90 82 3 65 74 94 85 48 50 35 70 15 37 32 91 54 41 1 38 75 73 88 70 39 67 90 16 73 99 10 88 42 92 43 59 18 37 96 66 39 84 88 54 21 20 97 27 61 98 ]
[ 65 88 24 54 59 63 73 49 79 46 0 89 86 42 33 29 1 3 19 50 21 58 34 9 65 55 29 62 82 42 13 0 83 37 6 42 0 79 43 32 77 43 73 63 38 59 92 91 62 63 ]
[ 41 84 74 75 45 39 82 27 53 17 21 18 17 4 55 23 46 8 54 41 40 31 37 65 94 27 24 38 18 87 2 12 23 76 39 20 67 22 47 72 39 69 91 56 73 98 31 72 6 85 ]
[ 65 98 68 2 64 62 29 40 52 0 27 6 12 2 34 51 23 1 25 70 26 64 91 17 72 17 67 55 89 74 92 54 24 60 9 40 74 90 81 27 90 60 85 54 63 20 58 38 21 83 ]
[ 60 99 48 52 16 72 69 36 28 10 10 20 16 86 33 25 27 7 16 60 86 6 20 72 13 35 92 71 25 65 54 86 65 54 90 33 27 11 69 55 21 31 27 37 70 12 15 97 20 31 ]
[ 9 58 89 81 30 2 17 74 25 94 40 80 80 57 34 22 42 61 33 12 68 6 95 48 96 65 60 11 14 32 94 23 91 35 5 73 90 74 48 15 68 40 95 1 49 30 75 91 43 9 ]
[ 3 64 67 51 64 63 16 24 26 31 9 72 6 0 8 63 73 98 89 73 13 10 65 9 11 14 91 86 6 86 47 61 2 15 12 66 30 81 43 9 64 52 81 70 4 89 86 29 39 75 ]
[ 3 53 85 68 14 48 35 57 87 93 95 86 54 98 53 19 16 84 52 11 45 16 63 26 38 67 68 24 49 59 52 52 12 89 72 78 38 7 35 77 0 31 63 7 81 17 78 97 53 30 ]
[ 9 50 98 24 28 36 44 96 13 93 8 17 45 20 6 69 99 96 29 86 73 81 17 89 40 50 58 18 48 63 0 9 13 50 33 41 87 77 90 52 70 98 69 67 70 75 89 21 72 18 ]
[ 8 97 99 77 86 40 28 44 10 28 7 63 37 72 13 70 14 52 48 56 56 70 54 25 90 24 53 79 98 77 49 6 74 0 35 13 40 63 9 3 91 69 66 80 41 31 51 7 84 51 ]
[ 63 40 73 69 18 63 46 23 94 44 0 43 50 26 44 37 39 36 1 1 91 44 70 9 25 11 41 28 71 77 79 34 69 52 56 39 68 2 62 14 46 14 10 48 41 6 85 32 94 38 ]
[ 33 86 83 55 95 60 19 88 88 90 17 19 76 39 23 32 78 91 34 41 58 32 7 68 80 48 74 18 33 68 56 66 6 91 74 2 51 93 42 91 35 60 10 11 99 86 44 29 77 30 ]
[ 22 87 63 30 55 95 78 81 13 11 2 70 30 8 13 56 62 17 49 57 8 84 69 71 47 68 57 43 49 86 26 72 74 89 2 81 36 32 15 50 96 17 72 26 77 85 34 40 2 83 ]
[ 97 63 19 66 34 18 86 43 62 87 29 40 59 55 29 61 89 65 46 4 67 42 73 39 20 50 25 54 42 79 89 91 42 8 9 28 78 47 71 92 35 53 32 94 8 13 8 49 79 54 ]
[ 53 98 48 26 38 68 29 15 22 71 94 63 15 89 71 24 17 1 72 89 94 7 42 26 53 2 40 61 52 71 67 57 69 15 36 59 83 65 26 57 88 73 20 3 62 43 80 79 97 52 ]
[ 20 91 11 62 69 64 17 61 78 69 32 97 78 54 13 14 65 48 31 92 58 20 17 30 75 79 74 55 10 71 59 31 14 22 45 83 39 62 45 17 83 29 66 62 35 79 28 53 80 60 ]
[ 97 38 32 14 20 59 93 94 67 3 17 78 86 83 1 32 19 40 94 16 9 30 45 75 44 33 7 72 86 87 84 35 77 68 49 97 28 94 44 47 49 13 25 36 97 78 68 16 18 14 ]
[ 32 27 44 29 55 40 14 62 13 52 49 49 87 78 18 36 75 98 30 71 97 80 85 74 16 82 53 36 50 71 2 34 51 99 63 6 39 78 20 4 82 21 54 70 99 24 6 26 74 89 ]
[ 98 71 69 83 45 37 17 98 73 67 22 75 1 25 74 16 83 66 46 3 70 29 24 24 99 75 0 57 1 74 46 99 97 15 82 95 4 99 45 29 18 67 57 19 44 83 36 27 49 34 ]

Timer (sort): 31441ms real	31440ms user	20ms sys
The output is sorted!
[ 11 67 27 43 10 27 62 15 82 17 31 57 5 16 42 58 3 35 70 3 44 2 2 67 81 8 7 18 17 73 21 28 40 49 71 2 28 34 18 62 3 1 20 61 18 14 19 21 49 41 ]
[ 85 20 82 18 47 11 49 13 9 1 11 2 0 34 19 40 86 32 30 20 10 27 4 8 7 69 5 65 77 28 4 14 49 38 84 48 1 33 13 10 34 76 12 34 11 83 27 49 16 57 ]
[ 32 46 36 3 39 6 41 7 49 42 13 88 56 10 98 56 37 8 21 36 1 3 37 36 2 49 3 12 16 20 69 0 18 6 3 9 12 96 17 14 91 30 54 99 40 5 55 29 65 28 ]
[ 69 46 96 24 20 1 5 41 50 19 0 6 30 58 12 33 4 13 36 24 53 69 3 70 19 44 64 30 15 3 1 36 1 49 12 22 50 18 63 1 37 15 59 67 73 24 52 29 37 41 ]
[ 61 40 14 20 53 30 9 49 4 83 33 5 2 19 69 47 1 12 19 23 45 23 5 13 7 52 85 68 27 67 13 40 7 80 60 12 10 69 13 14 53 47 72 7 18 41 7 19 53 26 ]
[ 16 7 75 16 73 76 54 63 19 3 40 15 20 34 20 0 23 28 29 83 21 99 31 29 15 49 7 22 20 14 67 89 73 43 5 46 19 12 9 39 15 2 6 36 36 26 88 11 6 18 ]
[ 73 46 8 27 6 2 46 6 36 48 2 15 38 71 18 35 1 65 98 28 97 20 73 21 9 19 5 0 82 53 2 7 0 10 87 58 64 33 64 0 33 18 16 24 41 34 11 42 51 9 ]
[ 85 12 13 2 9 19 59 50 5 6 3 86 62 24 22 9 4 26 23 78 72 70 64 4 76 66 28 80 20 49 30 6 13 44 8 22 15 19 24 21 25 28 7 40 4 82 49 60 8 25 ]
[ 46 89 25 2 43 6 86 76 49 12 15 45 6 65 10 2 6 44 44 6 57 6 42 20 20 48 4 32 16 74 26 63 15 3 65 58 10 3 86 11 15 1 8 73 19 19 75 25 15 72 ]
[ 99 27 11 1 25 37 31 23 35 53 57 11 12 98 47 70 47 59 92 9 14 46 35 58 32 49 15 37 49 31 4 0 10 16 2 35 5 33 10 40 38 19 51 2 18 51 24 17 62 17 ]
[ 27 67 3 0 79 83 17 33 9 58 41 5 15 21 34 25 31 47 13 13 62 23 43 17 82 96 20 59 78 23 11 6 43 66 6 22 49 76 8 10 34 1 15 2 22 2 79 5 49 45 ]
[ 2 2 8 32 20 46 4 60 53 15 13 0 59 4 33 11 7 9 90 14 31 59 6 40 94 10 33 21 48 66 12 50 20 72 34 41 18 38 53 23 54 66 23 13 70 9 76 30 18 66 ]
[ 55 6 25 16 52 22 63 6 44 6 88 3 70 42 28 3 39 8 64 9 15 62 38 27 4 5 10 29 6 53 19 61 11 44 29 16 18 92 22 63 99 10 18 21 4 46 24 95 6 89 ]
[ 17 19 9 11 32 12 7 1 94 37 59 53 19 24 83 81 56 92 6 5 9 25 27 33 57 0 41 21 45 2 10 14 21 19 25 5 31 84 6 77 21 17 30 40 41 13 21 98 57 79 ]
[ 28 62 86 0 37 25 9 15 34 82 93 19 36 23 40 16 62 5 53 13 15 41 71 21 1 52 32 47 21 56 65 49 18 3 1 7 80 11 22 14 45 15 34 33 38 26 49 0 31 55 ]
[ 3 20 0 45 62 21 24 10 43 81 29 47 60 29 7 40 2 27 76 7 1 43 4 0 73 47 24 7 23 80 50 26 1 50 23 15 23 99 25 66 81 6 13 41 35 20 33 90 0 61 ]
[ 38 28 47 88 7 4 84 94 6 25 93 82 99 52 62 43 0 20 25 27 14 42 8 17 34 20 18 3 13 76 25 4 4 72 44 64 29 29 10 35 6 55 17 5 7 31 1 59 3 26 ]
[ 26 11 7 0 9 8 90 45 45 25 6 51 53 2 44 46 15 59 39 8 37 3 82 30 93 5 1 42 21 33 96 99 96 3 0 5 64 42 3 9 67 9 12 20 11 56 18 78 16 57 ]
[ 20 29 33 5 8 32 49 58 66 3 35 63 92 94 4 7 87 20 61 20 95 13 50 60 1 79 62 79 38 23 24 10 5 9 16 13 41 65 24 8 20 11 23 13 6 27 20 45 0 33 ]
[ 34 31 15 32 38 29 39 37 45 67 39 5 36 24 86 82 21 64 60 14 7 17 3 4 34 77 25 41 5 58 3 39 41 70 23 79 99 15 16 44 82 8 1 18 32 40 0 6 4 12 ]

Timer (generate): 221ms real	210ms user	10ms sys
[ 28 34 3 66 25 58 70 88 48 88 50 16 50 1 32 96 77 86 42 44 95 11 50 96 86 71 9 72 18 67 5 46 54 9 64 79 19 35 68 19 75 70 35 77 23 19 25 0 57 20 ]
[ 96 53 31 46 1 69 70 10 94 88 30 99 86 84 8 51 63 79 38 83 98 13 53 86 42 28 5 19 29 15 39 77 20 71 76 21 40 46 83 86 86 13 86 24 49 46 75 65 26 13 ]
[ 48 76 78 54 62 72 82 20 92 63 87 31 41 7 54 17 28 47 15 11 33 53 77 71 77 26 18 5 91 96 18 92 24 49 46 87 73 28 59 65 92 98 49 85 5 3 2 85 50 69 ]
[ 48 84 22 25 55 99 4 25 4 95 21 75 87 46 76 85 85 49 14 96 15 58 46 64 95 51 19 97 36 70 18 36 6 40 62 13 39 66 39 96 13 12 71 53 10 47 38 47 48 4 ]
[ 95 63 62 41 79 9 44 99 6 32 21 76 69 27 16 31 40 56 49 31 4 62 96 75 15 6 74 6 6 22 10 53 38 73 95 17 82 39 68 41 24 89 17 93 16 86 24 9 42 25 ]
[ 92 98 39 88 73 55 47 47 61 53 21 71 58 59 96 53 77 31 45 97 24 69 87 93 62 55 79 38 64 73 15 57 71 54 97 96 61 44 43 74 49 65 98 8 76 46 13 53 77 58 ]
[ 51 53 79 90 47 93 45 78 83 62 52 98 19 23 5 16 20 66 13 15 41 62 32 91 22 9 37 36 14 15 46 17 20 26 7 67 71 5 46 55 67 50 5 38 25 10 6 97 29 19 ]
[ 13 70 34 97 13 56 58 50 44 73 17 91 42 38 69 2 57 40 7 3 95 26 5 53 64 31 15 70 28 44 42 93 66 28 91 79 84 49 30 29 74 47 20 69 85 89 71 43 81 78 ]
[ 98 29 4 4 82 20 87 97 42 15 42 84 9 60 12 52 40 49 53 70 30 80 69 2 49 7 43 20 2 24 50 0 53 6 56 87 26 95 85 20 11 79 5 72 39 69 24 31 70 29 ]
[ 1 0 9 23 2 58 30 45 30 32 70 80 84 75 38 93 63 64 88 0 85 51 31 42 23 70 63 99 54 34 29 7 86 38 30 89 49 60 86 79 44 8 12 81 84 50 74 99 67 14 ]
[ 99 4 66 30 98 89 52 61 41 6 47 70 14 34 60 96 75 61 9 61 41 53 22 5 86 58 55 60 57 74 27 8 78 93 90 76 34 42 90 75 1 37 45 67 23 58 63 98 19 72 ]
[ 12 12 78 34 69 64 92 77 77 1 51 4 9 30 97 99 58 31 93 0 59 46 90 4 13 13 14 29 12 86 1 76 98 31 62 20 48 54 97 25 7 48 81 68 30 30 67 41 13 12 ]
[ 41 72 59 31 77 24 45 43 53 9 29 7 37 80 90 99 0 38 5 97 15 12 45 96 80 28 26 99 69 40 63 10 12 22 94 41 99 39 85 4 0 66 11 37 46 54 36 98 92 41 ]
[ 95 8 5 93 56 37 73 83 36 42 75 99 4 87 74 98 81 25 89 18 29 89 36 93 78 83 47 66 33 91 59 81 51 64 26 8 1 99 43 89 41 18 89 45 57 15 96 90 40 85 ]
[ 8 69 27 45 62 5 80 9 72 13 53 31 46 4 48 72 12 49 71 55 39 64 25 80 10 83 95 58 73 35 43 34 4 70 31 19 76 11 80 0 76 33 83 75 38 31 47 2 81 19 ]
[ 58 72 83 35 52 45 18 47 3 44 34 99 30 90 69 61 9 97 24 42 49 52 27 33 27 65 64 75 68 97 46 78 69 81 13 73 27 84 72 82 80 6 81 62 49 3 75 10 52 51 ]
[ 52 2 3 80 35 83 97 51 10 17 49 56 47 70 89 13 44 16 49 16 51 81 75 84 43 24 87 18 86 40 69 39 94 24 71 29 7 20 32 17 38 81 25 37 52 15 50 48 83 99 ]
[ 16 86 80 43 71 75 19 10 45 6 50 66 97 96 91 68 77 50 40 10 20 78 91 45 16 95 12 18 95 48 18 12 34 50 55 5 26 75 16 71 33 18 90 30 15 81 50 92 83 90 ]
[ 2 3 21 46 1 89 93 13 7 89 61 77 53 96 28 60 53 6 87 69 29 20 40 19 50 55 52 52 99 36 43 2 39 16 0 92 5 93 6 12 34 19 90 39 67 70 0 21 76 87 ]
[ 42 5 60 34 25 10 89 77 63 41 65 58 43 5 74 95 49 79 40 7 43 75 27 85 66 46 55 66 19 31 6 62 89 66 48 14 28 38 43 43 31 9 1 74 66 27 21 15 58 61 ]

Timer (sort): 30755ms real	30750ms user	0ms sys
The output is sorted!
[ 36 3 48 63 16 0 65 35 8 70 61 8 3 6 18 35 12 64 69 14 67 31 14 59 27 20 48 34 13 16 1 49 19 2 64 36 2 30 23 10 52 36 18 7 42 88 42 6 5 63 ]
[ 60 41 52 12 79 4 53 22 21 37 48 29 35 16 94 43 42 46 26 19 8 16 57 3 10 2 58 22 9 10 49 21 51 53 33 83 9 86 5 30 24 6 12 11 22 58 6 17 5 33 ]
[ 37 24 55 17 29 1 50 39 85 32 32 14 14 4 3 12 7 88 99 57 7 27 4 52 37 37 44 68 4 15 11 42 39 18 11 20 20 14 11 5 46 43 71 60 47 75 25 6 15 24 ]
[ 14 35 11 78 28 24 32 23 64 12 8 19 41 8 10 49 12 0 65 1 94 55 95 54 18 11 0 43 32 13 17 46 0 81 77 28 5 9 51 21 73 12 40 14 20 2 16 84 2 81 ]
[ 46 8 8 46 68 77 15 7 1 16 12 28 26 26 10 40 37 9 67 43 23 4 9 13 66 28 83 37 98 5 41 44 13 1 42 33 30 57 92 31 25 4 11 4 83 21 44 20 30 63 ]
[ 12 9 81 4 37 17 1 71 33 50 92 23 16 39 26 36 23 8 21 19 98 33 34 64 39 17 65 83 41 23 69 5 84 2 10 22 19 11 45 4 13 37 27 30 28 6 18 3 66 40 ]
[ 28 10 74 29 17 5 58 1 6 13 47 33 80 8 86 16 25 25 13 46 53 43 26 74 5 2 92 37 1 23 33 29 34 7 10 3 64 20 4 22 33 4 56 66 64 42 34 90 19 47 ]
[ 32 31 1 39 20 85 20 15 16 59 43 28 59 25 11 24 16 14 54 15 45 46 17 0 32 6 3 58 28 88 66 61 19 67 0 91 4 72 6 20 32 2 48 43 27 11 19 95 25 26 ]
[ 66 30 75 34 14 11 28 25 49 8 6 14 27 46 30 24 38 17 23 53 39 11 10 11 59 29 50 4 32 55 83 50 37 11 84 4 22 64 29 71 24 35 38 3 34 68 28 24 37 3 ]
[ 33 10 23 16 20 10 19 76 23 49 0 5 5 48 45 15 0 1 73 15 33 32 23 27 53 84 20 88 17 48 41 2 58 64 19 30 75 38 58 50 39 11 55 44 11 53 12 12 54 37 ]
[ 13 28 17 86 61 59 6 12 28 79 29 25 31 16 4 4 10 6 7 24 50 55 50 33 44 70 25 3 96 9 13 9 37 30 95 50 42 53 14 22 32 43 48 63 11 4 20 74 10 27 ]
[ 14 19 4 36 49 18 22 63 72 33 61 49 16 7 92 60 1 86 3 58 35 32 35 32 12 9 27 2 9 20 28 23 39 84 11 40 2 34 3 27 67 16 76 35 23 20 95 25 6 51 ]
[ 18 65 10 2 12 23 85 8 43 42 63 33 7 7 55 20 3 24 47 3 26 39 32 29 15 69 7 48 0 18 15 70 35 77 24 0 0 10 60 95 52 23 28 11 83 35 84 38 59 31 ]
[ 81 8 1 8 35 34 1 13 8 55 19 7 3 24 77 46 28 28 91 64 84 96 10 14 36 47 54 63 23 26 19 4 35 72 64 22 6 18 36 67 25 7 74 28 31 3 27 11 32 18 ]
[ 1 75 0 81 1 0 9 70 14 48 68 29 56 25 17 79 3 54 27 63 79 66 80 44 40 45 6 9 4 4 9 6 31 9 39 85 10 0 7 76 1 27 57 9 4 26 40 7 81 67 ]
[ 45 71 37 4 1 20 45 12 9 98 56 12 78 24 23 5 23 17 64 21 55 23 38 12 3 46 8 36 18 36 24 15 59 61 19 61 34 16 25 43 67 33 7 45 9 83 51 32 0 67 ]
[ 17 10 85 30 8 28 55 30 4 10 15 3 8 0 52 26 67 9 0 84 52 9 7 36 13 35 49 6 33 13 55 2 23 40 84 83 20 40 14 24 2 81 79 10 34 83 89 53 44 41 ]
[ 13 13 53 28 16 11 32 65 84 24 36 27 62 26 3 63 17 8 85 8 32 27 0 4 83 40 2 21 26 76 24 40 89 29 20 6 92 52 23 29 28 59 8 91 38 11 6 7 20 43 ]
[ 0 3 37 16 46 28 59 25 12 10 38 17 2 23 1 42 92 51 15 33 79 8 42 19 31 60 70 44 15 33 6 68 89 44 84 87 24 43 13 36 5 3 5 59 26 6 53 19 10 69 ]
[ 46 30 56 3 24 67 5 65 29 19 35 6 40 35 12 42 24 0 49 9 26 10 12 24 12 15 17 95 33 74 45 79 4 1 34 28 20 39 45 50 11 80 8 3 16 21 45 92 73 94 ]

