Timer (generate): 4ms real	0ms user	0ms sys
[ 1 12 66 95 78 87 34 33 95 35 ]
[ 58 4 1 40 70 44 64 1 28 28 ]
[ 10 9 97 53 98 49 15 57 88 84 ]
[ 79 89 96 98 36 26 85 70 11 80 ]
[ 58 70 84 59 10 6 55 26 59 83 ]
[ 7 70 44 4 75 43 5 91 52 93 ]
[ 75 32 34 23 30 70 50 15 40 61 ]
[ 47 50 31 83 9 94 41 16 20 1 ]
[ 0 27 23 44 83 98 39 88 89 92 ]
[ 81 16 24 67 40 54 37 90 21 30 ]
[ 3 20 80 35 3 42 81 96 58 53 ]
[ 49 10 33 72 55 16 71 46 57 12 ]
[ 38 90 81 62 58 21 68 95 63 89 ]
[ 77 66 61 58 53 64 52 86 13 10 ]
[ 40 62 21 25 35 28 41 58 74 98 ]
[ 22 13 41 3 27 99 76 96 46 39 ]
[ 85 24 58 99 82 63 15 34 2 28 ]
[ 96 42 43 69 67 78 97 60 88 24 ]
[ 11 10 89 52 66 16 3 42 12 49 ]
[ 34 50 73 92 49 7 7 16 41 9 ]

Timer (sort): 287ms real	290ms user	0ms sys
The output is sorted!
[ 22 25 10 19 20 1 14 1 23 6 ]
[ 5 5 10 8 2 38 25 11 29 39 ]
[ 33 5 5 15 39 44 5 0 12 17 ]
[ 18 89 3 2 3 10 9 11 0 31 ]
[ 39 5 3 2 27 19 21 43 16 14 ]
[ 65 7 4 17 11 42 31 10 2 1 ]
[ 16 0 5 6 8 21 52 34 22 30 ]
[ 43 21 25 7 34 7 16 23 15 6 ]
[ 18 20 1 11 39 5 51 18 4 31 ]
[ 56 9 3 69 28 14 9 0 2 10 ]
[ 25 42 6 4 16 11 13 16 26 42 ]
[ 16 4 22 9 4 99 12 17 9 14 ]
[ 9 13 32 11 5 8 18 14 25 72 ]
[ 29 12 0 14 20 46 1 29 36 22 ]
[ 27 19 23 42 1 10 8 9 70 1 ]
[ 21 8 10 3 7 35 67 11 22 28 ]
[ 35 39 14 31 5 34 18 5 29 4 ]
[ 8 22 13 23 9 15 29 39 34 23 ]
[ 58 8 22 7 63 12 12 9 0 24 ]
[ 17 20 4 46 13 22 38 11 5 40 ]

Timer (generate): 5ms real	0ms user	0ms sys
[ 17 56 58 75 99 32 22 62 57 3 ]
[ 21 8 96 11 97 28 85 92 48 17 ]
[ 73 49 82 21 41 44 64 67 37 52 ]
[ 9 7 9 68 82 60 0 56 22 58 ]
[ 11 44 18 8 55 68 88 93 60 37 ]
[ 10 85 38 44 6 79 88 22 47 77 ]
[ 75 8 84 36 76 66 96 29 74 18 ]
[ 39 86 14 57 46 22 77 34 15 38 ]
[ 23 77 75 62 21 82 93 61 56 92 ]
[ 38 31 1 23 67 77 89 15 6 64 ]
[ 34 97 2 48 55 48 22 32 34 37 ]
[ 22 58 66 98 20 87 32 13 0 88 ]
[ 6 39 72 59 62 39 36 3 55 95 ]
[ 19 41 92 21 41 99 21 64 84 56 ]
[ 53 6 14 20 4 86 59 88 51 60 ]
[ 77 9 99 49 68 13 40 57 16 47 ]
[ 52 88 40 96 61 82 96 83 98 32 ]
[ 39 51 38 5 71 95 43 31 83 94 ]
[ 43 12 56 42 61 24 55 54 81 23 ]
[ 53 85 11 94 34 73 28 82 8 26 ]

Timer (sort): 292ms real	290ms user	0ms sys
The output is sorted!
[ 1 8 6 11 17 37 18 22 6 19 ]
[ 25 3 6 17 19 9 17 8 45 7 ]
[ 34 30 2 8 37 0 4 26 19 5 ]
[ 27 3 21 17 14 19 13 35 4 18 ]
[ 7 22 6 51 4 5 9 48 2 27 ]
[ 18 4 8 2 35 0 59 44 11 3 ]
[ 5 2 0 8 22 65 21 33 0 29 ]
[ 3 34 3 8 1 24 28 32 33 30 ]
[ 27 1 21 12 6 37 25 36 22 10 ]
[ 18 21 21 19 13 32 5 13 42 14 ]
[ 4 89 7 15 38 24 0 13 3 7 ]
[ 3 27 19 20 24 8 25 65 6 4 ]
[ 8 9 9 11 16 6 36 48 51 10 ]
[ 8 42 0 39 30 6 18 24 24 14 ]
[ 20 5 5 6 41 52 14 10 16 37 ]
[ 3 11 13 22 45 4 8 7 34 62 ]
[ 15 26 9 2 34 57 43 8 13 4 ]
[ 4 9 7 1 0 41 85 2 26 36 ]
[ 9 29 5 0 1 31 24 31 58 23 ]
[ 16 33 4 45 29 7 29 8 29 11 ]

Timer (generate): 4ms real	0ms user	0ms sys
[ 94 0 49 31 40 65 61 53 3 41 ]
[ 60 76 96 48 8 51 62 68 83 87 ]
[ 82 55 68 46 21 87 76 51 88 15 ]
[ 73 83 15 22 66 56 39 80 9 42 ]
[ 21 22 18 69 22 79 20 36 99 56 ]
[ 24 81 63 44 28 85 83 56 88 72 ]
[ 71 61 55 38 83 73 94 22 53 56 ]
[ 17 26 30 87 96 4 66 68 41 65 ]
[ 24 17 99 88 61 79 25 97 35 13 ]
[ 69 58 26 76 96 9 49 43 83 3 ]
[ 51 0 29 81 88 77 37 6 46 78 ]
[ 24 22 95 23 62 9 54 87 6 41 ]
[ 52 27 99 30 3 95 91 52 38 75 ]
[ 7 89 27 89 22 67 66 60 26 12 ]
[ 90 50 87 38 25 49 99 31 89 5 ]
[ 72 41 32 71 24 87 18 15 91 57 ]
[ 42 99 98 70 88 73 89 54 85 67 ]
[ 19 75 69 6 65 94 7 64 77 96 ]
[ 69 49 90 53 72 14 92 91 29 84 ]
[ 0 72 83 50 94 23 23 35 29 8 ]

Timer (sort): 295ms real	300ms user	0ms sys
The output is sorted!
[ 26 4 22 22 4 36 2 0 42 0 ]
[ 14 36 26 5 36 19 1 12 3 21 ]
[ 10 23 7 15 29 55 1 9 0 32 ]
[ 4 3 61 12 38 34 14 5 6 4 ]
[ 19 21 7 35 24 16 4 5 35 17 ]
[ 18 9 3 7 53 23 8 36 7 25 ]
[ 10 12 29 0 51 9 3 1 6 72 ]
[ 8 12 0 70 6 0 29 10 34 30 ]
[ 41 0 10 29 4 36 41 2 30 15 ]
[ 30 18 21 15 10 30 8 37 4 38 ]
[ 35 31 24 19 0 57 4 2 21 22 ]
[ 11 11 83 4 43 2 5 8 43 7 ]
[ 37 19 5 10 4 0 9 24 77 32 ]
[ 60 10 2 19 3 33 3 71 3 15 ]
[ 1 37 2 17 4 56 8 3 59 32 ]
[ 46 4 9 2 4 66 56 20 11 2 ]
[ 56 18 13 31 9 3 5 44 4 37 ]
[ 25 2 8 44 14 56 8 37 26 0 ]
[ 0 12 25 50 16 84 0 9 24 3 ]
[ 9 22 36 75 0 2 15 2 62 0 ]

Timer (generate): 4ms real	0ms user	0ms sys
[ 43 5 17 99 20 60 6 64 21 7 ]
[ 28 63 4 70 62 46 27 85 19 18 ]
[ 75 57 41 67 92 48 70 53 52 44 ]
[ 64 47 49 82 98 22 94 5 86 67 ]
[ 12 14 30 69 36 92 15 15 29 86 ]
[ 34 4 44 27 24 36 75 46 41 79 ]
[ 91 6 78 92 40 77 14 86 34 1 ]
[ 53 98 67 35 67 56 79 83 71 8 ]
[ 21 57 65 65 36 41 53 63 87 95 ]
[ 42 78 53 73 71 45 2 85 31 36 ]
[ 38 36 34 58 71 2 14 2 37 85 ]
[ 10 10 95 27 76 31 68 81 95 56 ]
[ 28 89 34 81 62 57 78 64 95 9 ]
[ 52 33 97 87 91 20 41 57 22 30 ]
[ 95 85 40 90 12 68 21 81 50 16 ]
[ 37 78 6 23 12 20 81 90 85 28 ]
[ 52 37 61 49 76 5 22 17 14 44 ]
[ 47 9 29 40 99 42 8 21 75 10 ]
[ 37 12 41 95 87 53 16 20 95 1 ]
[ 48 99 90 62 1 67 19 23 36 33 ]

Timer (sort): 288ms real	290ms user	0ms sys
The output is sorted!
[ 10 19 53 4 5 17 19 0 9 30 ]
[ 16 25 7 9 9 29 0 37 4 31 ]
[ 2 1 22 16 24 79 3 7 0 16 ]
[ 19 20 11 4 9 28 14 42 28 0 ]
[ 17 29 2 11 10 14 26 8 4 59 ]
[ 41 3 13 5 14 35 2 45 19 5 ]
[ 10 18 8 1 6 16 16 42 17 53 ]
[ 23 12 39 3 5 47 0 21 30 12 ]
[ 0 15 5 33 60 10 16 0 25 28 ]
[ 2 2 8 58 0 53 3 39 20 8 ]
[ 10 0 83 4 3 13 33 4 20 25 ]
[ 10 11 8 51 12 21 7 39 21 16 ]
[ 71 10 12 1 4 34 15 4 41 4 ]
[ 55 0 11 12 11 23 26 5 37 18 ]
[ 22 22 47 27 12 4 7 6 7 44 ]
[ 2 15 22 19 28 13 19 33 1 46 ]
[ 5 43 3 36 18 56 25 1 5 8 ]
[ 9 16 26 12 13 23 9 52 28 13 ]
[ 6 43 34 8 22 36 8 41 5 1 ]
[ 4 0 23 41 35 11 24 38 10 19 ]

Timer (generate): 4ms real	0ms user	0ms sys
[ 42 19 12 3 44 97 3 98 90 77 ]
[ 39 55 59 89 22 23 49 50 45 8 ]
[ 32 40 59 48 84 94 2 26 31 25 ]
[ 62 26 96 75 81 41 24 84 39 14 ]
[ 61 31 69 72 72 92 95 21 94 40 ]
[ 81 26 33 92 27 17 87 29 96 70 ]
[ 54 58 48 51 85 29 92 10 13 83 ]
[ 76 26 14 46 98 38 90 93 11 36 ]
[ 86 93 62 19 85 89 88 24 71 36 ]
[ 95 25 47 43 28 84 25 20 46 38 ]
[ 56 23 65 22 21 15 61 11 61 72 ]
[ 99 47 17 61 18 55 3 58 79 74 ]
[ 95 26 51 94 22 80 78 47 52 25 ]
[ 37 8 48 54 83 69 70 44 32 31 ]
[ 68 31 30 86 44 0 41 99 58 72 ]
[ 25 5 99 29 99 21 9 78 68 13 ]
[ 55 5 74 3 60 57 24 82 53 8 ]
[ 65 21 91 95 59 87 95 52 39 5 ]
[ 25 64 11 76 93 10 97 54 40 17 ]
[ 20 95 74 94 50 86 3 74 68 56 ]

Timer (sort): 286ms real	290ms user	0ms sys
The output is sorted!
[ 2 12 38 4 8 26 13 1 0 43 ]
[ 35 29 44 2 0 1 5 12 6 23 ]
[ 11 1 2 11 7 23 69 24 9 4 ]
[ 7 69 2 6 21 9 8 14 16 17 ]
[ 48 20 28 11 5 9 6 14 30 5 ]
[ 1 88 16 8 0 1 39 12 10 4 ]
[ 16 3 31 18 11 0 35 5 27 36 ]
[ 2 10 45 13 69 14 7 8 0 15 ]
[ 11 2 2 76 21 31 18 1 5 17 ]
[ 8 52 30 39 0 2 25 14 7 10 ]
[ 2 8 38 9 8 39 35 24 4 23 ]
[ 2 38 6 4 3 31 4 15 42 46 ]
[ 3 34 48 2 6 38 47 9 0 7 ]
[ 37 1 20 7 10 1 11 12 35 60 ]
[ 14 16 10 26 10 25 74 4 1 16 ]
[ 7 48 12 8 46 3 9 20 33 13 ]
[ 13 15 8 24 81 6 9 9 22 17 ]
[ 3 2 9 10 55 78 2 3 34 10 ]
[ 26 0 18 34 39 76 5 9 0 3 ]
[ 18 14 21 23 3 19 44 30 7 31 ]

Timer (generate): 4ms real	0ms user	0ms sys
[ 85 71 10 7 7 39 73 7 43 95 ]
[ 58 65 7 2 33 3 74 97 60 66 ]
[ 89 96 15 14 12 35 1 88 75 8 ]
[ 2 61 31 12 20 39 3 93 98 46 ]
[ 88 8 63 47 62 97 50 89 46 62 ]
[ 55 87 58 70 1 22 6 2 10 33 ]
[ 10 12 46 41 76 66 32 79 59 82 ]
[ 77 47 90 41 94 5 90 96 94 36 ]
[ 11 49 23 21 71 76 44 29 78 54 ]
[ 63 88 19 61 81 47 28 66 27 87 ]
[ 0 56 87 91 49 33 48 91 30 42 ]
[ 79 93 43 54 14 66 30 10 96 8 ]
[ 65 11 48 36 72 82 83 0 0 62 ]
[ 40 0 19 27 43 20 60 91 64 42 ]
[ 33 43 35 28 50 2 95 80 12 43 ]
[ 41 29 6 41 65 78 23 49 31 75 ]
[ 11 71 76 82 50 19 55 10 11 19 ]
[ 5 96 14 92 77 64 94 72 97 7 ]
[ 15 38 88 73 79 54 51 55 3 34 ]
[ 82 66 57 58 1 7 30 56 70 93 ]

Timer (sort): 297ms real	290ms user	0ms sys
The output is sorted!
[ 29 41 9 7 7 28 6 6 2 2 ]
[ 6 2 13 5 70 2 9 9 48 6 ]
[ 20 12 3 46 34 37 11 5 2 3 ]
[ 8 2 20 8 12 60 19 24 24 1 ]
[ 36 13 9 8 10 15 18 65 0 4 ]
[ 18 13 16 18 0 4 5 22 88 0 ]
[ 12 19 2 57 8 43 20 14 2 15 ]
[ 1 61 4 17 52 12 15 9 20 7 ]
[ 1 1 49 21 0 33 35 18 40 2 ]
[ 21 6 77 3 12 5 7 33 12 26 ]
[ 11 16 30 15 78 29 4 1 18 3 ]
[ 14 34 14 3 8 44 14 6 4 65 ]
[ 86 17 5 12 1 13 7 15 43 8 ]
[ 1 20 14 5 17 19 8 31 15 78 ]
[ 37 3 67 7 2 24 15 36 16 1 ]
[ 24 5 2 33 55 21 2 21 6 44 ]
[ 21 8 20 18 2 7 65 35 25 13 ]
[ 35 1 3 14 20 59 20 9 14 40 ]
[ 5 14 17 16 1 52 8 42 1 59 ]
[ 2 2 46 12 26 15 92 17 0 6 ]

Timer (generate): 5ms real	0ms user	0ms sys
[ 84 17 53 20 15 32 97 75 29 95 ]
[ 75 51 30 69 32 35 19 5 38 54 ]
[ 20 40 80 60 63 85 47 92 62 81 ]
[ 68 98 50 73 18 17 5 68 92 86 ]
[ 15 19 37 45 89 22 32 60 79 71 ]
[ 14 99 11 47 12 27 32 59 71 46 ]
[ 93 91 44 95 64 14 13 21 34 57 ]
[ 8 49 77 45 47 66 19 31 26 99 ]
[ 54 93 50 18 40 62 45 24 74 68 ]
[ 22 67 60 66 14 24 32 79 46 67 ]
[ 37 6 68 66 3 67 84 23 99 10 ]
[ 74 53 55 24 71 47 87 68 71 61 ]
[ 37 93 80 97 11 46 73 44 26 71 ]
[ 63 15 77 83 81 81 51 65 56 2 ]
[ 27 30 55 35 54 79 82 41 99 54 ]
[ 54 36 99 86 85 63 33 11 7 59 ]
[ 82 22 26 12 5 59 45 56 76 1 ]
[ 58 55 31 66 90 37 97 73 31 96 ]
[ 27 85 33 78 72 70 41 5 81 0 ]
[ 16 16 22 94 28 80 53 73 36 81 ]

Timer (sort): 300ms real	300ms user	0ms sys
The output is sorted!
[ 19 4 30 20 43 3 10 20 20 12 ]
[ 11 3 3 8 71 12 22 8 3 40 ]
[ 11 27 5 53 3 11 2 50 19 1 ]
[ 22 17 45 1 12 40 4 29 2 15 ]
[ 47 59 19 8 2 4 2 27 5 17 ]
[ 7 46 25 16 9 35 16 0 9 27 ]
[ 13 11 23 75 1 3 9 6 10 40 ]
[ 4 63 1 8 13 4 50 11 21 18 ]
[ 13 0 28 14 5 48 12 14 50 12 ]
[ 15 29 52 0 35 1 15 1 24 24 ]
[ 3 0 3 3 15 9 12 11 63 78 ]
[ 1 25 14 15 16 40 32 39 4 13 ]
[ 33 54 12 0 16 27 22 11 5 19 ]
[ 11 11 44 60 15 17 0 6 30 6 ]
[ 2 31 18 5 21 10 36 42 17 20 ]
[ 40 5 16 0 49 13 21 19 21 22 ]
[ 37 0 0 17 9 19 22 23 8 72 ]
[ 90 6 7 3 0 60 8 10 24 0 ]
[ 9 21 22 0 4 36 31 14 29 46 ]
[ 7 9 12 32 16 16 54 16 5 47 ]

Timer (generate): 4ms real	0ms user	0ms sys
[ 61 89 95 25 8 55 84 69 54 10 ]
[ 64 75 43 73 26 20 82 59 6 40 ]
[ 31 25 63 50 37 57 17 56 70 29 ]
[ 39 83 71 34 60 79 89 44 48 43 ]
[ 54 64 70 49 37 97 22 72 8 28 ]
[ 64 39 53 27 42 43 36 59 51 7 ]
[ 89 90 42 60 24 55 91 65 99 91 ]
[ 61 6 55 83 55 44 32 77 68 40 ]
[ 57 84 80 63 63 74 6 0 33 9 ]
[ 59 22 0 1 34 76 56 77 94 8 ]
[ 68 7 14 75 90 21 20 23 51 40 ]
[ 15 8 25 47 71 88 21 29 88 55 ]
[ 39 47 29 91 1 16 19 9 93 13 ]
[ 17 62 20 31 37 63 5 9 86 56 ]
[ 50 53 16 27 1 40 67 74 69 56 ]
[ 81 60 55 63 51 56 79 71 66 72 ]
[ 36 35 86 57 19 24 20 24 85 58 ]
[ 32 87 63 48 14 16 40 82 91 10 ]
[ 90 24 22 97 87 26 6 66 49 24 ]
[ 91 85 59 77 94 78 53 66 54 39 ]

Timer (sort): 279ms real	270ms user	0ms sys
The output is sorted!
[ 9 5 26 15 10 9 34 25 13 2 ]
[ 13 27 13 35 37 14 17 3 0 1 ]
[ 18 1 36 24 18 9 3 18 25 18 ]
[ 18 54 35 12 18 5 1 2 8 19 ]
[ 19 0 5 13 46 7 33 37 7 6 ]
[ 34 0 40 0 32 0 21 27 20 0 ]
[ 54 16 18 0 11 18 35 17 21 0 ]
[ 44 55 8 7 22 0 9 18 6 22 ]
[ 14 18 48 31 8 39 11 7 6 9 ]
[ 7 30 45 6 3 37 8 34 19 8 ]
[ 32 3 7 5 10 70 8 6 36 21 ]
[ 3 25 34 33 42 3 43 8 0 11 ]
[ 39 2 50 0 11 16 20 12 11 42 ]
[ 12 2 9 0 28 35 13 48 8 49 ]
[ 3 4 59 1 46 50 3 15 0 24 ]
[ 41 0 2 24 13 26 32 5 9 55 ]
[ 0 34 33 3 9 76 6 14 10 23 ]
[ 11 75 18 34 4 0 10 10 32 14 ]
[ 17 9 65 7 12 20 33 27 11 9 ]
[ 5 14 55 5 18 35 49 4 27 0 ]

Timer (generate): 5ms real	0ms user	0ms sys
[ 84 55 75 51 75 60 7 70 4 19 ]
[ 33 85 2 82 90 35 25 26 93 35 ]
[ 3 15 63 33 37 38 99 31 92 40 ]
[ 7 76 96 83 28 23 95 87 93 51 ]
[ 6 26 36 61 60 78 96 85 4 41 ]
[ 72 60 57 87 45 94 77 44 77 70 ]
[ 37 85 46 33 20 26 56 15 65 1 ]
[ 66 72 27 54 33 87 32 81 24 89 ]
[ 22 48 1 79 35 46 74 12 42 51 ]
[ 34 79 88 33 64 8 11 72 23 77 ]
[ 73 41 49 52 95 34 39 80 67 15 ]
[ 21 89 63 22 21 50 20 95 15 14 ]
[ 98 49 46 39 82 62 47 94 87 23 ]
[ 71 60 64 72 65 12 58 56 44 25 ]
[ 72 65 66 87 39 87 90 11 34 5 ]
[ 25 33 6 23 72 89 86 71 35 73 ]
[ 94 58 85 59 82 50 23 40 59 67 ]
[ 17 31 84 83 70 23 71 60 86 5 ]
[ 17 63 90 76 87 14 65 73 86 52 ]
[ 98 80 62 83 91 44 86 14 84 45 ]

Timer (sort): 292ms real	290ms user	0ms sys
The output is sorted!
[ 3 24 43 40 1 7 10 23 2 13 ]
[ 5 15 6 41 4 23 47 9 20 8 ]
[ 19 4 62 1 4 10 0 15 45 23 ]
[ 18 1 1 31 0 0 26 4 42 63 ]
[ 3 43 1 15 20 16 27 54 3 5 ]
[ 4 18 2 0 56 24 39 4 45 2 ]
[ 8 3 15 43 3 5 7 80 27 4 ]
[ 71 16 1 1 17 13 2 8 35 31 ]
[ 29 51 8 0 16 20 2 24 41 6 ]
[ 72 18 21 3 13 3 23 5 11 28 ]
[ 33 9 5 11 8 27 8 7 6 86 ]
[ 19 14 1 36 47 12 4 27 7 34 ]
[ 27 50 10 36 28 7 0 12 19 14 ]
[ 7 24 8 27 28 4 6 67 30 3 ]
[ 13 20 43 14 4 3 23 31 25 39 ]
[ 31 2 5 2 10 39 35 16 30 45 ]
[ 11 1 8 10 4 3 84 69 12 14 ]
[ 7 17 48 63 32 0 1 28 5 15 ]
[ 5 13 5 58 17 32 12 34 23 18 ]
[ 62 12 5 36 32 25 9 18 9 11 ]

Timer (generate): 4ms real	0ms user	0ms sys
[ 14 5 61 24 75 21 65 3 51 6 ]
[ 13 10 76 11 20 76 80 70 87 7 ]
[ 84 35 73 90 30 82 68 49 88 48 ]
[ 99 55 6 60 31 81 81 48 36 84 ]
[ 55 1 94 31 12 66 59 45 37 46 ]
[ 52 73 81 25 63 64 59 83 13 0 ]
[ 32 12 7 90 24 90 71 57 38 59 ]
[ 41 45 61 35 77 73 54 36 18 91 ]
[ 35 70 64 16 48 79 80 59 62 46 ]
[ 11 46 10 18 36 35 8 59 92 99 ]
[ 19 34 44 32 21 73 5 27 10 76 ]
[ 18 45 98 34 13 98 65 46 10 28 ]
[ 44 21 26 54 92 15 41 52 26 34 ]
[ 51 97 20 48 29 93 21 35 21 83 ]
[ 63 91 80 61 78 94 60 43 92 70 ]
[ 23 36 43 50 42 35 17 84 88 43 ]
[ 70 91 41 42 39 70 35 61 57 8 ]
[ 44 20 52 77 82 30 23 94 73 15 ]
[ 64 97 3 7 99 97 95 16 81 83 ]
[ 11 3 26 52 45 66 75 33 79 32 ]

Timer (sort): 301ms real	290ms user	0ms sys
The output is sorted!
[ 22 14 1 34 58 0 21 6 3 10 ]
[ 40 10 24 6 16 4 0 1 72 1 ]
[ 1 75 11 1 54 13 2 1 3 18 ]
[ 26 2 57 2 12 3 3 5 27 43 ]
[ 11 37 51 0 36 19 6 0 9 13 ]
[ 17 23 31 33 18 5 9 15 22 9 ]
[ 14 7 40 39 6 10 28 10 23 6 ]
[ 56 9 2 6 26 46 10 0 17 20 ]
[ 19 19 22 66 3 41 20 2 4 4 ]
[ 26 12 32 2 71 0 6 23 1 30 ]
[ 9 1 61 42 26 3 4 4 24 29 ]
[ 63 8 8 57 13 3 16 28 1 6 ]
[ 25 3 9 27 7 37 1 42 14 42 ]
[ 27 67 3 6 0 2 4 64 2 34 ]
[ 25 19 13 8 60 13 0 3 25 44 ]
[ 30 2 10 17 41 17 15 12 13 55 ]
[ 26 33 14 54 22 17 3 8 13 22 ]
[ 68 7 19 33 7 4 19 30 8 17 ]
[ 4 11 4 7 65 20 22 50 22 8 ]
[ 11 30 22 23 2 10 38 17 52 10 ]

Timer (generate): 4ms real	0ms user	0ms sys
[ 65 16 3 31 24 28 57 68 96 9 ]
[ 50 43 75 53 32 60 30 97 24 98 ]
[ 54 98 44 18 43 10 20 61 69 0 ]
[ 53 35 69 57 18 93 37 75 13 34 ]
[ 37 15 29 64 68 61 25 99 58 49 ]
[ 49 64 99 93 34 94 56 54 55 25 ]
[ 55 61 12 76 18 83 69 7 58 82 ]
[ 41 47 97 70 12 17 84 89 68 94 ]
[ 90 17 59 89 63 45 83 19 0 90 ]
[ 96 7 51 61 83 21 44 52 29 54 ]
[ 86 22 2 35 93 66 4 77 55 73 ]
[ 23 45 90 34 86 5 80 21 24 80 ]
[ 11 73 87 15 34 22 88 78 74 69 ]
[ 32 12 92 34 99 37 0 3 14 7 ]
[ 76 89 4 19 24 90 24 4 63 1 ]
[ 84 27 74 23 42 60 45 82 38 71 ]
[ 52 70 35 44 57 34 81 9 89 47 ]
[ 17 18 36 21 89 60 64 13 64 79 ]
[ 66 0 6 92 23 0 52 20 83 90 ]
[ 91 35 13 26 31 22 12 64 31 2 ]

Timer (sort): 366ms real	370ms user	0ms sys
The output is sorted!
[ 2 59 5 9 14 0 4 28 11 18 ]
[ 3 17 35 11 52 32 6 2 13 0 ]
[ 30 2 41 19 0 10 0 42 21 16 ]
[ 1 35 19 27 9 5 16 7 35 32 ]
[ 14 22 59 20 0 15 44 7 7 0 ]
[ 14 6 12 18 12 23 15 81 4 9 ]
[ 1 23 7 10 26 20 10 3 14 81 ]
[ 26 1 24 13 24 25 16 9 41 17 ]
[ 12 15 3 17 47 0 31 25 7 39 ]
[ 10 0 35 0 41 31 26 37 2 14 ]
[ 24 3 31 39 18 3 0 10 2 66 ]
[ 34 52 4 2 16 45 10 17 19 1 ]
[ 5 36 0 18 15 71 0 14 19 23 ]
[ 30 15 18 8 9 60 3 12 35 12 ]
[ 6 10 5 1 73 30 2 60 0 17 ]
[ 11 6 20 81 2 18 5 2 54 7 ]
[ 38 8 0 21 49 40 5 7 35 4 ]
[ 28 18 22 3 36 29 54 12 6 0 ]
[ 8 22 23 7 85 25 18 2 15 5 ]
[ 2 44 40 28 39 23 1 25 1 9 ]

Timer (generate): 5ms real	0ms user	0ms sys
[ 33 63 29 42 31 38 23 51 17 34 ]
[ 37 98 98 58 21 84 56 46 41 86 ]
[ 78 55 36 70 5 89 23 98 38 53 ]
[ 7 71 69 88 14 0 78 89 3 96 ]
[ 75 92 46 26 50 67 10 59 66 3 ]
[ 97 96 10 33 66 16 74 41 66 12 ]
[ 94 25 35 63 65 49 15 44 91 70 ]
[ 92 66 63 90 92 65 10 54 24 28 ]
[ 9 73 24 72 6 42 88 32 83 6 ]
[ 44 77 31 80 93 48 81 60 44 72 ]
[ 31 36 91 46 79 35 11 89 90 88 ]
[ 17 51 13 93 23 72 35 63 4 18 ]
[ 21 1 47 4 33 92 53 14 53 97 ]
[ 39 36 86 30 82 65 17 45 6 59 ]
[ 85 75 11 51 68 86 23 55 2 27 ]
[ 73 23 28 72 28 61 65 81 28 70 ]
[ 30 67 6 16 49 40 33 66 37 39 ]
[ 26 75 14 89 26 34 75 49 89 77 ]
[ 28 14 1 57 87 81 70 4 14 98 ]
[ 74 44 65 32 61 66 24 46 85 13 ]

Timer (sort): 373ms real	370ms user	0ms sys
The output is sorted!
[ 22 19 17 4 6 7 30 30 11 28 ]
[ 7 13 20 0 17 17 44 7 29 22 ]
[ 50 22 43 3 2 4 3 10 9 32 ]
[ 20 16 56 4 2 15 14 0 50 8 ]
[ 16 14 25 20 14 15 23 26 5 31 ]
[ 5 8 39 6 80 4 0 41 2 5 ]
[ 9 30 6 15 24 18 0 8 27 53 ]
[ 12 61 0 5 18 4 22 9 51 9 ]
[ 57 28 15 11 12 34 10 8 3 16 ]
[ 26 11 34 15 1 10 3 9 81 7 ]
[ 8 34 6 18 29 7 32 3 52 11 ]
[ 17 20 36 27 5 29 56 2 1 12 ]
[ 32 11 32 5 2 16 7 45 32 24 ]
[ 32 4 9 13 32 88 0 0 8 25 ]
[ 17 3 7 44 12 37 34 11 42 8 ]
[ 1 16 27 31 9 83 2 7 40 0 ]
[ 9 1 24 74 4 37 18 8 4 37 ]
[ 0 20 12 1 46 17 42 49 21 9 ]
[ 12 0 67 18 3 60 5 21 9 23 ]
[ 73 29 7 24 15 26 13 20 8 7 ]

Timer (generate): 7ms real	0ms user	0ms sys
[ 27 20 10 86 82 25 17 44 58 21 ]
[ 19 81 45 67 5 64 98 83 85 31 ]
[ 95 70 4 36 1 36 21 55 1 32 ]
[ 86 28 4 96 67 87 73 84 83 32 ]
[ 57 3 13 55 70 70 71 21 53 56 ]
[ 4 0 79 8 36 32 44 10 87 97 ]
[ 42 25 26 98 74 45 85 47 29 69 ]
[ 31 38 72 96 45 94 66 17 67 19 ]
[ 25 71 71 4 31 60 37 28 70 76 ]
[ 25 64 2 3 62 76 48 0 75 29 ]
[ 21 7 20 45 3 65 91 70 82 59 ]
[ 41 8 82 13 64 14 25 53 94 95 ]
[ 30 19 11 84 75 25 12 23 25 87 ]
[ 5 98 94 25 43 50 90 35 20 73 ]
[ 46 13 33 28 78 97 94 3 3 40 ]
[ 50 85 12 61 69 87 87 33 62 64 ]
[ 20 67 63 67 92 6 69 83 93 41 ]
[ 8 91 54 41 72 33 90 18 88 45 ]
[ 59 39 30 71 52 99 58 39 84 72 ]
[ 56 57 40 19 24 32 77 45 15 23 ]

Timer (sort): 434ms real	430ms user	10ms sys
The output is sorted!
[ 10 34 17 37 6 0 19 34 19 3 ]
[ 16 9 4 3 70 15 33 17 11 4 ]
[ 44 1 23 0 14 9 10 12 73 1 ]
[ 30 27 11 19 24 35 5 0 21 18 ]
[ 10 13 5 3 0 54 1 21 34 50 ]
[ 15 20 54 21 17 23 1 17 17 7 ]
[ 11 2 6 31 11 34 49 36 1 11 ]
[ 29 64 16 4 23 2 7 15 25 9 ]
[ 0 0 29 72 22 2 25 26 5 16 ]
[ 21 10 46 24 39 4 9 23 12 9 ]
[ 11 0 3 55 18 10 45 29 23 10 ]
[ 17 5 1 27 12 4 67 28 25 18 ]
[ 1 51 16 16 0 10 25 4 58 26 ]
[ 14 7 48 16 27 9 7 14 8 60 ]
[ 20 10 37 61 46 20 4 0 11 1 ]
[ 17 2 19 47 3 14 6 78 15 13 ]
[ 22 14 22 3 43 43 5 23 15 25 ]
[ 4 8 0 77 19 0 30 18 42 17 ]
[ 17 55 7 45 0 0 11 4 58 24 ]
[ 1 7 29 8 29 2 38 11 0 98 ]

Timer (generate): 7ms real	0ms user	0ms sys
[ 16 4 91 13 48 51 27 25 70 56 ]
[ 89 29 56 25 38 11 3 44 55 58 ]
[ 41 10 53 50 29 81 4 64 4 40 ]
[ 79 20 96 22 33 44 73 13 21 95 ]
[ 21 63 25 77 88 15 41 43 59 48 ]
[ 53 1 10 6 3 39 40 8 3 44 ]
[ 0 34 65 48 57 50 44 82 15 18 ]
[ 78 36 81 55 66 21 22 7 64 81 ]
[ 7 17 34 17 75 38 56 15 98 11 ]
[ 60 50 97 77 50 54 79 46 89 95 ]
[ 64 67 83 45 74 49 66 96 8 30 ]
[ 29 15 99 16 32 75 6 40 90 4 ]
[ 51 2 6 49 79 8 55 11 54 44 ]
[ 6 71 63 89 16 89 91 35 85 99 ]
[ 17 15 15 17 31 99 44 89 40 86 ]
[ 93 43 89 51 44 20 59 0 31 65 ]
[ 96 89 36 12 79 5 1 70 40 87 ]
[ 21 9 54 88 78 37 88 22 26 80 ]
[ 9 71 23 50 74 68 70 85 20 54 ]
[ 50 16 43 39 28 74 96 82 96 88 ]

Timer (sort): 419ms real	410ms user	0ms sys
The output is sorted!
[ 1 23 13 16 4 12 31 10 1 40 ]
[ 2 20 31 22 24 27 6 7 20 2 ]
[ 17 25 5 2 33 0 8 46 2 25 ]
[ 14 0 14 10 22 4 17 19 24 40 ]
[ 7 22 5 4 12 13 67 16 22 0 ]
[ 35 6 26 27 4 8 38 6 30 7 ]
[ 23 18 3 10 3 3 74 45 1 8 ]
[ 44 0 0 12 8 42 9 3 51 20 ]
[ 15 17 7 37 2 49 0 25 13 26 ]
[ 2 37 0 8 10 23 8 68 15 23 ]
[ 21 0 24 4 42 2 4 36 36 27 ]
[ 42 20 26 6 32 22 13 1 8 28 ]
[ 25 27 22 19 56 13 2 6 17 15 ]
[ 19 38 12 46 38 33 3 4 10 0 ]
[ 18 34 23 5 12 10 10 18 40 36 ]
[ 53 1 10 6 3 39 40 8 3 44 ]
[ 59 36 26 12 12 1 3 20 26 12 ]
[ 11 13 11 6 10 10 12 80 48 8 ]
[ 38 40 17 6 13 46 6 7 25 13 ]
[ 11 9 6 7 51 66 18 25 13 5 ]

Timer (generate): 8ms real	0ms user	0ms sys
[ 63 88 25 41 93 55 66 54 94 22 ]
[ 13 53 88 36 44 18 61 49 23 86 ]
[ 58 60 32 87 56 49 68 27 63 21 ]
[ 0 78 9 77 71 2 32 89 8 79 ]
[ 12 22 32 52 10 76 70 71 78 45 ]
[ 58 36 6 42 75 14 91 43 93 54 ]
[ 64 93 85 25 71 56 80 55 46 88 ]
[ 34 10 62 19 14 72 95 36 96 25 ]
[ 81 6 13 39 48 89 53 39 32 46 ]
[ 46 49 92 83 26 15 91 6 70 89 ]
[ 47 57 51 9 76 65 34 23 53 30 ]
[ 49 35 88 62 26 36 3 80 27 36 ]
[ 78 73 37 70 8 63 85 0 22 8 ]
[ 89 69 65 41 30 93 58 64 68 12 ]
[ 46 69 99 34 32 25 22 87 57 50 ]
[ 23 36 75 60 58 84 76 44 36 98 ]
[ 4 25 67 21 18 49 14 77 66 34 ]
[ 41 12 4 40 99 88 17 21 75 75 ]
[ 23 99 63 99 11 21 35 87 65 71 ]
[ 37 21 96 56 42 67 6 56 96 72 ]

Timer (sort): 395ms real	390ms user	10ms sys
The output is sorted!
[ 3 8 2 8 22 9 19 45 22 5 ]
[ 66 1 6 8 19 26 11 2 1 4 ]
[ 25 12 3 8 2 20 3 4 34 40 ]
[ 3 20 27 2 50 8 17 6 26 11 ]
[ 49 9 11 34 0 24 9 9 7 30 ]
[ 2 4 6 17 36 42 13 27 33 11 ]
[ 13 50 4 8 1 31 44 0 10 30 ]
[ 19 13 9 0 39 11 42 29 34 1 ]
[ 10 12 42 43 9 3 71 2 2 4 ]
[ 36 2 4 20 16 27 4 73 18 2 ]
[ 15 15 5 24 17 13 68 13 3 33 ]
[ 1 34 7 16 15 8 71 35 5 14 ]
[ 0 38 0 4 35 0 53 54 19 6 ]
[ 22 35 11 10 47 3 2 6 13 61 ]
[ 12 6 4 55 69 13 4 16 5 27 ]
[ 1 0 14 61 61 5 24 18 7 20 ]
[ 10 38 20 3 17 25 41 2 0 57 ]
[ 36 9 76 6 1 27 27 22 6 3 ]
[ 7 38 23 14 3 8 18 33 14 56 ]
[ 5 69 9 13 32 21 17 28 4 17 ]

Timer (generate): 5ms real	0ms user	0ms sys
[ 91 58 92 13 14 94 26 11 47 62 ]
[ 11 23 48 66 15 29 53 15 52 38 ]
[ 28 20 25 18 49 86 31 5 94 81 ]
[ 76 37 92 20 50 6 66 29 69 66 ]
[ 43 81 89 43 99 56 73 52 71 25 ]
[ 90 99 97 68 17 46 54 0 51 0 ]
[ 34 79 37 26 51 40 84 18 69 53 ]
[ 84 12 34 25 56 34 81 81 38 4 ]
[ 58 81 3 56 1 72 2 55 24 6 ]
[ 55 58 37 44 36 89 84 20 59 5 ]
[ 74 95 18 60 72 26 46 53 7 37 ]
[ 9 65 18 64 73 19 36 28 26 12 ]
[ 34 33 23 23 77 59 64 14 80 23 ]
[ 19 6 70 89 66 42 15 65 47 74 ]
[ 2 56 40 20 20 65 91 8 93 69 ]
[ 21 27 2 96 3 31 55 67 45 87 ]
[ 43 17 93 13 6 12 8 74 77 55 ]
[ 48 79 64 40 51 36 6 94 45 51 ]
[ 63 18 31 17 14 34 48 21 1 46 ]
[ 9 96 63 54 62 21 66 70 47 95 ]

Timer (sort): 400ms real	400ms user	0ms sys
The output is sorted!
[ 12 3 4 5 15 7 12 10 51 7 ]
[ 1 10 35 1 4 26 0 1 46 54 ]
[ 4 59 7 32 5 9 1 7 23 37 ]
[ 11 28 20 20 11 62 21 13 1 4 ]
[ 10 33 20 35 42 8 27 7 11 0 ]
[ 0 5 46 0 3 63 0 22 65 2 ]
[ 0 30 40 0 28 26 2 67 6 8 ]
[ 31 12 32 2 9 31 21 53 15 1 ]
[ 45 2 6 10 68 4 14 16 39 4 ]
[ 1 81 8 29 4 7 1 24 48 7 ]
[ 16 3 18 3 23 83 30 29 1 6 ]
[ 13 0 43 10 37 28 27 19 6 31 ]
[ 29 17 19 0 16 48 27 5 7 47 ]
[ 15 7 8 12 24 75 8 16 5 46 ]
[ 25 57 34 33 6 8 14 19 0 21 ]
[ 19 19 3 36 3 82 36 6 10 4 ]
[ 3 34 64 0 4 17 4 42 36 17 ]
[ 19 16 64 28 4 12 47 1 15 19 ]
[ 28 38 2 52 1 5 9 13 55 23 ]
[ 1 25 62 24 4 26 12 14 42 17 ]

Timer (generate): 5ms real	0ms user	0ms sys
[ 38 54 20 61 76 71 15 70 43 53 ]
[ 78 96 46 87 33 89 77 86 31 92 ]
[ 33 89 55 17 86 36 7 19 75 33 ]
[ 61 65 87 81 27 15 5 42 86 0 ]
[ 96 16 96 94 56 81 84 33 67 67 ]
[ 25 53 9 80 70 95 68 77 66 44 ]
[ 62 27 61 50 61 88 17 18 83 55 ]
[ 70 31 24 66 77 80 48 61 13 67 ]
[ 81 90 72 90 70 42 85 91 71 51 ]
[ 87 34 31 48 36 44 89 5 62 24 ]
[ 61 32 55 37 50 32 69 50 46 82 ]
[ 70 79 24 42 69 46 37 54 37 60 ]
[ 57 24 46 40 73 82 84 14 40 98 ]
[ 38 1 82 45 90 85 29 59 35 27 ]
[ 93 57 6 17 52 75 15 41 81 53 ]
[ 1 91 29 48 31 2 82 68 68 22 ]
[ 66 6 75 1 3 65 86 33 76 73 ]
[ 60 69 31 67 38 35 94 54 76 76 ]
[ 59 77 67 88 77 50 43 60 18 11 ]
[ 34 37 70 10 38 73 27 76 6 56 ]

Timer (sort): 361ms real	360ms user	0ms sys
The output is sorted!
[ 40 52 11 10 4 19 11 12 4 0 ]
[ 26 0 64 31 1 6 2 9 1 27 ]
[ 3 32 21 2 5 11 41 21 22 13 ]
[ 36 0 3 4 19 17 47 26 8 16 ]
[ 21 0 8 8 48 17 14 8 25 28 ]
[ 18 4 7 14 90 14 0 30 0 0 ]
[ 23 6 7 19 9 28 27 13 20 28 ]
[ 1 53 36 38 5 13 16 6 12 3 ]
[ 32 12 56 1 3 12 15 12 25 17 ]
[ 17 8 9 10 18 5 69 39 7 3 ]
[ 27 3 16 34 3 9 32 58 6 0 ]
[ 26 12 26 71 15 5 14 10 5 6 ]
[ 88 0 20 34 16 17 3 9 1 2 ]
[ 7 4 1 18 38 48 17 7 14 43 ]
[ 5 8 5 4 46 2 67 19 43 1 ]
[ 55 25 40 9 3 15 11 7 2 35 ]
[ 6 6 48 4 5 18 1 34 63 21 ]
[ 29 43 21 12 53 5 23 0 19 6 ]
[ 16 33 36 21 32 15 36 7 8 8 ]
[ 9 3 28 4 15 60 1 28 54 12 ]

Timer (generate): 4ms real	0ms user	0ms sys
[ 72 20 44 53 96 67 61 62 33 0 ]
[ 96 55 25 92 13 84 2 80 33 38 ]
[ 62 68 49 7 0 3 23 82 70 3 ]
[ 10 94 75 54 47 24 74 60 86 7 ]
[ 60 35 14 86 79 27 22 81 59 56 ]
[ 72 22 76 21 81 76 24 56 59 95 ]
[ 59 21 89 87 28 89 11 2 49 49 ]
[ 61 10 84 75 96 64 2 18 45 14 ]
[ 26 17 36 2 38 69 31 15 25 42 ]
[ 62 36 63 3 23 43 92 86 45 42 ]
[ 36 6 4 20 33 52 36 36 70 82 ]
[ 2 49 51 90 51 42 59 34 57 84 ]
[ 76 71 20 92 74 96 35 19 82 81 ]
[ 13 18 39 17 91 73 69 79 61 91 ]
[ 61 63 40 65 53 44 7 64 78 16 ]
[ 48 55 39 20 47 13 68 82 32 51 ]
[ 15 45 21 55 14 64 80 83 44 41 ]
[ 75 57 56 67 22 61 11 81 25 42 ]
[ 49 25 97 88 97 96 54 66 30 38 ]
[ 69 46 36 42 53 50 7 85 34 3 ]

Timer (sort): 393ms real	380ms user	0ms sys
The output is sorted!
[ 19 26 12 7 38 0 19 17 26 5 ]
[ 1 14 4 3 41 18 1 5 27 56 ]
[ 27 17 3 14 14 8 43 9 28 17 ]
[ 15 6 54 22 5 10 0 17 28 29 ]
[ 33 3 0 10 42 17 18 35 10 21 ]
[ 15 2 1 13 3 18 61 29 3 56 ]
[ 9 32 13 32 8 23 5 21 29 33 ]
[ 55 1 3 2 28 24 19 3 8 65 ]
[ 8 34 0 65 3 1 21 55 9 16 ]
[ 0 5 3 59 12 67 37 2 10 19 ]
[ 19 24 49 7 16 84 9 2 5 0 ]
[ 9 2 1 2 22 68 19 0 61 31 ]
[ 8 9 31 1 5 30 5 74 51 2 ]
[ 14 57 2 5 27 9 2 14 45 44 ]
[ 10 31 12 13 29 18 4 19 8 76 ]
[ 15 2 16 64 3 9 45 15 44 8 ]
[ 61 16 26 37 24 8 21 16 9 4 ]
[ 64 1 25 29 18 40 19 8 14 5 ]
[ 23 1 40 1 11 41 36 36 8 26 ]
[ 29 18 34 0 25 30 5 7 26 51 ]

Timer (generate): 4ms real	0ms user	0ms sys
[ 17 96 58 90 68 3 24 56 44 62 ]
[ 44 1 99 78 89 73 0 70 67 87 ]
[ 78 78 72 86 17 93 85 50 14 83 ]
[ 83 83 79 41 74 47 96 50 55 93 ]
[ 12 51 46 63 29 35 37 82 5 56 ]
[ 69 36 34 93 74 3 39 60 53 53 ]
[ 95 88 89 75 81 15 74 30 17 82 ]
[ 23 29 33 21 45 63 8 34 45 66 ]
[ 90 66 2 76 12 76 80 51 88 85 ]
[ 56 84 26 45 11 59 60 37 89 77 ]
[ 19 64 59 53 85 56 68 46 90 65 ]
[ 12 32 83 14 8 95 42 40 46 83 ]
[ 78 3 19 4 0 30 15 13 19 5 ]
[ 42 91 21 53 44 59 9 64 5 51 ]
[ 81 17 35 64 31 44 12 25 36 58 ]
[ 8 14 13 27 70 66 9 86 79 29 ]
[ 43 21 72 64 75 68 75 36 32 80 ]
[ 40 13 97 75 29 80 71 41 58 8 ]
[ 52 66 74 17 46 97 83 7 35 14 ]
[ 88 78 88 60 94 63 28 70 51 12 ]

Timer (sort): 391ms real	390ms user	0ms sys
The output is sorted!
[ 9 0 36 39 0 4 21 6 1 31 ]
[ 44 28 1 18 7 0 13 8 11 24 ]
[ 43 19 16 14 4 6 4 2 16 39 ]
[ 7 8 46 7 23 22 3 13 23 11 ]
[ 78 3 19 4 0 30 15 13 19 5 ]
[ 12 29 15 10 59 0 13 9 28 14 ]
[ 82 46 3 0 2 15 9 8 29 0 ]
[ 7 17 72 8 13 50 7 3 1 19 ]
[ 36 54 1 34 1 36 7 2 27 1 ]
[ 24 6 6 3 25 29 69 3 17 18 ]
[ 2 54 18 14 12 18 36 20 0 29 ]
[ 34 3 11 2 27 64 18 11 13 21 ]
[ 9 20 12 21 6 34 14 29 18 41 ]
[ 5 6 91 0 19 13 10 34 10 17 ]
[ 25 27 6 6 27 9 51 38 3 16 ]
[ 57 2 16 12 10 6 9 70 20 7 ]
[ 7 7 31 10 6 64 32 6 1 46 ]
[ 2 24 14 31 3 23 57 1 22 33 ]
[ 12 2 32 25 11 0 33 12 79 6 ]
[ 0 5 15 11 98 18 5 19 32 10 ]

Timer (generate): 5ms real	0ms user	0ms sys
[ 93 54 22 93 22 77 92 53 64 10 ]
[ 22 15 78 59 76 73 96 12 12 46 ]
[ 89 39 12 34 58 32 29 69 81 98 ]
[ 16 26 4 90 19 26 68 63 31 84 ]
[ 74 53 51 4 65 28 29 61 92 41 ]
[ 59 81 33 71 67 91 55 48 12 88 ]
[ 47 80 66 51 71 38 78 91 1 9 ]
[ 75 75 15 26 31 80 54 61 93 98 ]
[ 2 52 32 87 76 51 78 83 0 43 ]
[ 24 47 23 90 50 94 28 80 85 30 ]
[ 42 12 57 57 39 89 89 45 2 82 ]
[ 44 56 86 76 44 14 27 74 98 79 ]
[ 17 22 78 41 64 29 87 93 61 25 ]
[ 75 3 37 84 60 28 25 49 74 27 ]
[ 83 70 84 70 98 28 84 77 2 34 ]
[ 57 72 8 35 65 73 16 4 18 78 ]
[ 29 93 81 19 77 94 99 3 95 73 ]
[ 82 79 95 66 1 93 46 37 71 1 ]
[ 24 80 73 32 15 38 57 84 42 75 ]
[ 62 24 20 95 95 98 89 94 53 85 ]

Timer (sort): 391ms real	380ms user	0ms sys
The output is sorted!
[ 5 2 3 10 2 10 23 51 22 21 ]
[ 44 6 0 13 32 6 13 4 22 25 ]
[ 19 50 3 8 19 23 41 1 0 6 ]
[ 71 16 5 23 5 9 18 7 23 6 ]
[ 25 16 3 28 14 37 3 39 10 9 ]
[ 5 40 7 0 10 18 1 0 43 70 ]
[ 13 5 59 51 16 18 22 8 1 8 ]
[ 44 9 28 0 34 29 25 12 22 7 ]
[ 14 12 1 16 4 8 33 40 44 39 ]
[ 19 10 71 8 4 23 18 19 13 26 ]
[ 7 10 71 40 2 6 9 6 60 0 ]
[ 72 3 13 12 9 16 3 22 2 59 ]
[ 33 29 14 16 12 9 81 9 1 8 ]
[ 18 13 37 11 8 22 22 48 15 18 ]
[ 26 20 34 11 11 32 24 41 14 0 ]
[ 3 0 2 10 16 79 4 5 27 69 ]
[ 36 29 53 9 8 1 17 26 30 6 ]
[ 6 76 11 24 22 32 18 7 5 15 ]
[ 19 91 2 24 20 4 4 28 20 4 ]
[ 27 18 18 35 11 19 49 5 28 7 ]

