Timer (generate): 24ms real	10ms user	0ms sys
[ 17 21 67 38 57 52 85 99 94 62 4 10 50 15 18 93 88 80 83 43 12 62 2 9 28 57 70 42 15 42 64 32 63 83 71 72 35 56 24 81 70 80 43 20 47 62 14 88 94 49 ]
[ 31 6 11 85 67 91 43 38 34 58 32 50 43 48 33 66 20 20 22 96 2 92 77 97 65 76 59 31 64 6 80 95 64 91 33 32 82 28 22 68 38 54 18 81 2 51 47 75 72 21 ]
[ 71 26 66 0 23 31 77 35 14 93 93 94 41 57 85 74 41 19 2 63 40 92 18 58 74 72 62 73 47 86 95 71 64 13 23 39 96 52 26 10 46 19 4 87 29 41 13 70 12 67 ]
[ 34 52 59 4 63 85 76 77 59 76 63 6 99 79 71 22 18 67 75 97 29 21 68 33 60 97 74 25 68 38 92 2 91 3 58 54 89 34 31 0 62 46 58 61 25 29 84 95 96 59 ]
[ 44 25 32 13 10 44 10 36 69 78 74 61 32 65 16 90 71 5 77 54 57 39 0 15 1 77 44 85 25 92 96 69 17 80 34 79 24 45 15 93 75 42 6 60 7 22 50 31 80 27 ]
[ 85 37 19 86 53 20 15 97 57 40 90 53 62 59 33 96 91 57 93 6 2 69 48 60 29 8 82 31 91 14 11 76 52 30 14 57 2 30 6 59 22 48 64 36 8 97 85 99 6 78 ]
[ 57 60 99 58 20 80 18 54 64 9 69 75 37 73 57 52 30 59 34 36 18 8 85 82 97 45 31 34 96 89 12 5 49 64 15 69 96 33 23 60 94 44 35 32 17 92 36 47 51 22 ]
[ 84 21 82 21 3 79 18 34 13 14 23 78 19 24 94 35 45 90 20 69 51 67 65 38 51 83 31 87 30 34 61 66 56 43 39 11 75 57 98 40 71 73 70 43 98 64 30 43 7 50 ]
[ 64 10 69 30 48 20 13 31 59 95 18 20 14 26 16 53 37 43 11 35 35 34 61 58 77 11 22 59 54 81 62 71 91 31 53 92 52 18 23 11 13 41 84 27 67 52 81 57 47 44 ]
[ 44 34 78 5 92 8 16 67 67 23 48 29 94 92 61 99 84 65 17 7 28 30 1 64 10 20 16 43 77 15 87 22 50 17 79 42 25 96 9 93 19 10 74 65 2 35 64 86 0 33 ]
[ 45 29 63 46 93 25 19 62 68 96 29 55 70 79 25 50 74 50 46 35 95 17 45 70 34 99 5 50 85 58 83 83 39 98 29 84 24 0 98 92 97 28 0 67 59 25 17 33 27 15 ]
[ 21 23 84 66 45 18 66 50 20 3 60 3 86 51 54 68 36 78 68 86 22 17 14 74 37 26 99 54 11 79 22 32 54 58 51 99 29 17 1 49 72 62 5 59 65 59 79 1 37 47 ]
[ 88 11 17 54 86 54 80 37 60 44 16 82 76 22 93 27 21 22 96 23 71 69 37 76 80 2 35 59 56 24 58 96 88 75 50 74 81 83 11 42 27 80 76 55 2 69 35 24 91 31 ]
[ 99 63 52 88 91 32 42 79 43 98 55 54 46 43 81 49 17 63 32 81 5 11 61 33 18 15 3 53 91 94 85 90 57 89 30 1 74 73 80 69 23 35 23 70 79 57 19 96 20 3 ]
[ 29 77 66 90 62 84 6 65 90 97 60 27 40 69 16 22 70 90 95 50 60 19 38 35 41 17 92 60 65 64 15 95 93 81 37 56 17 95 21 7 45 33 34 37 55 3 59 25 93 55 ]
[ 28 5 26 18 41 67 35 85 79 52 2 94 99 95 75 37 3 92 84 77 0 29 62 86 66 17 89 26 43 35 33 23 40 59 41 33 78 28 71 57 80 73 51 32 20 26 21 76 70 5 ]
[ 53 22 87 67 9 53 85 50 31 28 85 64 3 78 75 96 63 53 24 34 10 56 59 13 88 32 91 9 8 62 67 13 36 54 80 97 59 65 48 91 45 85 7 0 15 35 96 79 88 20 ]
[ 65 51 29 25 16 69 9 8 31 69 70 98 82 58 4 14 56 63 32 4 6 29 41 66 30 57 1 78 36 41 51 1 44 80 78 61 49 87 69 80 8 91 30 42 49 34 57 5 50 41 ]
[ 61 56 70 3 22 52 60 75 31 48 17 82 49 61 14 80 22 15 19 43 48 28 34 30 70 36 65 79 93 15 20 55 23 43 10 98 95 70 73 78 18 90 12 19 4 78 51 78 94 71 ]
[ 22 94 51 8 24 21 44 41 53 38 8 73 45 32 68 55 82 16 77 55 94 95 98 59 66 54 37 18 32 83 41 54 29 92 63 54 65 59 47 18 49 56 44 94 40 12 49 22 28 78 ]

Timer (sort): 360ms real	360ms user	0ms sys
The output is sorted!
[ 26 36 36 33 74 61 42 9 1 83 19 58 35 13 91 44 3 12 29 45 92 29 37 29 26 2 23 60 25 12 0 51 0 88 36 75 2 30 36 3 66 7 61 1 20 4 45 75 17 26 ]
[ 15 9 6 83 25 78 51 19 15 15 17 89 34 27 89 22 11 42 61 7 38 95 1 13 44 5 24 55 48 7 19 16 16 78 51 41 8 3 13 24 70 30 65 4 9 55 79 20 49 40 ]
[ 74 52 89 56 3 12 97 12 34 20 70 95 30 0 0 13 17 10 4 60 18 40 8 24 8 84 70 23 29 16 7 4 20 96 12 23 8 9 36 94 29 58 41 12 10 41 77 27 4 81 ]
[ 24 0 25 25 6 27 1 84 93 60 13 75 2 92 43 17 2 30 77 2 23 3 7 97 2 8 20 11 20 66 27 45 67 52 22 25 31 23 9 76 35 22 51 38 14 47 7 68 77 85 ]
[ 14 61 74 8 47 17 17 33 5 9 32 29 26 71 9 42 23 14 35 9 43 4 80 12 73 0 9 60 91 22 34 5 35 60 65 82 29 34 15 34 43 0 16 70 23 25 64 46 39 99 ]
[ 43 24 12 71 6 77 29 71 5 33 23 6 22 6 39 71 7 3 20 86 7 20 34 78 65 2 69 7 18 3 1 13 27 13 85 33 43 66 56 48 51 80 7 73 38 46 44 45 49 17 ]
[ 19 30 0 41 43 79 22 97 51 25 15 98 36 68 17 12 40 64 2 61 6 50 7 23 33 3 31 24 36 85 15 7 16 15 1 59 46 23 8 97 48 75 47 36 95 17 0 35 33 2 ]
[ 25 33 72 25 53 60 14 51 55 46 0 9 28 74 53 48 16 11 94 46 45 62 4 33 16 6 89 16 31 24 11 57 57 36 34 63 48 1 14 4 47 14 13 27 40 19 76 9 30 70 ]
[ 1 20 57 97 20 39 37 71 43 29 23 26 45 27 22 48 4 26 12 87 46 20 10 37 97 50 94 50 50 41 60 3 13 69 0 85 9 37 9 4 18 32 30 16 11 4 16 67 30 80 ]
[ 3 14 33 77 15 34 17 10 60 61 99 8 9 62 0 25 33 3 83 8 42 52 0 84 82 40 5 57 2 20 75 57 86 8 34 1 42 52 12 55 13 63 63 22 26 15 99 11 18 34 ]
[ 17 9 97 96 36 4 27 12 59 55 19 88 16 49 7 2 38 14 12 59 40 51 24 16 90 21 90 18 35 57 55 5 66 4 1 2 8 80 14 19 35 85 59 4 86 66 6 24 32 18 ]
[ 45 23 17 31 30 75 0 26 7 11 95 50 19 34 53 27 39 78 27 5 19 5 61 37 3 69 53 25 3 6 53 0 30 70 31 12 45 32 90 5 43 37 55 62 71 8 41 63 38 68 ]
[ 42 22 46 14 30 67 83 63 20 28 35 82 96 69 84 31 24 23 10 38 54 66 69 7 69 13 29 14 58 0 22 52 23 21 19 53 40 2 17 60 30 4 42 27 25 26 10 49 2 21 ]
[ 72 66 65 26 33 4 23 13 29 66 4 21 8 89 28 76 61 36 12 45 21 2 69 7 36 71 27 21 28 57 97 0 23 63 26 8 19 2 73 1 68 77 22 28 19 2 5 80 38 69 ]
[ 27 51 8 1 71 57 30 10 5 9 13 30 58 12 11 1 54 27 38 36 52 51 59 42 38 44 11 29 34 31 25 13 82 86 66 6 43 97 16 0 6 82 30 16 94 93 18 49 20 56 ]
[ 77 80 12 17 42 2 59 23 37 16 19 54 50 10 10 22 29 86 42 21 16 51 8 79 29 32 91 46 33 38 9 10 18 21 27 12 75 87 36 12 55 7 19 58 18 29 80 47 67 22 ]
[ 17 64 79 92 25 31 77 66 83 93 4 23 34 67 63 1 13 48 0 13 60 11 43 58 10 29 18 26 6 23 4 23 39 35 16 65 18 45 83 2 38 40 25 24 7 40 25 21 88 25 ]
[ 46 50 42 50 38 42 80 55 5 21 16 31 20 25 16 4 53 94 95 19 23 1 30 40 14 33 64 87 31 67 66 30 17 8 80 8 51 61 15 8 34 32 39 6 57 7 10 62 2 57 ]
[ 11 60 3 73 25 16 22 31 17 10 0 59 20 17 85 29 25 17 79 78 64 30 44 2 8 28 28 79 10 35 3 21 95 7 46 72 75 20 3 44 30 55 55 50 72 40 31 50 9 62 ]
[ 15 8 21 24 74 16 59 52 55 57 0 17 4 26 58 55 59 63 35 12 41 13 17 1 74 27 36 28 43 32 65 59 40 39 35 66 7 46 19 62 4 71 31 60 49 90 67 8 5 2 ]

Timer (generate): 24ms real	10ms user	0ms sys
[ 88 89 27 57 90 25 0 3 44 31 64 99 51 46 99 89 3 82 97 50 78 26 32 71 32 3 53 65 16 43 97 56 84 24 13 74 1 66 30 45 49 94 96 0 92 47 90 48 29 39 ]
[ 98 7 66 30 31 50 86 36 67 54 79 64 11 15 41 76 42 42 42 72 40 91 66 88 44 11 36 86 59 65 25 9 25 43 92 56 93 78 92 61 84 23 77 95 38 70 72 80 13 66 ]
[ 4 5 58 23 93 54 34 29 40 45 47 65 6 24 9 98 32 54 28 76 67 65 51 45 60 41 67 84 22 80 51 78 37 61 1 83 15 87 64 55 32 11 72 39 87 33 89 71 88 70 ]
[ 47 55 35 98 52 47 40 20 84 14 52 35 92 42 48 46 25 63 33 89 70 66 53 42 57 40 76 98 64 64 20 11 71 7 62 76 55 2 48 39 68 52 26 12 94 26 58 19 89 92 ]
[ 61 11 10 14 53 19 6 81 69 70 97 90 34 69 49 96 97 4 50 97 95 70 49 73 82 96 99 93 67 88 85 28 51 47 94 5 18 53 86 87 75 84 29 9 5 79 57 54 35 7 ]
[ 51 31 77 0 4 12 48 4 5 16 44 42 44 96 41 91 53 59 44 91 98 19 75 80 81 32 11 38 86 46 98 37 29 75 90 86 39 38 42 44 54 38 38 51 86 79 42 39 38 86 ]
[ 31 89 57 58 69 38 91 80 77 29 78 75 19 60 2 9 46 42 99 40 38 6 30 77 57 17 56 51 8 47 89 91 36 46 50 5 85 93 37 14 74 15 89 93 27 43 54 25 85 54 ]
[ 65 76 12 96 53 21 65 61 72 73 8 61 65 96 59 67 53 44 12 90 10 86 58 99 32 85 95 86 11 80 92 28 8 4 76 13 25 41 75 49 67 35 62 84 32 22 51 85 18 15 ]
[ 28 29 53 38 80 85 23 75 72 86 8 64 67 16 69 43 30 46 37 57 96 4 92 58 88 76 32 91 14 3 6 42 32 11 80 64 97 55 92 69 94 0 33 61 68 54 56 98 1 93 ]
[ 7 49 49 0 59 37 28 92 80 42 95 38 36 79 50 68 43 47 76 87 16 70 87 1 83 8 56 39 6 9 33 14 58 82 66 17 72 46 61 4 89 56 43 77 87 93 98 83 92 74 ]
[ 70 60 96 10 13 79 18 21 18 76 30 3 42 40 38 8 10 10 7 71 66 48 80 9 25 67 54 75 50 46 49 73 58 45 83 72 24 1 93 95 77 24 98 72 16 36 80 26 98 39 ]
[ 98 65 87 78 26 13 97 81 40 0 79 90 73 38 87 8 10 64 61 3 59 90 79 9 62 96 98 95 22 48 34 72 13 22 2 92 87 0 73 27 0 4 69 25 42 57 33 4 21 46 ]
[ 60 32 36 91 93 99 87 91 94 62 40 28 86 5 2 89 49 89 41 74 69 93 79 38 18 21 95 3 78 68 49 38 52 85 29 46 36 69 89 30 83 81 11 21 39 13 10 88 55 3 ]
[ 63 24 96 94 62 14 67 10 69 45 30 18 35 83 56 17 81 92 38 22 75 21 56 86 94 95 51 57 35 6 60 50 30 57 44 45 23 12 55 93 9 85 63 45 20 19 62 53 64 0 ]
[ 28 39 73 84 77 67 31 28 24 18 35 37 69 17 46 65 62 69 77 17 14 39 55 78 84 27 49 46 33 13 98 61 52 71 45 81 90 76 10 67 94 45 4 15 14 50 81 77 71 10 ]
[ 46 86 49 53 64 85 81 13 31 14 79 81 27 83 52 72 65 95 0 75 62 46 72 18 62 86 20 95 15 91 57 62 77 7 67 93 92 0 59 76 66 38 57 93 73 62 65 38 57 65 ]
[ 65 71 64 37 89 26 76 9 73 43 52 30 5 30 89 25 75 34 25 34 62 92 24 71 85 98 33 51 36 42 68 2 65 84 91 54 62 19 15 35 63 68 66 20 50 7 45 25 93 71 ]
[ 12 55 15 36 27 0 34 12 3 23 7 24 77 72 8 20 27 71 40 94 6 55 14 24 27 16 84 73 94 77 96 6 33 11 94 12 63 29 24 67 4 31 91 33 4 51 53 83 22 45 ]
[ 29 81 0 96 5 80 12 41 53 6 19 1 64 4 64 59 16 27 40 92 46 44 76 89 77 32 41 82 67 63 28 96 44 80 92 2 60 57 95 65 63 14 18 28 18 82 87 86 62 27 ]
[ 31 8 23 7 98 52 39 39 34 6 54 62 54 51 95 99 53 55 56 48 73 19 15 91 99 85 74 86 24 88 65 55 96 40 62 46 92 53 85 27 11 40 41 17 43 36 16 48 44 72 ]

Timer (sort): 415ms real	420ms user	10ms sys
The output is sorted!
[ 22 17 23 19 56 8 2 29 75 0 7 19 77 5 16 13 50 46 18 52 25 2 47 59 7 40 64 39 55 11 70 77 80 45 48 37 53 2 18 81 2 26 0 31 31 16 45 34 14 15 ]
[ 57 81 32 97 15 59 15 7 76 50 10 54 4 1 27 46 25 41 8 31 70 25 97 42 0 10 18 17 49 61 50 6 42 34 3 9 46 18 17 22 21 79 29 25 33 8 23 58 1 31 ]
[ 81 22 29 22 17 57 54 30 80 49 7 14 6 31 48 12 28 50 1 88 43 40 56 20 1 39 0 1 7 42 27 88 17 56 11 34 14 17 17 46 66 24 60 24 7 60 36 35 62 89 ]
[ 97 24 46 2 6 52 21 5 35 12 25 68 11 73 64 3 1 72 70 26 0 52 20 10 39 13 63 31 18 40 9 68 16 7 22 75 59 43 80 47 7 5 15 18 30 80 73 83 4 44 ]
[ 93 0 32 72 28 4 83 1 1 27 15 23 52 1 62 90 67 22 18 17 54 50 54 67 23 7 51 21 30 51 97 23 52 29 48 32 85 31 33 86 10 0 10 14 2 24 4 21 46 23 ]
[ 38 49 55 42 33 48 86 32 41 1 27 28 17 8 12 7 98 14 58 53 41 71 58 34 21 16 0 6 26 0 15 64 50 22 6 35 71 45 67 12 46 46 40 63 54 5 23 52 19 33 ]
[ 13 14 7 56 1 4 9 38 92 19 16 53 67 80 31 3 67 98 49 10 38 60 41 14 6 33 11 29 34 11 45 47 78 52 55 31 56 17 69 0 36 38 54 56 18 37 11 37 36 12 ]
[ 0 2 92 35 49 25 24 46 45 32 13 47 10 4 71 4 19 53 11 31 99 18 41 62 20 45 61 5 10 3 84 10 57 28 45 58 53 21 4 50 53 17 49 16 22 21 72 93 26 35 ]
[ 48 6 60 24 30 1 28 74 6 23 8 23 82 5 42 29 34 71 26 5 52 15 43 2 44 85 13 51 9 79 17 9 85 77 34 16 30 62 42 37 37 2 12 71 7 54 0 94 77 26 ]
[ 14 76 87 15 71 2 84 46 25 30 38 44 41 12 45 6 94 31 65 3 56 17 28 17 78 2 77 20 89 6 29 55 35 16 22 6 18 7 5 95 37 43 92 30 7 37 36 1 20 1 ]
[ 46 18 33 36 33 11 58 25 10 0 51 47 51 18 7 10 35 24 13 53 34 10 13 59 99 73 88 42 17 11 4 15 29 89 51 15 1 62 40 63 62 43 10 65 13 18 76 48 42 41 ]
[ 9 40 29 44 46 46 30 9 76 12 8 21 18 58 74 81 31 55 20 30 50 38 17 4 64 21 28 26 31 51 73 40 91 54 37 89 0 19 51 29 31 11 2 2 21 28 83 5 83 3 ]
[ 52 15 25 4 37 18 98 46 97 59 10 10 35 75 22 4 62 71 43 18 72 5 41 44 27 39 9 61 1 0 13 53 15 38 10 4 9 8 51 58 67 13 20 54 88 42 58 2 65 53 ]
[ 18 19 14 42 80 29 10 10 71 28 23 6 93 34 22 22 41 37 56 2 28 36 58 2 60 23 74 48 3 68 12 74 87 78 16 19 8 78 82 31 6 5 37 0 91 11 22 32 48 30 ]
[ 9 45 8 85 3 57 2 41 5 37 17 61 32 0 65 17 12 82 0 23 65 3 7 75 74 28 7 62 77 11 65 86 56 26 23 11 83 25 53 40 63 22 2 47 23 19 65 35 54 17 ]
[ 2 7 13 69 49 15 89 20 15 44 72 49 5 94 31 70 18 35 37 97 36 61 64 0 13 3 37 35 6 20 26 8 27 40 29 29 7 70 49 23 14 73 24 72 19 7 94 38 43 31 ]
[ 37 40 25 42 24 0 13 33 0 51 0 21 17 43 63 68 39 74 59 74 39 23 48 45 60 23 25 33 30 89 5 19 29 30 62 54 30 75 39 30 27 39 4 44 34 19 12 25 93 24 ]
[ 30 31 89 88 20 49 36 36 8 13 59 77 40 52 26 38 13 3 70 24 25 43 3 2 42 91 61 6 41 11 1 23 42 42 11 14 43 47 2 51 12 61 80 4 65 59 43 79 14 13 ]
[ 51 7 58 15 0 91 70 44 0 3 25 3 21 75 12 5 13 22 82 17 25 8 34 41 98 45 95 15 4 13 49 55 20 59 23 20 50 45 64 2 49 90 6 70 17 18 75 31 92 10 ]
[ 15 91 18 7 64 37 43 24 12 15 24 18 11 96 46 35 44 12 98 4 89 9 34 53 7 77 48 11 50 75 33 66 18 4 25 34 41 68 10 5 83 34 24 47 30 22 34 27 35 32 ]

Timer (generate): 24ms real	20ms user	0ms sys
[ 78 26 65 74 53 12 20 56 32 19 77 91 39 50 37 95 22 25 19 88 0 29 99 43 52 11 7 0 74 97 36 4 24 1 79 29 65 51 86 98 22 63 41 61 66 78 56 88 56 76 ]
[ 76 56 57 28 51 9 91 10 62 65 8 98 22 32 99 53 13 16 4 99 14 26 15 55 39 81 86 96 69 42 24 97 50 33 77 53 94 69 64 56 86 72 54 8 56 5 13 69 74 17 ]
[ 21 40 95 36 48 35 17 34 83 38 28 59 87 30 44 65 83 38 34 47 47 20 71 53 81 79 59 94 49 85 64 70 25 11 58 73 98 75 59 81 65 87 92 52 69 36 17 5 27 3 ]
[ 52 74 24 76 27 57 55 38 3 56 23 19 78 1 31 36 74 81 11 34 15 28 73 7 81 95 96 98 0 23 2 52 49 78 80 76 87 88 67 90 44 42 62 23 43 93 59 18 26 23 ]
[ 4 41 51 77 49 32 72 97 83 72 72 37 77 21 15 9 49 54 97 16 44 42 11 6 17 54 51 76 24 78 51 28 71 3 58 20 87 82 69 70 7 41 59 36 62 26 45 12 80 43 ]
[ 80 77 37 91 35 54 98 87 82 22 17 34 51 88 89 61 61 76 43 30 99 50 72 58 86 86 85 84 50 65 79 83 42 68 26 78 22 24 17 56 47 86 90 50 26 79 11 87 8 6 ]
[ 70 7 57 94 65 95 32 2 79 83 20 10 66 62 78 44 92 0 69 61 9 68 99 99 18 26 31 81 65 39 87 35 46 44 81 63 92 14 66 23 49 86 34 67 0 12 11 45 65 80 ]
[ 58 74 48 58 25 18 36 56 99 1 47 87 89 45 83 70 9 27 36 27 51 85 65 85 52 17 49 64 14 14 96 25 40 45 83 66 63 71 22 15 72 22 2 13 67 37 36 28 65 72 ]
[ 55 68 10 72 53 62 42 2 78 56 69 75 81 9 72 16 75 87 87 50 2 12 72 56 77 91 94 13 20 11 86 75 79 96 0 84 10 42 38 89 50 7 16 32 69 88 0 96 75 40 ]
[ 98 30 52 70 86 29 62 32 43 82 95 81 9 74 29 61 10 39 55 49 80 6 8 96 90 77 36 90 26 12 30 24 94 34 47 80 64 9 65 59 43 60 92 4 35 73 18 45 12 73 ]
[ 46 45 79 55 93 21 84 30 12 10 94 94 35 88 29 82 68 45 43 33 56 38 94 0 94 81 73 12 78 37 38 25 82 69 32 76 91 16 6 55 79 0 49 66 40 30 48 60 75 43 ]
[ 94 83 33 40 83 27 73 56 92 51 46 30 28 28 99 60 4 90 29 62 45 8 14 47 74 54 77 74 15 5 69 61 40 2 53 24 81 26 32 73 29 78 55 10 59 7 70 15 97 51 ]
[ 78 95 59 44 94 85 99 23 59 66 28 28 27 69 82 32 45 64 10 29 89 39 60 97 1 19 4 72 34 53 75 12 0 35 9 94 20 8 18 32 26 98 12 5 19 95 37 64 11 47 ]
[ 46 52 38 6 49 40 25 53 64 59 59 39 24 59 26 33 6 47 93 76 31 19 74 43 76 46 90 13 10 1 12 8 6 2 14 55 42 39 61 58 51 20 50 27 31 76 12 37 75 5 ]
[ 13 6 76 88 50 4 86 92 17 96 94 81 57 0 83 71 7 78 63 20 88 14 92 38 93 24 15 5 61 90 62 27 49 90 67 99 94 53 43 63 1 37 44 58 89 79 30 49 57 45 ]
[ 21 46 11 14 36 4 38 51 9 51 94 23 78 43 13 45 94 7 98 37 22 0 75 66 10 16 97 40 17 55 37 39 53 48 53 89 52 43 93 13 94 87 36 25 30 1 22 24 60 21 ]
[ 61 82 73 88 0 83 57 98 76 26 5 13 65 10 14 70 51 66 13 44 32 60 31 20 85 13 22 7 89 34 80 3 17 5 91 69 41 0 67 17 27 72 82 44 82 96 15 34 15 80 ]
[ 30 47 92 14 67 29 27 41 89 69 28 69 72 45 27 15 66 68 16 34 37 95 58 19 91 41 68 6 27 83 39 9 82 31 23 1 61 51 43 50 72 23 71 44 20 98 59 86 66 27 ]
[ 20 3 22 79 75 14 72 43 72 51 78 11 60 60 95 84 61 56 87 56 58 59 79 29 55 99 28 14 38 46 42 58 2 16 89 77 82 13 72 7 16 50 70 77 62 65 13 75 73 52 ]
[ 84 31 63 15 61 18 15 41 84 5 39 78 15 41 95 5 70 29 70 42 88 87 44 59 16 58 24 81 34 50 85 18 81 0 33 94 18 0 87 54 5 27 33 21 68 80 78 91 9 0 ]

Timer (sort): 392ms real	390ms user	0ms sys
The output is sorted!
[ 39 72 66 15 1 54 11 4 38 7 9 42 29 66 48 55 14 4 50 66 26 79 23 24 36 17 51 35 2 26 55 41 98 21 9 52 27 20 8 18 27 18 60 8 36 8 16 3 64 66 ]
[ 15 2 13 62 50 52 44 30 7 45 49 64 0 36 25 12 31 23 7 15 31 48 54 82 12 35 33 54 14 16 87 30 18 0 92 20 4 36 51 11 33 52 75 33 41 0 45 72 24 4 ]
[ 58 4 24 59 17 13 1 9 15 86 64 31 36 14 14 32 9 47 64 50 7 18 79 24 50 53 21 25 4 40 8 14 96 32 25 14 46 27 75 13 13 39 97 2 5 11 34 14 58 98 ]
[ 36 17 33 81 90 1 75 1 54 34 18 82 0 70 63 4 74 63 39 19 9 58 24 17 51 28 3 39 21 50 17 9 68 2 43 10 3 18 11 10 4 81 44 4 51 7 61 25 70 0 ]
[ 10 50 60 62 1 91 13 82 27 8 24 4 94 44 43 52 46 3 59 5 3 5 30 0 44 1 56 16 18 53 71 28 3 31 43 56 23 8 38 2 17 62 6 11 59 1 64 57 57 75 ]
[ 76 14 26 3 59 37 45 2 24 33 51 2 42 6 30 24 19 37 55 25 10 33 51 24 8 19 38 67 95 4 33 24 70 11 79 29 48 76 31 24 9 34 27 51 40 57 28 12 46 35 ]
[ 66 33 95 52 46 23 4 7 58 22 31 48 45 21 20 4 39 28 35 6 2 16 5 3 98 5 28 46 68 63 12 34 96 8 38 43 31 42 2 41 17 33 41 14 54 62 19 94 42 6 ]
[ 4 6 46 65 32 37 17 40 8 23 4 58 66 3 2 56 11 33 72 48 44 45 3 87 6 71 94 51 49 21 29 5 27 75 71 11 12 88 52 73 11 8 31 29 11 33 37 23 18 9 ]
[ 4 78 22 33 9 3 8 37 7 82 13 12 41 61 50 48 41 22 77 58 50 75 72 32 12 29 37 2 58 4 27 14 34 49 47 43 5 8 81 64 42 46 77 83 7 27 31 1 1 8 ]
[ 40 44 19 19 35 56 13 64 4 21 69 56 13 4 95 71 17 34 22 46 1 89 27 8 4 10 4 48 93 30 31 33 26 3 4 62 59 70 26 15 91 47 72 4 4 19 28 21 53 50 ]
[ 5 55 64 77 59 33 63 2 35 11 79 60 22 13 75 27 1 29 35 2 17 25 53 71 58 35 73 32 68 1 66 25 8 82 2 19 15 17 73 2 28 5 63 2 18 38 30 72 19 17 ]
[ 43 17 33 17 14 19 80 8 35 88 3 39 7 36 15 38 87 21 52 7 0 49 3 63 64 32 11 43 93 25 18 89 42 4 6 56 23 87 17 10 27 20 2 34 9 17 25 96 90 77 ]
[ 0 44 50 78 57 27 55 27 25 41 81 28 10 17 18 65 23 29 99 44 5 35 15 39 20 16 76 30 6 20 23 58 16 25 36 26 52 44 53 29 85 34 58 47 3 28 12 27 58 11 ]
[ 18 79 76 10 11 39 24 88 77 7 95 18 16 19 0 41 2 37 27 22 52 7 51 14 97 63 30 31 31 27 35 49 6 63 12 18 3 36 58 32 44 5 2 60 24 2 1 78 91 80 ]
[ 9 32 9 78 77 59 12 1 10 37 78 62 46 30 80 11 22 6 31 5 30 44 16 15 20 94 58 7 23 74 26 33 6 35 11 36 47 75 37 9 64 67 71 10 98 3 22 20 62 5 ]
[ 6 88 67 46 17 23 75 94 92 81 74 2 51 0 66 48 5 13 27 15 20 0 58 28 57 0 61 11 7 71 80 65 11 47 11 28 22 38 74 15 19 49 17 22 1 36 22 6 1 49 ]
[ 6 12 80 4 89 97 44 25 43 48 92 36 74 32 1 5 98 17 4 32 16 10 16 3 46 69 32 21 69 8 36 27 72 68 83 14 18 28 39 13 28 31 49 54 16 2 11 66 19 15 ]
[ 0 17 15 37 55 64 3 17 10 39 11 10 78 8 15 81 45 2 99 48 73 16 76 38 15 36 74 65 91 2 30 43 19 46 32 26 10 35 95 21 75 6 83 5 14 50 38 12 4 37 ]
[ 21 67 31 35 83 52 1 2 14 26 13 14 9 11 85 52 25 30 5 18 18 4 44 94 64 29 4 18 91 27 70 64 94 2 51 77 6 4 32 73 30 45 87 40 56 24 44 33 6 1 ]
[ 46 54 56 56 95 12 91 8 8 16 16 24 42 39 41 0 7 73 72 33 21 20 69 93 28 54 1 43 2 42 95 48 97 4 4 44 16 47 4 24 16 20 0 10 11 93 11 19 67 35 ]

Timer (generate): 26ms real	20ms user	0ms sys
[ 68 18 74 51 57 47 43 11 51 54 59 52 71 47 26 32 68 67 28 87 75 53 54 54 3 34 25 0 4 83 70 24 54 96 75 11 43 70 74 95 77 33 99 48 33 77 32 53 45 12 ]
[ 40 20 65 46 26 69 80 51 21 36 87 91 60 41 39 88 4 35 10 79 30 87 64 81 87 97 58 72 2 3 84 94 75 2 93 53 71 73 5 92 62 92 36 74 85 27 62 89 62 25 ]
[ 68 44 12 33 25 52 82 36 76 85 91 60 31 67 62 24 20 85 50 77 30 12 21 18 86 6 45 1 48 8 78 16 52 42 1 30 94 84 66 70 21 57 83 52 76 97 77 49 35 79 ]
[ 26 65 91 0 83 29 58 80 82 6 88 60 23 93 3 24 75 49 60 41 72 81 50 55 34 27 4 63 28 39 42 6 4 85 6 39 66 65 20 1 71 60 61 46 5 16 23 80 18 83 ]
[ 73 90 65 24 97 51 3 1 66 31 41 8 37 97 45 96 37 11 61 9 64 84 69 26 83 27 94 58 7 12 41 81 54 58 57 51 61 60 53 27 43 94 87 32 91 32 28 80 96 41 ]
[ 89 60 78 11 38 61 38 85 19 97 49 12 30 4 23 87 55 84 99 60 64 94 54 51 27 98 36 55 30 84 49 20 96 27 83 87 88 73 72 59 22 73 23 53 77 46 92 85 83 44 ]
[ 45 47 38 52 50 65 50 86 73 32 22 22 4 19 49 87 6 89 12 30 0 35 3 23 88 33 70 32 18 53 76 63 0 67 15 50 84 17 89 57 50 63 31 6 82 32 94 40 21 58 ]
[ 22 21 93 26 45 33 11 67 18 29 20 94 44 72 13 60 74 98 29 63 55 31 79 39 38 61 71 84 54 45 42 28 18 88 54 15 73 65 82 91 46 2 38 91 74 51 3 1 49 32 ]
[ 16 57 16 95 96 6 9 19 90 15 64 84 43 35 24 98 50 98 15 33 89 14 87 79 5 62 31 8 15 80 92 31 37 8 27 85 14 36 57 56 51 73 93 94 8 17 44 59 15 12 ]
[ 92 57 78 79 36 83 93 19 43 8 0 35 92 89 96 19 27 62 7 84 19 10 57 12 56 18 81 53 77 49 17 69 6 95 0 94 78 46 14 21 54 66 8 46 7 56 17 34 19 76 ]
[ 70 38 86 80 2 43 98 83 48 27 84 65 96 90 60 48 37 90 94 3 11 1 21 71 99 80 28 17 15 47 45 37 37 32 69 91 27 67 26 75 94 11 92 42 53 52 43 42 42 37 ]
[ 97 5 90 18 28 90 99 56 59 66 55 4 55 44 88 25 35 67 44 14 94 39 25 86 33 30 90 28 73 84 18 70 89 8 41 70 50 92 26 61 58 34 18 13 78 6 90 66 26 35 ]
[ 32 20 26 57 59 11 39 49 40 12 34 58 35 75 66 76 45 69 68 24 30 78 58 48 43 88 7 34 6 85 21 38 5 47 47 64 58 87 66 98 51 0 8 86 75 27 14 73 96 34 ]
[ 97 78 12 55 27 8 95 86 42 2 71 15 40 28 62 88 45 72 27 11 71 78 63 31 65 90 58 31 63 54 66 60 33 30 67 12 38 63 50 32 17 73 47 57 1 61 97 46 34 24 ]
[ 9 57 3 72 88 20 63 47 51 78 1 69 91 34 0 58 98 90 73 48 75 90 21 74 0 75 36 97 73 70 22 83 27 77 7 15 97 22 14 0 1 16 70 44 2 22 54 1 64 28 ]
[ 1 39 70 23 14 22 50 2 72 23 72 94 58 51 23 66 18 20 40 33 20 41 1 42 85 3 16 40 56 81 20 10 72 42 85 38 17 35 40 89 58 64 35 17 67 58 35 86 78 75 ]
[ 71 50 69 72 45 6 27 61 98 36 94 18 46 67 13 31 5 30 66 98 71 76 62 6 93 30 64 80 68 94 56 39 96 25 63 41 31 90 55 30 78 49 0 24 68 65 7 74 47 25 ]
[ 72 18 2 86 24 47 16 40 28 84 34 36 75 31 61 38 24 44 81 79 26 59 81 79 36 49 96 43 75 44 69 99 14 23 86 39 70 54 31 50 91 66 86 18 97 99 57 73 44 90 ]
[ 5 22 1 86 1 37 87 50 33 63 94 54 14 8 77 0 99 99 7 31 50 50 49 36 68 98 36 25 71 32 67 76 6 69 14 60 58 2 10 91 65 4 97 31 64 26 84 16 78 91 ]
[ 99 28 41 48 16 9 98 4 87 69 36 6 98 95 75 12 55 34 14 65 77 31 69 27 63 85 53 47 53 83 90 52 11 31 52 80 92 50 84 31 72 73 38 70 68 65 34 23 51 1 ]

Timer (sort): 395ms real	400ms user	0ms sys
The output is sorted!
[ 25 6 30 3 14 69 57 59 10 36 88 0 15 11 82 10 17 3 48 10 2 72 66 1 11 10 23 84 28 12 6 5 70 36 8 36 57 18 96 20 6 36 20 21 0 54 31 17 57 31 ]
[ 79 69 29 14 10 30 9 32 7 35 0 56 13 1 26 1 79 21 78 9 3 34 71 14 96 14 61 74 59 52 0 38 21 30 5 31 12 14 15 71 1 15 27 14 16 6 15 96 27 45 ]
[ 51 0 36 0 32 12 5 42 17 97 26 16 34 13 39 18 14 5 65 1 53 44 69 52 78 9 83 12 7 51 23 10 51 59 10 35 23 16 30 40 13 56 9 99 21 48 18 88 5 35 ]
[ 47 22 16 23 41 4 24 37 40 36 1 30 3 5 88 11 40 73 75 1 17 60 89 46 45 49 24 27 15 7 40 62 81 8 37 22 13 14 60 5 50 13 35 6 18 76 17 10 49 93 ]
[ 18 12 29 22 42 21 22 56 58 30 42 15 2 10 20 6 91 93 68 79 60 0 1 5 3 21 21 24 20 17 3 90 81 84 12 75 57 35 31 15 17 25 83 19 35 3 25 26 48 46 ]
[ 26 17 12 88 15 42 57 31 63 59 64 39 91 10 9 50 20 1 30 27 67 14 12 4 74 61 8 16 79 37 99 6 7 12 94 22 6 4 6 22 15 70 13 58 32 22 8 5 75 38 ]
[ 31 29 42 8 6 5 30 95 56 80 4 7 46 32 61 10 0 22 27 4 85 14 98 59 29 78 5 60 33 32 10 17 62 4 25 20 61 7 16 17 39 72 76 38 4 90 48 5 12 27 ]
[ 32 42 13 41 96 40 3 8 28 94 24 30 69 63 26 11 5 22 13 71 38 20 44 12 24 0 48 45 23 11 31 7 54 44 48 2 36 51 10 16 97 34 46 67 49 25 30 6 47 43 ]
[ 16 32 3 28 16 5 0 11 79 26 52 19 4 95 4 84 10 61 58 89 24 55 2 73 63 2 51 27 10 39 44 26 71 47 55 88 4 7 51 36 33 3 7 38 50 11 74 12 24 33 ]
[ 33 42 75 11 99 73 49 55 53 16 2 48 22 9 15 0 39 34 0 47 27 60 8 8 43 83 86 52 78 12 65 11 6 40 22 5 66 23 60 71 39 15 19 14 24 35 14 16 21 14 ]
[ 61 56 13 5 19 66 18 17 11 2 17 17 55 26 35 12 16 66 97 1 99 9 1 60 87 18 48 46 4 33 1 18 89 14 75 8 32 93 25 43 95 42 13 2 20 0 14 36 66 63 ]
[ 20 22 8 89 9 35 11 7 60 69 32 64 41 45 6 2 34 63 40 42 55 36 39 4 16 37 12 8 40 30 5 12 4 14 53 65 49 64 24 61 33 56 26 74 2 32 28 88 95 20 ]
[ 22 34 34 0 67 38 11 49 11 13 15 11 83 32 31 51 2 49 53 52 7 15 31 21 90 11 37 64 10 45 30 32 32 17 85 51 55 48 0 66 61 16 29 96 0 13 47 2 62 53 ]
[ 23 9 40 17 30 97 38 32 91 84 17 23 20 93 3 4 5 2 68 0 99 11 0 4 1 54 28 43 61 19 88 36 80 28 5 11 25 96 43 68 32 12 43 53 6 46 9 11 0 78 ]
[ 30 2 32 8 90 19 15 38 65 26 85 62 20 51 32 51 57 38 13 0 56 5 81 24 40 18 91 25 35 19 98 17 21 30 25 63 1 41 1 19 19 39 33 39 42 65 43 0 55 8 ]
[ 1 96 70 21 65 19 3 47 79 18 18 97 44 17 47 3 91 39 0 0 3 53 50 27 5 38 14 1 12 61 47 14 57 17 87 75 89 43 22 20 61 40 17 57 9 16 60 0 7 12 ]
[ 29 17 19 28 2 87 2 23 94 1 44 69 80 69 98 8 27 33 29 24 56 55 8 47 22 16 94 6 41 46 32 23 15 51 3 18 39 5 41 33 7 38 55 39 59 5 0 86 38 29 ]
[ 93 9 56 45 35 29 45 48 18 6 25 81 15 23 73 44 91 18 94 94 38 9 7 4 54 22 55 8 17 54 16 10 15 72 7 50 53 4 51 24 10 28 57 25 51 31 21 42 1 15 ]
[ 28 34 5 8 28 50 15 31 16 67 76 5 33 41 1 20 65 47 48 76 34 27 17 52 7 5 6 19 73 77 43 54 11 0 14 40 2 29 23 18 96 99 75 82 40 76 2 58 23 2 ]
[ 15 56 71 43 3 29 15 70 25 60 0 1 33 9 11 12 3 60 62 12 62 2 35 85 83 62 2 6 35 10 82 2 66 5 45 69 35 13 91 12 25 91 14 58 53 25 22 56 37 36 ]

Timer (generate): 26ms real	20ms user	0ms sys
[ 84 35 97 61 61 31 13 96 49 89 86 86 85 13 79 55 98 60 53 36 78 28 8 42 15 84 62 0 57 55 84 93 42 81 6 4 64 19 52 13 60 38 52 97 3 31 5 1 43 58 ]
[ 89 22 38 98 64 54 82 78 6 92 34 90 37 28 23 44 32 87 15 85 0 76 75 4 25 31 35 30 32 79 89 22 53 27 20 17 33 54 48 39 98 34 81 36 62 4 80 95 91 95 ]
[ 32 44 23 59 48 49 42 84 79 75 15 20 49 20 0 69 37 85 75 37 25 74 71 6 10 34 11 90 81 54 85 65 98 61 76 47 10 19 83 41 46 50 14 95 70 66 16 59 51 43 ]
[ 97 28 17 20 35 79 6 98 69 39 52 7 56 3 68 33 50 30 4 85 71 2 87 85 97 57 51 65 68 55 8 17 83 78 38 18 57 44 68 79 84 73 38 40 76 6 25 78 88 81 ]
[ 15 59 83 2 97 32 59 0 97 27 55 58 45 39 36 35 9 93 31 30 24 15 3 62 8 31 20 85 61 8 67 76 20 50 78 17 83 89 69 32 68 25 90 65 16 26 0 77 72 32 ]
[ 7 96 99 62 11 59 93 31 45 54 40 12 82 12 14 60 29 49 49 50 82 70 75 24 35 43 3 36 21 75 20 80 23 19 43 34 79 88 18 76 43 10 88 77 22 54 38 3 56 39 ]
[ 53 38 9 29 14 97 24 17 85 45 44 5 26 68 76 21 54 55 9 72 31 4 82 71 82 56 78 20 59 34 11 13 24 73 42 90 70 18 8 55 64 52 12 42 72 88 63 79 44 24 ]
[ 3 27 29 38 51 11 94 81 83 54 15 46 67 91 19 61 81 41 79 41 96 95 94 60 37 18 49 52 97 45 77 1 72 58 39 75 69 33 56 4 39 23 50 6 66 70 19 0 11 99 ]
[ 41 60 94 87 20 84 6 21 88 55 66 17 56 91 75 47 66 96 33 75 0 72 50 51 31 17 21 50 69 84 1 10 96 48 98 69 84 56 90 24 11 57 42 68 48 69 67 66 66 52 ]
[ 41 66 77 44 17 8 13 90 10 82 27 64 92 23 64 42 44 48 98 87 72 10 44 66 30 44 36 49 62 2 2 56 68 79 0 38 39 13 28 49 47 55 65 39 31 29 34 27 77 84 ]
[ 14 2 94 10 68 76 54 56 26 69 58 80 25 79 59 25 17 50 90 97 99 37 5 17 28 36 46 62 15 76 47 30 78 93 92 98 70 99 7 48 68 65 28 93 96 39 18 13 89 8 ]
[ 63 40 45 68 57 73 56 56 88 71 32 35 53 62 80 46 12 2 45 19 50 13 37 30 6 33 21 76 99 62 84 62 3 81 30 12 6 86 20 94 9 52 81 63 66 14 9 79 16 6 ]
[ 50 67 19 87 49 77 73 23 53 72 85 89 34 40 22 16 5 80 2 25 75 63 30 8 26 96 22 87 27 39 93 78 58 64 17 59 93 90 82 98 14 68 39 48 60 61 16 65 42 70 ]
[ 91 69 34 21 29 60 17 52 0 97 43 45 27 53 10 44 12 55 87 95 54 1 15 93 2 75 7 70 41 1 41 84 70 75 5 51 87 74 55 87 71 98 85 50 3 47 95 16 2 34 ]
[ 63 8 87 30 2 41 57 61 12 50 62 53 34 84 80 39 35 67 66 91 7 89 41 92 40 45 39 87 13 93 21 28 2 60 58 56 2 15 17 14 66 31 19 52 67 99 92 54 66 10 ]
[ 97 25 99 39 17 39 36 8 26 1 2 99 29 4 60 39 12 62 54 29 28 72 12 47 25 79 46 69 33 64 79 31 90 30 22 59 70 58 68 96 11 22 96 40 78 8 79 90 70 85 ]
[ 19 50 10 83 97 35 62 43 56 47 7 87 30 49 17 52 9 39 62 77 36 73 51 84 65 29 44 44 19 66 30 90 16 40 73 13 27 87 8 35 86 67 74 17 17 91 21 78 31 36 ]
[ 55 19 61 6 55 27 87 51 71 6 17 53 96 33 45 21 98 24 60 58 59 46 77 33 15 46 77 37 24 60 25 31 31 86 37 38 13 24 89 37 82 6 42 30 91 88 3 41 12 63 ]
[ 99 24 62 76 9 77 23 38 66 99 98 91 31 81 78 20 71 43 97 60 80 79 18 23 62 61 63 65 2 75 29 1 51 91 30 61 20 5 99 87 4 50 78 87 31 8 8 55 52 5 ]
[ 15 84 84 86 59 46 47 74 64 2 2 93 55 53 36 85 14 56 42 14 95 99 16 74 86 47 34 94 54 38 99 22 75 36 8 86 34 7 61 98 61 63 43 17 16 31 54 83 88 97 ]

Timer (sort): 399ms real	400ms user	0ms sys
The output is sorted!
[ 93 9 4 56 2 3 49 25 9 37 96 7 76 65 30 42 88 60 4 38 26 66 1 8 3 30 7 6 37 60 53 83 22 9 91 24 13 41 1 22 30 97 81 7 63 11 1 3 23 5 ]
[ 55 77 15 23 22 7 3 37 74 15 25 35 18 30 1 4 37 16 39 81 27 73 28 9 30 92 27 23 92 2 29 47 31 44 70 53 3 25 42 77 40 68 12 11 50 13 15 39 30 6 ]
[ 9 21 21 3 68 8 54 36 2 85 36 28 12 33 14 87 21 1 36 25 35 80 18 38 84 29 65 6 30 1 20 39 23 93 42 43 53 48 79 55 34 16 35 46 1 1 33 22 55 22 ]
[ 63 6 41 42 0 15 6 9 2 71 47 39 32 99 43 61 14 36 27 21 43 85 5 36 30 55 93 14 91 32 15 6 38 8 48 38 23 6 0 78 77 47 17 9 46 12 22 13 48 50 ]
[ 12 8 39 42 29 50 15 69 54 23 26 50 5 9 10 90 90 25 12 1 36 21 26 78 8 24 25 9 36 19 28 0 80 19 42 9 69 10 79 76 33 57 26 90 18 36 80 8 14 44 ]
[ 19 65 4 60 36 3 23 4 88 21 27 54 36 73 48 80 86 40 10 45 65 5 61 9 8 71 26 21 5 6 0 24 23 56 37 60 11 12 16 0 33 43 54 69 16 54 1 3 94 63 ]
[ 19 17 50 76 25 23 94 64 3 9 10 12 22 34 52 24 74 52 22 46 30 31 9 2 49 0 76 28 69 84 24 40 1 74 16 79 49 10 43 52 19 5 64 42 39 17 18 13 21 40 ]
[ 46 63 75 29 37 42 23 55 56 63 5 33 12 3 14 5 70 46 0 62 69 13 40 2 24 52 8 41 2 9 37 48 73 12 77 10 6 52 18 14 15 75 47 27 78 13 33 0 59 85 ]
[ 14 18 16 12 4 17 78 0 76 20 11 9 24 28 61 13 17 34 77 62 97 31 38 1 4 0 73 11 24 96 10 38 66 26 2 22 95 32 23 71 4 34 32 28 15 93 93 32 28 70 ]
[ 63 5 37 13 75 25 51 9 10 35 8 34 27 63 23 14 67 36 21 69 27 28 34 59 29 22 48 40 10 56 3 26 13 40 91 41 17 42 50 27 29 58 13 9 73 37 23 40 25 96 ]
[ 93 81 6 49 7 56 3 55 33 2 2 38 70 9 51 10 5 14 15 20 52 89 12 38 51 37 27 21 28 8 82 21 90 40 23 97 49 26 4 82 28 6 21 50 67 24 12 24 39 27 ]
[ 85 50 99 13 86 14 22 49 92 11 83 64 6 30 21 40 9 4 39 7 18 36 47 34 57 5 87 12 27 2 0 13 5 52 26 91 18 1 93 10 64 76 26 22 58 0 14 20 4 53 ]
[ 5 10 55 24 63 31 62 44 45 76 23 11 27 49 8 16 27 30 14 30 24 29 61 16 19 34 67 42 28 18 51 33 81 6 9 96 37 72 41 35 0 16 46 28 65 6 44 44 88 10 ]
[ 92 3 7 5 60 56 7 56 30 1 78 5 5 24 27 18 6 47 12 27 37 55 10 64 88 18 98 35 59 6 38 51 9 45 8 69 1 15 77 32 16 55 89 21 31 16 92 37 64 4 ]
[ 7 45 50 28 26 56 60 76 17 39 32 38 72 17 7 43 25 11 55 76 18 11 71 45 41 4 18 83 16 7 52 23 53 3 51 31 11 63 7 28 54 39 19 26 56 78 21 33 41 28 ]
[ 16 0 10 97 46 15 57 22 99 21 33 42 58 25 7 13 30 26 8 20 20 79 18 28 41 72 11 37 4 9 37 72 9 99 69 7 14 79 30 66 52 15 8 11 40 16 24 22 94 84 ]
[ 13 22 43 21 31 97 18 15 57 17 70 13 38 25 8 25 5 11 7 2 5 72 44 17 31 19 53 60 94 42 55 59 17 51 80 0 0 50 15 58 19 85 71 57 11 31 83 16 43 42 ]
[ 34 2 29 41 21 83 80 6 4 43 60 59 10 49 14 42 53 65 2 1 2 7 60 58 54 87 22 82 0 23 46 35 25 28 28 99 63 9 5 67 52 17 78 14 18 45 8 71 10 10 ]
[ 17 74 50 91 7 8 89 67 3 57 5 20 18 51 3 45 3 35 24 14 41 97 18 33 36 54 0 63 99 43 12 69 17 15 12 25 23 1 44 26 10 50 98 80 1 54 25 4 89 2 ]
[ 4 24 40 6 59 43 4 80 15 12 99 85 9 44 62 38 57 39 0 29 18 12 22 53 28 34 61 28 7 87 62 64 12 54 70 23 49 26 55 65 39 6 50 0 50 12 38 7 3 38 ]

Timer (generate): 23ms real	20ms user	0ms sys
[ 78 37 26 73 36 47 30 80 51 35 26 67 50 79 44 33 39 8 48 8 35 65 50 1 27 26 55 93 51 67 88 29 5 67 2 93 14 85 73 18 20 51 37 22 30 81 56 21 89 56 ]
[ 82 77 73 84 78 1 11 85 46 62 52 34 43 9 1 97 55 68 82 28 38 54 32 27 29 14 61 85 36 2 93 70 79 19 54 9 72 65 94 18 79 99 52 22 60 6 72 15 26 6 ]
[ 96 16 61 28 43 90 42 4 27 30 7 72 0 38 91 55 48 63 20 94 81 0 93 86 74 54 44 46 21 70 5 17 86 66 97 81 8 40 38 87 22 97 59 23 35 3 78 35 66 50 ]
[ 30 0 2 23 38 29 29 82 27 51 4 32 20 42 50 18 23 10 58 61 97 80 58 9 55 46 12 33 81 30 36 63 82 90 87 20 19 68 2 47 71 6 79 92 48 82 10 24 92 20 ]
[ 37 90 52 96 51 8 94 15 93 75 97 29 39 80 20 78 0 91 98 55 38 70 13 70 14 14 52 24 38 44 96 75 86 48 23 37 56 69 4 50 97 2 31 88 82 3 18 34 95 16 ]
[ 41 85 38 55 55 4 21 59 28 11 4 76 38 42 25 62 32 81 83 36 83 80 38 15 68 72 70 86 59 65 55 0 3 93 7 58 98 28 70 78 39 26 55 78 68 80 92 0 13 75 ]
[ 89 49 8 27 64 76 52 86 63 11 4 70 11 7 63 19 17 13 99 87 44 39 13 99 69 82 31 13 34 96 40 23 45 48 3 61 25 55 48 40 18 4 10 81 11 25 52 28 39 52 ]
[ 68 35 43 81 86 12 15 17 77 50 65 17 25 11 66 80 24 43 35 24 83 5 28 45 87 91 70 39 20 61 91 40 96 86 21 82 50 37 51 27 39 69 45 16 32 11 97 56 6 84 ]
[ 81 89 90 61 86 77 53 56 68 25 70 12 65 18 98 86 1 49 75 4 76 66 73 73 83 5 36 80 14 42 64 95 83 6 8 69 83 61 78 4 86 48 16 3 66 14 42 19 15 17 ]
[ 76 44 36 49 17 19 7 54 51 21 48 15 68 32 22 76 1 57 38 31 13 76 79 29 80 98 96 22 69 63 91 45 7 27 47 25 98 54 31 49 75 31 17 95 63 91 71 17 0 61 ]
[ 0 14 38 80 43 70 30 91 92 51 55 35 97 62 15 96 39 13 50 22 15 77 54 32 72 69 23 95 38 75 57 39 89 95 71 33 17 53 76 9 4 31 96 53 46 11 49 85 77 51 ]
[ 60 92 28 66 76 52 35 51 48 26 26 5 17 16 52 88 49 69 41 77 30 97 9 26 51 55 90 52 92 67 4 52 11 84 18 87 37 6 38 37 84 64 42 1 80 46 89 81 15 82 ]
[ 59 97 31 20 75 34 75 65 87 67 84 43 72 95 27 42 82 16 0 20 53 84 85 47 85 17 93 26 99 60 60 10 57 44 30 33 78 57 50 17 76 35 12 48 30 40 43 65 56 43 ]
[ 85 62 80 22 9 17 40 3 96 91 15 8 53 73 52 83 58 83 40 8 52 68 95 65 17 78 57 12 43 13 55 28 75 35 3 37 5 95 40 1 38 55 9 91 80 14 26 90 49 18 ]
[ 99 1 86 46 18 55 24 75 67 67 41 23 48 16 10 51 5 15 98 45 68 36 53 30 27 85 44 5 76 93 23 27 46 9 73 65 65 50 40 32 17 81 7 17 50 70 20 55 37 18 ]
[ 53 6 54 58 36 81 43 80 38 71 25 61 98 23 23 24 88 88 26 81 72 95 14 32 13 64 2 33 72 39 52 77 97 6 35 33 40 30 65 78 2 42 92 52 66 15 28 6 55 54 ]
[ 87 79 2 2 11 15 18 65 0 90 57 52 19 54 11 54 40 3 37 57 81 39 0 73 43 18 40 24 24 95 30 12 75 32 14 38 99 84 4 0 27 13 52 46 67 15 53 7 18 90 ]
[ 17 0 81 17 25 76 35 18 0 59 13 31 23 40 15 89 31 15 74 35 15 1 0 19 99 67 35 52 27 53 42 44 5 75 13 83 52 0 1 52 59 66 35 83 7 3 24 38 18 98 ]
[ 25 85 51 25 4 51 44 91 55 23 45 98 67 50 25 32 33 77 32 86 82 44 53 69 27 12 72 3 2 42 2 27 27 53 4 84 56 0 75 12 24 72 62 43 23 87 76 8 65 8 ]
[ 47 99 52 0 68 31 12 93 35 14 87 89 93 67 42 49 51 51 49 78 63 73 51 25 17 26 64 93 86 81 53 33 80 6 33 1 89 97 46 24 63 33 13 56 0 8 57 3 59 7 ]

Timer (sort): 399ms real	400ms user	0ms sys
The output is sorted!
[ 2 15 16 59 55 41 0 34 31 14 86 26 39 86 21 12 11 18 31 24 90 70 81 53 87 11 55 14 29 1 2 31 16 19 42 23 12 42 9 43 9 95 22 0 34 43 13 45 13 44 ]
[ 33 47 14 16 69 8 16 32 70 0 1 49 44 39 6 31 18 13 81 21 7 16 69 97 21 36 74 8 57 15 10 42 14 77 10 84 37 26 16 7 79 17 9 23 56 15 6 27 80 39 ]
[ 5 23 10 10 37 14 75 0 18 4 91 10 28 0 63 14 8 42 11 56 0 69 4 80 29 10 29 17 53 10 88 10 33 50 72 70 65 47 70 35 4 14 45 32 14 9 98 74 3 62 ]
[ 11 3 13 52 43 7 67 4 2 75 21 17 42 44 11 78 31 17 22 21 31 2 64 5 34 6 99 90 97 59 60 8 14 25 12 57 32 80 13 35 7 34 4 1 31 15 79 62 32 53 ]
[ 53 45 26 56 9 38 44 33 87 17 54 9 40 15 3 37 28 37 76 21 14 58 85 72 40 19 12 92 9 14 49 14 11 27 22 21 17 66 54 4 35 8 13 75 24 17 65 4 54 41 ]
[ 3 30 73 45 62 77 26 83 12 34 44 13 8 40 26 9 16 66 18 3 73 27 2 84 0 11 27 20 43 24 28 46 7 53 43 21 30 69 4 94 3 0 8 64 92 34 73 8 0 91 ]
[ 34 14 11 11 72 4 43 5 39 85 9 73 5 8 86 15 83 23 85 33 15 2 36 36 52 41 63 42 16 14 15 2 29 26 14 1 82 57 58 21 95 20 47 0 28 33 67 11 56 52 ]
[ 61 76 13 53 75 89 41 9 10 25 41 0 34 64 26 30 2 39 32 26 69 2 14 4 10 6 7 32 75 49 45 36 77 11 41 4 52 34 14 62 59 7 14 45 24 41 75 26 32 59 ]
[ 63 47 6 44 50 35 56 8 22 36 1 28 12 28 45 29 73 65 18 13 46 6 19 3 73 92 62 67 39 14 5 2 61 63 46 11 50 2 72 72 39 25 0 3 53 45 33 26 62 3 ]
[ 11 45 65 19 71 61 46 32 6 4 82 32 35 11 40 26 8 76 2 32 41 20 88 35 48 3 14 64 31 7 5 42 53 23 13 24 84 11 8 42 15 90 74 3 2 67 29 10 43 84 ]
[ 3 17 3 87 14 4 74 36 18 5 7 37 62 59 35 78 5 19 74 1 39 97 18 88 6 96 6 10 75 83 51 30 0 6 17 66 10 44 2 28 49 9 18 11 20 53 41 77 24 67 ]
[ 44 14 32 16 65 46 1 3 8 55 66 91 1 64 52 26 80 3 70 65 87 2 6 41 52 21 52 48 7 13 71 3 27 3 19 44 2 20 0 10 28 66 53 29 30 5 55 62 60 77 ]
[ 43 53 67 0 14 48 32 1 88 16 14 9 42 85 27 75 71 85 11 71 11 49 27 8 27 1 8 1 25 99 31 20 5 51 21 71 51 5 25 39 21 39 48 16 24 76 91 48 13 2 ]
[ 4 17 17 27 40 7 17 12 7 40 50 63 5 19 84 2 17 42 16 43 69 80 93 35 96 75 23 17 18 40 84 22 9 53 1 2 60 19 14 20 11 64 35 16 84 19 70 53 13 86 ]
[ 3 48 37 66 49 81 3 18 44 9 59 23 0 67 23 12 82 24 98 16 2 41 6 1 2 5 73 57 76 27 27 31 28 16 50 29 98 53 47 42 62 6 18 14 74 41 26 8 18 76 ]
[ 21 54 61 44 66 94 66 19 3 30 51 50 26 24 0 82 2 58 9 27 4 77 86 34 68 93 21 35 39 45 3 60 0 16 5 18 10 71 37 13 1 40 16 79 65 16 13 19 26 22 ]
[ 18 92 53 19 56 10 45 4 20 62 33 9 29 20 54 94 25 17 72 60 66 32 71 30 43 19 9 90 5 67 4 75 12 9 46 20 19 92 25 92 6 10 1 36 30 55 30 7 25 2 ]
[ 3 12 44 19 54 3 20 63 38 47 7 3 7 67 40 82 1 46 76 21 60 69 64 55 17 3 44 65 33 60 18 88 25 14 7 79 17 27 43 7 26 50 11 34 70 3 16 71 1 92 ]
[ 52 70 48 4 72 42 28 5 80 16 13 58 11 4 16 21 2 31 53 71 49 0 77 89 90 70 18 36 11 31 5 63 1 5 20 26 47 0 31 27 16 96 37 79 52 5 0 54 37 53 ]
[ 12 56 38 38 1 39 4 0 49 98 57 18 15 15 12 51 7 4 79 14 51 11 43 28 67 9 67 63 4 8 43 68 16 33 6 17 25 11 18 74 61 27 92 76 95 57 80 2 13 59 ]

Timer (generate): 22ms real	10ms user	0ms sys
[ 33 50 24 13 99 89 57 4 11 95 90 48 98 0 0 39 4 32 29 18 58 70 53 71 79 42 81 96 36 79 26 69 29 2 83 81 91 92 85 2 39 76 50 38 28 50 29 85 35 10 ]
[ 3 45 80 56 16 12 51 50 8 87 29 86 9 11 88 44 92 79 88 29 81 27 5 32 17 86 34 46 71 21 56 26 67 89 82 83 1 85 85 61 25 15 47 34 78 87 78 70 66 66 ]
[ 99 99 45 57 83 63 95 70 61 66 91 70 44 10 59 26 46 12 64 31 25 89 98 24 23 76 11 53 98 29 19 50 28 16 59 12 79 54 34 41 20 25 63 16 88 74 42 34 86 58 ]
[ 17 11 47 16 35 22 44 98 75 43 27 46 45 55 63 4 19 94 58 53 87 30 31 50 46 19 24 40 5 10 99 74 73 46 90 60 21 87 58 96 82 37 43 27 93 58 31 64 52 89 ]
[ 70 40 71 1 90 17 72 67 57 29 29 8 3 3 7 46 15 28 33 26 24 15 63 19 42 8 29 25 73 82 66 95 74 37 96 16 6 20 83 15 49 13 24 4 68 31 50 35 59 83 ]
[ 61 35 98 25 7 92 85 36 17 10 70 35 5 96 72 53 13 78 73 48 94 74 13 70 79 33 1 29 69 12 65 30 47 15 7 54 8 93 43 77 3 13 13 61 10 37 14 75 68 40 ]
[ 75 14 66 89 84 97 22 85 79 43 97 44 26 96 59 33 51 19 78 94 49 34 59 14 95 21 51 61 96 19 53 72 85 20 13 69 17 87 6 96 31 3 40 9 52 52 42 3 23 73 ]
[ 49 72 59 60 86 6 82 38 67 30 9 21 54 95 41 19 16 10 7 23 7 90 26 99 99 78 3 93 33 27 18 34 99 77 95 86 83 29 76 3 11 37 24 66 84 17 85 1 79 44 ]
[ 24 86 34 2 38 85 33 41 31 18 68 49 5 20 79 52 58 62 81 34 17 92 23 93 10 8 10 96 61 42 92 85 80 79 39 18 64 72 12 47 43 32 97 48 52 76 0 10 90 33 ]
[ 96 8 25 20 1 88 28 64 84 89 6 28 26 38 7 17 57 24 42 21 71 85 53 68 85 58 96 85 68 39 18 65 47 95 37 0 83 17 16 19 58 74 0 36 13 7 53 22 31 95 ]
[ 43 3 80 48 23 65 6 72 2 75 11 72 92 10 68 81 10 3 98 27 75 56 53 75 92 66 34 97 88 66 93 83 21 73 32 44 91 38 16 93 65 79 66 9 89 86 90 0 41 40 ]
[ 79 68 48 32 43 92 51 30 90 91 96 83 75 69 8 7 13 99 97 82 45 63 61 11 72 3 49 15 3 42 55 34 11 4 18 6 96 69 36 86 61 84 21 88 53 30 95 19 29 44 ]
[ 1 74 7 14 37 32 17 38 99 72 81 54 6 92 10 77 98 59 46 35 97 59 19 19 47 25 49 94 44 30 39 97 5 98 11 94 82 81 33 81 5 14 36 64 6 98 41 56 57 39 ]
[ 43 55 51 15 26 98 40 75 45 84 57 36 81 62 34 44 9 69 77 42 50 83 8 38 99 14 37 40 22 46 31 66 53 82 81 79 33 21 6 78 57 64 66 90 78 52 86 87 21 64 ]
[ 29 72 99 89 10 98 55 99 90 78 46 21 44 99 4 77 31 37 50 37 67 7 1 33 49 80 85 35 19 7 99 1 31 50 90 41 48 46 93 38 24 39 12 20 90 16 97 73 5 47 ]
[ 11 72 6 64 57 55 96 42 90 16 1 42 17 32 92 7 26 93 53 19 31 29 10 95 49 52 11 98 26 68 97 89 40 3 53 49 10 50 92 1 66 45 95 35 78 87 42 56 80 48 ]
[ 75 64 77 37 59 79 89 23 77 67 91 75 56 84 30 62 33 41 12 77 94 30 23 89 65 53 28 59 9 61 59 36 77 89 25 88 68 14 11 97 34 55 72 90 39 3 52 24 96 16 ]
[ 2 90 46 77 31 63 82 59 75 43 20 34 79 97 23 56 86 91 70 49 89 56 4 13 47 95 68 51 20 64 68 74 54 66 51 85 82 33 97 57 76 69 91 7 19 67 63 57 10 85 ]
[ 6 99 42 63 65 41 10 33 92 82 50 12 56 56 31 59 94 13 44 91 70 72 60 13 31 79 80 94 36 91 32 95 42 26 10 59 67 20 93 11 3 95 24 11 51 7 23 45 20 67 ]
[ 36 42 92 49 55 23 80 88 70 69 31 2 64 73 28 74 85 47 46 78 10 1 73 86 65 76 93 88 22 13 7 10 55 51 11 11 75 92 51 45 61 82 99 77 7 79 3 92 78 49 ]

Timer (sort): 356ms real	360ms user	0ms sys
The output is sorted!
[ 15 53 11 35 10 42 6 2 24 26 18 49 5 25 24 70 26 66 9 5 57 13 24 48 73 22 65 41 15 37 43 30 91 6 17 53 1 23 7 25 49 25 26 6 2 50 77 28 68 38 ]
[ 62 2 73 13 2 16 71 48 62 22 96 46 63 24 3 77 6 46 22 8 19 22 30 29 72 4 13 31 29 44 3 43 46 29 8 1 45 79 1 8 54 98 6 17 22 62 46 81 8 21 ]
[ 50 9 74 16 12 75 69 86 20 47 23 9 18 34 7 24 70 1 72 36 4 50 47 34 12 48 11 27 19 65 22 22 26 48 38 38 23 7 24 95 6 47 4 24 34 63 0 56 65 24 ]
[ 14 40 35 14 40 3 45 96 8 14 22 33 29 17 60 41 75 15 43 19 92 0 3 14 16 92 6 2 31 82 25 98 22 13 12 14 16 9 10 76 23 84 10 52 1 70 46 29 85 41 ]
[ 33 50 43 48 31 42 36 19 54 93 21 29 62 15 0 8 58 1 44 3 48 34 49 11 26 51 1 9 19 70 75 4 20 70 52 3 12 41 22 19 34 43 48 49 59 49 57 69 2 1 ]
[ 46 54 9 2 19 45 34 64 22 7 94 88 24 73 0 6 46 25 57 79 31 36 22 61 4 41 15 86 33 34 21 31 40 31 34 59 28 20 24 2 27 70 42 4 43 42 10 41 19 19 ]
[ 0 25 40 15 11 51 58 1 41 16 15 24 0 99 85 2 64 33 0 12 11 14 44 24 2 26 3 64 52 16 39 52 42 79 19 5 83 77 59 24 94 26 0 46 25 37 48 90 71 1 ]
[ 14 2 5 44 52 26 59 96 44 30 2 10 53 58 15 77 13 78 25 25 2 10 93 28 12 20 13 34 5 16 35 72 18 41 16 70 19 28 18 16 10 20 26 16 30 93 93 44 71 70 ]
[ 91 24 62 4 5 12 80 0 20 16 55 44 56 2 64 55 89 22 17 16 5 12 34 25 30 14 84 13 24 34 17 15 10 32 20 15 44 52 67 16 68 23 60 76 25 24 84 14 99 1 ]
[ 96 13 0 73 21 91 20 14 7 53 59 9 73 29 51 7 5 75 50 93 58 3 56 67 3 9 2 87 28 16 9 76 29 9 1 3 52 22 69 60 27 28 69 1 9 21 60 15 48 10 ]
[ 7 2 10 41 2 19 13 31 91 93 41 21 33 16 12 94 31 59 33 14 18 4 37 50 5 73 34 1 60 13 62 19 16 25 60 18 44 26 2 87 19 43 9 4 12 73 50 95 84 83 ]
[ 20 4 1 13 6 32 69 2 30 16 98 8 48 63 27 19 58 8 84 31 75 8 1 34 30 72 52 17 30 53 27 51 9 80 16 16 64 37 70 46 5 20 55 53 83 34 24 41 42 9 ]
[ 31 19 7 32 90 57 38 40 67 19 9 66 17 74 52 32 1 41 25 10 42 14 33 1 3 40 42 2 75 11 31 6 82 38 38 72 48 28 64 15 48 73 82 17 47 86 1 0 27 27 ]
[ 46 22 10 16 40 69 8 35 87 62 58 65 5 61 48 23 88 13 11 2 53 0 26 15 46 14 23 59 3 15 78 2 37 40 18 30 62 26 65 1 40 23 67 46 85 67 21 25 32 33 ]
[ 40 19 96 3 47 60 26 13 9 2 0 81 30 56 68 3 59 95 32 83 12 23 65 27 53 96 14 16 10 34 50 2 53 46 5 0 6 32 14 15 86 66 49 16 23 17 20 34 65 52 ]
[ 3 0 80 18 90 67 17 51 59 11 46 27 16 12 5 25 76 0 10 0 23 16 8 24 21 76 9 49 55 15 68 58 15 1 28 57 68 45 8 79 9 54 6 25 66 63 51 94 63 61 ]
[ 73 20 4 2 62 48 2 37 60 43 53 62 3 0 41 55 1 37 10 0 8 27 6 37 34 81 18 55 6 27 59 79 47 15 82 9 16 36 98 76 79 3 90 83 4 32 38 57 21 1 ]
[ 29 28 16 6 55 43 21 44 43 87 10 69 24 52 22 16 9 65 15 7 81 21 80 59 44 8 44 12 28 16 96 9 44 12 67 0 8 40 96 3 27 59 24 52 11 46 20 73 64 36 ]
[ 24 6 47 36 16 39 59 27 47 23 7 17 94 64 38 6 5 15 40 66 53 37 81 28 7 55 89 58 22 37 14 46 44 14 34 12 53 45 91 0 68 50 69 14 14 7 21 20 23 61 ]
[ 34 4 44 80 58 10 57 88 9 33 25 14 52 39 23 16 58 53 40 4 5 14 26 42 66 38 44 46 32 33 28 18 38 24 50 48 34 8 88 96 41 65 10 45 56 33 14 15 39 6 ]

Timer (generate): 25ms real	10ms user	0ms sys
[ 8 77 70 28 45 71 3 28 67 17 8 96 91 27 89 82 49 96 78 3 5 60 59 4 60 27 99 89 87 5 54 95 35 76 75 80 47 78 60 66 48 20 14 39 47 3 73 48 0 51 ]
[ 4 57 64 63 61 24 43 13 14 82 70 20 29 5 96 57 85 43 87 98 62 35 18 76 26 66 80 99 66 32 3 70 89 67 86 3 91 29 16 57 63 38 77 92 44 73 49 81 69 37 ]
[ 31 83 24 50 59 51 68 39 2 34 71 5 5 13 72 43 16 16 24 84 73 87 22 51 79 18 76 81 0 97 70 83 80 46 33 40 49 53 31 52 88 55 9 45 68 82 88 36 98 12 ]
[ 20 23 51 94 74 82 65 3 63 17 0 85 0 33 32 34 73 81 39 56 85 27 11 95 24 31 77 64 67 27 28 39 2 79 86 77 62 51 32 77 68 32 63 68 65 47 54 90 28 94 ]
[ 47 14 73 10 9 50 42 38 14 61 17 43 53 19 22 39 48 36 42 80 14 10 65 77 30 82 24 37 25 4 83 72 18 56 34 79 6 76 69 73 90 86 16 43 58 90 82 6 27 76 ]
[ 39 93 86 4 22 68 38 98 57 63 2 40 35 73 49 22 4 55 98 74 80 88 60 48 31 18 39 65 77 18 41 16 63 79 20 85 0 10 83 57 74 37 98 61 62 99 83 67 54 82 ]
[ 41 87 22 53 35 6 24 74 23 53 44 65 69 7 96 41 44 96 51 79 6 25 17 4 87 31 55 70 98 9 4 91 48 79 97 84 85 73 10 8 26 55 25 47 14 22 88 59 70 91 ]
[ 90 76 69 7 32 8 91 87 78 89 49 35 33 97 14 82 81 51 55 92 59 33 99 85 80 13 59 20 24 29 63 15 6 32 74 38 40 65 78 71 7 27 58 40 24 72 74 6 75 81 ]
[ 50 34 14 49 71 46 14 82 18 39 12 81 6 70 66 80 60 58 98 38 29 5 65 87 97 42 11 71 48 86 52 50 73 18 99 96 16 65 79 34 4 91 67 62 13 33 43 73 92 41 ]
[ 12 73 98 29 13 95 71 24 18 71 63 22 21 36 40 72 32 56 38 11 42 94 54 9 57 67 95 0 41 39 93 5 12 43 34 77 90 58 2 8 29 65 82 3 53 22 75 85 30 65 ]
[ 49 24 60 55 85 17 23 80 69 16 71 14 21 36 57 7 13 47 65 67 7 95 32 89 50 37 63 25 75 45 91 76 69 3 31 54 20 54 87 89 70 58 55 43 94 12 51 8 11 16 ]
[ 75 70 63 60 59 13 49 74 91 24 19 34 0 40 37 32 94 57 38 81 98 61 92 53 4 86 17 55 46 80 24 74 50 39 86 61 5 87 87 96 12 6 82 64 46 19 48 92 28 39 ]
[ 26 26 0 18 31 4 56 0 12 3 80 36 29 82 27 15 43 32 2 82 80 66 88 62 83 86 81 83 30 9 22 56 87 22 26 18 79 83 70 91 86 50 79 15 84 6 82 79 91 36 ]
[ 61 71 55 1 34 90 39 67 73 70 29 96 78 16 70 5 87 49 88 57 40 74 60 71 41 44 30 75 24 21 63 37 92 70 39 78 60 78 98 34 48 27 30 27 43 52 84 30 2 72 ]
[ 40 94 98 0 66 91 96 96 66 72 69 81 10 13 52 49 92 12 27 42 46 28 69 28 7 64 81 91 47 35 15 87 29 13 39 47 4 35 95 22 8 64 3 18 78 55 19 22 20 98 ]
[ 16 66 78 85 47 85 49 80 28 96 15 43 35 96 8 74 96 12 10 91 34 70 8 38 88 38 45 59 12 65 57 28 84 36 65 31 73 66 63 54 63 78 49 50 26 58 25 22 70 87 ]
[ 66 57 57 26 47 97 16 44 56 28 10 13 8 46 1 25 77 27 91 40 81 6 70 30 57 48 40 82 71 63 69 89 20 26 67 19 23 83 63 31 63 25 96 71 71 98 48 0 25 39 ]
[ 40 58 46 62 40 3 11 81 37 34 96 58 75 68 36 42 87 11 25 2 42 88 28 38 11 99 88 59 0 65 50 92 23 96 7 16 51 18 97 88 4 45 98 31 13 34 73 0 45 50 ]
[ 2 39 90 30 78 53 82 66 12 82 84 14 74 7 11 81 75 14 51 24 55 7 69 53 38 82 88 11 34 33 13 37 73 3 19 3 56 53 21 20 35 5 35 62 65 98 95 40 12 99 ]
[ 65 67 6 86 21 97 69 9 60 3 94 74 92 19 77 64 74 34 17 96 6 5 53 41 19 70 39 14 63 4 65 28 71 24 66 44 21 35 5 81 91 52 7 35 23 37 51 98 23 69 ]

Timer (sort): 386ms real	390ms user	0ms sys
The output is sorted!
[ 0 24 30 53 40 41 21 49 12 19 13 5 34 66 1 18 36 16 27 4 12 65 1 43 33 26 59 47 3 52 29 55 28 11 9 69 52 30 70 16 1 83 22 35 2 75 6 38 92 33 ]
[ 10 33 6 35 73 54 50 13 7 64 3 55 37 1 71 23 9 12 81 45 5 40 16 12 10 39 75 27 48 24 49 11 9 7 46 34 62 96 47 21 13 2 76 2 4 0 25 65 12 58 ]
[ 87 58 5 16 11 64 20 68 4 47 4 17 42 13 7 75 33 68 79 50 8 60 48 0 99 1 36 30 23 3 9 10 13 14 78 24 30 98 44 34 45 0 3 39 14 10 15 47 31 46 ]
[ 29 31 7 4 56 54 43 99 31 2 6 58 35 8 37 68 71 16 96 25 1 14 76 22 77 34 96 1 19 22 12 1 5 71 5 13 25 48 12 8 50 71 66 37 31 4 6 3 72 2 ]
[ 35 81 49 6 30 76 3 54 10 18 12 15 53 19 13 83 12 95 16 49 23 23 2 63 17 34 4 96 39 21 3 75 2 5 33 32 33 37 38 43 55 3 10 60 22 24 44 87 19 12 ]
[ 25 61 15 60 22 16 17 1 45 14 29 13 11 13 5 61 16 5 83 86 11 14 43 71 21 41 10 30 50 69 25 27 30 40 40 52 8 57 53 53 23 35 19 34 48 24 47 16 81 31 ]
[ 35 43 44 39 26 74 20 29 16 50 75 8 14 44 12 27 35 79 63 2 12 48 21 16 44 1 72 1 4 3 5 92 47 1 31 25 75 4 6 44 54 81 4 68 26 16 47 13 47 63 ]
[ 16 57 24 81 20 77 38 12 19 27 41 10 1 29 63 4 1 98 40 15 49 39 55 47 79 2 2 42 0 71 36 16 28 60 50 1 38 88 13 9 67 7 19 20 36 34 24 89 33 16 ]
[ 3 15 16 11 97 51 52 17 3 96 95 21 30 13 37 81 10 52 1 51 2 2 13 10 12 69 35 6 64 51 59 19 18 27 31 67 30 35 36 33 84 31 6 14 44 43 47 7 48 48 ]
[ 43 11 19 8 79 1 21 58 56 11 22 88 15 24 25 65 6 13 41 18 53 34 69 38 16 13 36 48 23 7 8 18 70 27 26 50 28 99 8 36 10 30 77 77 6 2 94 12 68 36 ]
[ 2 48 22 3 29 20 43 20 41 61 18 6 41 53 48 68 59 12 82 88 40 69 28 41 54 41 36 2 6 20 16 8 20 39 11 49 11 6 69 53 20 40 59 13 45 59 33 57 23 16 ]
[ 24 5 77 33 44 23 80 33 55 5 9 2 84 51 31 1 0 70 10 79 46 47 46 17 32 80 17 46 16 58 41 40 16 71 25 12 94 6 45 49 11 6 51 47 10 82 0 10 4 11 ]
[ 28 36 47 21 10 36 52 12 78 2 48 29 2 2 6 6 3 53 38 0 65 79 11 90 32 52 63 34 53 27 60 81 16 7 2 26 43 6 39 22 9 87 3 11 41 9 69 96 62 59 ]
[ 51 47 18 25 10 53 11 42 18 2 37 35 58 58 69 12 51 83 55 26 2 15 80 68 54 20 58 37 97 61 2 0 9 20 77 19 26 89 13 44 43 50 31 2 8 0 14 11 36 21 ]
[ 37 65 9 93 27 24 13 10 1 47 11 70 31 15 0 32 7 2 30 4 65 60 41 73 8 75 54 6 43 14 1 80 31 11 25 10 35 39 21 88 38 32 59 69 99 11 53 6 14 84 ]
[ 15 10 32 39 46 11 29 49 84 26 27 22 70 0 1 59 43 43 45 89 90 19 12 43 5 40 62 23 70 46 16 85 8 1 24 6 12 6 55 49 32 82 23 3 34 24 14 77 19 59 ]
[ 50 55 68 9 11 41 41 48 69 88 0 32 54 8 30 7 66 41 87 9 50 4 54 16 9 24 31 25 8 5 98 11 12 18 72 24 60 14 72 81 54 25 13 8 33 44 15 51 37 3 ]
[ 78 43 49 46 36 31 19 11 34 68 13 8 50 65 68 0 8 60 12 43 14 11 61 84 66 22 11 27 94 5 6 24 0 8 23 36 39 94 48 25 62 13 34 13 30 2 65 38 62 29 ]
[ 29 79 64 34 36 17 7 95 57 14 8 7 76 6 13 7 72 9 62 9 65 75 44 31 56 28 4 6 4 92 38 34 24 3 20 60 20 79 7 29 46 15 36 22 21 1 29 46 62 91 ]
[ 9 21 58 34 18 2 17 26 47 65 61 41 44 28 39 59 38 15 77 26 3 8 96 32 0 20 58 63 25 3 33 34 24 44 20 42 46 38 21 45 3 34 39 99 14 78 11 52 45 40 ]

Timer (generate): 24ms real	20ms user	0ms sys
[ 74 79 13 44 90 43 20 70 58 5 20 96 18 60 36 47 67 23 81 46 81 33 81 42 78 10 94 45 34 9 88 8 88 53 52 30 96 24 52 55 29 72 3 99 85 39 46 4 15 80 ]
[ 50 48 65 83 91 43 46 85 41 80 46 29 40 87 83 92 69 79 68 22 86 50 46 42 49 31 33 48 35 0 80 85 49 45 21 40 41 67 77 82 47 75 11 87 14 46 31 84 78 51 ]
[ 58 16 1 4 58 3 36 44 51 23 44 83 61 45 28 82 85 21 49 14 3 48 42 67 35 56 13 18 92 43 69 50 60 23 55 70 26 43 14 29 66 11 12 27 56 92 61 94 14 10 ]
[ 60 17 58 2 36 45 11 2 63 3 45 85 54 5 8 61 28 34 4 42 63 22 53 27 2 62 19 63 56 33 74 16 3 32 19 39 30 82 41 93 85 39 30 91 44 38 4 24 24 60 ]
[ 67 39 83 72 66 85 34 86 48 42 71 22 59 74 7 30 66 37 64 59 82 49 98 13 93 95 3 97 19 28 58 38 67 93 11 86 78 97 72 26 92 95 1 3 22 60 33 88 49 97 ]
[ 47 83 98 46 96 43 41 52 93 12 80 3 51 99 96 62 85 26 11 9 4 3 5 5 6 27 17 91 67 66 40 66 50 91 12 98 34 5 50 27 18 82 82 69 82 78 83 19 4 46 ]
[ 29 9 2 86 66 8 65 84 52 32 2 92 98 52 83 63 3 70 20 53 49 90 88 32 11 70 10 46 41 67 93 70 28 95 8 46 55 73 82 7 57 85 52 8 89 87 23 92 57 43 ]
[ 98 7 86 86 39 97 8 1 44 49 20 37 72 48 84 80 47 39 6 29 99 63 66 51 71 56 38 94 0 48 90 50 55 76 88 46 25 96 99 69 98 20 58 22 20 94 2 67 34 8 ]
[ 49 33 24 15 84 47 23 74 94 76 22 84 26 29 12 15 75 37 63 27 59 13 47 69 35 67 64 38 87 50 98 36 83 74 3 19 22 27 45 16 55 68 52 81 49 64 48 77 53 64 ]
[ 4 64 77 51 34 13 70 50 3 9 0 53 45 35 28 1 6 50 80 51 18 35 71 70 68 21 86 17 98 91 33 2 56 10 5 42 75 27 92 78 37 44 84 34 79 12 35 85 14 15 ]
[ 88 84 50 60 54 71 81 92 88 31 83 73 33 91 83 90 33 11 17 77 89 54 21 73 89 52 37 76 37 3 44 26 87 46 38 41 17 19 85 5 2 69 78 87 12 14 77 46 25 46 ]
[ 23 66 1 97 92 42 49 81 70 39 85 14 65 72 61 55 66 78 26 51 36 28 72 66 15 85 80 44 83 57 90 6 76 91 55 68 85 5 49 56 44 86 22 61 59 83 16 25 62 42 ]
[ 28 98 70 53 64 37 38 97 81 21 6 71 79 82 15 35 50 52 92 52 60 36 90 83 97 49 66 65 26 80 7 7 78 29 60 95 18 50 44 51 23 50 74 54 33 41 89 35 94 33 ]
[ 39 54 69 30 89 18 31 56 83 58 36 42 17 67 23 77 14 93 79 58 44 2 8 19 56 41 60 98 77 6 31 16 13 53 46 2 71 78 58 7 88 47 1 5 66 77 34 80 70 13 ]
[ 38 67 15 98 38 23 40 98 21 69 57 53 37 70 58 36 72 29 66 83 88 54 82 42 11 48 19 97 80 41 62 70 8 29 68 46 52 60 97 74 29 54 79 19 24 89 55 48 18 21 ]
[ 31 59 27 13 1 90 13 20 87 93 13 1 15 22 30 84 68 82 44 17 8 26 71 39 45 47 28 0 96 99 73 27 58 0 93 11 42 58 83 81 4 96 82 19 18 12 55 39 46 0 ]
[ 56 7 78 80 46 23 27 27 75 75 26 0 55 36 0 0 47 94 58 30 75 14 26 57 34 97 21 89 36 67 41 44 74 71 24 73 94 4 0 21 79 26 21 34 62 73 34 61 67 45 ]
[ 91 94 59 69 51 45 66 24 87 2 44 28 99 70 0 75 43 46 79 43 20 11 21 93 97 35 67 84 96 86 29 39 81 40 9 84 86 27 61 73 82 5 53 81 75 5 56 71 4 88 ]
[ 66 24 51 88 17 0 75 36 84 24 75 65 15 8 6 76 44 44 4 5 17 86 62 22 67 90 28 75 61 32 15 27 8 66 67 77 67 43 14 3 19 41 69 34 49 27 11 45 71 15 ]
[ 3 40 53 65 62 20 55 42 47 16 74 63 96 82 81 63 60 48 58 26 4 77 67 73 64 68 0 75 65 23 42 68 63 95 86 77 67 41 20 14 10 94 29 58 29 11 21 41 11 80 ]

Timer (sort): 381ms real	380ms user	0ms sys
The output is sorted!
[ 2 20 34 26 42 25 88 44 1 12 4 41 13 96 14 8 15 2 3 48 27 44 62 3 50 73 5 45 64 37 1 19 9 36 45 52 13 33 48 14 97 4 55 10 0 69 71 16 72 26 ]
[ 29 65 25 39 2 2 33 0 53 18 70 68 41 22 51 4 95 15 33 1 63 47 36 7 19 14 67 2 23 11 35 4 28 13 43 30 15 28 30 20 46 52 89 87 27 40 43 22 7 77 ]
[ 52 2 23 43 5 89 18 1 34 8 17 47 27 22 35 9 16 79 16 36 51 56 48 7 6 0 34 57 30 98 57 82 52 33 26 9 22 96 10 8 57 28 55 36 50 42 45 18 22 13 ]
[ 53 52 5 44 91 61 94 71 1 28 24 7 6 57 16 64 2 4 81 4 16 94 38 65 17 41 21 78 20 7 52 25 11 9 70 54 71 16 26 24 44 2 31 2 11 0 18 14 4 99 ]
[ 36 42 61 90 82 31 60 1 9 6 52 14 8 41 2 74 11 9 56 56 63 9 26 63 40 32 21 33 69 32 7 6 26 68 48 8 51 8 9 60 66 13 27 74 55 29 0 18 39 9 ]
[ 51 40 3 29 96 37 34 3 89 12 5 67 65 58 25 35 86 11 40 4 13 30 6 28 16 21 63 19 71 13 4 22 53 7 4 2 44 38 5 85 50 10 4 67 68 30 54 7 41 95 ]
[ 41 71 47 20 54 5 43 40 30 14 22 11 37 25 74 61 42 26 12 14 36 55 34 24 15 2 70 87 11 33 54 4 4 2 25 10 59 20 50 41 86 24 52 23 50 26 85 44 4 49 ]
[ 49 0 16 53 85 32 53 63 93 43 53 13 39 28 4 27 4 93 70 81 3 18 36 3 10 46 8 60 3 70 13 53 70 29 6 7 13 11 70 6 6 76 72 46 4 28 25 8 22 48 ]
[ 4 47 1 2 22 32 0 42 45 49 65 2 22 78 34 42 42 10 10 82 66 0 53 7 4 89 23 47 5 40 53 9 40 7 12 62 39 12 56 36 13 21 38 87 52 24 29 46 87 92 ]
[ 6 37 19 31 72 25 21 11 82 27 27 75 69 31 32 15 57 30 49 8 44 40 78 8 10 24 2 81 68 7 36 27 44 7 10 17 33 31 80 15 10 7 42 32 38 75 99 47 5 48 ]
[ 14 15 22 26 75 33 4 10 47 2 44 19 88 63 27 73 11 74 90 61 9 27 83 91 67 1 37 47 17 4 46 31 19 68 10 46 1 14 8 0 16 4 72 5 68 51 78 31 25 21 ]
[ 86 4 13 77 17 25 68 15 32 55 5 3 2 1 78 34 47 52 61 19 69 86 26 63 30 72 27 67 24 14 10 10 18 23 40 87 0 60 2 32 15 8 87 17 61 65 3 60 17 16 ]
[ 41 40 8 87 53 14 27 26 77 30 1 6 37 45 68 44 80 20 87 5 73 25 51 26 8 8 5 68 6 6 8 48 46 16 35 52 31 14 78 8 44 31 15 34 77 35 78 9 55 18 ]
[ 4 38 12 15 4 78 98 43 3 17 8 25 43 86 28 31 70 97 40 88 8 36 11 8 61 78 13 16 18 16 19 22 6 32 37 10 10 87 54 66 5 14 91 48 0 72 31 22 69 23 ]
[ 80 51 67 40 37 41 55 55 11 59 7 39 20 36 9 16 47 2 10 7 10 74 64 15 83 64 62 70 33 71 43 13 22 10 5 11 4 60 66 67 20 25 6 40 14 15 56 13 69 19 ]
[ 10 78 64 69 72 63 34 4 82 83 21 6 60 84 56 49 5 9 35 54 60 74 33 10 69 43 13 46 0 26 45 10 4 9 32 28 24 18 32 58 1 6 64 13 42 21 15 47 30 2 ]
[ 28 68 24 20 92 33 76 56 14 25 27 28 10 29 66 36 53 5 28 3 31 48 0 23 10 29 0 70 38 80 32 19 1 8 39 93 41 15 2 7 92 29 88 2 10 54 90 15 59 70 ]
[ 13 15 62 72 75 1 31 41 50 5 58 83 5 84 1 8 38 74 10 5 21 4 3 35 31 87 23 16 38 27 43 51 42 5 76 69 6 7 10 56 65 20 92 22 56 45 30 46 20 40 ]
[ 25 63 2 17 46 89 1 74 27 87 18 96 13 12 30 23 0 92 6 87 37 79 74 24 22 56 92 66 30 42 13 7 6 15 25 4 56 26 78 83 14 48 31 27 13 13 3 13 5 9 ]
[ 5 28 77 88 53 23 51 6 10 7 88 3 64 15 28 55 62 48 93 91 7 75 6 15 12 30 40 3 3 79 52 8 7 30 97 60 5 48 18 16 7 6 71 23 21 0 78 36 0 72 ]

Timer (generate): 32ms real	30ms user	0ms sys
[ 14 71 58 26 21 52 11 63 37 53 47 48 18 38 27 60 15 59 41 25 46 15 51 43 75 73 98 52 93 22 4 60 46 62 86 67 14 97 30 3 2 77 51 20 67 78 33 83 89 74 ]
[ 8 36 41 11 31 17 37 29 21 82 4 25 42 50 40 29 17 6 78 0 10 81 77 13 1 97 44 34 32 33 60 40 21 2 4 52 71 93 34 92 75 38 69 70 88 61 99 57 68 29 ]
[ 57 30 10 87 43 64 84 87 98 16 73 11 8 94 65 64 47 36 57 33 28 85 71 49 55 59 11 6 68 79 35 26 9 46 13 4 62 49 92 12 65 17 23 25 11 88 90 10 24 99 ]
[ 43 4 84 14 54 91 25 65 97 46 96 85 72 57 83 85 61 45 34 5 57 51 22 81 76 34 21 18 44 98 18 40 2 54 6 8 46 84 73 95 30 21 80 2 78 63 39 40 8 25 ]
[ 45 18 28 20 51 4 54 72 23 50 22 93 42 25 47 49 33 93 85 59 89 15 80 21 69 11 85 60 51 45 37 48 63 65 68 66 21 74 39 96 25 61 89 19 38 37 68 24 82 53 ]
[ 35 23 20 15 45 89 26 30 1 29 27 38 78 43 3 98 9 25 73 0 73 50 14 63 21 4 52 90 28 34 95 63 10 68 31 55 9 9 37 11 39 64 49 69 59 5 19 69 82 44 ]
[ 21 55 94 35 70 68 40 22 58 20 9 5 84 19 73 15 26 35 24 63 46 15 79 95 36 91 0 56 60 82 0 33 90 47 69 60 15 61 35 25 81 44 30 65 15 56 32 93 91 9 ]
[ 56 89 76 87 36 13 78 37 69 90 71 69 24 61 68 45 74 83 6 9 8 39 53 91 57 20 99 89 13 42 50 21 31 27 60 67 92 91 56 61 81 80 82 57 93 51 54 67 86 60 ]
[ 76 95 52 81 38 9 1 37 50 66 79 1 87 62 80 0 81 24 91 38 85 24 70 19 82 63 22 36 31 9 49 7 56 1 89 94 10 42 83 12 9 14 13 48 76 45 48 57 69 39 ]
[ 47 6 64 17 78 98 33 52 86 64 61 35 23 69 88 64 15 50 7 98 63 16 12 28 16 88 26 65 98 47 4 97 6 20 67 84 18 0 36 57 16 50 92 39 71 33 4 87 35 11 ]
[ 85 98 79 98 79 95 38 5 60 88 52 17 86 58 89 5 94 8 5 31 17 21 33 61 12 4 94 16 91 30 79 29 80 58 27 59 6 17 16 18 58 69 35 44 79 77 1 74 37 6 ]
[ 57 54 79 90 15 91 46 10 60 90 92 39 19 24 50 98 84 56 15 52 26 73 21 14 69 1 91 22 27 28 28 84 82 59 26 97 51 72 59 63 14 51 2 33 28 4 31 64 12 99 ]
[ 16 39 24 38 53 46 91 44 68 70 24 97 54 6 8 32 55 59 56 15 74 71 18 77 4 46 33 36 10 46 87 27 37 11 17 90 57 60 86 26 30 10 75 36 68 83 68 23 95 76 ]
[ 90 69 47 9 98 4 7 32 92 18 78 79 97 15 90 66 57 48 26 95 26 8 57 1 44 25 36 64 0 31 40 91 1 40 0 99 44 7 83 36 77 61 15 26 28 57 92 37 57 18 ]
[ 32 83 26 89 36 22 66 25 38 67 56 31 10 9 71 62 61 67 21 44 3 99 58 70 77 38 27 70 76 37 88 60 20 67 2 9 41 68 34 80 87 42 63 97 52 34 11 65 53 33 ]
[ 9 8 84 19 78 61 10 57 31 86 94 72 98 67 91 0 28 84 69 14 16 8 56 79 58 60 65 69 25 18 54 87 26 90 6 56 52 16 14 35 54 60 59 53 79 2 5 59 87 74 ]
[ 73 3 35 30 35 93 42 0 14 68 19 69 7 45 59 65 2 63 34 68 51 88 80 62 93 60 65 99 19 4 25 45 59 12 27 94 5 69 95 72 89 14 93 96 11 4 62 65 20 48 ]
[ 85 71 36 66 33 82 26 50 33 97 6 10 94 66 23 21 12 80 91 7 52 32 73 97 29 37 2 43 2 22 91 88 45 79 54 30 13 32 81 46 81 87 57 76 5 32 97 18 12 40 ]
[ 77 65 73 51 14 54 88 16 97 42 90 40 30 35 19 36 66 85 20 99 31 54 86 40 30 44 72 79 62 85 72 39 2 45 42 16 51 82 85 0 25 75 40 7 11 11 96 29 96 68 ]
[ 28 80 22 66 20 4 10 93 84 24 30 8 16 84 5 58 52 56 93 37 56 18 13 48 77 76 11 73 5 8 42 33 40 64 51 60 21 62 5 57 38 87 65 54 71 70 65 24 78 58 ]

Timer (sort): 437ms real	440ms user	0ms sys
The output is sorted!
[ 75 57 5 23 1 8 4 66 5 6 75 7 1 80 65 44 29 22 31 9 3 1 38 43 82 44 17 26 90 2 0 65 11 57 89 12 65 45 30 22 4 6 29 5 38 46 49 19 68 32 ]
[ 18 88 10 55 3 36 16 2 53 56 7 24 32 25 15 13 47 31 51 69 43 84 12 23 23 99 42 11 21 27 24 40 67 34 47 70 22 64 24 75 20 31 51 5 9 18 18 56 1 22 ]
[ 67 9 22 40 19 6 11 87 24 68 40 8 18 6 56 26 23 53 10 73 0 21 72 59 7 0 36 3 28 89 35 95 50 57 88 21 64 99 8 40 19 0 0 37 6 56 15 30 10 25 ]
[ 24 36 42 54 31 0 33 93 71 39 47 43 65 41 6 60 2 17 67 24 19 10 64 25 0 17 45 15 48 31 9 24 20 4 78 3 4 12 48 27 3 95 22 69 36 28 81 38 45 48 ]
[ 6 62 65 18 42 1 18 37 7 30 12 8 57 2 26 69 92 84 78 41 31 71 54 41 49 12 5 12 45 12 46 51 26 11 21 69 64 92 6 23 22 18 32 31 20 58 1 12 43 31 ]
[ 78 4 18 8 11 12 5 43 53 37 42 74 79 19 35 41 48 41 60 38 45 2 41 17 14 11 4 43 12 34 7 90 38 25 99 50 90 4 45 43 41 39 17 73 10 5 14 10 46 74 ]
[ 63 59 21 25 82 24 4 95 3 40 23 4 15 10 62 24 47 40 89 70 15 17 29 74 89 21 30 54 24 11 53 39 22 27 16 4 51 20 52 6 12 75 11 79 38 25 3 37 17 44 ]
[ 15 81 26 32 26 54 58 26 43 26 21 43 63 13 6 50 43 19 92 6 45 73 21 28 40 40 37 84 52 43 34 20 24 13 52 2 19 62 29 62 41 2 5 4 16 11 6 11 83 99 ]
[ 1 37 53 73 27 30 89 24 37 17 9 21 2 15 3 19 96 55 2 23 0 30 7 16 3 21 28 77 84 92 13 38 30 66 11 57 96 1 34 85 70 95 7 25 11 62 44 7 17 46 ]
[ 67 40 45 39 4 23 55 38 27 19 67 11 71 24 3 7 97 67 22 10 15 39 12 25 55 5 40 28 15 43 4 35 83 49 74 40 73 29 30 52 0 49 15 24 73 18 31 71 38 5 ]
[ 99 35 0 79 4 22 44 8 37 12 95 28 49 38 29 6 18 2 19 20 13 21 19 2 20 46 35 97 38 60 29 37 95 81 69 51 4 13 12 93 25 7 74 27 45 3 33 63 5 52 ]
[ 60 11 23 39 0 50 50 15 48 51 73 29 25 31 42 47 71 85 55 31 6 67 14 34 18 11 24 18 18 30 92 31 41 15 22 94 17 73 9 17 76 34 47 2 18 41 1 89 26 9 ]
[ 8 10 24 36 39 41 42 28 70 54 95 29 41 7 33 92 29 52 5 3 54 64 21 46 24 19 3 16 6 32 86 67 43 10 3 34 51 46 14 21 52 9 3 45 68 36 38 98 41 43 ]
[ 17 88 46 82 24 25 35 32 55 89 20 18 34 11 56 3 89 3 6 63 9 9 32 76 75 22 84 43 84 37 20 1 25 18 83 1 44 18 33 51 60 53 21 46 16 29 1 5 33 7 ]
[ 80 7 0 91 39 76 4 31 59 25 9 60 49 11 3 47 2 50 30 60 2 29 20 5 13 62 6 57 39 62 70 19 21 23 63 60 51 19 44 10 96 5 71 45 16 26 44 18 29 74 ]
[ 12 31 6 27 83 98 56 13 0 90 51 11 5 50 58 13 42 0 47 19 20 60 0 18 47 38 54 34 20 95 50 32 27 56 12 10 7 68 76 7 10 27 19 67 29 29 80 23 29 79 ]
[ 57 7 10 61 60 29 15 59 19 88 32 37 17 5 11 52 72 21 73 27 9 83 12 91 71 34 49 7 18 45 25 27 53 35 89 13 16 4 24 36 44 8 25 14 13 37 18 37 58 92 ]
[ 14 2 1 36 58 17 74 16 12 35 69 20 10 42 15 55 3 17 79 13 27 14 50 18 95 49 6 21 58 31 58 24 86 11 61 96 28 87 13 40 22 82 13 32 24 28 87 27 45 19 ]
[ 30 8 0 18 13 23 11 12 56 48 27 24 84 28 43 35 30 11 7 3 28 17 88 56 13 41 40 90 74 36 91 4 44 44 75 9 19 38 21 27 86 48 52 23 28 47 58 10 58 65 ]
[ 40 17 77 46 17 87 13 59 45 27 74 21 14 74 11 26 10 81 15 12 13 61 96 24 9 33 27 26 58 32 3 99 2 32 45 71 19 10 31 16 38 57 89 4 31 0 31 41 33 46 ]

