Timer (generate): 1069ms real	960ms user	90ms sys
[ 17 27 76 81 46 8 48 28 63 64 50 10 1 72 18 24 95 39 49 25 15 3 10 38 5 ]
[ 77 58 87 99 21 53 68 48 82 50 94 42 50 23 57 66 25 19 68 49 38 44 96 29 94 ]
[ 21 45 49 83 83 54 61 94 93 12 15 46 33 15 80 35 61 23 85 36 32 51 61 52 71 ]
[ 10 42 68 7 71 62 80 68 63 64 4 17 77 98 62 89 65 8 22 80 41 57 41 16 94 ]
[ 78 48 98 39 0 21 2 94 89 9 66 3 41 34 18 5 38 35 82 88 97 24 53 58 98 ]
[ 33 51 8 27 67 2 5 15 52 96 68 26 50 62 67 11 80 23 53 67 41 58 57 29 41 ]
[ 46 78 17 99 36 15 85 39 23 64 6 78 69 22 30 17 42 8 68 56 28 31 37 51 84 ]
[ 56 92 43 13 73 36 59 52 5 11 40 20 48 80 44 12 86 22 33 60 4 2 54 65 22 ]
[ 11 93 54 0 44 38 56 88 33 21 14 21 33 66 26 44 58 99 44 38 43 56 77 17 41 ]
[ 89 21 43 44 38 66 55 31 72 7 27 62 63 16 96 84 82 69 17 48 48 13 58 47 9 ]
[ 97 42 17 26 59 58 15 32 54 59 71 72 66 2 44 73 82 6 88 50 54 25 32 76 94 ]
[ 32 24 60 90 23 69 87 65 87 65 76 97 81 8 51 92 31 23 11 34 67 84 68 26 25 ]
[ 18 32 50 50 8 44 82 84 4 72 7 26 12 24 13 77 0 10 10 9 62 55 92 37 66 ]
[ 26 57 2 46 83 27 64 67 29 14 76 26 48 60 82 21 20 8 33 44 73 62 45 84 25 ]
[ 6 98 80 98 87 98 77 44 52 23 79 80 40 47 61 54 23 87 3 35 22 76 55 30 61 ]
[ 52 4 23 49 40 0 7 38 32 57 25 30 86 22 83 62 1 15 2 48 28 8 23 16 11 ]
[ 11 38 39 18 20 0 70 24 76 71 16 76 78 6 61 36 32 91 22 6 26 36 7 41 38 ]
[ 8 70 47 83 38 10 46 28 2 65 48 2 87 25 30 59 93 59 37 0 20 25 32 11 0 ]
[ 90 90 36 97 83 27 57 5 74 93 43 36 39 23 38 4 24 93 92 1 23 51 94 82 88 ]
[ 94 2 66 78 66 66 68 56 2 18 39 29 75 97 55 68 92 44 8 16 34 64 92 27 56 ]

Running merge sort algorithm: 
Timer (generate): 1058ms real	970ms user	70ms sys
[ 35 95 64 64 15 74 77 91 41 52 15 2 2 63 61 60 39 43 27 18 41 93 99 4 5 ]
[ 31 30 3 62 92 64 97 87 81 61 2 55 90 45 96 42 60 51 45 76 64 57 15 59 85 ]
[ 85 52 30 37 57 35 68 87 90 30 79 54 28 18 35 41 73 42 32 18 91 74 31 42 71 ]
[ 7 58 29 74 18 66 12 22 96 49 79 83 17 18 73 0 49 79 80 20 67 21 93 9 53 ]
[ 63 0 80 46 94 51 53 5 32 80 75 98 92 97 46 41 77 29 10 95 54 10 97 34 90 ]
[ 17 1 64 62 10 69 77 63 49 24 9 53 77 14 85 9 89 36 1 87 82 94 16 12 5 ]
[ 63 66 67 60 52 10 77 53 74 39 16 95 69 31 45 93 40 98 22 55 35 32 96 71 33 ]
[ 35 54 28 51 18 85 15 36 52 75 89 14 5 42 40 96 10 36 65 41 33 58 82 31 81 ]
[ 89 18 65 37 90 98 73 96 78 24 14 63 39 50 68 67 91 34 72 34 75 20 96 63 86 ]
[ 38 96 96 72 79 77 13 97 94 50 39 93 23 35 23 0 1 39 91 4 59 58 95 93 82 ]
[ 81 68 3 78 83 41 68 79 37 40 58 67 53 56 61 55 95 6 31 83 30 31 36 69 22 ]
[ 40 28 33 88 21 15 69 42 18 99 25 59 67 57 49 59 15 16 64 23 77 20 71 84 51 ]
[ 54 14 34 42 35 56 83 15 89 23 88 5 44 82 75 44 60 87 63 17 36 23 32 52 39 ]
[ 8 81 59 79 65 62 85 31 96 27 18 53 10 33 94 85 22 51 30 56 79 26 16 18 89 ]
[ 33 54 64 18 58 56 26 91 15 57 57 78 42 40 26 69 59 31 32 44 26 17 18 29 47 ]
[ 75 8 25 91 26 67 77 32 83 47 42 39 25 34 55 82 43 85 24 35 63 45 46 95 77 ]
[ 91 21 47 61 50 46 36 11 72 80 89 39 9 22 22 56 16 62 33 2 69 15 45 6 91 ]
[ 33 69 36 79 64 66 22 37 13 84 40 59 72 51 83 52 40 22 61 14 97 69 31 59 2 ]
[ 33 80 69 31 86 12 64 55 1 95 72 67 18 9 32 54 49 43 26 52 27 79 93 1 92 ]
[ 59 98 14 90 9 68 76 89 38 7 27 2 23 83 3 18 55 22 88 16 6 42 66 50 69 ]

Running merge sort algorithm: 
Timer (generate): 960ms real	870ms user	90ms sys
[ 65 99 11 91 39 65 17 22 99 72 25 57 11 85 71 63 47 57 61 30 89 27 12 39 63 ]
[ 78 82 23 43 59 84 60 10 96 3 49 13 20 24 12 92 1 21 56 86 92 19 85 49 81 ]
[ 16 91 60 28 30 24 7 65 47 2 24 31 14 87 79 17 36 92 38 12 57 30 66 30 38 ]
[ 4 23 58 90 24 91 6 67 51 86 50 75 45 15 74 47 91 58 61 78 37 79 67 82 69 ]
[ 31 91 51 97 21 90 2 96 0 92 73 91 50 40 94 36 42 22 82 57 96 81 49 54 43 ]
[ 79 44 74 46 78 95 78 21 46 27 94 88 29 91 88 21 64 31 71 56 26 60 99 48 42 ]
[ 8 96 23 9 3 18 89 99 44 87 77 39 17 50 38 45 44 78 74 87 67 48 51 98 71 ]
[ 60 76 83 11 76 25 19 73 1 81 76 71 70 75 16 9 4 7 79 54 97 24 98 76 50 ]
[ 86 95 50 89 45 74 1 22 57 12 50 83 84 23 36 65 51 59 87 78 75 48 82 35 27 ]
[ 88 84 51 39 60 54 77 7 4 18 53 78 20 27 88 84 77 71 20 53 59 85 4 18 24 ]
[ 35 46 73 17 33 0 58 17 4 97 30 58 26 37 14 44 42 45 16 21 33 1 51 56 21 ]
[ 4 67 59 60 85 83 95 83 8 65 16 61 75 34 65 72 16 75 98 5 41 94 48 38 11 ]
[ 21 71 12 72 79 85 28 46 96 89 84 32 36 67 40 53 36 1 28 22 18 52 38 45 2 ]
[ 43 87 97 43 25 8 65 49 72 37 80 9 66 27 6 7 63 38 95 30 30 1 18 84 81 ]
[ 40 2 86 78 0 88 74 39 37 69 64 97 34 65 21 24 46 31 42 25 89 1 88 79 48 ]
[ 70 9 49 89 93 31 29 48 17 60 0 57 86 39 95 55 3 44 42 21 66 66 19 49 60 ]
[ 44 38 61 32 17 9 2 26 11 43 72 42 73 72 11 85 72 20 71 11 67 26 66 12 68 ]
[ 87 30 86 58 79 98 2 17 59 86 34 21 41 12 32 84 84 26 9 8 89 94 80 9 65 ]
[ 91 29 44 10 41 64 97 71 3 8 50 1 10 19 61 97 53 34 38 17 66 74 54 44 84 ]
[ 62 33 30 43 94 96 86 23 92 96 16 56 46 39 59 54 89 61 64 60 74 13 65 8 3 ]

Running merge sort algorithm: 
Timer (generate): 946ms real	860ms user	80ms sys
[ 50 36 0 33 17 1 4 59 5 62 57 17 50 93 90 6 42 78 92 49 58 67 88 41 24 ]
[ 40 68 76 27 97 19 77 85 19 62 55 73 18 14 78 80 23 95 83 69 37 89 11 67 33 ]
[ 60 26 52 48 67 76 40 35 4 19 84 24 97 21 95 59 76 68 30 43 98 10 66 46 45 ]
[ 35 83 86 98 51 20 10 77 72 10 96 1 50 31 57 70 67 81 19 88 29 30 17 49 60 ]
[ 60 48 23 78 94 68 66 77 55 64 80 27 75 57 51 85 53 4 88 36 62 10 55 95 81 ]
[ 96 24 11 65 26 24 77 74 99 55 20 67 21 49 74 38 82 53 65 39 5 50 45 9 90 ]
[ 33 23 52 41 19 33 37 95 97 2 21 21 79 47 20 86 19 39 60 69 66 98 51 19 63 ]
[ 42 76 65 39 38 8 25 61 60 66 80 46 55 76 43 9 49 16 40 97 88 26 16 27 86 ]
[ 37 45 36 40 17 51 35 93 69 74 83 77 99 45 89 17 77 35 72 5 30 81 55 46 21 ]
[ 4 34 0 20 14 38 10 11 27 2 28 78 37 74 47 12 57 76 63 54 66 33 84 53 5 ]
[ 89 84 39 96 82 12 0 17 12 73 83 3 35 94 30 37 75 8 75 49 8 39 58 36 2 ]
[ 13 54 87 97 8 93 38 44 84 35 26 96 87 95 61 12 78 16 47 25 46 85 0 6 60 ]
[ 49 14 99 7 51 53 72 57 41 69 65 86 60 9 70 47 88 18 34 83 31 47 62 47 94 ]
[ 87 93 31 39 0 91 88 66 42 47 69 48 20 27 41 41 44 27 1 6 49 48 94 19 35 ]
[ 77 51 34 91 50 80 30 44 12 69 96 55 57 14 50 5 84 98 77 63 91 18 7 18 20 ]
[ 13 19 20 7 38 55 37 41 89 28 92 70 59 88 34 28 36 89 38 50 39 43 34 89 20 ]
[ 97 80 90 57 50 10 70 21 31 30 60 38 67 53 28 95 97 50 6 85 84 35 21 25 73 ]
[ 72 65 68 58 6 40 8 87 30 65 89 93 87 11 76 17 23 14 36 28 94 32 26 44 90 ]
[ 63 80 25 85 6 50 9 23 70 19 81 10 27 68 93 44 10 86 84 21 62 53 96 28 90 ]
[ 24 23 74 50 19 64 14 52 42 51 58 92 12 33 63 31 14 25 11 35 18 7 97 56 91 ]

Running merge sort algorithm: 
Timer (generate): 1000ms real	960ms user	40ms sys
[ 90 11 11 77 84 11 29 20 8 3 40 2 86 56 58 83 86 64 24 12 80 67 36 81 90 ]
[ 93 57 84 32 90 56 75 1 19 52 37 30 81 10 38 37 50 41 23 58 51 58 44 67 34 ]
[ 8 47 53 44 80 44 90 37 80 22 80 36 97 33 55 2 23 37 83 33 76 72 83 69 47 ]
[ 41 20 5 37 88 40 45 87 45 90 68 89 80 57 70 54 37 58 4 23 66 6 46 3 41 ]
[ 79 79 14 62 48 61 55 21 19 92 9 11 89 96 56 31 16 98 63 74 68 18 63 78 74 ]
[ 86 96 80 84 0 73 63 31 87 77 32 1 32 53 72 76 14 83 66 62 91 49 79 89 13 ]
[ 5 9 31 68 88 57 7 36 37 43 88 10 7 20 50 84 4 51 69 9 23 97 75 58 63 ]
[ 37 49 65 68 39 78 73 48 61 94 88 18 53 25 7 96 13 17 55 85 19 92 41 70 61 ]
[ 2 45 58 77 55 74 67 57 39 35 96 69 61 96 30 7 37 48 60 14 55 8 79 24 64 ]
[ 17 44 56 58 66 69 13 64 27 90 19 53 9 28 44 45 76 13 58 73 95 65 62 43 25 ]
[ 28 50 33 7 27 49 24 71 5 35 89 74 48 53 54 90 25 59 0 53 56 45 30 69 55 ]
[ 55 65 20 69 60 45 97 63 30 4 90 80 81 13 37 16 2 12 16 8 18 6 85 77 6 ]
[ 38 33 3 20 55 58 27 72 78 48 84 75 45 99 6 2 41 38 35 54 75 3 9 39 19 ]
[ 17 57 77 54 87 84 92 72 39 65 27 50 44 51 80 93 88 56 38 87 14 92 29 4 27 ]
[ 35 79 30 44 19 1 13 28 79 67 15 15 12 88 54 29 67 56 73 71 37 66 59 45 57 ]
[ 98 11 1 27 15 29 15 94 11 59 65 13 25 46 92 92 61 59 56 1 65 85 21 22 11 ]
[ 44 11 77 3 56 86 53 67 88 81 82 69 96 28 80 7 46 45 32 92 89 77 5 48 85 ]
[ 59 14 71 32 88 82 76 99 11 31 55 50 84 74 38 17 56 59 65 36 39 25 82 37 9 ]
[ 26 26 38 84 27 24 43 93 47 27 81 29 3 80 92 86 87 42 22 61 32 40 17 91 57 ]
[ 5 83 82 40 72 44 66 98 82 50 77 6 45 70 53 72 51 34 27 83 27 13 70 21 88 ]

Running merge sort algorithm: 
Timer (generate): 1031ms real	970ms user	60ms sys
[ 97 97 46 47 68 89 65 77 25 28 85 64 19 84 93 71 94 55 62 74 36 21 52 46 92 ]
[ 2 76 55 51 63 50 48 12 97 48 80 86 13 57 63 93 94 28 65 30 21 88 25 76 50 ]
[ 51 64 23 3 63 16 57 91 23 60 6 73 60 18 70 8 51 9 73 8 72 19 55 52 36 ]
[ 37 26 24 14 54 74 65 19 49 20 34 17 77 25 40 89 31 66 50 1 88 10 52 97 36 ]
[ 13 22 55 20 74 91 57 0 67 72 55 41 37 26 42 58 12 60 87 37 52 77 20 70 27 ]
[ 73 59 89 26 8 25 39 30 80 59 57 23 68 57 90 40 64 83 78 42 78 88 54 90 75 ]
[ 43 42 52 15 13 31 89 24 21 15 32 46 6 15 79 17 72 54 85 81 97 26 98 32 56 ]
[ 40 10 44 47 0 19 90 95 24 6 60 55 95 84 76 62 16 75 68 31 54 85 55 60 70 ]
[ 89 57 48 87 90 4 27 52 48 74 53 20 17 0 44 23 60 99 18 44 28 80 12 55 0 ]
[ 44 61 85 51 21 7 40 31 56 27 21 12 7 25 13 33 30 33 50 30 77 25 90 28 95 ]
[ 34 8 27 47 63 27 43 24 64 46 98 24 87 29 32 66 2 44 25 27 57 59 58 90 61 ]
[ 88 19 87 79 0 82 65 8 10 64 24 89 59 0 54 6 98 78 45 79 10 63 81 6 89 ]
[ 9 64 0 67 6 61 7 78 48 38 78 83 56 38 45 20 14 34 32 15 88 38 65 18 35 ]
[ 45 80 98 26 87 87 35 3 87 54 9 1 14 87 49 52 17 84 8 56 29 81 70 64 13 ]
[ 37 52 3 3 23 38 48 3 88 26 90 76 14 45 15 20 55 16 34 94 18 39 12 2 99 ]
[ 20 32 80 42 48 45 32 52 48 35 75 38 35 31 27 13 73 3 27 19 70 48 74 87 34 ]
[ 20 5 73 32 59 73 4 43 5 99 91 51 31 96 99 18 71 38 5 54 65 18 28 20 98 ]
[ 47 90 98 21 29 32 93 86 58 78 46 83 82 41 88 33 85 39 64 81 91 82 4 81 39 ]
[ 59 98 58 87 18 56 34 60 54 7 90 38 0 76 96 78 22 31 13 16 20 46 1 11 11 ]
[ 82 54 45 86 35 85 97 33 95 84 3 3 70 64 9 29 54 47 30 30 96 60 5 27 73 ]

Running merge sort algorithm: 
Timer (generate): 1015ms real	950ms user	50ms sys
[ 44 5 84 36 37 76 77 48 81 96 40 51 29 57 38 91 87 51 17 31 44 27 65 70 58 ]
[ 36 68 85 2 90 30 99 96 14 87 33 42 64 82 75 60 74 26 42 83 17 33 70 20 2 ]
[ 54 64 29 71 86 39 59 55 24 61 45 55 12 93 21 0 27 64 64 61 39 77 87 18 19 ]
[ 71 87 4 93 7 7 47 23 88 70 9 28 29 16 4 43 14 11 55 7 85 7 86 49 24 ]
[ 99 40 1 87 10 72 58 97 28 51 56 87 51 79 76 21 41 56 51 57 60 94 71 24 1 ]
[ 31 9 9 17 10 33 17 2 86 56 13 10 14 62 38 65 71 26 16 2 2 90 95 10 41 ]
[ 53 70 87 76 46 88 59 55 49 29 65 34 98 68 72 54 33 82 68 47 21 85 18 47 54 ]
[ 21 1 44 68 11 85 21 33 24 50 80 64 61 87 14 90 53 0 88 73 73 42 6 55 10 ]
[ 5 76 96 24 75 50 97 28 46 65 91 31 39 77 7 41 9 71 2 96 37 93 1 38 33 ]
[ 74 11 76 32 66 86 38 95 34 14 22 36 63 51 82 28 42 65 19 71 24 60 80 96 15 ]
[ 77 33 60 30 23 93 57 34 69 89 53 8 79 48 94 45 70 31 8 73 65 89 68 31 8 ]
[ 39 55 21 20 3 36 49 89 96 79 12 41 88 99 11 30 4 71 9 4 65 7 26 48 15 ]
[ 0 14 4 68 97 13 7 4 86 79 60 22 80 49 70 12 13 63 0 64 74 30 68 97 92 ]
[ 24 63 99 51 11 66 51 77 71 71 74 36 30 31 22 10 91 96 90 92 18 2 5 81 55 ]
[ 22 8 85 90 5 29 67 20 28 18 32 95 21 9 18 92 36 54 74 67 28 36 10 76 27 ]
[ 2 46 81 7 79 88 81 87 74 24 45 3 91 65 84 9 49 31 30 11 49 74 99 55 48 ]
[ 18 35 85 28 63 64 30 9 97 89 88 86 71 28 12 95 25 67 38 42 51 47 92 82 29 ]
[ 3 83 55 54 90 3 72 25 40 0 88 56 82 49 54 71 38 92 94 18 4 41 43 23 79 ]
[ 85 75 78 29 9 59 84 45 14 38 35 18 10 61 10 62 1 67 44 51 73 68 41 65 62 ]
[ 59 21 56 54 44 35 91 71 66 21 33 25 57 78 40 96 13 10 58 74 20 21 76 39 65 ]

Running merge sort algorithm: 
Timer (generate): 1006ms real	960ms user	40ms sys
[ 95 55 68 42 53 64 35 71 18 6 50 17 82 35 20 76 61 27 64 23 10 17 18 81 22 ]
[ 97 26 80 70 4 88 17 12 56 11 65 21 98 37 91 5 39 61 87 74 81 15 87 9 80 ]
[ 10 19 97 81 52 20 78 78 0 0 83 88 17 95 97 29 60 70 27 49 13 84 89 74 24 ]
[ 15 8 39 55 17 71 17 88 69 98 40 41 29 18 41 29 53 82 99 48 31 80 61 1 59 ]
[ 10 14 44 51 41 20 19 49 59 74 18 31 43 58 52 42 98 93 23 68 86 4 22 20 3 ]
[ 22 51 35 83 4 95 94 19 91 97 60 11 16 61 22 42 79 5 38 37 57 32 87 2 55 ]
[ 7 89 59 29 61 15 52 13 2 87 17 97 33 88 40 31 0 3 99 61 26 94 92 31 32 ]
[ 81 41 64 20 95 71 28 36 82 57 98 49 61 63 52 49 32 49 34 21 42 65 73 45 17 ]
[ 87 71 11 31 55 95 13 48 11 33 43 82 13 32 64 23 30 14 84 45 18 85 77 67 20 ]
[ 50 61 37 24 7 54 11 30 17 42 85 12 7 85 23 41 81 57 54 13 74 29 95 40 14 ]
[ 40 58 51 17 77 23 68 39 13 44 46 19 55 76 37 49 14 49 57 99 25 50 32 82 56 ]
[ 97 8 86 92 48 52 84 6 3 54 84 79 74 23 44 18 21 63 25 97 0 74 63 2 31 ]
[ 15 79 81 47 61 38 45 70 24 89 70 76 74 77 31 28 61 10 2 36 54 72 57 70 97 ]
[ 6 70 71 70 24 3 85 3 84 84 65 74 29 87 98 71 57 74 45 86 58 25 99 68 79 ]
[ 35 75 51 44 45 0 51 67 71 73 92 26 10 95 63 94 12 37 76 51 36 47 61 62 44 ]
[ 47 20 21 99 41 0 34 68 3 31 65 3 34 32 26 7 76 53 17 24 16 63 88 53 39 ]
[ 40 41 38 53 4 34 52 24 55 51 17 55 38 85 10 69 50 65 3 35 92 10 11 45 79 ]
[ 35 13 42 24 18 34 16 60 72 21 64 59 73 40 14 77 58 22 15 43 32 84 46 98 39 ]
[ 81 90 1 92 87 80 80 52 74 56 70 60 24 30 33 45 46 44 70 39 58 47 49 80 14 ]
[ 44 13 50 90 63 89 23 5 90 16 92 22 48 96 49 56 66 9 80 49 94 77 47 38 47 ]

Running merge sort algorithm: 
Timer (generate): 1112ms real	1010ms user	100ms sys
[ 63 80 26 92 14 2 34 86 34 68 17 82 83 63 0 95 23 25 49 22 4 17 68 58 11 ]
[ 83 9 11 9 49 53 24 81 79 17 95 33 3 82 20 23 51 54 59 15 54 54 38 32 55 ]
[ 60 36 24 29 46 35 12 56 47 73 5 52 50 86 32 67 33 17 22 67 89 46 19 43 57 ]
[ 34 98 11 72 30 18 84 66 43 13 13 78 78 21 77 3 26 30 53 64 14 72 49 83 95 ]
[ 17 73 93 36 16 50 22 14 13 46 96 31 30 63 26 96 28 5 26 49 34 81 27 64 35 ]
[ 91 30 59 40 14 54 9 39 99 45 55 1 19 22 14 65 18 98 48 81 24 96 9 81 22 ]
[ 10 68 55 37 84 90 28 15 2 21 81 8 30 20 8 28 27 9 99 49 76 65 68 26 65 ]
[ 1 2 61 63 36 35 73 4 90 11 88 33 91 3 35 64 36 43 95 56 3 75 84 65 74 ]
[ 85 93 91 5 19 8 59 73 69 22 9 56 47 13 99 10 2 84 2 57 71 66 94 66 13 ]
[ 2 70 40 38 87 15 24 80 6 29 99 15 40 72 36 62 34 45 62 47 96 72 1 80 26 ]
[ 59 3 45 5 69 10 7 91 51 46 78 66 22 58 24 3 9 91 44 34 80 58 68 77 20 ]
[ 15 73 45 69 5 71 28 8 68 85 29 79 92 21 30 90 99 48 64 10 72 68 19 16 64 ]
[ 5 48 22 73 25 95 41 50 40 10 55 63 90 15 32 75 44 63 19 17 93 62 69 41 26 ]
[ 79 65 46 50 33 62 56 81 37 81 58 84 22 8 76 84 15 39 26 30 23 53 27 86 73 ]
[ 44 31 87 13 24 65 44 42 64 95 75 26 3 9 63 36 67 47 11 76 23 95 91 15 74 ]
[ 22 90 27 1 29 52 45 60 39 59 85 57 55 27 21 2 54 47 57 63 63 94 31 62 5 ]
[ 59 38 52 50 53 26 24 95 54 25 24 58 71 85 98 82 22 7 89 1 28 92 7 75 49 ]
[ 71 90 43 54 53 48 13 91 53 63 96 79 40 43 85 65 68 44 88 5 94 22 27 1 12 ]
[ 80 29 4 87 56 5 58 47 49 12 52 49 25 95 2 41 43 34 81 86 19 98 54 63 87 ]
[ 59 57 9 38 58 73 18 39 29 6 48 35 16 47 84 81 99 85 58 46 40 99 41 74 32 ]

Running merge sort algorithm: 
Timer (generate): 999ms real	960ms user	40ms sys
[ 28 10 63 82 44 63 54 28 1 35 45 5 28 18 87 7 9 28 76 58 44 57 32 34 44 ]
[ 97 35 83 51 78 18 79 40 81 14 85 97 68 13 98 55 10 55 84 28 43 43 37 23 19 ]
[ 47 67 77 32 54 21 29 41 57 80 19 75 60 59 57 74 44 54 94 9 4 2 20 60 86 ]
[ 0 55 29 38 78 0 37 98 77 69 4 51 50 97 8 31 16 35 91 27 92 17 24 98 63 ]
[ 33 3 65 53 15 3 54 22 32 44 0 33 33 50 62 55 6 65 5 3 25 36 71 61 79 ]
[ 99 5 48 23 4 12 56 59 29 62 74 33 68 96 65 12 48 50 45 51 65 0 57 82 58 ]
[ 13 8 94 36 21 74 87 26 22 10 82 86 19 41 16 33 15 49 1 63 66 13 64 69 10 ]
[ 15 34 63 24 68 21 89 28 67 26 49 41 13 28 16 76 10 54 47 52 70 80 19 71 81 ]
[ 35 90 46 99 59 8 14 45 71 90 13 44 80 42 12 58 43 5 71 71 73 99 82 28 46 ]
[ 86 50 26 5 74 59 40 64 57 39 23 66 5 20 89 96 33 86 28 27 98 86 71 55 9 ]
[ 42 29 9 24 9 7 10 11 86 68 37 45 60 1 55 52 76 21 57 96 62 5 30 48 85 ]
[ 57 98 23 80 6 33 23 87 94 99 96 1 10 59 87 30 97 85 90 50 40 42 27 13 52 ]
[ 23 75 57 5 76 43 15 74 18 95 80 51 18 67 45 18 15 99 80 27 86 10 24 23 52 ]
[ 26 63 95 53 76 47 29 4 56 34 80 51 1 6 70 97 39 21 67 58 19 37 26 18 17 ]
[ 53 56 79 29 32 32 55 95 79 61 24 26 90 80 82 76 12 34 78 18 4 27 9 77 94 ]
[ 68 48 32 46 18 1 51 27 33 80 59 17 87 6 96 48 30 74 38 62 56 15 74 42 45 ]
[ 93 98 72 54 28 66 74 76 50 20 95 4 71 22 37 3 33 6 91 39 2 91 22 28 30 ]
[ 84 36 97 59 79 42 4 29 14 10 57 32 85 86 35 5 81 39 29 55 28 32 40 34 75 ]
[ 79 88 67 53 16 49 38 52 46 49 83 40 5 13 6 15 22 38 0 8 25 58 41 64 87 ]
[ 48 92 19 88 78 47 20 18 14 73 34 63 63 39 9 12 22 1 17 87 7 33 10 97 85 ]

Running merge sort algorithm: 
