Timer (generate): 1747ms real	1640ms user	90ms sys
[ 98 78 60 30 29 53 58 46 32 38 6 32 20 24 18 43 89 78 12 87 0 59 91 20 6 27 25 83 2 99 1 1 29 14 31 10 67 41 57 51 31 63 35 52 88 5 95 29 84 8 ]
[ 16 36 19 8 56 77 87 33 60 89 84 13 42 14 27 73 24 47 67 33 50 98 49 86 50 37 91 46 18 27 6 35 63 25 95 71 2 82 4 14 23 89 27 66 55 7 91 79 6 58 ]
[ 65 56 57 14 94 7 3 86 5 21 65 11 56 29 36 3 52 90 85 57 4 9 98 32 75 53 91 66 84 97 77 49 53 34 63 48 93 66 86 99 40 51 10 48 32 99 52 37 89 37 ]
[ 94 94 98 44 78 25 97 69 44 33 66 21 83 71 55 98 71 48 17 57 99 57 61 10 5 45 9 9 82 50 47 28 96 97 72 74 23 21 95 67 55 13 88 90 37 95 40 8 95 57 ]
[ 18 95 66 79 5 24 76 66 33 11 68 32 39 65 30 64 39 53 85 87 20 92 0 8 82 89 3 23 98 98 32 16 45 51 47 50 75 23 68 8 34 37 41 26 2 71 42 93 76 27 ]
[ 32 96 72 85 56 54 74 59 29 72 9 14 88 55 65 35 57 92 11 78 0 97 67 93 75 21 16 17 66 92 97 99 40 69 84 96 75 10 7 57 83 69 71 23 76 88 11 33 80 74 ]
[ 63 32 71 30 26 99 3 94 16 70 87 65 21 79 34 57 76 10 67 35 67 2 4 90 78 80 78 89 66 10 63 29 42 86 12 20 37 67 15 54 89 54 19 10 33 6 67 9 16 87 ]
[ 45 35 89 1 25 67 82 55 8 0 65 23 81 59 62 45 80 99 13 95 53 2 49 25 65 82 83 32 44 51 71 41 86 61 42 63 80 76 70 89 76 87 12 58 46 74 55 26 74 68 ]
[ 21 79 23 22 56 88 5 39 72 1 90 44 42 28 57 84 91 37 13 13 78 89 0 91 99 47 17 55 25 43 75 47 75 50 21 83 38 26 23 63 27 65 59 21 46 16 6 89 5 19 ]
[ 3 84 60 3 27 12 2 44 67 28 40 94 27 15 45 48 98 35 27 73 50 6 91 9 28 37 77 86 78 83 57 81 19 17 37 46 29 39 42 48 67 82 95 46 49 92 95 0 79 22 ]
[ 73 30 28 16 91 8 5 21 94 84 4 51 65 23 21 2 21 2 94 63 3 13 98 50 60 47 42 55 47 21 29 73 3 9 41 95 18 47 16 64 31 72 68 48 47 89 3 20 43 97 ]
[ 83 46 10 33 96 22 33 90 29 32 12 58 5 67 20 99 14 90 46 82 54 77 54 22 25 53 63 28 73 7 77 9 53 40 94 2 62 27 92 92 60 56 2 17 24 22 16 38 12 62 ]
[ 21 19 91 27 93 69 33 57 97 6 64 27 67 69 67 62 23 29 41 16 73 1 72 28 19 48 50 87 87 15 2 60 86 93 87 79 62 20 36 12 79 52 39 98 74 6 60 97 87 54 ]
[ 65 13 55 38 41 26 38 43 14 25 10 68 37 96 61 25 28 76 97 64 88 28 69 79 27 43 37 39 92 24 93 58 89 1 48 30 27 86 26 93 64 36 61 1 85 75 78 13 51 76 ]
[ 29 39 4 98 18 83 93 7 23 86 31 16 44 73 17 44 3 97 30 81 90 94 18 4 48 3 79 26 16 30 2 45 21 59 96 91 42 89 98 65 27 81 34 23 54 3 67 10 0 98 ]
[ 91 43 44 61 99 92 64 78 19 32 60 73 78 33 32 26 24 27 15 74 44 95 55 78 18 62 34 86 24 86 36 15 81 80 77 80 25 93 10 96 26 22 69 56 55 54 34 31 33 49 ]
[ 5 77 96 13 8 15 75 42 1 99 28 37 66 10 69 95 42 94 41 53 90 19 75 12 27 83 66 61 14 99 62 72 28 59 85 36 74 12 30 75 63 59 64 81 21 33 77 63 80 70 ]
[ 68 70 89 96 34 16 79 52 77 93 3 39 65 32 98 2 68 72 66 99 99 29 10 63 11 83 49 40 98 29 62 67 51 51 63 86 19 94 90 96 39 94 87 5 26 38 59 46 10 26 ]
[ 97 62 7 59 77 70 42 26 62 41 7 24 60 11 27 75 49 46 21 39 42 60 33 82 17 59 20 77 58 82 55 55 44 62 15 74 33 9 52 47 2 60 72 14 71 99 41 20 46 62 ]
[ 59 40 23 45 22 40 56 94 69 14 77 24 22 73 39 89 47 24 98 0 71 53 12 43 67 35 43 61 7 41 23 66 33 98 63 8 39 20 2 60 34 31 37 8 5 76 97 4 0 48 ]

Running merge sort algorithm: 
Timer (generate): 1814ms real	1700ms user	110ms sys
[ 76 63 98 38 79 8 57 35 97 5 51 1 42 24 65 45 91 9 18 92 53 41 19 98 72 10 69 43 5 67 86 81 30 85 71 61 93 29 96 42 86 99 43 80 23 61 77 15 70 95 ]
[ 59 75 36 78 25 8 41 94 3 46 61 42 79 44 27 3 5 72 32 54 14 70 5 10 50 29 23 79 96 93 74 55 20 63 86 45 23 79 40 27 77 53 21 8 97 0 11 55 72 95 ]
[ 61 38 17 18 0 67 47 23 98 95 68 73 51 88 36 89 34 59 20 74 38 49 79 11 57 29 11 21 84 35 16 97 74 34 15 26 53 15 50 52 10 18 77 13 59 65 54 93 76 74 ]
[ 19 67 23 98 78 33 27 90 54 63 25 70 12 51 56 80 78 10 95 28 14 57 98 91 71 57 8 25 50 84 52 21 51 27 20 30 60 99 20 66 63 97 89 27 49 45 7 27 7 2 ]
[ 55 73 60 5 16 83 63 24 60 65 9 12 87 60 92 59 42 4 58 14 71 73 12 12 1 61 9 60 40 17 63 47 42 75 52 59 10 67 83 70 33 44 35 72 5 27 31 99 83 41 ]
[ 14 6 67 26 18 20 39 28 80 31 97 95 78 39 22 82 50 32 50 34 55 83 78 90 7 35 69 90 35 4 83 49 11 50 27 81 22 18 9 3 49 58 50 79 50 73 61 0 57 11 ]
[ 34 64 46 65 54 53 0 75 43 87 80 27 88 43 29 67 24 52 37 86 7 86 44 9 17 94 34 79 47 92 42 81 8 89 98 63 42 99 90 38 38 22 17 27 17 98 46 42 2 84 ]
[ 80 9 70 24 71 40 71 5 19 18 49 61 51 58 50 50 73 45 1 15 35 91 38 4 18 55 2 65 49 5 49 29 66 71 6 37 11 29 43 82 99 92 96 2 2 98 4 75 43 5 ]
[ 91 30 97 81 34 67 88 37 84 90 42 85 71 8 9 29 98 72 58 41 7 9 85 3 64 40 1 68 67 97 26 58 27 75 91 62 42 32 51 79 22 93 16 93 53 25 23 3 50 33 ]
[ 96 57 95 82 12 59 74 13 27 41 10 53 52 38 28 43 52 23 75 3 54 49 48 70 43 53 48 18 57 50 3 53 7 98 87 71 9 61 84 89 3 95 42 55 85 23 50 89 98 78 ]
[ 92 52 27 92 74 22 45 74 92 54 24 96 8 83 46 47 54 8 61 39 97 16 86 91 71 71 14 73 60 64 3 4 68 31 96 43 5 93 17 98 48 94 46 8 77 44 7 32 52 68 ]
[ 23 49 84 9 41 7 32 7 33 44 72 36 0 40 67 48 35 25 41 53 23 41 99 69 1 76 13 9 60 18 29 83 67 14 44 8 73 76 68 6 72 40 43 72 32 62 72 68 87 14 ]
[ 73 62 7 72 31 9 0 97 70 61 15 99 44 34 65 89 43 91 17 63 97 42 55 92 66 87 55 39 7 94 5 32 57 12 56 40 73 57 37 95 18 4 47 14 39 12 3 34 3 73 ]
[ 97 53 15 52 45 33 91 52 72 99 47 77 83 4 42 40 44 15 97 34 11 67 38 10 81 29 22 37 15 78 62 12 83 77 16 28 10 8 33 35 59 80 12 42 36 6 34 80 74 31 ]
[ 66 37 50 5 47 32 86 69 69 2 99 31 66 82 60 83 63 22 43 96 9 54 28 22 48 64 80 83 96 54 66 63 91 17 20 38 49 6 60 70 8 59 53 27 94 65 62 9 39 5 ]
[ 57 49 11 85 23 59 49 3 42 45 58 61 60 49 78 80 40 27 87 0 49 47 11 54 74 5 19 36 66 58 93 23 7 4 8 30 16 9 34 10 55 44 71 15 93 49 48 85 28 35 ]
[ 85 77 34 97 31 61 54 2 49 21 61 43 44 20 99 53 51 67 62 37 78 69 81 49 37 26 51 85 12 79 72 97 9 58 46 92 19 1 47 69 74 8 64 18 28 63 23 31 31 38 ]
[ 20 61 59 1 62 48 80 13 85 92 45 9 41 6 68 40 98 87 93 97 56 67 5 20 37 86 36 13 69 19 3 90 80 62 91 94 63 71 8 0 15 5 10 9 11 78 49 61 65 42 ]
[ 59 74 61 16 46 98 2 34 63 24 5 66 14 37 81 57 32 44 81 40 96 48 97 6 57 8 84 6 21 2 0 80 28 61 97 26 12 51 61 75 75 66 94 41 56 75 51 88 71 32 ]
[ 80 67 80 77 74 90 37 10 96 58 64 49 39 92 62 88 19 74 91 32 2 19 50 96 60 6 71 11 46 94 95 26 13 76 55 39 18 92 50 14 51 14 15 42 59 78 30 30 52 21 ]

Running merge sort algorithm: 
Timer (generate): 1855ms real	1730ms user	90ms sys
[ 83 31 80 85 30 85 90 27 35 8 26 51 60 2 67 61 61 10 98 80 38 28 86 45 59 79 69 20 49 74 9 84 58 89 69 88 75 60 15 62 68 41 13 80 95 33 42 9 43 40 ]
[ 89 81 20 75 26 31 54 47 51 55 73 61 39 31 2 60 20 29 20 87 92 41 29 57 21 24 90 63 33 33 56 74 66 28 49 44 12 55 91 15 62 17 28 1 48 83 14 20 12 34 ]
[ 60 56 27 89 66 1 65 56 64 51 42 72 77 60 53 27 5 65 34 48 32 97 65 61 50 14 44 64 86 8 51 46 65 78 87 31 79 5 39 96 8 33 20 85 94 73 64 99 90 99 ]
[ 47 23 96 65 84 46 31 80 11 17 88 62 16 5 92 55 88 24 60 28 20 20 13 40 6 59 66 70 10 56 69 10 79 17 75 15 16 6 95 79 75 36 93 91 41 85 99 30 9 11 ]
[ 10 81 32 75 74 90 35 40 12 45 48 82 55 80 51 30 95 67 36 43 46 64 79 39 7 20 77 6 2 38 18 12 20 2 88 94 44 75 86 56 20 34 90 76 66 42 6 62 61 95 ]
[ 57 8 59 36 99 66 8 28 25 11 67 95 75 39 49 15 85 93 90 23 49 63 9 40 39 76 82 97 38 43 44 95 3 3 83 55 22 91 83 99 54 2 94 82 41 43 49 78 36 92 ]
[ 1 85 55 11 77 46 87 59 43 77 55 88 24 10 43 7 65 17 50 1 16 5 55 62 39 49 57 88 27 93 32 29 31 87 92 8 85 79 20 29 56 27 69 80 37 64 39 55 34 89 ]
[ 8 2 46 63 65 85 12 22 26 92 68 10 21 51 98 65 11 83 44 83 64 52 10 85 84 0 50 23 55 84 12 63 86 11 78 3 48 91 78 26 83 46 37 56 97 87 21 60 70 17 ]
[ 44 87 69 54 72 5 54 74 28 61 10 92 76 49 3 55 52 4 98 30 30 81 28 67 89 77 54 62 38 77 79 82 16 0 36 88 5 43 15 85 4 77 77 33 26 33 88 31 89 86 ]
[ 13 19 19 42 87 60 19 93 22 57 70 1 91 86 53 80 27 58 23 94 95 79 71 24 12 98 9 52 29 98 90 94 18 9 36 57 69 8 50 91 17 73 44 9 59 49 89 38 59 64 ]
[ 32 54 95 4 79 60 2 88 12 83 39 3 29 57 64 66 66 86 74 16 29 43 89 26 52 1 75 93 39 35 57 72 89 5 76 68 65 30 9 29 65 48 84 94 57 49 12 23 35 38 ]
[ 91 16 82 33 42 34 34 18 80 73 53 89 97 94 94 25 15 11 55 24 41 72 24 25 19 81 26 31 56 61 70 99 30 52 32 72 38 66 90 18 92 95 60 41 90 54 67 5 66 74 ]
[ 81 59 47 5 84 66 38 11 49 46 24 19 45 54 23 78 79 14 96 21 32 88 17 44 30 7 51 49 64 69 23 45 28 70 50 64 88 40 75 38 86 52 9 31 58 33 9 37 47 58 ]
[ 59 31 98 28 28 80 35 79 29 99 48 53 96 76 75 46 40 64 38 68 54 24 72 15 7 82 0 69 20 47 27 31 31 25 59 59 6 46 90 35 97 38 40 93 66 16 91 58 32 81 ]
[ 78 38 5 50 53 64 33 54 33 5 53 12 88 36 90 99 47 96 45 37 83 94 27 76 39 93 44 82 4 28 63 82 66 20 85 71 84 70 77 70 75 83 82 15 19 72 14 19 20 11 ]
[ 56 56 5 36 32 96 29 76 78 85 4 41 68 22 13 53 45 97 75 23 19 2 6 54 17 77 78 31 96 99 94 5 7 51 41 39 47 22 67 25 8 23 18 76 97 31 81 42 80 56 ]
[ 17 0 58 75 6 27 53 84 10 49 35 4 54 42 55 95 33 54 18 0 31 78 75 49 54 72 32 87 67 64 95 84 16 5 60 22 32 65 7 42 14 42 46 21 85 53 16 70 7 86 ]
[ 71 38 64 98 39 70 23 23 9 90 87 56 26 4 61 38 26 93 3 85 87 70 80 85 91 17 38 59 87 97 98 10 35 14 9 26 37 32 49 98 74 37 55 0 93 16 91 71 62 46 ]
[ 9 49 16 89 87 59 6 25 71 93 75 69 56 62 35 65 89 72 97 90 23 71 27 78 23 72 46 66 44 8 13 53 10 81 94 97 93 52 74 64 45 49 85 53 12 72 18 1 45 67 ]
[ 91 68 90 71 98 14 95 44 32 91 53 45 96 15 79 90 12 24 42 86 88 40 88 25 93 0 97 12 53 94 79 44 14 70 67 12 36 63 57 68 54 62 66 51 77 97 93 41 21 36 ]

Running merge sort algorithm: 
Timer (generate): 1850ms real	1740ms user	110ms sys
[ 90 9 40 69 91 90 0 96 45 43 18 69 51 61 43 95 56 45 9 88 62 10 45 94 84 88 40 87 18 54 97 61 15 37 30 7 28 82 55 25 25 73 94 28 34 37 75 90 35 84 ]
[ 31 49 47 28 44 31 68 36 18 86 43 15 99 58 5 81 17 85 63 73 10 40 46 56 20 33 46 95 75 33 32 6 82 79 86 78 62 54 67 80 93 10 47 92 68 52 74 38 37 89 ]
[ 11 99 82 9 8 2 42 54 50 18 87 82 76 21 13 15 52 75 69 19 7 62 29 54 7 49 59 33 87 96 22 50 48 56 60 56 11 2 10 61 72 49 95 1 22 8 16 74 83 85 ]
[ 93 90 0 74 96 7 24 55 40 63 4 14 14 4 71 74 60 34 28 22 95 53 23 90 54 45 50 70 20 33 7 65 75 59 40 23 66 16 79 58 79 35 25 45 39 48 71 99 82 0 ]
[ 73 77 53 96 19 59 93 69 81 13 54 88 31 81 0 23 4 66 39 35 77 70 22 2 16 13 50 87 64 84 87 37 13 92 85 32 51 79 53 84 44 59 25 75 40 25 98 96 43 37 ]
[ 84 20 60 58 74 76 72 76 63 36 60 3 74 73 47 59 57 51 38 10 35 83 21 60 10 61 85 9 10 29 98 46 1 58 4 76 86 76 4 50 13 65 5 39 90 4 98 48 55 89 ]
[ 10 91 24 32 3 34 45 89 95 7 70 46 53 71 56 58 99 43 86 4 45 99 21 50 38 63 6 89 63 62 30 74 5 54 58 8 40 55 49 88 63 19 86 68 43 42 78 94 85 65 ]
[ 50 82 16 23 84 55 87 91 96 50 53 26 76 10 32 34 18 24 42 68 64 5 39 50 25 34 45 4 29 82 21 31 65 37 55 1 92 42 92 40 92 97 18 21 7 50 55 78 27 97 ]
[ 98 43 54 37 94 32 24 91 36 53 73 57 84 90 46 91 92 39 33 84 31 78 34 50 99 41 52 6 71 79 56 69 75 62 7 21 94 83 12 30 36 37 39 72 28 86 64 72 77 49 ]
[ 8 60 79 42 10 30 36 63 37 7 94 93 77 69 55 36 42 2 19 54 84 7 92 24 31 72 62 47 44 91 97 4 51 76 47 14 59 35 29 96 42 75 41 71 97 48 59 39 50 30 ]
[ 94 35 37 38 11 21 10 25 68 6 68 65 10 71 94 9 85 53 44 66 1 39 42 94 10 39 42 22 78 45 52 24 80 42 14 43 63 24 68 31 82 36 49 45 7 95 54 45 0 51 ]
[ 11 1 90 5 47 52 44 89 74 75 34 79 51 66 73 66 9 36 42 29 19 25 65 20 70 25 15 76 22 67 27 85 20 17 91 67 22 87 57 48 62 43 27 66 10 0 32 71 88 74 ]
[ 1 8 51 18 80 73 95 48 50 17 15 29 55 88 47 46 55 21 33 64 69 48 60 49 14 22 49 46 93 90 72 94 50 24 13 30 97 60 30 99 78 46 29 33 86 28 31 41 49 64 ]
[ 58 70 64 18 19 78 40 21 24 33 11 49 80 13 73 45 43 22 5 74 74 35 72 3 20 58 83 51 51 84 68 9 54 32 79 26 11 19 47 87 5 10 36 37 23 61 82 18 36 39 ]
[ 44 10 75 16 65 47 26 48 51 30 32 19 39 38 3 71 64 66 42 11 6 99 73 42 36 48 56 70 67 92 10 11 54 37 80 19 84 58 67 87 88 51 6 80 89 62 51 54 28 93 ]
[ 17 34 45 43 29 81 91 37 52 10 81 14 22 35 51 54 54 87 64 73 75 53 24 33 85 65 47 88 19 76 33 89 62 78 32 91 60 23 28 64 34 9 78 8 96 81 14 2 20 78 ]
[ 75 47 83 51 33 68 69 80 8 88 56 42 29 19 20 61 62 80 85 43 96 71 4 74 31 1 7 45 3 28 75 31 27 59 82 60 79 51 41 88 92 49 82 21 20 2 35 35 35 20 ]
[ 78 31 43 82 58 74 83 65 71 39 45 46 70 73 57 4 85 89 8 78 29 52 28 11 73 48 13 60 35 0 32 13 32 75 48 42 1 83 59 72 22 5 19 92 30 28 49 67 17 57 ]
[ 46 98 9 74 9 34 74 75 95 10 27 27 75 11 55 23 53 56 7 13 29 29 70 0 74 52 80 23 19 50 32 17 48 93 43 10 27 70 37 74 32 64 54 7 28 9 31 81 17 90 ]
[ 46 98 71 16 98 45 20 31 20 92 81 4 9 81 97 53 91 77 23 80 51 55 97 57 14 25 18 97 6 36 87 5 34 59 21 85 56 94 68 29 86 49 33 47 82 31 0 74 60 75 ]

Running merge sort algorithm: 
Timer (generate): 1879ms real	1740ms user	110ms sys
[ 24 93 10 79 20 88 50 87 63 50 26 18 70 75 14 57 91 19 7 61 47 65 76 78 20 26 70 38 27 14 6 3 8 68 35 80 56 85 19 71 88 45 90 10 21 56 68 64 27 27 ]
[ 25 75 44 2 5 65 80 75 55 60 41 61 63 49 29 98 82 37 36 53 9 76 99 51 86 72 7 54 88 87 33 66 62 78 20 67 43 0 94 50 12 35 12 76 37 41 26 71 79 14 ]
[ 24 40 90 75 43 77 99 2 83 88 89 69 54 51 47 74 70 42 26 64 92 39 52 4 67 41 98 93 12 29 60 36 21 50 64 64 79 63 66 63 51 56 32 57 59 31 31 30 73 10 ]
[ 46 17 1 50 74 68 91 24 13 55 53 73 44 74 24 8 90 3 71 56 18 23 64 50 80 76 33 64 6 58 26 4 76 27 55 2 95 98 26 60 54 31 34 98 5 10 6 95 13 77 ]
[ 3 84 52 68 86 85 96 20 1 2 78 27 58 6 6 65 60 53 64 86 13 70 17 47 68 74 9 26 21 75 55 25 59 8 45 45 45 41 17 46 95 48 73 5 54 79 71 15 84 87 ]
[ 53 97 57 23 97 77 49 6 55 71 81 10 48 40 70 93 38 15 86 55 61 33 3 86 38 10 17 61 77 1 48 82 99 57 5 48 86 55 54 41 78 36 52 26 28 22 71 18 90 57 ]
[ 26 3 42 81 90 32 91 59 94 20 61 94 3 12 52 60 60 38 15 14 32 45 2 84 71 83 58 42 1 0 51 27 4 45 9 94 78 52 5 72 73 66 66 28 30 70 88 90 61 56 ]
[ 57 93 1 11 29 73 94 39 67 48 40 71 75 44 16 36 90 94 89 95 66 62 14 85 42 44 7 30 87 68 38 44 13 40 7 42 65 2 82 32 50 22 55 77 18 72 14 8 66 3 ]
[ 3 85 17 17 22 11 62 29 41 1 50 80 97 63 72 4 58 37 58 92 21 60 66 77 38 84 49 4 92 67 7 47 52 76 17 74 87 31 56 80 32 6 12 29 21 84 33 31 73 92 ]
[ 23 95 4 41 24 42 25 25 98 69 92 5 17 97 33 34 23 72 65 79 5 97 37 17 78 11 2 11 42 27 55 18 74 60 59 98 54 37 75 53 6 68 10 75 65 96 9 88 68 26 ]
[ 20 73 75 9 43 53 20 97 17 15 24 24 85 99 36 96 49 91 33 25 96 92 45 58 67 62 54 29 2 75 7 22 0 83 32 43 88 4 40 57 19 17 82 56 68 18 53 17 61 38 ]
[ 94 57 30 39 16 50 1 22 79 4 97 38 78 50 21 62 93 62 67 86 19 38 55 53 95 23 72 0 92 33 38 87 43 21 78 11 71 80 33 2 36 31 40 66 81 14 29 26 76 48 ]
[ 64 47 86 19 1 33 42 73 33 35 58 24 74 53 45 52 64 68 32 98 70 20 81 62 87 14 76 68 40 4 16 57 4 54 76 5 88 71 30 73 6 40 97 80 94 94 84 58 62 17 ]
[ 56 84 89 89 47 28 3 75 96 96 32 64 53 36 19 29 41 59 0 23 32 58 63 30 90 57 76 75 16 39 44 24 23 85 14 22 14 69 50 62 65 82 27 70 70 46 52 11 5 4 ]
[ 34 89 63 49 71 5 7 48 80 75 87 24 99 62 10 65 37 76 87 87 38 52 21 17 75 91 63 27 54 20 31 40 62 46 89 33 52 96 81 32 71 68 9 23 83 71 40 20 47 27 ]
[ 59 37 32 80 55 7 71 70 86 25 43 17 65 5 64 54 38 16 3 20 0 26 40 9 1 23 80 42 95 79 69 54 17 53 34 72 12 57 42 98 34 37 16 99 42 32 6 81 0 61 ]
[ 53 0 87 93 10 89 69 42 83 64 22 4 19 39 58 5 63 70 63 57 21 97 95 89 49 37 21 7 70 21 68 23 21 7 69 83 48 90 26 31 54 0 36 25 39 46 31 54 16 94 ]
[ 11 37 91 6 26 92 96 99 99 66 72 19 42 46 27 11 29 75 53 7 7 7 7 95 33 98 41 16 52 9 10 64 47 53 22 25 46 18 77 97 37 49 17 79 95 44 42 77 71 95 ]
[ 84 30 54 92 25 87 90 66 55 43 28 65 59 27 71 81 52 69 52 81 66 89 31 83 68 78 79 10 55 51 57 40 33 11 32 59 51 74 77 6 69 5 24 28 84 95 62 37 16 14 ]
[ 70 82 55 1 18 23 80 49 85 35 52 94 27 86 5 11 97 8 86 26 15 55 32 91 36 16 86 50 5 2 64 76 36 71 29 6 94 61 56 31 49 8 25 76 94 82 88 91 91 26 ]

Running merge sort algorithm: 
Timer (generate): 1778ms real	1670ms user	90ms sys
[ 78 13 40 0 48 35 4 91 84 82 78 4 18 66 16 91 4 83 97 19 6 13 10 31 52 62 76 89 54 40 9 85 53 1 85 1 36 41 45 72 24 23 28 42 41 96 33 45 79 30 ]
[ 65 38 95 27 21 99 42 98 88 48 38 49 33 43 50 70 97 38 12 42 62 88 17 90 30 58 86 15 55 66 45 20 4 92 0 25 91 42 75 31 42 65 32 76 9 34 98 6 72 62 ]
[ 0 34 50 69 76 80 79 62 47 34 28 92 7 84 36 7 62 79 1 37 62 95 55 94 23 64 28 22 22 52 84 74 38 35 43 14 67 22 77 15 8 57 59 15 42 48 74 4 27 27 ]
[ 41 90 23 48 84 46 12 65 68 86 17 5 12 56 92 55 22 59 29 99 26 90 57 38 5 99 86 80 55 65 59 48 55 82 97 92 29 61 57 49 48 26 54 60 82 98 68 57 10 49 ]
[ 56 88 39 13 26 45 64 64 77 71 30 88 20 85 71 17 77 52 78 86 1 78 13 8 39 47 6 59 4 68 8 13 57 48 78 83 45 43 48 74 14 30 62 86 15 85 3 45 37 34 ]
[ 83 91 12 96 99 3 96 57 62 52 26 71 65 35 71 44 70 68 39 18 94 53 0 56 40 68 42 95 13 31 29 48 22 42 45 73 45 93 31 60 45 9 31 63 96 54 7 66 22 46 ]
[ 37 16 51 37 24 43 5 18 39 70 50 20 19 24 14 16 98 12 9 81 72 6 42 55 69 38 9 28 4 83 74 41 51 78 79 75 21 84 46 12 55 48 85 26 72 99 42 22 11 51 ]
[ 3 35 9 45 90 79 83 99 7 88 34 34 81 85 64 60 13 85 97 11 50 4 59 35 30 83 86 72 6 98 75 9 33 84 7 76 15 90 27 75 30 62 61 12 99 25 24 12 62 21 ]
[ 23 12 77 34 99 59 18 86 31 76 36 58 85 21 95 92 97 62 35 25 89 17 87 50 29 86 27 6 51 90 27 26 54 57 61 54 16 31 40 0 7 28 10 44 49 5 89 47 68 76 ]
[ 72 57 93 11 60 75 97 87 81 0 29 60 27 84 17 88 90 86 71 82 86 30 10 96 74 59 54 15 58 22 91 82 31 37 93 43 12 43 83 93 43 12 5 70 48 23 10 90 9 33 ]
[ 72 47 63 34 43 90 94 97 57 4 71 1 87 55 38 80 50 50 75 33 95 19 98 0 41 98 75 4 89 36 37 13 83 53 48 79 43 94 28 0 98 52 53 37 7 91 18 9 93 93 ]
[ 95 40 64 45 41 58 43 68 62 84 5 51 98 88 4 98 19 99 92 48 52 42 0 5 80 59 97 50 68 42 95 15 83 60 60 76 70 4 44 32 40 1 35 90 90 40 88 61 91 32 ]
[ 9 43 75 61 1 7 20 50 57 41 92 4 56 27 16 17 3 86 73 0 70 13 1 6 56 43 98 44 5 89 29 66 85 56 28 38 63 48 88 72 41 32 76 50 60 93 19 15 79 92 ]
[ 15 2 57 17 8 13 60 6 10 17 47 39 84 32 47 12 70 10 12 10 34 6 43 62 56 55 7 75 70 39 67 86 41 76 55 49 42 67 7 52 85 54 43 21 39 90 33 9 52 97 ]
[ 72 38 3 67 0 59 22 8 86 92 47 53 30 88 82 85 89 24 5 96 28 42 50 71 63 89 13 48 51 17 45 75 55 1 42 7 12 64 67 99 8 66 4 91 54 86 76 95 62 33 ]
[ 91 90 75 94 13 38 35 78 38 38 95 84 13 2 37 55 62 49 71 29 48 32 96 5 23 2 91 51 50 6 85 41 96 60 87 62 51 23 40 89 61 88 25 27 42 14 34 56 64 58 ]
[ 38 64 90 86 21 13 88 13 16 38 71 1 32 19 14 19 81 17 94 74 58 8 14 36 35 8 50 69 65 66 27 3 83 69 89 4 82 29 69 51 20 40 52 4 60 18 23 93 35 70 ]
[ 19 46 78 33 82 13 94 84 34 59 3 14 14 86 83 55 42 18 36 64 69 56 4 73 60 16 92 36 62 79 6 81 25 84 67 59 49 61 44 83 72 99 97 38 37 81 93 79 51 29 ]
[ 43 20 38 0 93 50 68 37 86 30 17 44 64 94 28 83 54 77 96 50 13 20 49 62 58 86 43 3 17 46 84 13 66 74 13 12 25 81 49 11 64 18 56 80 13 36 15 19 66 11 ]
[ 69 79 31 70 41 41 8 37 96 77 83 32 90 2 7 3 66 32 37 67 95 53 86 51 85 99 40 0 18 6 11 39 37 94 9 30 87 69 19 83 46 55 15 37 57 22 92 75 6 81 ]

Running merge sort algorithm: 
Timer (generate): 1836ms real	1720ms user	100ms sys
[ 63 78 57 68 50 39 28 70 33 65 36 26 98 57 66 49 48 64 75 94 73 69 38 47 25 76 48 21 41 23 10 4 1 67 25 51 7 53 74 92 70 10 19 68 67 85 69 67 1 96 ]
[ 13 27 17 3 74 42 80 23 64 73 98 74 30 99 94 55 2 53 8 76 97 78 38 16 98 57 53 19 76 55 15 90 82 32 93 56 26 25 31 90 51 29 17 81 80 11 36 83 16 96 ]
[ 11 13 26 50 30 76 7 35 95 84 90 62 26 24 94 71 33 20 49 16 63 0 98 80 33 78 43 69 13 59 17 25 72 95 27 54 71 34 90 18 70 32 80 96 9 26 20 94 98 69 ]
[ 10 61 21 60 93 54 39 36 75 4 47 92 29 72 87 8 26 10 43 68 28 65 53 60 14 62 86 34 56 84 55 18 98 76 79 91 30 70 80 5 74 27 49 56 99 88 64 78 98 59 ]
[ 46 78 25 99 38 39 13 24 25 69 60 80 40 58 8 19 50 38 41 30 95 15 9 44 23 9 84 88 87 82 99 85 12 24 37 50 15 50 26 92 72 86 72 12 45 80 83 47 70 24 ]
[ 77 65 91 86 61 15 47 45 55 86 79 54 72 91 31 9 93 98 11 19 91 83 6 15 47 51 48 82 50 18 58 27 36 50 65 97 17 65 95 24 51 74 30 75 18 61 36 11 12 48 ]
[ 31 3 83 37 18 31 40 66 65 90 37 24 69 73 26 86 22 43 51 17 19 55 92 49 30 62 63 67 73 75 67 4 78 50 93 48 33 85 67 99 27 4 23 48 77 1 35 99 44 38 ]
[ 17 15 93 61 64 76 75 79 95 48 54 62 5 84 64 98 85 50 36 52 1 63 56 76 64 33 77 99 84 21 89 53 88 35 66 4 11 41 84 6 90 90 20 47 27 36 45 12 86 33 ]
[ 64 39 49 72 15 13 5 92 64 41 65 53 47 53 88 13 58 51 7 94 57 97 84 29 44 63 18 41 75 56 27 91 96 76 63 11 89 20 4 53 62 69 6 9 23 47 74 33 98 81 ]
[ 27 8 30 63 89 26 79 7 20 54 64 47 98 60 23 61 23 12 82 27 17 96 97 75 57 72 22 31 57 73 65 36 81 95 51 70 74 30 78 94 85 94 41 35 6 64 96 29 28 30 ]
[ 9 45 78 58 20 35 82 95 19 39 68 36 75 49 31 26 71 57 57 1 51 94 95 92 29 53 8 77 35 36 60 44 33 38 2 54 26 84 1 97 75 69 33 50 70 16 28 41 74 85 ]
[ 43 77 31 90 70 12 96 30 42 31 67 2 27 0 40 29 6 18 65 59 15 40 28 0 42 98 69 70 92 95 8 87 72 91 77 42 4 25 73 46 56 92 0 83 44 92 64 3 11 81 ]
[ 62 78 21 43 31 15 41 0 86 85 95 46 72 67 37 2 62 93 27 87 39 84 31 91 19 27 84 84 30 95 17 45 73 91 88 4 6 81 56 44 67 51 90 91 71 80 93 85 73 21 ]
[ 24 65 57 55 56 76 82 40 12 65 35 30 62 61 21 50 17 79 83 74 24 2 77 66 94 0 46 87 85 20 8 61 85 65 16 41 94 51 82 6 68 69 88 30 30 61 32 0 41 15 ]
[ 74 17 18 3 83 12 4 30 99 41 50 60 3 87 25 71 28 19 22 62 78 42 32 18 72 62 80 4 14 73 72 88 90 90 44 73 2 0 55 53 41 57 13 96 44 91 68 25 62 42 ]
[ 87 40 85 71 11 9 86 91 14 0 16 86 41 6 28 85 31 30 85 39 35 26 96 49 75 93 40 43 70 2 85 9 95 22 81 6 32 67 49 98 67 17 36 8 75 64 93 6 46 30 ]
[ 97 81 9 94 82 84 39 74 27 9 77 64 18 24 87 51 82 71 18 83 69 86 0 57 94 75 21 40 33 19 70 31 52 79 77 35 15 68 9 42 29 38 59 99 14 98 51 96 21 69 ]
[ 31 42 7 83 99 54 10 72 94 96 91 16 79 43 48 8 78 63 76 40 58 57 78 69 56 45 67 7 93 40 29 25 82 36 60 81 90 71 53 36 67 96 53 98 39 53 6 70 68 82 ]
[ 62 78 91 92 47 47 37 66 7 31 6 36 8 88 72 68 21 15 39 26 51 58 22 56 56 14 9 14 84 30 96 98 8 87 90 8 87 28 74 94 11 33 30 19 73 54 87 95 69 79 ]
[ 21 21 89 96 29 98 10 39 12 46 21 61 44 29 0 34 37 87 14 64 33 25 97 63 44 70 70 84 17 39 63 39 12 4 35 42 2 97 33 15 43 54 28 87 35 28 21 25 68 36 ]

Running merge sort algorithm: 
Timer (generate): 1854ms real	1770ms user	70ms sys
[ 6 63 4 36 71 13 68 74 53 74 68 24 61 75 16 67 90 30 37 87 28 83 35 66 7 15 0 98 79 36 42 38 51 99 26 22 12 94 48 18 20 17 94 81 44 63 49 86 45 38 ]
[ 25 74 73 61 40 80 28 93 78 59 81 72 97 32 71 75 6 36 69 7 6 89 76 0 23 20 15 24 59 61 62 36 87 87 97 79 67 77 24 97 37 57 21 86 89 45 62 48 33 83 ]
[ 55 39 25 31 91 0 3 7 24 62 68 38 99 7 25 48 86 44 26 11 93 15 68 14 53 10 59 67 10 92 3 65 83 28 48 75 80 51 82 4 66 2 94 17 61 71 17 47 15 95 ]
[ 10 8 62 31 74 16 93 86 83 3 30 38 20 14 66 68 89 46 71 23 2 89 77 48 58 90 19 28 37 34 23 0 94 86 31 69 54 24 55 89 79 85 28 99 51 94 19 92 93 42 ]
[ 67 47 84 44 96 42 34 67 70 24 54 46 76 48 32 7 69 86 83 76 75 14 14 55 65 65 2 84 10 47 78 77 94 62 74 42 57 60 10 27 84 64 25 12 64 57 19 86 95 54 ]
[ 62 23 20 28 78 85 46 80 69 56 27 48 33 74 62 7 68 19 68 30 99 4 94 24 17 11 34 88 97 81 95 11 56 15 40 35 1 38 67 22 94 47 70 79 73 85 87 41 4 7 ]
[ 72 3 63 18 80 32 81 14 73 30 47 68 42 4 83 34 39 36 24 58 59 18 57 81 49 82 66 88 76 71 95 0 26 11 70 6 43 52 72 16 82 20 36 76 24 72 62 15 8 86 ]
[ 25 67 56 35 1 6 17 67 94 93 90 42 93 69 5 64 27 0 68 0 69 2 72 5 31 48 77 93 15 38 32 40 5 40 75 58 98 45 26 45 90 16 87 36 37 44 0 65 44 20 ]
[ 65 13 22 89 19 53 37 48 99 52 86 31 44 44 23 72 2 22 17 28 67 7 97 6 43 34 2 95 99 46 15 16 60 90 5 31 43 94 79 42 98 18 25 43 62 1 15 64 23 84 ]
[ 45 42 43 94 0 87 80 2 34 32 48 2 0 60 92 58 91 87 52 23 82 51 41 59 46 3 60 61 19 83 45 16 77 88 10 29 27 43 31 14 75 32 16 27 44 60 85 36 99 90 ]
[ 11 81 41 52 93 39 7 53 0 26 89 97 43 66 85 5 48 65 48 31 79 75 63 47 3 8 59 88 96 10 78 7 44 71 11 37 10 18 90 62 96 79 59 39 98 97 97 46 62 97 ]
[ 77 93 73 93 92 76 53 3 16 1 13 47 60 57 18 71 94 81 41 37 43 37 16 55 29 66 52 26 64 66 23 42 11 48 87 3 76 92 58 93 93 71 92 5 81 10 28 75 43 69 ]
[ 12 39 58 81 94 87 47 98 65 12 64 41 6 27 89 45 30 66 37 88 11 82 11 3 87 92 65 15 20 61 36 32 0 94 65 46 82 13 44 99 77 60 40 35 87 82 80 69 0 69 ]
[ 9 63 51 20 18 90 13 35 57 85 96 93 69 48 39 35 94 73 0 38 73 77 98 65 64 37 99 44 6 51 13 15 14 16 36 32 58 1 68 67 86 16 12 55 65 51 42 59 25 42 ]
[ 50 50 71 0 67 35 38 67 31 44 18 96 60 85 12 48 17 22 49 37 89 87 54 1 94 19 5 37 30 82 31 80 32 3 81 99 38 19 18 70 15 37 66 75 22 31 23 91 5 24 ]
[ 81 95 63 87 48 58 58 53 47 88 35 78 21 19 33 2 71 24 73 89 46 88 78 64 16 52 47 39 96 53 16 77 0 79 64 48 89 22 54 88 10 41 19 83 13 52 85 84 28 10 ]
[ 73 74 99 4 91 67 56 38 6 52 91 74 29 43 6 45 92 95 67 98 36 30 91 55 13 4 59 51 40 40 13 14 14 64 70 5 31 26 96 38 31 87 64 12 31 70 58 75 18 77 ]
[ 25 54 59 68 61 25 73 72 28 13 12 41 79 79 6 1 36 37 28 32 27 59 72 92 23 55 62 81 30 32 59 7 86 70 75 99 95 0 72 23 66 36 65 97 15 23 99 52 60 27 ]
[ 36 88 38 8 32 61 63 46 95 45 79 6 4 17 76 80 17 24 32 89 47 98 77 64 96 93 87 47 97 0 26 85 40 64 94 72 77 9 18 24 7 49 30 11 67 59 43 84 35 28 ]
[ 25 34 26 54 99 74 47 38 21 96 90 47 82 30 63 28 2 93 37 73 17 96 74 0 60 41 11 3 77 46 83 54 80 10 9 31 36 8 22 10 5 12 57 39 43 73 67 97 66 56 ]

Running merge sort algorithm: 
Timer (generate): 1778ms real	1660ms user	100ms sys
[ 5 45 11 80 53 75 26 35 16 25 17 82 84 54 15 95 22 27 62 47 62 41 7 75 18 15 54 7 33 55 50 90 0 14 22 53 89 0 40 58 25 9 40 9 15 7 56 37 34 71 ]
[ 37 49 12 44 24 82 59 30 90 44 85 92 86 37 6 9 42 48 9 82 6 87 91 98 48 6 57 57 96 43 28 33 92 92 77 68 74 88 99 16 84 36 9 70 74 67 31 16 67 41 ]
[ 51 25 80 94 23 28 53 32 85 49 76 13 82 68 5 59 89 32 47 40 48 83 76 9 53 2 77 37 71 44 30 22 70 10 68 45 38 21 78 24 70 6 89 52 74 47 63 15 79 62 ]
[ 55 27 45 84 37 99 86 66 36 9 62 18 83 32 28 52 30 66 73 60 42 44 66 84 48 92 31 12 8 10 74 63 89 20 47 78 71 86 44 59 95 7 77 79 91 5 31 73 23 56 ]
[ 33 18 52 99 2 1 44 85 65 52 95 39 15 36 11 15 15 82 1 59 93 48 18 70 27 10 27 10 83 3 67 69 21 19 20 75 72 64 60 37 16 55 29 84 91 40 51 58 75 52 ]
[ 18 68 0 36 91 80 98 70 90 82 73 9 51 46 29 71 21 53 88 81 91 4 88 72 40 32 12 91 90 39 95 60 8 96 49 51 76 47 73 18 81 47 28 84 45 9 8 67 62 96 ]
[ 0 5 0 41 77 93 25 42 84 67 81 80 80 41 28 29 44 56 76 18 74 10 65 2 94 62 63 2 81 26 98 82 83 51 75 13 44 52 55 80 19 88 60 99 82 88 80 26 44 9 ]
[ 44 71 19 61 25 65 24 89 68 5 67 18 39 2 21 66 15 65 18 22 98 90 63 58 41 45 99 22 71 95 83 16 18 2 77 44 19 53 85 87 59 52 58 50 6 79 17 22 97 87 ]
[ 96 95 77 59 5 19 4 56 93 76 52 76 44 22 30 21 66 49 27 51 89 86 55 47 88 62 78 57 36 75 45 32 22 22 92 80 93 96 36 38 24 40 14 68 63 96 42 29 98 69 ]
[ 33 87 7 40 86 95 54 64 53 90 92 98 75 66 72 67 46 18 15 83 56 92 23 23 60 38 19 2 20 17 71 53 56 78 45 42 74 0 59 79 42 3 77 69 69 1 36 16 19 4 ]
[ 99 76 96 74 99 8 13 70 11 33 40 34 38 96 13 35 91 39 87 50 18 30 53 47 99 22 0 88 90 20 44 41 48 92 16 99 0 81 69 63 66 9 98 56 58 63 91 49 2 79 ]
[ 99 72 61 4 71 12 78 71 52 69 43 96 62 43 40 30 42 41 11 12 56 29 73 54 85 31 17 77 32 71 8 31 43 69 87 66 81 66 90 86 87 85 34 49 29 75 80 71 68 43 ]
[ 35 24 73 61 79 58 44 48 87 77 20 95 8 15 16 48 82 50 14 24 36 53 9 70 2 38 45 34 10 65 78 97 90 3 58 21 13 3 21 1 80 41 48 40 57 65 88 91 15 54 ]
[ 15 3 7 24 73 62 63 71 48 25 36 26 74 78 81 85 51 95 88 73 48 20 14 96 12 23 13 1 14 80 7 81 83 67 58 57 29 21 28 77 98 16 56 24 95 37 9 98 32 49 ]
[ 71 80 21 38 29 34 61 42 87 28 23 94 9 58 61 67 15 42 40 95 72 90 64 80 67 11 17 76 9 2 78 81 34 99 19 63 33 80 58 20 60 33 67 22 91 80 41 59 23 34 ]
[ 6 47 76 70 27 43 81 96 72 91 50 50 24 85 49 43 0 35 75 10 55 88 43 74 10 87 55 51 46 30 85 4 77 14 75 56 57 8 4 29 51 55 79 75 40 81 70 92 16 46 ]
[ 3 23 34 46 50 96 85 5 99 31 87 37 88 16 51 63 72 8 23 76 90 75 31 69 2 23 2 73 16 70 71 71 46 5 69 96 53 55 53 52 38 40 89 26 56 40 41 80 1 65 ]
[ 8 91 40 92 12 42 15 15 15 83 37 38 6 83 43 76 31 48 31 36 1 69 76 42 48 84 35 89 64 36 54 73 27 46 65 39 41 32 6 8 68 96 47 74 31 42 50 63 91 33 ]
[ 99 44 3 28 86 3 12 21 92 29 57 99 54 36 97 19 28 38 3 86 47 71 82 46 46 14 88 48 29 31 82 80 75 37 8 62 40 73 35 84 54 45 83 8 81 81 79 9 71 82 ]
[ 96 70 54 30 16 52 44 57 0 25 88 34 6 64 71 66 78 11 91 13 96 45 10 31 5 92 64 84 53 36 67 1 6 73 32 75 77 28 32 29 6 20 64 64 84 35 82 14 99 74 ]

Running merge sort algorithm: 
Timer (generate): 1831ms real	1740ms user	90ms sys
[ 1 14 24 42 45 90 54 48 35 97 43 83 9 48 8 97 69 43 96 71 7 89 2 81 48 1 69 51 75 59 7 77 26 31 71 71 73 25 72 8 22 15 44 83 15 4 33 36 99 29 ]
[ 8 6 19 10 40 19 63 9 70 39 69 29 16 47 60 87 18 85 64 90 93 39 57 89 22 25 93 7 61 93 89 21 51 60 84 91 79 47 1 49 86 22 30 2 69 42 41 39 27 6 ]
[ 82 72 45 39 62 67 16 7 27 30 0 16 51 4 76 35 95 55 83 48 56 69 22 38 24 91 80 65 83 7 71 65 79 68 56 41 36 73 49 15 3 1 31 6 57 59 42 5 66 77 ]
[ 53 74 98 76 12 22 19 92 40 2 99 63 19 30 32 76 24 20 1 25 35 4 78 18 10 36 77 4 41 95 81 46 69 80 74 81 54 46 25 46 48 76 10 20 6 94 96 30 66 97 ]
[ 7 1 53 86 71 63 22 0 20 15 95 1 61 64 33 88 97 40 34 22 86 34 98 48 54 4 94 50 87 60 99 94 13 52 32 84 68 6 84 88 21 31 41 35 95 27 23 92 67 9 ]
[ 66 5 43 64 6 98 21 52 0 60 13 0 6 26 52 39 63 72 45 99 60 19 31 54 54 78 81 29 23 0 38 89 57 33 6 63 83 27 16 84 87 81 36 93 59 40 84 22 13 30 ]
[ 22 25 1 5 79 55 83 60 36 6 60 26 48 70 11 54 33 95 81 1 31 20 34 19 65 94 59 50 68 24 80 42 50 81 47 29 88 83 42 76 41 54 2 89 24 65 43 10 60 76 ]
[ 63 43 48 98 62 14 44 22 64 12 46 96 55 48 29 54 78 69 37 72 45 31 26 99 20 51 64 16 61 77 92 24 20 93 74 83 7 18 57 23 83 55 19 90 4 48 96 34 69 34 ]
[ 6 14 65 84 65 37 35 29 53 48 58 98 25 79 91 51 14 50 70 71 73 5 78 92 95 82 92 91 68 61 77 26 27 94 63 92 32 98 73 37 99 32 35 76 63 78 27 77 28 49 ]
[ 48 1 54 78 45 49 13 89 93 81 2 70 60 29 65 23 73 49 73 47 38 24 31 74 0 94 4 28 71 33 77 71 86 32 49 84 33 14 73 26 96 28 49 8 9 66 31 83 15 56 ]
[ 82 53 81 65 79 81 59 84 61 82 69 91 5 7 75 6 91 8 21 17 87 69 45 36 77 54 2 60 89 69 16 71 22 97 36 54 31 47 90 44 81 59 35 86 66 10 93 10 71 14 ]
[ 27 10 35 72 46 12 26 0 72 68 69 40 39 43 38 28 97 21 27 87 65 9 98 53 95 17 15 40 27 86 6 54 96 41 78 94 53 56 94 77 24 63 18 64 7 8 44 56 81 71 ]
[ 96 98 80 94 51 28 11 67 20 90 5 27 44 54 68 74 48 74 31 95 3 55 58 73 71 17 33 15 26 14 39 22 65 71 68 16 99 32 35 20 22 41 99 19 95 19 93 95 45 24 ]
[ 90 49 32 1 22 3 70 8 71 96 74 10 18 39 33 39 56 33 71 91 5 45 84 56 64 31 75 10 27 21 86 69 22 18 70 96 74 41 4 45 89 79 7 60 18 40 99 74 25 70 ]
[ 18 82 67 54 38 84 86 66 94 65 87 32 86 9 51 57 5 77 50 62 74 91 41 81 51 59 73 50 86 99 72 56 33 40 10 24 76 48 90 70 65 77 2 52 38 5 61 95 34 11 ]
[ 57 8 54 50 41 6 62 15 8 48 66 81 56 99 73 18 23 49 19 13 71 84 42 25 36 32 83 97 28 17 60 37 78 15 88 19 21 50 86 29 50 52 62 58 52 87 76 27 88 95 ]
[ 93 59 80 87 37 68 20 72 66 0 41 26 89 19 41 77 91 14 79 77 44 81 30 58 39 34 46 68 13 86 15 6 98 95 94 35 16 66 7 82 18 48 8 7 20 2 37 11 16 16 ]
[ 88 12 50 70 23 89 4 69 9 70 7 25 76 5 72 22 40 88 40 99 70 58 0 31 66 72 33 3 83 1 71 23 14 21 94 37 63 50 58 72 20 65 97 49 23 70 71 15 58 12 ]
[ 15 81 70 67 12 88 39 97 91 22 98 15 97 64 88 91 53 51 42 63 76 14 81 73 63 4 95 87 19 6 99 86 87 21 53 51 62 44 48 5 18 98 20 16 15 9 7 20 12 1 ]
[ 84 88 16 65 14 31 21 9 18 40 15 69 27 54 43 32 5 5 77 5 10 95 56 31 11 23 92 71 43 4 72 27 93 40 44 7 24 65 68 42 58 36 64 37 90 7 69 48 64 46 ]

Running merge sort algorithm: 
