Timer (generate): 8ms real	0ms user	0ms sys
[ 45 22 87 26 18 85 24 95 50 96 ]
[ 31 37 4 52 97 23 23 73 75 58 ]
[ 28 50 66 48 17 92 97 90 90 74 ]
[ 13 87 48 0 66 66 86 90 14 88 ]
[ 38 45 77 95 50 74 18 25 99 93 ]
[ 36 27 43 2 27 12 46 76 3 89 ]
[ 50 68 28 50 68 46 68 6 36 82 ]
[ 94 27 80 23 22 82 97 40 59 96 ]
[ 34 95 75 29 49 2 42 48 78 97 ]
[ 89 80 65 69 82 33 16 51 92 52 ]
[ 85 38 79 17 62 53 99 59 94 59 ]
[ 8 80 6 83 9 8 38 3 8 68 ]
[ 0 97 1 65 66 83 51 34 86 43 ]
[ 87 24 81 18 41 43 72 41 55 18 ]
[ 52 63 98 10 98 7 70 88 11 78 ]
[ 57 11 27 10 29 46 45 80 80 32 ]
[ 23 19 56 4 38 49 0 62 90 55 ]
[ 80 94 18 78 57 68 37 27 57 0 ]
[ 58 66 12 37 28 41 83 73 21 16 ]
[ 57 96 35 13 52 25 63 52 87 5 ]

Running merge sort algorithm: 
Timer (sort): 10ms real	10ms user	0ms sys
The output is sorted!
[ 11 20 0 46 7 5 9 17 5 0 ]
[ 4 34 11 2 11 4 14 59 0 3 ]
[ 0 50 33 10 0 8 11 3 36 6 ]
[ 1 30 3 0 18 22 6 13 44 21 ]
[ 26 7 12 32 17 25 8 11 11 14 ]
[ 17 0 4 64 10 19 16 2 0 34 ]
[ 16 14 4 37 22 8 13 38 11 6 ]
[ 2 5 7 1 24 17 40 45 17 11 ]
[ 37 3 4 39 48 2 10 19 6 11 ]
[ 20 9 19 7 14 14 44 35 16 5 ]
[ 6 6 12 10 61 17 28 14 21 9 ]
[ 10 15 35 2 5 0 11 53 51 7 ]
[ 33 30 12 35 6 22 12 29 3 8 ]
[ 0 2 7 26 38 0 26 51 10 30 ]
[ 4 4 68 5 11 0 71 4 6 19 ]
[ 12 20 36 10 45 19 10 2 29 10 ]
[ 12 66 30 14 8 28 3 0 18 14 ]
[ 6 12 33 12 18 10 2 30 29 42 ]
[ 54 2 8 9 16 9 33 5 26 33 ]
[ 59 5 26 4 15 17 15 14 19 24 ]

Timer (generate): 8ms real	0ms user	0ms sys
[ 20 3 62 70 69 29 18 35 61 9 ]
[ 75 21 77 0 79 8 18 93 99 48 ]
[ 41 4 98 26 51 88 39 34 35 78 ]
[ 89 7 81 3 78 50 33 48 85 46 ]
[ 57 60 68 86 12 99 46 30 92 45 ]
[ 79 86 1 77 12 52 18 52 87 5 ]
[ 30 28 13 12 31 43 14 64 91 0 ]
[ 11 0 12 31 87 77 30 33 7 74 ]
[ 31 38 60 32 68 25 37 86 77 24 ]
[ 91 59 52 4 23 35 99 38 52 90 ]
[ 90 15 43 54 46 82 31 28 15 91 ]
[ 2 98 81 15 83 49 40 20 87 69 ]
[ 96 31 80 0 87 56 35 87 94 87 ]
[ 29 36 2 72 90 0 54 74 80 22 ]
[ 65 35 20 46 50 55 48 42 75 87 ]
[ 63 23 18 95 23 6 51 11 45 97 ]
[ 50 74 33 5 47 76 5 1 50 38 ]
[ 75 67 73 96 65 75 3 13 69 31 ]
[ 1 32 54 71 27 30 29 31 41 74 ]
[ 28 91 49 62 96 96 90 54 49 92 ]

Running merge sort algorithm: 
Timer (sort): 10ms real	10ms user	0ms sys
The output is sorted!
[ 7 25 15 9 22 13 3 14 0 21 ]
[ 29 0 32 2 23 4 12 2 0 47 ]
[ 6 7 5 26 6 23 8 43 17 27 ]
[ 21 21 14 34 18 9 12 1 14 28 ]
[ 10 3 5 25 67 35 7 5 16 2 ]
[ 0 24 1 1 14 32 7 27 56 15 ]
[ 52 8 21 26 14 12 5 14 23 4 ]
[ 10 17 20 16 19 28 11 38 11 10 ]
[ 6 18 24 16 21 29 17 0 43 6 ]
[ 3 18 11 32 5 73 9 2 24 6 ]
[ 0 30 13 35 8 22 2 25 44 7 ]
[ 36 32 20 8 49 5 9 25 3 0 ]
[ 21 17 42 23 27 24 3 24 5 2 ]
[ 2 23 20 2 14 44 15 19 4 45 ]
[ 4 37 9 0 11 4 36 19 15 55 ]
[ 52 3 35 3 13 20 1 23 1 41 ]
[ 3 46 6 19 19 4 62 20 2 11 ]
[ 45 12 15 12 7 7 6 15 67 8 ]
[ 22 14 7 36 28 14 13 4 45 12 ]
[ 19 17 2 39 34 6 7 37 26 8 ]

Timer (generate): 8ms real	0ms user	0ms sys
[ 13 19 22 12 71 32 45 27 73 26 ]
[ 39 84 90 52 5 30 15 97 22 64 ]
[ 76 4 52 0 34 74 55 55 36 30 ]
[ 21 50 1 44 62 73 76 59 52 1 ]
[ 86 92 37 28 96 94 10 11 91 84 ]
[ 27 19 88 79 71 75 6 26 30 42 ]
[ 8 3 92 10 47 6 35 75 66 87 ]
[ 28 4 79 65 84 75 60 95 38 3 ]
[ 79 65 75 68 45 46 95 3 25 77 ]
[ 45 85 80 90 47 80 48 82 7 14 ]
[ 22 36 70 1 53 7 29 65 2 67 ]
[ 21 33 85 96 53 82 94 48 85 71 ]
[ 25 82 57 58 72 4 38 21 39 45 ]
[ 87 61 33 10 14 87 17 43 4 19 ]
[ 63 25 4 48 21 58 30 68 6 15 ]
[ 39 84 97 48 42 22 5 80 43 44 ]
[ 77 82 57 63 92 71 2 9 15 6 ]
[ 80 78 32 85 78 5 95 8 73 1 ]
[ 23 65 85 72 65 27 94 70 59 89 ]
[ 66 89 72 23 52 16 47 54 78 62 ]

Running merge sort algorithm: 
Timer (sort): 9ms real	10ms user	0ms sys
The output is sorted!
[ 19 16 13 6 4 16 0 10 7 42 ]
[ 2 48 13 13 8 8 3 5 13 41 ]
[ 6 20 28 12 24 9 1 13 43 9 ]
[ 13 4 35 18 15 7 11 6 16 46 ]
[ 14 2 27 33 31 16 22 6 18 3 ]
[ 2 12 1 17 23 6 2 45 26 43 ]
[ 30 9 26 59 33 5 1 4 7 5 ]
[ 12 56 13 25 32 0 8 17 7 14 ]
[ 1 27 42 8 4 9 0 66 0 29 ]
[ 26 8 3 6 15 12 39 20 39 22 ]
[ 31 4 15 28 9 23 4 14 41 21 ]
[ 10 1 12 34 10 27 24 51 13 9 ]
[ 22 26 11 39 4 31 7 12 8 32 ]
[ 22 12 11 91 20 19 3 6 7 2 ]
[ 9 17 26 5 6 0 65 22 6 38 ]
[ 0 52 46 3 13 20 54 2 2 6 ]
[ 12 30 18 1 74 18 18 8 16 5 ]
[ 4 32 30 5 21 10 17 4 63 14 ]
[ 3 22 2 51 7 16 21 10 14 55 ]
[ 31 15 22 39 8 10 41 8 19 10 ]

Timer (generate): 8ms real	0ms user	0ms sys
[ 1 82 98 19 9 60 15 33 69 47 ]
[ 99 41 90 82 30 28 89 9 87 52 ]
[ 85 21 95 10 99 26 87 26 26 40 ]
[ 47 79 22 98 99 83 58 66 17 28 ]
[ 13 68 21 55 50 51 83 40 12 23 ]
[ 44 50 44 39 12 44 18 99 22 44 ]
[ 91 69 24 14 67 75 49 78 41 66 ]
[ 6 7 34 27 62 85 30 98 77 94 ]
[ 73 21 44 69 60 57 65 78 8 87 ]
[ 75 0 57 99 66 76 26 15 54 67 ]
[ 82 60 26 68 39 41 53 21 91 82 ]
[ 16 64 3 12 33 16 21 99 94 82 ]
[ 86 21 82 95 20 0 72 46 15 26 ]
[ 66 49 39 44 70 78 85 75 0 76 ]
[ 58 68 92 61 80 78 77 54 77 24 ]
[ 36 15 45 18 63 18 70 35 16 37 ]
[ 13 34 39 52 79 9 31 64 84 83 ]
[ 93 94 3 85 56 35 63 85 89 92 ]
[ 9 25 60 7 95 23 25 65 10 93 ]
[ 3 23 28 94 76 7 3 59 23 39 ]

Running merge sort algorithm: 
Timer (sort): 10ms real	0ms user	0ms sys
The output is sorted!
[ 17 1 6 12 15 41 21 2 11 2 ]
[ 12 7 6 45 26 25 3 9 3 4 ]
[ 55 5 0 19 18 15 8 3 15 8 ]
[ 0 41 6 3 15 12 51 11 15 8 ]
[ 6 0 12 18 38 53 14 12 5 6 ]
[ 17 8 47 33 23 1 14 5 13 10 ]
[ 44 5 11 11 16 0 38 32 12 7 ]
[ 10 4 28 24 15 16 0 16 17 48 ]
[ 17 31 35 25 9 32 4 3 2 22 ]
[ 23 34 6 24 9 45 5 16 12 7 ]
[ 38 31 11 7 3 10 5 16 10 51 ]
[ 13 26 28 9 19 20 40 5 5 22 ]
[ 24 6 14 74 10 5 35 12 2 7 ]
[ 2 5 5 12 32 8 6 5 83 32 ]
[ 7 18 31 4 13 16 4 10 57 30 ]
[ 7 43 14 16 9 16 33 15 34 4 ]
[ 22 18 2 3 43 10 40 28 4 21 ]
[ 18 22 44 25 4 7 2 24 35 11 ]
[ 42 12 1 2 49 30 1 22 33 1 ]
[ 1 3 13 1 40 47 12 51 0 26 ]

Timer (generate): 8ms real	0ms user	0ms sys
[ 82 30 42 12 33 76 95 22 63 46 ]
[ 68 76 60 8 18 56 59 78 92 7 ]
[ 47 4 43 59 33 46 92 19 74 87 ]
[ 70 9 17 12 21 3 89 69 25 4 ]
[ 15 46 81 75 6 51 83 65 29 76 ]
[ 24 29 32 19 88 65 66 32 84 92 ]
[ 19 54 1 88 19 75 43 60 44 21 ]
[ 64 59 67 97 86 73 49 70 90 30 ]
[ 98 15 59 30 86 99 48 4 31 84 ]
[ 97 2 91 50 43 10 25 86 22 21 ]
[ 7 38 32 26 36 71 99 85 41 42 ]
[ 15 91 9 27 73 95 26 21 0 58 ]
[ 6 97 60 49 99 3 59 77 42 33 ]
[ 98 49 71 83 28 7 54 79 44 47 ]
[ 21 60 38 30 39 11 78 65 85 30 ]
[ 75 43 79 36 92 78 91 3 55 85 ]
[ 36 54 87 59 89 15 67 43 94 63 ]
[ 90 16 75 80 98 14 91 28 80 28 ]
[ 58 55 71 37 43 63 16 87 18 71 ]
[ 72 6 77 59 66 66 26 85 61 21 ]

Running merge sort algorithm: 
Timer (sort): 10ms real	10ms user	0ms sys
The output is sorted!
[ 34 2 18 7 3 5 24 0 11 38 ]
[ 5 1 17 7 33 3 30 15 3 32 ]
[ 14 17 2 47 0 18 3 12 6 48 ]
[ 34 37 37 8 15 15 4 10 2 7 ]
[ 28 6 8 10 11 25 12 33 9 33 ]
[ 10 31 2 19 23 6 60 4 4 20 ]
[ 15 89 2 36 2 3 9 18 2 3 ]
[ 30 5 17 20 51 14 10 5 22 7 ]
[ 14 29 34 24 8 12 2 5 24 32 ]
[ 24 2 22 40 12 19 33 0 7 30 ]
[ 4 17 11 15 3 30 1 67 35 8 ]
[ 33 5 13 4 28 24 30 7 47 3 ]
[ 26 41 21 6 53 7 2 5 10 27 ]
[ 28 49 17 15 12 9 42 3 5 19 ]
[ 20 27 21 2 15 9 50 43 12 1 ]
[ 66 49 2 1 22 13 0 11 3 33 ]
[ 1 42 21 22 20 73 16 1 2 3 ]
[ 1 27 2 33 37 74 1 0 11 17 ]
[ 27 25 0 39 0 3 47 31 7 24 ]
[ 0 27 24 4 8 15 17 95 5 9 ]

Timer (generate): 7ms real	0ms user	0ms sys
[ 77 26 49 96 22 85 30 34 54 5 ]
[ 26 70 10 88 97 49 66 30 12 90 ]
[ 25 11 4 89 19 74 51 84 78 68 ]
[ 16 8 95 17 56 69 2 38 3 56 ]
[ 44 29 79 54 18 76 55 36 59 20 ]
[ 79 84 31 35 25 2 10 28 38 40 ]
[ 97 55 0 92 72 57 61 27 95 17 ]
[ 83 39 98 14 45 68 43 1 5 2 ]
[ 21 36 38 4 71 15 59 33 96 97 ]
[ 74 93 4 74 37 29 83 50 56 79 ]
[ 19 91 70 18 6 16 86 1 17 43 ]
[ 55 90 31 93 94 3 60 5 88 56 ]
[ 55 14 1 59 41 90 40 24 41 48 ]
[ 55 12 40 26 30 98 42 69 99 11 ]
[ 64 54 1 48 99 47 3 11 5 91 ]
[ 20 60 6 21 71 47 64 12 23 57 ]
[ 60 79 69 52 5 52 2 99 73 1 ]
[ 10 37 7 11 85 58 10 88 22 15 ]
[ 32 42 75 90 15 99 37 79 11 12 ]
[ 36 23 91 58 28 48 10 30 47 83 ]

Running merge sort algorithm: 
Timer (sort): 9ms real	10ms user	0ms sys
The output is sorted!
[ 25 5 9 4 10 33 21 7 26 2 ]
[ 2 7 47 19 23 46 6 1 10 4 ]
[ 0 1 12 21 19 33 40 14 29 3 ]
[ 32 22 9 5 26 15 41 6 0 18 ]
[ 10 30 23 3 6 12 4 0 3 90 ]
[ 10 5 72 8 6 47 9 14 4 7 ]
[ 6 57 9 3 31 9 10 31 1 26 ]
[ 30 11 2 45 22 2 52 3 0 20 ]
[ 5 19 2 25 10 43 1 70 5 9 ]
[ 9 3 39 0 29 9 55 3 45 1 ]
[ 17 46 19 22 11 32 12 5 24 9 ]
[ 42 17 4 1 33 21 17 15 23 26 ]
[ 25 11 44 3 12 52 23 7 14 12 ]
[ 0 4 35 21 54 32 6 1 31 19 ]
[ 2 30 12 34 33 23 5 22 26 17 ]
[ 22 6 2 17 46 8 37 25 31 11 ]
[ 0 7 3 33 17 47 18 2 12 66 ]
[ 1 10 30 28 43 24 29 18 16 8 ]
[ 14 13 20 57 42 19 0 12 27 4 ]
[ 25 4 48 14 35 2 1 8 11 60 ]

Timer (generate): 8ms real	0ms user	0ms sys
[ 1 14 95 59 10 11 24 29 40 31 ]
[ 15 17 31 53 1 44 92 98 19 90 ]
[ 31 49 39 76 24 5 92 13 12 1 ]
[ 73 13 67 68 72 30 31 48 59 72 ]
[ 80 26 89 63 80 43 59 24 41 30 ]
[ 66 24 79 5 1 3 10 93 16 74 ]
[ 46 41 87 66 9 11 96 41 12 7 ]
[ 65 44 34 6 7 66 49 67 42 42 ]
[ 49 8 67 29 65 68 84 27 13 53 ]
[ 1 12 94 40 78 4 3 26 97 15 ]
[ 85 62 11 19 68 71 37 70 90 79 ]
[ 12 39 39 79 68 4 99 5 83 65 ]
[ 58 84 77 52 76 7 8 80 85 57 ]
[ 47 70 19 59 42 40 82 79 10 72 ]
[ 11 22 63 2 54 32 7 53 89 90 ]
[ 18 47 27 47 51 3 6 60 35 91 ]
[ 17 83 62 89 94 56 81 28 35 91 ]
[ 0 98 65 63 1 71 47 60 77 36 ]
[ 2 47 35 29 95 87 85 53 47 72 ]
[ 45 16 55 59 5 1 15 38 29 2 ]

Running merge sort algorithm: 
Timer (sort): 10ms real	0ms user	0ms sys
The output is sorted!
[ 2 3 6 6 9 2 12 37 14 12 ]
[ 58 7 29 0 3 2 27 2 3 9 ]
[ 14 15 38 8 4 43 4 8 20 11 ]
[ 11 7 4 15 61 24 12 10 16 10 ]
[ 1 24 55 16 13 4 38 14 8 1 ]
[ 5 18 33 22 22 24 8 27 16 0 ]
[ 18 24 25 20 2 1 9 60 14 4 ]
[ 10 3 20 12 18 33 26 8 23 25 ]
[ 31 32 6 48 31 1 0 14 15 4 ]
[ 9 48 7 21 26 8 2 13 24 28 ]
[ 3 8 19 50 16 25 23 1 38 4 ]
[ 1 20 9 39 28 9 50 9 1 21 ]
[ 29 1 22 10 20 49 11 2 3 42 ]
[ 20 3 3 46 48 0 22 2 7 39 ]
[ 13 39 29 35 2 11 5 2 15 41 ]
[ 1 27 12 3 11 17 44 19 4 54 ]
[ 5 17 18 5 53 7 1 63 19 5 ]
[ 17 19 52 13 16 3 10 12 31 25 ]
[ 5 1 33 72 2 4 70 0 12 1 ]
[ 48 0 27 7 7 24 28 45 7 7 ]

Timer (generate): 8ms real	0ms user	0ms sys
[ 82 7 11 19 31 79 20 31 28 4 ]
[ 73 27 3 42 28 85 41 46 78 54 ]
[ 45 72 98 62 88 79 99 95 7 55 ]
[ 5 41 14 69 60 46 0 32 29 28 ]
[ 37 2 56 92 96 84 77 37 82 56 ]
[ 91 27 28 41 41 68 21 93 64 28 ]
[ 48 21 22 15 90 82 61 91 67 42 ]
[ 19 4 44 27 96 92 11 73 29 46 ]
[ 81 73 73 61 14 15 30 35 8 46 ]
[ 16 8 67 38 23 10 72 36 1 39 ]
[ 78 72 95 74 0 91 66 63 17 48 ]
[ 9 50 73 83 12 87 50 94 75 10 ]
[ 92 43 70 11 33 94 21 5 82 74 ]
[ 97 61 47 92 87 99 36 6 62 53 ]
[ 6 72 3 79 55 67 18 57 61 45 ]
[ 67 53 88 37 17 21 83 38 79 66 ]
[ 65 76 79 12 20 18 11 56 76 73 ]
[ 9 82 97 65 61 4 32 80 61 46 ]
[ 77 80 51 66 18 68 39 53 59 70 ]
[ 71 24 98 2 36 19 21 99 75 49 ]

Running merge sort algorithm: 
Timer (sort): 10ms real	10ms user	0ms sys
The output is sorted!
[ 8 7 27 21 25 5 10 49 3 1 ]
[ 3 6 9 11 2 32 61 6 23 5 ]
[ 31 0 34 28 13 26 22 0 0 8 ]
[ 18 22 31 9 5 8 3 26 8 34 ]
[ 14 29 9 26 11 12 49 6 5 6 ]
[ 31 43 1 38 34 6 7 7 10 1 ]
[ 8 1 6 71 20 42 12 3 14 3 ]
[ 54 3 16 6 18 16 20 16 3 30 ]
[ 29 4 2 12 19 7 17 32 8 53 ]
[ 21 14 15 15 9 0 14 54 4 39 ]
[ 22 4 2 0 11 33 33 4 17 61 ]
[ 21 63 42 15 13 8 14 1 5 10 ]
[ 20 13 19 21 28 21 9 33 12 16 ]
[ 48 13 14 29 1 44 3 12 15 14 ]
[ 7 41 19 2 8 10 46 55 4 8 ]
[ 5 33 42 60 27 20 8 5 1 0 ]
[ 38 31 20 6 17 29 9 12 22 17 ]
[ 34 70 29 14 14 15 6 8 0 12 ]
[ 24 20 12 8 0 45 18 27 12 37 ]
[ 31 2 6 21 77 6 33 0 7 22 ]

Timer (generate): 8ms real	0ms user	0ms sys
[ 40 95 14 11 68 70 77 37 34 23 ]
[ 71 4 90 68 2 40 52 72 10 29 ]
[ 92 90 39 0 94 85 24 95 51 71 ]
[ 44 43 18 58 6 38 81 83 28 15 ]
[ 7 99 72 49 67 26 41 19 98 52 ]
[ 49 90 94 40 42 88 25 66 36 28 ]
[ 89 80 72 59 90 30 49 71 14 77 ]
[ 87 73 76 11 74 95 37 15 15 35 ]
[ 19 16 77 65 56 19 54 34 37 42 ]
[ 62 78 22 86 89 64 69 38 36 83 ]
[ 16 75 8 44 86 82 40 23 97 7 ]
[ 10 17 23 39 34 31 58 88 17 47 ]
[ 30 32 25 4 18 14 69 87 4 57 ]
[ 22 20 32 30 65 70 12 5 45 62 ]
[ 64 55 31 39 94 65 70 4 54 88 ]
[ 51 36 72 28 93 90 94 62 30 98 ]
[ 19 4 71 3 87 36 73 99 93 18 ]
[ 61 9 25 44 48 71 10 70 75 16 ]
[ 10 78 52 82 58 97 25 4 59 7 ]
[ 54 30 11 25 85 98 13 58 50 58 ]

Running merge sort algorithm: 
Timer (sort): 10ms real	10ms user	0ms sys
The output is sorted!
[ 37 15 19 7 5 9 17 1 19 6 ]
[ 6 1 2 10 23 35 14 34 2 8 ]
[ 0 5 17 2 57 5 22 13 27 8 ]
[ 19 2 46 11 0 0 42 15 12 12 ]
[ 8 2 6 12 11 5 75 15 19 16 ]
[ 17 10 4 44 1 12 16 36 9 25 ]
[ 17 13 4 38 44 0 18 9 29 2 ]
[ 3 3 29 25 30 3 42 13 25 2 ]
[ 0 38 11 32 31 2 40 3 9 14 ]
[ 16 31 4 9 50 15 18 9 2 32 ]
[ 35 8 8 0 0 97 10 15 3 11 ]
[ 6 23 38 0 12 31 11 3 62 3 ]
[ 74 15 22 2 1 0 5 20 16 35 ]
[ 38 44 10 45 4 6 18 0 12 14 ]
[ 0 6 60 10 14 52 16 23 8 2 ]
[ 36 0 27 4 24 8 11 19 50 12 ]
[ 29 8 4 59 16 19 2 7 9 40 ]
[ 74 21 23 15 28 1 0 13 13 6 ]
[ 10 31 5 6 5 40 57 0 41 1 ]
[ 24 24 33 18 7 7 17 11 40 16 ]

Timer (generate): 9ms real	0ms user	0ms sys
[ 39 28 15 57 44 50 70 5 56 80 ]
[ 3 45 30 4 18 94 15 40 13 47 ]
[ 55 10 88 25 19 68 20 44 68 65 ]
[ 62 7 93 29 64 89 79 87 95 88 ]
[ 19 98 33 49 55 51 95 70 43 9 ]
[ 69 98 71 9 23 90 77 96 86 45 ]
[ 61 0 4 54 30 21 44 61 8 91 ]
[ 1 79 41 34 80 96 37 76 18 80 ]
[ 37 87 79 8 49 54 50 26 2 37 ]
[ 24 63 37 28 70 19 49 14 33 9 ]
[ 57 34 88 98 21 69 47 58 45 17 ]
[ 91 82 57 22 42 6 28 92 32 31 ]
[ 29 8 46 19 37 16 38 38 82 71 ]
[ 48 39 6 88 38 27 57 37 37 54 ]
[ 54 80 88 63 54 30 69 83 75 54 ]
[ 66 4 62 12 23 51 81 14 90 63 ]
[ 85 90 3 43 78 93 22 88 82 12 ]
[ 94 88 92 83 52 47 65 21 82 40 ]
[ 75 48 97 90 12 72 41 45 86 83 ]
[ 9 24 73 64 67 4 9 90 92 91 ]

Running merge sort algorithm: 
Timer (sort): 9ms real	0ms user	0ms sys
The output is sorted!
[ 47 10 21 10 0 6 10 12 16 24 ]
[ 2 31 10 0 8 37 10 34 28 4 ]
[ 16 0 4 5 4 16 0 84 7 28 ]
[ 57 2 21 6 15 7 1 32 6 35 ]
[ 3 6 8 26 36 11 22 51 5 20 ]
[ 11 14 44 48 24 13 3 14 1 17 ]
[ 43 3 6 44 20 14 1 8 31 23 ]
[ 42 49 10 16 14 13 6 2 32 9 ]
[ 13 10 13 1 10 0 41 9 62 36 ]
[ 5 7 52 4 53 6 13 9 39 8 ]
[ 49 23 11 29 52 4 12 2 1 16 ]
[ 24 26 5 50 12 28 10 10 11 23 ]
[ 4 12 55 9 18 13 72 12 4 2 ]
[ 20 8 71 3 49 0 8 27 12 3 ]
[ 9 18 26 10 33 8 22 40 28 7 ]
[ 7 20 17 32 15 27 11 42 14 17 ]
[ 22 9 33 32 0 57 2 10 11 27 ]
[ 7 38 29 61 15 8 3 4 29 10 ]
[ 45 30 17 44 20 0 9 6 27 8 ]
[ 1 54 19 35 11 9 1 41 19 19 ]

