Timer (generate): 692ms real	660ms user	30ms sys
[ 10 77 22 3 14 83 4 77 17 96 62 68 2 87 73 81 45 53 14 77 17 69 77 54 52 0 6 14 2 34 82 12 12 5 67 78 40 71 55 57 19 70 77 21 9 2 55 54 56 21 ]
[ 84 73 90 61 79 94 62 85 8 64 71 43 28 35 0 47 13 92 70 21 1 89 91 78 10 52 32 17 58 88 38 42 13 80 4 92 74 18 29 35 82 1 78 62 36 78 9 2 70 79 ]
[ 23 71 20 66 1 30 18 33 0 76 74 38 19 87 71 23 80 97 93 9 32 27 62 62 89 99 40 50 1 62 81 76 85 1 42 38 83 60 24 83 88 98 74 7 37 45 82 17 94 75 ]
[ 79 27 2 41 89 43 92 82 93 45 96 74 21 34 27 15 72 11 27 96 94 16 46 68 23 84 65 58 53 12 33 32 39 88 26 80 31 70 14 25 16 11 51 89 97 79 57 69 90 84 ]
[ 18 36 0 64 57 76 0 74 34 54 86 67 38 77 55 64 10 39 87 24 64 55 87 67 44 84 46 1 6 88 86 24 77 38 40 34 14 41 60 48 95 47 68 85 76 75 50 86 14 89 ]
[ 63 30 44 50 98 88 87 96 42 93 37 80 69 14 18 9 0 85 2 60 33 97 59 53 83 36 29 85 22 43 74 85 74 70 88 24 10 27 20 52 72 57 84 41 23 3 2 23 88 5 ]
[ 36 73 54 95 27 89 83 8 74 58 3 0 43 77 70 83 1 81 62 74 85 34 83 70 27 7 25 30 82 65 87 18 38 41 66 17 31 49 77 57 7 81 10 3 10 32 38 12 13 1 ]
[ 38 51 35 21 21 63 80 98 45 63 63 32 33 53 73 99 23 56 1 0 14 60 81 24 63 92 56 2 56 22 55 46 25 90 67 98 5 0 96 50 63 59 82 48 64 8 0 87 64 1 ]
[ 40 30 61 21 6 77 65 15 31 73 37 86 19 14 28 39 12 34 39 8 36 54 19 71 2 83 79 54 23 95 7 63 78 21 36 84 98 54 99 81 27 88 19 99 2 47 38 14 33 29 ]
[ 74 22 83 93 93 37 29 24 44 52 71 51 15 49 72 51 34 22 57 85 3 85 26 22 84 28 22 74 95 7 55 21 29 90 15 74 27 44 98 23 96 70 75 63 19 47 66 5 70 24 ]
[ 43 25 61 69 48 97 49 22 71 96 29 26 18 11 16 85 85 95 29 36 71 77 6 46 92 77 45 58 35 67 34 78 93 95 99 93 92 0 15 15 97 96 93 67 7 61 52 45 9 33 ]
[ 81 80 10 87 26 54 16 23 12 51 91 99 81 84 94 32 29 39 33 44 6 82 40 0 1 0 13 53 45 22 38 26 54 0 65 32 54 81 56 18 85 47 17 18 83 64 51 12 3 36 ]
[ 8 9 70 0 61 71 0 27 76 97 49 14 75 56 14 40 88 20 22 44 38 59 43 56 77 26 20 28 90 75 16 98 36 86 99 50 9 51 77 85 1 78 51 76 34 17 17 23 89 91 ]
[ 19 28 50 63 84 27 41 56 8 84 31 24 82 19 63 33 69 72 37 46 10 38 25 13 14 59 83 31 34 72 74 54 0 24 69 36 4 62 44 64 46 27 88 81 47 51 66 16 76 55 ]
[ 15 86 93 40 51 60 51 34 43 38 7 18 92 7 94 13 96 98 27 40 62 74 68 3 7 15 6 25 83 34 81 98 20 74 90 72 34 42 6 78 32 65 48 24 25 42 89 21 93 16 ]
[ 13 7 42 81 10 49 48 69 75 32 3 56 82 76 82 73 0 69 67 58 99 99 24 47 75 49 89 16 22 34 32 35 42 75 69 4 76 69 25 3 1 29 11 36 57 94 61 57 15 28 ]
[ 15 14 79 91 61 6 92 2 22 14 37 6 2 31 33 71 35 10 40 13 65 94 42 77 82 99 23 43 8 38 23 75 52 54 67 65 60 59 19 34 26 56 40 28 39 74 51 27 36 43 ]
[ 40 1 89 34 30 71 85 53 66 93 91 89 68 95 95 87 60 55 47 80 89 25 88 82 5 28 56 56 7 92 51 47 45 41 81 76 64 18 29 31 11 73 72 31 68 68 19 81 23 18 ]
[ 61 65 95 1 47 0 81 55 56 88 47 7 87 44 0 20 20 65 38 2 96 49 75 68 33 43 88 52 24 64 22 37 29 17 39 28 17 20 83 25 61 82 84 48 26 85 69 99 2 7 ]
[ 1 98 9 76 18 42 71 7 46 48 71 20 37 52 89 76 32 6 49 67 83 10 49 67 58 27 4 79 78 6 39 79 56 48 7 27 42 79 34 40 79 57 12 16 9 1 93 41 59 94 ]

Running merge sort algorithm: 
Timer (sort): 275ms real	190ms user	80ms sys
The output is sorted!
[ 19 9 49 33 58 33 11 24 6 82 23 11 41 83 7 0 20 24 10 37 37 42 3 17 4 51 97 95 8 8 22 79 17 23 13 27 8 24 3 14 58 27 25 0 10 33 0 83 9 10 ]
[ 92 1 21 36 76 29 53 20 37 4 22 13 33 81 30 64 43 10 59 29 15 10 3 10 54 25 5 10 19 49 13 12 2 35 0 30 64 5 2 53 9 24 67 43 57 49 7 0 12 18 ]
[ 26 58 8 73 17 8 46 1 3 54 8 44 97 1 32 3 49 17 3 43 83 25 26 15 87 6 1 24 9 43 34 35 1 42 60 19 3 6 72 6 12 81 2 10 34 35 13 83 4 68 ]
[ 47 24 19 50 60 1 4 6 15 32 30 1 44 16 45 2 19 26 78 81 10 70 7 68 8 88 7 9 65 44 23 12 21 43 14 33 44 19 39 11 3 22 12 47 38 9 1 58 35 79 ]
[ 0 70 14 6 14 18 77 7 31 24 25 7 7 15 25 22 26 33 64 31 2 7 78 93 34 39 8 53 3 1 9 3 71 23 62 38 41 39 45 25 64 22 32 23 37 9 97 15 42 13 ]
[ 10 80 37 52 40 22 61 34 1 28 33 49 0 97 25 10 49 14 40 33 34 4 30 9 20 7 82 24 6 20 21 16 0 11 20 41 33 81 27 34 62 60 36 14 10 61 24 11 27 17 ]
[ 40 48 80 2 72 12 85 11 5 28 3 23 6 18 12 38 34 26 17 37 2 6 75 71 36 86 5 24 15 11 17 55 11 50 9 35 62 46 46 19 75 1 43 33 20 7 23 6 33 41 ]
[ 62 27 16 22 6 60 71 4 69 29 50 9 20 13 0 1 11 96 23 25 29 14 29 45 56 31 14 0 20 45 17 35 72 33 57 31 45 28 35 15 9 37 24 30 51 25 31 14 73 7 ]
[ 89 18 29 48 11 58 66 78 70 24 4 31 3 4 34 32 31 27 68 21 67 3 19 9 2 22 24 53 66 98 13 7 16 42 8 80 0 26 10 22 50 15 5 5 71 40 37 2 19 5 ]
[ 88 1 2 47 3 78 44 22 15 4 6 38 2 10 18 13 23 54 42 84 17 62 81 9 96 36 40 64 18 21 3 7 22 5 6 25 35 2 47 2 6 5 41 61 67 11 26 90 17 68 ]
[ 47 66 6 4 4 44 15 33 26 34 87 36 0 10 2 1 65 12 1 55 12 46 48 37 24 71 53 5 2 5 36 1 24 94 6 28 39 21 61 17 8 0 53 60 63 55 61 28 20 63 ]
[ 24 7 0 1 0 0 5 13 23 18 57 95 68 6 23 50 1 83 93 69 50 20 5 7 8 19 1 35 38 42 79 15 50 31 16 2 32 74 16 7 44 25 54 65 31 77 15 84 12 9 ]
[ 43 34 91 1 63 7 3 9 9 68 76 19 1 6 68 30 5 73 66 31 62 69 18 60 38 6 21 7 0 17 59 43 51 2 45 67 9 0 28 18 20 4 89 22 10 9 4 15 82 22 ]
[ 45 26 82 10 82 25 7 27 2 3 42 3 13 8 5 0 38 14 60 42 3 63 51 12 2 29 23 32 31 69 61 28 47 43 39 29 68 46 8 70 1 51 25 14 11 30 66 49 44 26 ]
[ 69 44 17 20 1 74 46 16 7 55 28 18 30 4 22 79 51 5 46 2 78 48 4 83 42 8 52 50 10 5 3 32 2 72 4 3 46 50 71 5 6 51 23 36 55 46 15 58 3 14 ]
[ 50 20 8 43 37 25 70 22 23 9 72 40 23 30 10 43 28 18 40 48 8 12 4 77 3 7 1 61 18 36 42 68 8 2 63 46 27 33 20 2 43 93 95 18 23 5 61 3 23 53 ]
[ 52 52 40 75 13 0 22 46 33 20 55 18 8 38 2 4 0 21 61 35 16 5 31 27 32 24 79 1 35 58 85 39 11 25 14 76 25 37 22 11 9 30 29 70 20 84 74 20 5 36 ]
[ 13 33 9 3 50 58 73 1 25 6 31 78 86 58 11 5 40 6 50 22 70 38 51 15 97 13 34 15 69 29 15 34 15 24 90 17 34 15 18 60 21 1 38 7 59 2 13 51 8 15 ]
[ 16 45 42 3 60 3 37 34 17 35 4 30 36 14 43 43 50 32 14 41 51 93 72 25 2 77 79 13 57 52 58 26 97 1 29 9 4 18 44 21 5 0 3 41 15 47 37 17 31 3 ]
[ 17 24 92 13 2 37 58 12 26 6 5 31 77 79 89 24 18 42 89 77 0 18 34 39 30 23 19 1 11 22 21 29 46 14 42 1 3 52 65 29 59 22 13 36 1 2 60 72 45 1 ]

Timer (generate): 692ms real	660ms user	30ms sys
[ 52 92 36 8 62 80 70 24 33 32 91 73 78 16 17 93 51 72 83 50 33 42 51 61 78 17 36 73 54 68 59 58 61 95 67 75 76 89 52 61 21 95 35 51 12 4 96 15 28 80 ]
[ 18 62 74 21 75 4 38 11 78 45 32 89 3 93 36 22 20 64 12 24 26 85 20 13 89 84 69 85 51 97 17 69 11 91 91 86 48 81 98 26 26 82 67 82 75 3 4 47 20 68 ]
[ 72 46 6 44 11 95 80 80 80 31 29 98 1 41 41 44 79 89 25 29 67 4 11 34 86 38 90 42 38 10 11 62 8 17 6 19 12 86 51 44 69 80 42 22 73 84 66 5 25 92 ]
[ 34 93 48 98 27 34 36 69 76 26 79 39 88 39 56 46 58 20 84 9 65 54 42 59 76 67 95 95 72 21 39 7 14 87 57 93 21 45 63 49 72 94 89 60 34 97 59 92 18 43 ]
[ 54 35 97 48 94 26 15 90 21 88 11 60 47 77 47 4 70 20 49 33 69 73 28 58 86 62 8 45 6 26 88 60 61 38 8 7 64 76 49 37 64 60 97 63 37 96 67 60 68 68 ]
[ 93 37 94 73 48 80 35 56 25 42 34 13 54 47 51 15 54 67 91 4 4 7 16 53 70 6 49 89 66 69 57 11 7 51 85 7 83 72 15 8 14 49 74 21 48 77 88 54 45 79 ]
[ 58 1 38 27 55 8 85 56 97 3 26 6 14 33 10 51 92 93 24 7 54 90 8 28 11 8 5 99 62 2 30 73 4 68 0 59 76 37 67 25 40 93 32 6 78 94 58 70 87 82 ]
[ 29 93 72 89 21 36 97 79 87 60 33 18 33 37 38 85 48 67 22 16 92 14 61 76 20 40 70 78 62 10 12 44 3 37 33 77 73 31 56 12 43 41 82 28 79 21 13 79 40 87 ]
[ 47 84 1 61 13 73 1 83 52 15 45 16 59 1 53 93 78 26 76 86 91 71 27 73 99 58 46 64 90 86 51 89 71 4 50 84 77 51 19 81 67 17 98 26 18 51 71 48 30 47 ]
[ 34 21 70 13 46 69 72 93 33 14 79 36 3 2 92 54 38 70 57 10 3 24 27 1 3 97 53 26 45 35 26 79 56 96 92 2 66 16 47 51 30 27 40 86 81 32 40 20 54 97 ]
[ 82 58 74 9 59 29 6 64 55 51 99 33 82 7 30 26 62 48 95 9 99 25 88 39 63 70 24 3 42 78 53 24 36 79 85 48 8 43 12 15 46 12 49 28 19 31 6 81 79 1 ]
[ 91 30 79 31 22 42 1 46 98 95 76 51 71 13 30 8 61 90 51 73 57 97 37 58 77 9 89 84 90 68 85 33 51 16 17 73 59 18 19 57 66 95 60 89 60 42 98 73 32 49 ]
[ 99 41 99 36 0 76 45 41 60 88 10 98 73 61 66 90 86 25 61 57 34 79 52 94 68 65 36 66 38 20 68 89 14 67 26 14 43 23 55 56 63 17 6 89 30 72 31 68 98 92 ]
[ 25 84 23 30 79 92 95 67 10 85 40 78 75 54 45 53 20 89 28 27 97 44 97 3 33 27 75 64 96 25 9 73 62 32 3 93 76 98 60 87 36 52 65 63 58 11 16 78 52 96 ]
[ 58 49 40 55 4 25 34 79 42 82 57 3 56 71 87 59 64 64 10 76 51 98 29 68 61 87 79 29 18 83 25 76 32 18 83 36 43 17 68 37 0 77 40 8 48 28 67 12 92 29 ]
[ 40 95 27 69 63 88 9 95 69 27 78 95 55 63 13 38 99 8 55 19 98 7 48 38 15 96 66 35 60 10 16 1 57 96 22 21 36 31 68 6 10 98 1 65 61 66 55 13 26 63 ]
[ 84 24 70 33 15 38 29 81 25 42 44 93 95 1 89 17 74 26 1 42 84 11 41 37 29 54 55 84 19 81 99 4 58 70 37 73 60 18 6 37 12 50 82 7 4 72 77 78 50 78 ]
[ 73 34 41 66 71 70 20 26 7 40 59 6 44 69 28 33 42 40 51 1 77 16 3 60 23 7 84 0 86 86 30 59 20 72 25 43 94 97 21 1 89 32 60 85 2 88 18 96 29 22 ]
[ 97 58 38 1 70 13 60 54 14 98 92 44 57 64 68 34 7 63 84 80 64 73 13 24 59 67 65 29 63 46 3 13 4 41 66 27 55 26 33 21 25 26 17 34 90 86 21 98 49 57 ]
[ 30 65 82 95 42 41 14 7 23 78 53 26 43 57 20 9 36 27 87 70 48 64 96 17 51 86 3 72 36 4 29 67 70 11 14 12 5 29 71 80 59 24 58 2 33 78 63 70 57 2 ]

Running merge sort algorithm: 
Timer (sort): 262ms real	240ms user	20ms sys
The output is sorted!
[ 39 6 32 35 20 60 21 91 8 32 39 49 0 49 52 47 52 9 37 29 33 56 15 59 11 28 9 9 17 42 17 8 48 1 43 20 13 16 12 21 0 3 23 1 52 75 0 56 84 37 ]
[ 3 53 18 40 31 14 22 16 59 9 43 0 39 21 34 34 87 32 20 7 9 14 50 68 32 20 23 32 72 4 46 28 9 16 20 41 31 42 9 42 3 5 42 42 78 28 28 65 12 48 ]
[ 7 10 19 1 58 50 36 3 33 1 12 72 18 52 54 57 3 67 42 3 50 21 68 23 67 28 75 51 0 25 53 60 88 25 13 46 75 1 2 8 2 14 32 20 18 38 29 22 5 23 ]
[ 29 89 77 78 35 23 1 9 36 0 15 87 40 32 5 9 0 0 73 13 4 64 48 23 68 41 5 3 16 22 71 45 12 48 23 47 23 25 8 12 25 24 99 17 8 5 26 9 57 52 ]
[ 82 4 37 42 50 71 20 3 29 17 3 46 47 91 0 9 82 20 36 14 23 97 39 8 41 4 4 26 46 3 5 28 7 42 22 9 13 42 12 95 12 15 41 11 59 94 20 41 14 8 ]
[ 56 48 31 22 28 56 10 1 94 75 86 70 21 53 13 9 5 12 40 19 24 13 59 39 26 0 19 58 17 25 41 25 25 25 0 54 33 10 7 27 37 45 49 10 99 15 19 4 27 12 ]
[ 62 56 26 48 54 14 9 39 51 43 15 2 12 5 34 22 63 4 29 7 88 30 8 78 2 70 28 67 1 37 27 16 94 5 16 0 19 25 39 23 69 7 25 33 12 12 55 76 16 36 ]
[ 12 8 50 5 14 22 57 9 29 99 0 45 46 22 52 94 24 26 1 13 22 19 83 97 0 8 50 55 37 17 0 50 77 50 7 91 25 16 53 6 16 5 3 14 28 56 8 4 34 61 ]
[ 56 8 20 27 20 13 78 9 21 34 7 76 9 35 27 4 39 2 41 20 7 0 36 14 5 80 60 33 65 2 38 73 10 10 0 30 23 30 39 96 64 47 73 26 34 0 82 25 54 23 ]
[ 63 84 62 15 1 3 25 43 35 24 11 31 21 25 36 25 8 19 88 47 22 41 37 3 95 14 23 7 88 71 38 51 7 0 18 8 3 43 4 90 68 15 21 41 40 58 18 0 29 7 ]
[ 86 25 8 17 18 6 16 22 9 18 9 21 60 73 70 80 8 17 52 44 25 12 12 16 24 92 5 46 32 4 14 18 30 22 35 0 81 3 22 90 21 32 63 34 5 33 14 65 51 66 ]
[ 13 0 12 17 30 12 36 21 40 3 44 29 27 70 2 66 4 49 56 95 91 33 43 24 22 10 36 49 11 59 2 24 11 15 42 42 79 30 15 19 33 59 1 12 30 3 30 86 4 87 ]
[ 29 4 19 29 30 16 49 30 31 39 7 44 56 8 14 14 48 20 22 84 80 56 6 46 6 46 49 7 16 51 81 45 7 1 26 37 17 75 67 0 15 26 44 23 35 10 37 35 82 11 ]
[ 3 8 8 49 1 2 6 7 74 1 20 34 8 78 35 41 52 80 46 95 52 7 55 39 29 13 51 9 3 61 14 6 21 74 7 22 28 13 29 54 14 2 89 22 80 24 15 32 56 61 ]
[ 9 11 39 16 9 47 9 20 37 20 12 2 39 2 50 9 39 25 21 65 29 20 71 0 30 65 6 11 93 32 31 2 43 22 19 52 21 80 25 58 0 89 12 91 92 63 0 31 40 22 ]
[ 25 30 32 2 90 5 25 11 13 68 42 22 7 23 63 76 12 17 2 11 44 1 37 49 50 45 20 10 75 96 2 52 27 34 6 17 40 31 80 5 0 22 79 59 45 42 35 10 12 38 ]
[ 0 76 0 31 66 12 29 11 28 15 35 40 16 35 32 19 57 31 76 13 54 5 26 23 57 43 50 0 42 34 49 42 10 2 25 76 66 6 40 46 22 27 87 38 14 19 57 23 2 33 ]
[ 12 9 41 54 28 31 12 21 26 7 21 3 77 7 7 60 49 34 17 33 2 23 65 64 77 25 67 66 72 41 8 36 2 1 43 82 32 7 4 10 14 25 14 92 32 73 4 81 8 21 ]
[ 10 82 3 53 10 12 37 62 4 41 53 27 13 36 2 8 57 26 37 21 83 3 3 3 52 55 5 82 8 8 42 70 42 98 75 52 10 13 15 14 6 20 41 19 8 43 27 65 21 64 ]
[ 83 62 7 5 26 66 0 55 3 7 6 21 5 50 38 51 17 12 7 20 10 80 62 97 17 43 65 41 4 59 7 87 21 67 44 0 33 45 7 37 4 14 10 9 64 0 61 34 12 68 ]

Timer (generate): 688ms real	630ms user	40ms sys
[ 92 84 15 62 38 24 99 16 55 25 11 44 46 24 79 94 20 29 78 77 54 27 34 95 42 48 39 74 66 19 41 59 56 8 73 94 33 24 10 40 49 73 84 96 98 15 42 18 96 72 ]
[ 95 51 51 81 98 93 81 37 20 48 9 61 59 65 22 84 11 7 9 21 47 10 95 83 58 45 99 1 15 95 25 63 98 77 44 96 22 26 86 42 74 95 56 85 12 78 69 23 37 78 ]
[ 96 84 89 43 19 47 88 70 0 4 18 26 67 68 55 63 65 77 89 3 72 15 50 28 0 62 58 22 37 95 0 33 31 41 29 50 89 17 73 41 73 91 19 92 59 74 56 76 4 97 ]
[ 79 76 13 29 56 65 43 14 87 80 61 40 66 92 81 95 94 22 64 67 64 38 58 83 30 70 10 38 46 14 36 78 42 1 59 98 66 3 12 6 35 25 46 53 17 27 0 63 50 65 ]
[ 31 66 3 41 49 85 11 11 76 58 77 12 88 19 65 47 17 31 2 81 37 90 6 35 43 75 63 44 39 65 61 70 31 16 11 32 1 75 44 29 85 21 41 73 41 6 20 10 90 23 ]
[ 92 79 13 50 15 8 26 30 4 65 95 65 87 26 81 50 58 35 25 54 64 10 76 58 83 69 16 56 79 58 79 23 38 44 26 5 4 52 35 9 69 30 74 8 56 8 58 66 43 36 ]
[ 21 59 46 97 17 82 66 86 38 97 44 69 73 82 65 99 87 69 3 22 30 24 4 57 32 60 65 42 27 60 78 0 71 77 97 89 11 15 27 1 64 71 22 37 6 87 36 45 8 39 ]
[ 20 91 15 24 48 47 37 65 42 16 25 20 16 96 49 65 37 12 80 16 13 96 88 35 34 46 74 22 91 35 14 11 26 29 88 74 77 25 91 19 41 16 91 57 64 93 22 54 5 54 ]
[ 70 71 50 10 6 84 56 33 7 0 68 21 11 94 50 99 20 79 24 11 50 17 79 94 74 95 87 96 1 44 50 24 15 1 34 74 37 43 59 44 43 27 17 6 73 20 58 93 51 34 ]
[ 56 2 52 35 96 26 82 35 75 84 31 77 8 99 30 94 73 68 37 32 64 32 11 34 39 84 54 97 29 5 83 37 59 35 24 55 14 6 42 89 90 74 66 98 73 97 93 98 17 82 ]
[ 82 81 15 45 15 6 81 21 3 10 79 38 99 38 74 23 46 88 29 88 29 20 14 47 70 39 44 15 89 13 98 23 47 65 68 62 71 49 36 26 11 15 64 10 53 38 33 99 78 15 ]
[ 40 7 35 6 55 57 46 51 73 87 65 23 11 12 88 79 26 59 81 14 85 92 29 49 55 35 40 40 34 70 55 26 78 42 33 85 0 31 88 25 18 5 0 81 69 88 61 48 99 94 ]
[ 62 84 86 44 85 93 79 77 34 65 48 89 92 78 32 77 15 84 8 3 61 78 9 61 60 30 1 73 78 0 67 93 36 5 37 21 99 68 51 85 85 99 74 29 77 58 6 92 94 66 ]
[ 47 55 45 8 68 57 39 69 30 69 69 49 62 5 6 51 79 5 19 30 42 5 81 17 34 10 27 93 54 74 59 1 29 56 62 50 65 1 19 95 70 41 96 85 98 3 36 77 60 8 ]
[ 59 3 65 92 72 51 2 51 44 8 25 56 62 7 64 24 57 30 77 28 77 99 69 74 84 68 29 73 97 41 81 9 96 46 1 68 97 56 72 94 64 49 50 78 56 14 2 65 96 79 ]
[ 46 74 79 67 0 15 87 81 88 85 22 69 46 19 15 99 39 65 7 11 59 72 61 9 2 69 75 5 87 24 84 33 98 15 0 50 31 88 83 19 25 5 41 23 76 8 22 16 73 30 ]
[ 79 32 54 92 93 56 62 69 13 49 93 50 34 43 65 34 45 48 74 28 20 51 85 61 74 62 69 97 30 43 79 9 75 33 2 69 41 16 90 55 17 35 5 51 30 70 37 27 71 64 ]
[ 55 91 15 92 52 90 54 73 39 36 16 18 46 44 3 0 65 44 16 7 99 85 42 56 36 24 79 25 51 50 89 58 41 5 50 45 47 57 18 86 93 87 56 39 31 59 91 48 55 7 ]
[ 55 7 92 49 63 80 73 42 6 24 44 47 82 37 4 84 82 51 41 53 89 35 92 97 26 23 56 18 23 12 77 78 71 22 27 34 54 52 29 12 76 73 60 10 11 16 94 45 20 88 ]
[ 50 9 75 42 7 1 17 15 71 40 79 1 70 50 75 49 37 29 1 66 42 29 91 54 91 54 22 86 52 42 26 2 4 1 45 11 54 14 78 26 55 10 79 77 12 54 27 49 35 28 ]

Running merge sort algorithm: 
Timer (sort): 266ms real	240ms user	40ms sys
The output is sorted!
[ 27 29 65 65 2 29 23 9 45 28 33 58 2 48 5 2 9 99 32 34 95 38 8 62 25 16 33 79 5 22 5 85 3 22 2 5 3 25 14 1 53 0 59 7 48 17 9 9 68 41 ]
[ 88 44 0 1 1 63 32 63 26 51 1 4 43 15 13 23 21 39 20 48 35 15 7 34 7 43 88 59 24 12 18 65 9 71 18 10 34 2 25 12 5 26 16 49 93 29 24 14 20 96 ]
[ 1 35 79 29 11 10 58 29 44 59 1 35 39 22 58 8 24 28 35 69 50 68 33 21 36 32 40 5 20 1 26 22 36 5 3 0 16 61 29 12 72 30 99 11 4 10 20 29 38 55 ]
[ 16 4 51 19 88 90 2 63 44 41 38 84 0 1 9 89 2 22 38 27 39 3 26 0 10 54 50 3 88 15 37 4 20 41 23 8 31 25 23 27 19 13 12 19 14 21 9 68 43 99 ]
[ 5 54 7 41 29 21 44 6 32 59 44 19 11 14 70 34 56 61 61 29 83 18 66 6 0 0 78 37 8 7 21 65 13 28 7 42 1 3 48 33 14 45 5 26 11 75 12 68 36 25 ]
[ 66 23 11 37 28 21 1 7 15 49 97 36 51 29 87 36 30 33 57 44 18 6 16 0 29 38 69 97 45 40 27 11 16 38 0 44 60 1 3 27 2 0 15 6 81 2 42 11 35 51 ]
[ 8 25 50 31 18 25 65 8 75 82 42 18 6 6 4 48 28 5 35 16 61 77 4 28 60 10 10 30 71 4 25 31 81 75 62 0 1 27 8 28 62 2 46 68 8 3 16 89 8 3 ]
[ 8 36 47 98 94 18 67 8 22 55 24 13 1 14 15 90 14 38 3 0 14 37 18 41 37 2 15 94 50 7 2 10 44 2 8 38 20 28 46 42 83 70 8 36 37 23 26 3 13 81 ]
[ 1 39 53 51 23 90 7 93 37 10 96 6 7 22 13 37 0 7 55 52 35 8 30 35 10 13 38 9 0 27 20 1 66 73 4 42 16 63 35 5 26 83 12 33 5 77 23 5 36 78 ]
[ 35 3 50 13 0 20 3 12 51 79 27 10 12 82 3 60 35 78 36 43 41 31 12 22 24 4 13 13 18 59 21 5 62 23 19 14 43 22 26 46 54 5 56 66 40 12 26 75 90 15 ]
[ 21 6 65 2 22 74 47 2 28 95 91 51 0 34 8 7 14 60 85 16 24 19 37 5 51 48 88 57 79 29 43 0 36 9 2 10 35 1 12 15 49 3 19 1 38 27 8 4 39 93 ]
[ 27 78 2 6 1 30 21 8 29 50 12 25 15 38 29 21 28 5 34 25 13 49 4 86 8 29 38 16 26 6 83 53 85 38 11 86 20 85 46 49 35 10 26 2 49 7 23 77 12 58 ]
[ 18 40 27 60 37 22 66 2 69 1 7 1 7 51 35 21 41 9 37 20 65 80 5 41 60 5 38 2 33 71 44 3 63 23 63 0 46 82 2 15 35 9 16 94 12 4 67 53 13 5 ]
[ 24 27 20 10 92 30 44 40 13 34 0 10 4 42 6 44 22 13 4 78 32 27 2 49 33 22 42 85 1 47 41 25 27 14 88 71 44 32 11 9 18 11 19 74 5 78 18 27 91 23 ]
[ 0 30 70 86 20 34 54 24 57 0 7 75 93 36 73 51 7 43 4 11 97 9 91 5 26 17 8 44 62 9 6 14 39 28 0 11 62 6 36 19 6 43 95 0 32 20 3 39 15 7 ]
[ 96 5 2 12 13 55 5 8 6 45 7 94 58 5 31 32 16 78 13 4 7 21 56 60 10 17 11 1 43 60 58 91 65 12 3 78 67 61 39 25 6 46 19 16 3 50 1 19 80 14 ]
[ 37 35 77 15 47 21 41 3 17 22 18 0 1 14 56 46 47 60 10 4 17 68 0 2 14 48 74 46 14 6 37 3 41 15 18 41 88 12 44 57 34 14 57 35 28 65 33 27 25 95 ]
[ 8 72 69 14 4 28 3 47 52 52 23 3 43 23 6 90 27 43 8 4 30 20 17 3 17 76 50 0 47 84 66 8 56 35 22 12 15 25 12 68 29 35 23 24 10 30 14 37 73 74 ]
[ 8 63 11 44 20 4 5 32 16 2 18 33 0 30 53 10 48 25 65 14 30 85 10 17 46 8 26 0 64 42 78 72 5 41 68 78 46 74 10 62 28 28 47 29 10 0 39 58 26 4 ]
[ 27 4 36 23 53 19 57 15 0 4 24 17 7 0 91 28 16 57 25 43 14 52 72 76 3 35 31 82 2 94 43 81 50 31 4 3 2 14 18 2 18 42 19 77 43 62 5 11 19 83 ]

Timer (generate): 686ms real	640ms user	30ms sys
[ 10 57 16 73 76 66 67 15 47 80 29 59 0 18 63 69 58 20 63 84 44 99 26 43 92 33 14 63 39 57 66 49 14 82 22 42 0 41 57 47 21 38 58 73 8 74 43 18 94 6 ]
[ 3 38 6 81 81 98 67 95 13 6 4 79 56 19 13 30 13 13 72 23 60 45 61 71 71 22 45 14 92 91 72 95 81 30 29 63 80 96 10 45 2 67 76 10 38 89 41 51 2 65 ]
[ 74 15 62 88 38 33 62 83 99 54 26 24 2 7 54 31 22 35 27 85 32 81 52 9 92 90 98 85 41 53 2 16 68 64 56 6 50 18 41 49 72 67 25 74 26 80 5 49 67 84 ]
[ 34 99 18 86 60 62 28 59 47 69 64 49 37 32 65 93 90 15 11 83 17 84 2 42 10 28 74 68 77 41 52 63 93 22 49 53 84 77 64 83 99 28 32 36 12 50 82 54 17 93 ]
[ 37 34 29 39 29 40 68 55 8 97 49 12 61 42 35 62 47 71 40 64 55 91 44 39 79 57 89 61 63 7 7 1 93 36 92 74 28 60 30 36 58 79 49 71 73 36 33 20 59 25 ]
[ 84 14 16 81 6 96 38 95 9 53 54 16 54 0 5 47 74 33 59 4 22 69 35 23 40 8 11 74 81 70 99 65 37 16 98 43 64 36 90 25 42 45 94 96 45 51 95 71 84 55 ]
[ 28 58 24 63 81 17 24 92 91 5 15 90 22 52 58 21 95 74 9 85 0 51 82 46 48 27 97 95 51 33 50 79 92 27 94 25 44 18 18 35 23 33 77 46 37 88 67 32 14 76 ]
[ 17 14 80 0 12 28 79 9 23 82 43 26 61 87 5 8 12 49 26 82 36 2 15 65 0 52 5 19 36 20 47 6 86 27 58 99 7 37 60 83 20 3 9 33 42 14 93 55 15 20 ]
[ 37 3 74 5 20 74 9 26 93 46 46 92 52 32 20 10 31 27 99 92 10 71 47 71 57 90 37 50 97 4 22 34 7 48 39 80 22 49 6 67 47 52 60 51 36 32 13 68 59 12 ]
[ 12 22 36 11 93 45 53 31 95 50 35 70 85 95 18 76 75 41 77 33 60 24 85 72 75 73 4 40 93 64 53 5 86 41 69 31 86 22 62 33 73 50 3 58 45 22 86 72 15 64 ]
[ 5 27 88 42 0 16 15 4 56 9 20 61 66 58 2 35 90 40 58 4 74 83 54 29 93 51 51 79 23 18 43 80 46 32 22 46 0 90 2 56 99 23 70 17 33 24 53 23 65 63 ]
[ 28 91 46 34 20 39 86 24 70 61 42 14 94 88 98 68 86 98 58 41 6 9 16 28 27 49 53 32 73 70 95 53 13 93 39 85 84 25 9 54 39 52 68 33 92 18 1 31 68 12 ]
[ 72 27 21 88 55 48 89 60 80 62 82 27 67 95 20 7 33 56 84 42 11 23 46 31 8 91 2 62 22 70 74 46 49 47 86 57 96 75 17 28 90 52 8 57 99 80 16 32 37 1 ]
[ 75 0 76 73 31 37 64 33 99 86 56 25 84 5 72 70 62 20 46 32 1 88 36 9 97 35 89 14 20 78 67 47 78 95 20 62 84 85 95 83 23 3 60 8 9 85 30 23 5 28 ]
[ 7 6 16 43 67 14 31 9 80 51 39 99 98 18 94 18 80 79 3 27 14 79 31 27 39 92 12 69 15 17 50 75 76 66 18 95 32 49 56 64 0 96 63 50 14 58 69 46 89 24 ]
[ 73 3 55 56 82 94 48 94 64 16 64 66 91 92 84 9 87 17 11 44 81 63 92 97 14 58 55 83 4 96 59 77 51 15 34 34 9 34 28 25 50 92 91 41 84 76 3 24 45 14 ]
[ 20 78 77 12 75 43 70 82 26 26 78 38 3 30 53 89 64 14 76 44 92 26 89 35 20 73 63 75 49 8 41 69 39 70 33 66 14 55 49 92 81 79 30 37 61 35 78 77 2 54 ]
[ 22 94 81 11 29 53 36 93 28 86 53 21 7 92 91 93 59 5 0 60 98 82 39 80 71 53 68 49 30 70 56 4 64 89 15 45 42 4 38 22 42 44 43 1 88 34 94 99 92 95 ]
[ 59 42 29 51 22 52 4 90 53 86 12 9 91 76 98 58 22 92 62 12 14 4 8 9 6 97 44 52 96 88 99 8 30 80 11 4 32 15 47 38 53 59 47 44 36 46 55 10 90 17 ]
[ 74 5 74 83 66 32 80 10 84 28 50 36 36 80 16 47 37 1 14 84 39 68 43 86 64 31 84 19 93 75 89 68 32 63 51 98 95 83 61 31 11 63 67 48 44 84 47 33 37 14 ]

Running merge sort algorithm: 
Timer (sort): 269ms real	240ms user	30ms sys
The output is sorted!
[ 51 35 40 76 60 9 45 40 35 72 17 22 97 0 84 5 17 49 21 17 81 24 11 8 41 3 2 5 2 5 14 5 40 6 34 0 15 79 92 2 3 9 24 0 9 8 5 78 9 78 ]
[ 46 80 19 25 4 16 20 27 3 38 85 4 13 66 85 42 62 46 6 5 37 37 13 22 43 3 5 23 5 19 32 3 52 3 28 56 19 0 84 74 38 21 31 3 40 16 45 2 62 3 ]
[ 17 21 70 8 36 12 46 2 37 72 17 6 13 70 52 2 9 37 94 40 36 10 84 51 12 64 3 12 36 21 33 6 43 3 14 31 16 12 33 5 85 2 11 50 24 16 4 33 5 99 ]
[ 87 38 30 9 23 51 69 17 37 33 53 64 87 10 4 6 66 52 9 6 48 0 12 45 26 7 73 22 14 23 22 1 14 4 10 37 7 32 6 44 65 59 8 52 21 12 10 39 64 19 ]
[ 30 82 17 43 42 23 1 36 17 4 44 31 1 44 19 36 13 22 17 14 30 0 46 15 48 12 64 67 81 2 43 12 84 60 7 26 35 8 15 4 64 11 35 17 55 54 54 20 29 23 ]
[ 19 42 78 88 11 31 84 16 10 11 27 0 7 40 45 17 15 3 5 16 11 35 78 14 20 3 79 9 0 67 38 19 61 16 59 24 99 43 41 9 6 68 9 13 9 6 83 24 10 40 ]
[ 49 35 0 10 11 39 19 9 51 81 31 27 13 14 29 14 6 35 9 30 53 42 33 14 13 36 16 60 13 89 13 14 76 13 24 88 4 43 49 8 24 32 35 38 47 64 4 53 51 13 ]
[ 5 39 17 31 15 76 12 1 10 96 48 58 27 71 18 33 6 17 22 11 2 56 21 21 26 14 88 23 7 0 64 13 39 34 44 6 62 8 59 72 4 7 30 83 31 0 16 37 17 91 ]
[ 28 35 25 9 33 0 30 4 1 11 53 4 1 0 28 95 9 46 37 15 53 19 1 67 32 1 37 52 22 80 55 2 15 80 12 1 32 94 5 33 5 11 89 58 11 70 5 73 68 43 ]
[ 97 47 12 17 11 53 30 64 13 28 18 53 1 8 21 88 2 22 28 12 93 19 16 48 10 1 53 15 13 56 42 63 3 6 80 14 11 11 30 24 91 1 29 44 9 51 84 11 25 13 ]
[ 8 26 43 29 0 52 92 15 33 81 46 6 97 24 28 11 13 20 5 53 6 48 1 6 23 16 40 80 23 37 9 31 15 5 12 67 57 4 82 42 37 81 1 35 5 81 46 18 1 3 ]
[ 31 19 78 16 46 10 47 74 32 9 5 18 28 25 6 22 31 53 36 70 47 54 26 17 49 13 38 86 13 36 8 96 7 86 12 5 49 11 31 33 20 37 3 0 14 10 74 45 15 10 ]
[ 75 16 55 48 42 17 0 46 13 22 11 50 13 10 13 14 9 71 40 32 72 50 11 92 28 6 3 43 39 2 3 66 70 10 14 13 27 14 11 40 37 74 42 2 37 55 16 46 78 8 ]
[ 27 94 8 64 16 65 10 9 3 36 2 88 4 25 12 27 61 4 28 21 35 23 19 43 81 20 1 35 17 18 32 44 13 92 60 29 57 22 38 12 10 40 53 14 17 65 42 30 22 22 ]
[ 8 29 26 72 39 4 26 15 21 93 36 31 60 67 32 20 46 20 71 15 76 17 39 5 1 9 36 52 2 22 24 62 3 2 34 43 6 60 10 27 53 47 10 14 14 42 86 12 15 58 ]
[ 41 27 82 40 12 51 20 61 27 16 13 42 49 6 14 5 18 0 6 7 30 36 39 30 85 50 46 22 84 49 50 25 76 32 18 40 36 38 1 15 6 14 58 7 21 72 13 39 24 19 ]
[ 50 18 35 11 13 44 17 22 35 21 39 20 43 5 25 18 15 22 80 48 27 37 72 13 36 8 15 35 25 43 38 27 13 73 90 26 17 60 0 4 81 39 25 25 44 2 95 12 25 27 ]
[ 56 78 33 4 27 34 14 39 17 15 19 30 67 64 11 44 19 31 17 81 70 48 52 91 14 61 32 1 6 8 4 14 38 37 18 65 23 32 4 40 0 24 22 19 40 33 16 59 16 33 ]
[ 33 76 22 87 1 68 1 10 0 44 1 35 13 22 26 89 11 62 58 24 89 3 28 40 2 5 7 33 30 83 67 63 12 41 2 13 9 4 76 9 0 77 44 13 51 23 3 15 85 13 ]
[ 59 7 19 39 51 31 11 2 10 33 31 13 41 20 22 18 54 60 90 24 63 74 6 3 30 35 92 30 57 19 2 16 26 21 8 78 52 19 32 15 5 15 28 46 36 2 17 42 62 59 ]

Timer (generate): 730ms real	700ms user	30ms sys
[ 5 17 68 11 84 78 28 34 82 58 16 69 63 55 89 31 95 69 56 88 19 47 28 76 7 11 34 82 19 62 67 25 80 35 88 16 13 68 50 95 26 18 16 41 74 6 72 21 27 28 ]
[ 9 46 76 90 75 83 1 61 17 72 24 84 49 56 71 89 24 84 57 27 31 36 45 0 77 19 6 50 41 85 78 2 83 6 44 58 41 97 20 11 70 96 47 71 4 19 61 28 55 18 ]
[ 55 87 54 53 87 32 72 45 34 65 30 12 68 13 71 12 24 64 10 44 75 32 40 23 3 96 94 64 76 49 35 84 88 89 37 75 73 9 72 7 27 2 72 47 68 95 59 92 59 21 ]
[ 88 35 5 80 10 9 76 4 25 52 53 60 88 42 2 25 69 27 87 94 87 14 48 59 61 16 54 72 60 65 46 48 52 51 28 62 12 4 18 90 9 24 2 97 18 4 23 87 84 62 ]
[ 33 71 76 82 82 89 98 88 13 11 53 11 59 6 63 88 20 27 44 39 17 53 63 20 3 33 76 78 20 12 40 6 83 68 88 17 9 38 5 22 49 11 34 9 17 49 49 89 28 93 ]
[ 80 98 99 43 70 54 76 46 32 49 11 24 55 46 44 95 64 53 33 21 27 83 32 13 44 1 14 93 91 43 38 71 93 89 67 63 43 95 61 27 96 72 51 51 19 47 98 83 0 32 ]
[ 4 80 67 37 93 11 38 8 56 81 3 46 53 96 36 72 59 79 67 20 59 64 93 10 67 64 58 66 47 10 98 3 90 65 92 36 28 83 96 84 64 99 30 69 47 18 41 58 50 9 ]
[ 78 9 73 23 71 92 39 81 58 86 92 8 42 34 25 34 70 53 17 18 89 82 17 72 51 16 90 45 74 40 54 5 49 79 80 21 71 20 54 82 58 98 90 0 33 68 35 55 73 52 ]
[ 74 63 86 43 87 90 12 77 35 86 70 41 43 71 20 24 44 43 44 99 25 2 97 68 3 30 88 90 38 61 94 64 76 81 59 63 23 71 41 58 58 63 99 1 34 71 77 79 14 21 ]
[ 78 92 76 75 12 31 58 0 21 48 61 15 12 38 48 71 1 71 95 94 81 53 9 32 6 44 3 36 23 70 57 53 62 85 80 74 16 90 74 37 38 87 53 50 25 53 74 79 77 69 ]
[ 25 58 74 35 91 32 79 46 68 54 16 78 59 78 63 39 52 80 30 78 17 68 66 22 71 43 28 97 74 5 18 52 63 92 87 6 76 18 53 97 24 69 75 83 48 90 22 52 22 4 ]
[ 83 92 25 1 14 48 96 94 45 71 99 15 23 15 59 62 21 35 80 74 32 4 96 59 39 96 2 13 48 24 70 83 16 95 84 83 43 81 77 40 4 29 55 27 44 14 89 65 1 21 ]
[ 92 86 77 88 97 16 84 99 81 84 76 51 68 92 46 4 27 41 85 5 33 89 86 40 68 30 6 57 47 8 30 39 46 7 27 43 75 63 95 57 48 71 8 68 15 7 72 43 0 10 ]
[ 0 86 99 86 26 68 16 33 77 63 93 8 55 91 67 34 34 43 98 81 52 98 52 12 18 68 71 90 63 72 0 63 58 52 49 36 72 17 21 1 32 14 9 87 57 29 22 44 24 72 ]
[ 25 76 22 30 40 40 98 12 82 61 36 83 76 94 87 25 82 11 94 4 12 26 70 74 66 28 3 40 72 27 12 97 55 34 27 95 74 77 7 56 90 95 91 66 89 30 43 72 41 89 ]
[ 28 54 16 98 28 34 26 83 74 50 10 86 0 17 72 79 12 98 57 72 6 99 67 98 18 9 80 61 33 22 3 61 28 71 11 56 5 38 91 79 88 1 17 40 70 41 20 82 39 77 ]
[ 6 45 28 26 95 46 35 76 60 20 98 63 33 78 34 44 86 91 82 77 22 23 30 39 63 0 80 35 34 19 12 41 16 93 19 12 39 54 88 99 26 38 14 59 16 0 3 2 91 38 ]
[ 79 13 13 9 4 28 9 84 64 95 55 28 36 24 21 55 36 61 61 76 12 39 14 79 98 82 79 54 84 23 44 15 36 9 76 93 37 37 29 53 32 37 82 21 61 55 76 49 68 90 ]
[ 25 33 81 39 12 32 73 43 86 57 66 82 24 55 91 0 0 28 37 29 82 69 66 16 90 79 23 19 28 92 61 53 25 42 44 89 74 17 32 12 26 51 94 50 58 85 50 58 66 39 ]
[ 39 0 61 6 68 51 37 91 22 66 83 35 19 8 30 16 97 56 33 82 69 60 85 15 10 43 53 13 53 19 52 92 19 13 50 87 17 40 30 91 6 14 27 77 74 57 93 24 13 27 ]

Running merge sort algorithm: 
Timer (sort): 282ms real	200ms user	80ms sys
The output is sorted!
[ 4 21 27 2 0 14 21 9 82 7 9 68 18 41 46 25 3 9 44 18 6 37 62 39 85 6 18 36 54 17 21 10 90 0 13 91 15 34 52 49 41 13 17 11 7 15 36 62 24 33 ]
[ 43 49 27 42 37 81 18 6 34 2 16 26 14 32 29 42 39 34 13 42 11 17 56 11 50 35 38 50 6 70 45 2 19 24 44 8 5 14 14 92 17 31 18 31 15 47 25 7 33 39 ]
[ 2 11 65 18 1 6 9 8 37 27 16 7 44 0 44 39 10 3 58 51 55 69 68 91 16 47 87 15 54 57 87 9 20 52 27 21 10 88 29 0 16 45 7 12 45 3 3 7 6 13 ]
[ 11 78 25 36 23 6 25 25 35 13 8 18 17 67 29 46 7 67 20 24 7 13 27 12 0 57 3 24 29 13 31 92 44 56 28 67 15 5 45 2 18 5 20 35 73 49 33 32 68 53 ]
[ 5 20 22 51 11 39 3 3 7 3 1 55 34 86 31 79 73 68 52 9 15 6 33 1 8 1 30 26 67 3 29 24 23 3 28 86 42 83 42 1 86 43 57 72 30 40 4 3 9 8 ]
[ 23 39 55 1 10 7 1 51 61 23 94 30 36 34 15 11 1 25 4 64 64 39 25 7 21 50 8 12 24 7 9 0 46 17 1 9 24 2 12 86 77 58 16 66 45 83 29 46 9 85 ]
[ 7 46 49 21 0 8 9 95 10 34 62 74 17 21 57 94 34 31 75 12 9 35 25 44 9 19 42 24 12 9 4 71 7 5 44 7 13 5 3 76 39 17 2 8 39 59 54 25 42 81 ]
[ 41 4 19 48 30 65 10 19 19 31 38 9 4 1 68 32 9 72 0 85 19 1 22 57 54 7 58 56 26 69 48 19 74 67 20 4 33 82 23 4 13 14 14 18 15 82 2 24 6 54 ]
[ 4 52 5 5 43 25 21 5 85 2 6 69 51 68 18 73 31 44 26 6 16 5 75 13 9 21 0 53 38 55 8 43 8 65 0 3 43 22 8 28 76 66 49 28 86 19 53 18 15 31 ]
[ 38 93 80 87 50 62 59 15 9 56 29 63 66 15 31 86 1 4 5 8 41 11 14 28 15 22 50 18 18 17 9 56 63 41 43 13 3 2 28 64 11 9 27 29 25 11 15 26 15 21 ]
[ 26 70 33 0 56 13 20 26 46 8 28 66 31 5 9 4 41 22 2 83 21 39 31 22 22 5 24 8 59 18 29 85 41 14 38 97 28 10 76 26 18 4 92 50 61 53 6 2 28 8 ]
[ 49 7 8 31 93 52 41 6 77 26 41 19 22 12 0 32 16 89 7 26 71 8 45 62 81 8 67 8 40 3 40 42 10 1 25 3 5 66 9 34 45 2 5 67 15 5 52 83 46 11 ]
[ 27 12 47 22 58 8 78 4 4 56 3 2 92 8 44 6 31 26 15 30 69 11 83 36 28 70 33 92 24 18 13 51 31 12 26 41 20 4 45 76 12 0 30 5 8 75 11 40 1 79 ]
[ 7 29 91 71 10 8 12 66 38 9 85 4 3 1 25 34 56 27 4 9 30 19 1 18 85 26 22 3 12 8 76 19 90 20 43 0 80 7 67 19 68 4 75 71 6 0 6 14 79 62 ]
[ 22 40 10 52 49 49 37 9 53 1 23 20 41 62 12 19 49 88 36 44 18 0 9 64 25 63 36 77 41 60 20 16 1 30 20 2 32 9 63 37 10 86 9 4 0 21 75 2 61 12 ]
[ 22 50 49 9 36 17 3 10 14 53 43 34 51 4 9 40 17 23 7 81 20 91 43 33 28 36 83 20 30 9 17 4 11 18 13 47 36 69 9 2 22 5 36 25 9 97 65 78 20 72 ]
[ 68 17 16 18 43 32 82 17 36 28 53 16 1 88 15 20 18 58 9 31 95 67 39 4 7 7 85 16 37 31 50 5 0 18 76 44 2 58 13 38 38 67 6 39 7 22 11 25 32 20 ]
[ 77 85 30 53 47 32 57 27 4 20 22 64 25 77 25 44 1 11 12 24 35 29 38 18 11 93 0 62 80 16 39 9 2 21 14 1 6 23 28 10 43 2 26 69 80 51 13 33 15 25 ]
[ 2 96 31 5 80 25 56 52 40 15 1 35 99 22 69 0 37 81 46 4 0 22 61 22 79 70 5 74 18 26 17 20 22 0 25 3 25 34 7 17 49 8 52 0 31 74 0 20 7 47 ]
[ 4 4 9 50 14 40 31 51 97 51 6 36 11 37 29 3 23 58 4 21 54 14 91 20 11 28 2 88 34 7 1 38 11 10 89 77 50 72 29 0 23 35 36 34 25 17 37 0 27 93 ]

Timer (generate): 723ms real	680ms user	40ms sys
[ 41 96 5 2 87 89 36 45 30 12 37 37 46 5 96 77 95 54 34 29 99 85 47 23 41 47 43 79 23 72 1 64 69 58 66 8 99 54 53 29 18 91 18 64 48 14 93 43 21 79 ]
[ 72 20 16 71 43 57 18 86 37 41 59 90 57 80 0 75 88 99 30 94 80 0 85 98 17 85 64 62 29 85 42 53 58 58 25 1 68 95 40 57 37 51 47 46 31 99 22 71 50 52 ]
[ 65 30 4 2 80 21 88 44 36 69 30 78 22 88 88 99 41 56 95 81 65 32 32 12 30 15 63 52 39 13 56 4 95 61 59 75 34 47 20 70 68 2 0 90 42 89 42 83 97 37 ]
[ 17 63 21 1 27 51 17 43 4 56 56 60 12 52 73 71 27 8 70 99 78 38 1 79 81 43 20 23 27 69 12 44 32 33 45 12 84 14 55 40 22 63 1 35 67 26 58 47 34 29 ]
[ 46 65 19 0 96 52 43 68 27 22 37 39 18 22 72 16 34 57 82 41 97 5 56 50 92 76 77 50 23 63 31 21 28 3 21 76 55 65 44 83 39 82 22 58 4 47 26 90 4 8 ]
[ 83 53 65 39 56 57 15 85 60 90 48 43 12 29 46 33 57 54 50 2 37 42 36 11 0 92 58 78 82 14 86 65 20 52 56 28 61 24 13 21 14 13 65 26 94 63 12 4 17 14 ]
[ 6 6 56 94 70 56 86 28 86 68 95 73 85 67 77 41 95 38 17 60 12 32 25 77 10 72 92 22 76 10 37 34 68 93 28 38 2 14 19 88 34 14 13 19 81 90 12 28 29 30 ]
[ 88 93 14 65 22 24 37 14 47 13 76 36 47 45 29 75 35 83 41 54 72 75 68 85 94 1 28 59 81 9 41 21 2 55 87 24 79 24 38 78 38 67 14 85 12 96 13 99 79 54 ]
[ 54 3 30 74 89 76 28 17 87 9 26 28 31 80 35 18 4 67 42 94 45 32 61 12 70 25 60 35 25 91 89 79 95 71 53 36 0 81 53 87 91 31 68 74 11 3 92 67 22 86 ]
[ 61 20 71 23 32 93 48 44 28 73 35 17 4 30 41 58 66 41 91 71 80 34 54 48 8 17 4 52 84 26 91 46 46 62 21 30 55 69 26 35 95 62 4 99 44 45 9 11 86 53 ]
[ 34 67 87 89 67 48 6 23 52 91 50 95 89 48 9 10 31 16 31 9 51 26 71 56 78 16 1 39 79 40 92 13 59 32 54 78 32 61 2 84 4 4 32 93 52 41 3 35 58 34 ]
[ 45 9 13 68 65 43 36 19 82 15 59 75 81 70 59 35 48 91 96 50 27 52 54 59 45 59 1 0 46 11 87 91 20 52 12 38 95 48 9 77 64 68 4 97 90 63 32 38 6 81 ]
[ 41 34 33 47 45 31 6 98 83 53 9 70 96 82 74 8 20 69 57 29 99 73 49 3 70 91 19 54 29 25 35 22 11 21 70 9 4 76 7 87 81 17 10 30 51 84 90 23 6 99 ]
[ 52 5 72 53 8 94 44 27 49 25 5 36 48 16 9 18 25 13 46 85 1 80 54 63 10 5 47 0 28 5 0 32 10 24 85 19 71 81 98 72 6 55 8 6 72 70 76 49 83 75 ]
[ 34 36 55 40 51 17 45 99 69 73 4 21 57 67 98 42 38 69 75 36 41 34 92 1 40 16 71 69 17 7 44 4 95 51 44 47 20 90 98 89 15 54 63 73 21 61 67 59 30 43 ]
[ 48 23 77 92 24 69 60 48 38 77 7 34 81 2 37 26 49 57 68 99 99 35 54 14 8 75 75 76 87 57 71 35 80 0 27 56 69 39 56 60 16 63 46 50 18 84 28 19 41 96 ]
[ 19 92 31 73 6 92 0 81 20 87 90 91 74 22 43 53 79 64 92 87 24 9 51 71 11 21 7 39 40 48 87 59 93 70 84 99 62 85 33 34 24 75 77 99 98 20 52 29 85 97 ]
[ 16 61 6 19 32 69 40 39 8 33 40 47 44 85 17 29 84 32 66 69 66 90 45 44 41 43 16 46 24 1 43 40 63 1 12 47 70 4 39 78 37 31 77 82 16 94 63 52 26 29 ]
[ 74 45 71 19 89 13 14 5 59 38 59 54 30 74 55 42 21 25 47 12 55 84 95 32 18 11 26 81 16 5 62 90 50 34 9 91 99 75 96 10 65 7 64 95 81 19 90 55 44 37 ]
[ 67 99 73 63 83 44 26 61 25 94 66 88 84 68 74 45 59 73 20 8 83 37 15 47 33 97 66 23 4 62 12 71 13 37 86 96 81 65 57 59 59 76 99 96 96 73 41 56 46 14 ]

Running merge sort algorithm: 
Timer (sort): 293ms real	230ms user	60ms sys
The output is sorted!
[ 40 24 23 87 17 2 22 29 25 26 49 28 35 9 44 11 19 16 8 14 3 16 87 41 28 1 14 9 69 26 4 9 2 80 48 19 34 71 0 11 49 50 39 36 11 35 0 82 51 8 ]
[ 51 7 11 11 1 37 40 17 49 25 73 9 22 39 8 27 48 6 22 5 10 6 72 30 0 36 8 19 31 61 88 83 21 0 94 22 37 35 39 39 60 13 0 35 4 8 62 4 15 36 ]
[ 69 17 34 20 9 49 24 15 29 16 18 16 3 7 25 45 44 14 14 15 53 22 39 37 2 42 68 17 72 54 94 41 23 28 61 33 77 37 0 7 6 18 75 9 25 0 7 21 14 21 ]
[ 49 6 2 3 35 37 59 4 12 3 3 70 61 36 21 79 80 6 25 23 31 20 27 4 67 12 54 14 52 56 48 1 14 2 5 1 39 16 5 3 19 9 73 32 45 46 11 77 4 88 ]
[ 10 91 1 6 61 14 61 74 20 18 20 8 37 27 2 12 21 11 10 67 26 26 49 71 0 10 58 23 20 58 2 31 1 56 37 62 22 50 37 42 20 9 3 9 89 5 21 10 69 32 ]
[ 13 12 37 40 59 20 8 37 71 26 39 0 63 12 10 5 23 13 15 36 87 34 30 17 38 4 10 7 45 99 42 10 11 80 50 22 0 10 12 24 36 51 76 0 15 86 5 38 52 20 ]
[ 34 71 2 90 49 1 46 10 80 12 8 0 25 8 9 12 27 32 5 43 79 19 36 28 23 7 69 49 46 28 25 32 0 27 22 49 81 20 11 61 33 20 13 10 28 74 22 7 7 79 ]
[ 3 12 10 3 32 19 93 46 34 37 16 1 39 48 11 64 22 3 7 22 5 86 36 64 7 1 9 20 64 14 42 20 78 52 23 11 23 16 57 9 5 73 10 44 22 22 9 96 77 68 ]
[ 11 57 7 33 11 7 11 78 81 43 15 12 27 39 6 36 73 39 43 6 17 13 36 17 23 51 16 53 45 1 4 9 59 63 42 22 22 5 1 4 48 16 16 27 55 74 64 81 66 7 ]
[ 40 7 0 35 37 48 5 1 37 48 42 48 7 32 9 1 6 37 16 14 40 99 37 0 34 48 0 35 8 8 29 0 16 82 35 5 82 93 58 71 41 0 20 0 85 81 1 91 18 17 ]
[ 62 48 0 18 32 45 35 29 52 1 33 32 27 41 14 22 12 1 55 3 14 82 17 28 50 91 75 5 7 28 57 21 29 57 39 13 55 27 42 59 28 27 43 7 21 10 29 33 11 37 ]
[ 6 5 6 62 46 16 26 73 37 52 86 14 66 24 34 50 15 48 54 35 16 30 48 16 30 21 2 45 1 1 1 7 59 7 21 5 76 47 30 13 0 16 27 18 92 61 20 8 61 74 ]
[ 30 46 0 70 38 47 27 19 11 13 15 63 6 8 68 0 68 69 31 67 4 79 31 66 24 2 76 32 7 20 1 37 18 1 60 8 0 39 27 11 52 94 27 58 2 47 11 22 16 42 ]
[ 91 34 0 36 36 18 33 28 54 93 5 37 65 21 20 1 6 7 50 34 45 59 11 88 38 9 38 4 37 31 6 28 17 7 17 53 25 2 34 79 47 39 69 12 60 41 13 18 0 15 ]
[ 23 53 44 12 0 2 70 48 17 5 55 38 2 11 30 14 63 41 22 26 60 71 5 9 18 25 69 7 45 1 25 21 54 22 33 6 24 55 7 93 12 62 32 15 74 14 81 37 8 55 ]
[ 19 33 34 8 7 76 44 34 11 7 45 9 21 7 17 8 29 17 75 28 0 30 0 10 33 53 58 46 46 16 23 65 2 9 73 9 85 70 43 96 29 40 57 2 47 26 10 29 44 37 ]
[ 15 84 71 24 28 25 6 26 56 8 6 81 31 87 6 8 65 10 2 33 88 3 11 67 11 74 33 66 72 15 14 40 0 38 16 80 63 23 6 19 31 65 1 15 4 7 23 21 17 25 ]
[ 11 2 11 2 22 30 56 21 38 19 8 33 12 8 64 13 69 74 34 61 45 37 7 15 69 19 33 31 37 28 17 0 30 81 2 4 63 11 25 1 30 85 86 94 45 50 7 15 24 42 ]
[ 81 32 10 35 19 3 27 42 30 48 1 58 48 22 2 84 6 47 13 30 11 39 63 83 12 40 80 12 11 27 4 92 11 15 79 30 70 6 25 52 7 26 10 55 0 13 91 7 12 5 ]
[ 23 5 30 14 0 38 99 35 23 42 7 53 79 26 32 23 7 8 40 1 45 1 10 51 24 3 19 29 35 84 7 11 41 89 25 41 27 25 29 51 19 36 56 98 62 40 21 21 48 13 ]

Timer (generate): 699ms real	650ms user	50ms sys
[ 49 63 67 54 89 65 10 57 74 79 10 8 85 76 95 95 75 29 8 74 54 27 89 40 14 80 48 20 52 44 23 53 59 91 8 0 8 18 58 82 50 20 43 35 96 38 83 23 19 43 ]
[ 97 26 70 86 18 37 18 18 57 23 63 80 76 74 23 36 75 31 7 85 14 57 5 57 44 53 47 27 77 18 70 26 44 93 65 63 30 83 81 87 58 96 19 35 71 43 23 98 26 30 ]
[ 83 92 39 88 1 84 41 48 63 70 19 34 49 63 79 14 78 9 49 12 48 8 60 67 95 31 62 18 81 89 49 64 33 88 52 35 24 46 35 88 16 54 74 65 18 53 31 48 62 81 ]
[ 60 10 41 21 29 36 4 92 54 86 33 55 50 66 96 55 53 20 1 89 8 69 43 82 87 13 35 18 62 97 51 74 7 44 95 89 80 52 81 87 38 66 94 40 84 90 47 38 11 0 ]
[ 27 19 22 22 54 9 36 89 79 50 39 31 24 98 27 72 87 60 24 68 47 14 86 93 6 71 84 54 61 47 6 88 18 28 10 72 37 98 14 17 0 53 0 25 51 79 49 39 39 73 ]
[ 59 38 39 46 32 45 69 68 51 30 15 58 70 33 38 32 58 76 31 72 45 31 25 97 8 76 76 57 67 16 82 27 54 21 25 38 19 94 6 22 24 21 32 46 7 71 78 65 47 9 ]
[ 89 44 93 14 93 1 42 69 11 10 37 93 37 44 67 14 34 38 8 41 60 84 14 93 30 73 64 8 90 63 70 79 59 63 93 52 16 88 73 79 98 63 73 87 7 92 1 41 30 61 ]
[ 34 42 45 49 35 27 74 51 87 65 66 57 44 25 72 90 77 89 78 3 20 76 66 93 15 25 37 16 18 19 77 53 62 74 54 49 1 28 1 88 45 67 98 90 93 70 32 22 11 10 ]
[ 77 32 38 43 77 5 68 15 21 39 34 50 92 48 76 98 98 77 78 99 17 24 18 67 66 63 38 98 38 1 60 15 85 50 59 63 55 79 30 28 18 16 78 62 65 54 60 63 83 39 ]
[ 14 52 15 84 20 81 48 10 31 86 11 43 1 97 93 12 12 48 92 42 28 62 10 6 25 75 12 37 90 47 28 56 51 43 41 71 76 41 33 7 27 97 50 80 46 95 93 58 43 37 ]
[ 52 23 99 62 81 76 90 93 14 32 92 42 89 44 86 82 67 62 75 1 22 2 50 24 34 96 20 79 54 15 16 58 39 68 20 20 44 62 66 58 95 58 53 36 54 39 70 74 53 45 ]
[ 75 27 99 25 52 33 73 72 13 27 87 81 37 26 49 57 99 94 72 65 4 19 75 57 55 82 48 77 56 54 22 83 81 73 60 85 6 33 57 71 12 97 5 49 75 54 58 74 0 30 ]
[ 91 57 49 67 14 56 1 15 33 57 21 7 40 2 80 0 40 39 33 49 10 97 46 67 46 22 22 4 48 22 87 40 79 36 59 46 45 60 13 78 17 34 86 9 88 18 61 28 57 46 ]
[ 78 20 43 76 87 89 50 9 45 99 84 32 91 15 21 2 13 66 62 26 44 31 12 82 40 1 1 53 81 10 99 11 30 42 88 18 83 38 79 28 89 15 61 32 83 34 34 96 0 96 ]
[ 75 96 79 39 31 71 40 32 24 74 94 23 85 25 17 25 95 0 16 26 81 57 42 94 90 25 28 24 73 80 73 48 76 4 88 7 76 80 91 52 6 86 28 44 63 97 69 58 50 37 ]
[ 36 31 95 78 77 37 55 5 13 29 85 38 29 13 43 69 73 71 2 64 75 8 2 3 52 17 1 74 75 51 11 64 34 58 42 11 47 98 68 61 27 5 51 8 18 94 78 91 17 80 ]
[ 8 93 88 62 48 93 80 1 67 7 4 30 71 38 41 14 1 88 64 69 1 43 74 53 51 45 99 29 88 69 61 48 14 2 11 62 95 91 64 62 98 68 44 70 59 85 36 60 26 0 ]
[ 82 79 43 56 84 46 53 84 28 42 5 89 42 19 91 53 81 86 44 97 0 95 18 97 65 77 34 53 89 60 53 71 92 48 80 76 94 33 12 22 27 17 12 70 36 55 23 70 94 20 ]
[ 67 94 15 37 91 32 14 78 85 4 90 38 27 82 38 7 59 32 93 71 7 20 41 71 42 77 26 18 47 72 38 67 67 5 4 10 37 71 88 22 27 31 12 54 13 2 62 24 86 55 ]
[ 96 93 27 37 16 22 66 95 40 66 67 30 85 34 35 89 97 24 12 37 98 39 68 62 94 34 64 8 58 50 15 54 44 42 43 12 64 62 7 56 28 75 86 13 61 73 54 10 49 67 ]

Running merge sort algorithm: 
Timer (sort): 280ms real	230ms user	50ms sys
The output is sorted!
[ 50 3 21 5 74 40 22 31 14 19 86 86 22 50 31 13 2 49 12 80 34 88 20 5 46 36 18 16 18 1 8 20 4 29 26 30 69 0 13 35 19 99 21 42 50 4 7 4 54 19 ]
[ 1 34 68 86 4 48 40 4 2 3 1 1 16 57 55 47 48 49 11 28 75 48 57 26 0 10 8 22 10 62 39 63 48 7 49 52 7 42 56 9 45 9 10 13 19 18 12 19 67 75 ]
[ 59 8 34 65 59 11 10 7 0 64 45 0 49 20 79 15 19 53 24 4 45 35 75 17 5 28 35 48 2 92 24 13 0 10 30 12 73 40 19 73 5 16 26 6 37 5 21 56 11 97 ]
[ 5 11 38 6 68 57 1 3 25 61 24 31 30 36 28 48 93 75 55 22 1 10 45 27 59 24 16 27 44 22 65 1 34 55 7 54 12 60 9 89 21 33 21 4 21 1 4 14 76 11 ]
[ 63 8 18 88 31 18 57 19 4 21 57 17 12 2 39 13 24 37 38 9 92 58 39 97 20 63 12 78 2 16 54 18 24 25 6 8 43 64 27 0 37 37 17 1 39 8 14 15 45 52 ]
[ 45 1 9 7 43 0 0 9 24 8 40 95 72 23 46 50 40 3 37 90 9 23 82 1 41 34 5 25 60 5 26 58 7 35 65 2 88 18 64 12 78 4 59 50 27 5 0 19 9 38 ]
[ 15 7 39 91 76 17 82 5 58 32 8 31 43 53 10 43 31 51 56 10 3 8 8 20 23 24 43 27 36 12 5 3 19 44 46 47 14 29 52 24 13 13 55 9 66 17 4 98 21 60 ]
[ 56 6 49 2 1 37 4 49 82 0 5 32 59 58 40 39 13 66 19 61 14 5 86 2 3 18 81 13 0 24 43 56 30 92 10 31 30 14 32 12 14 89 44 25 0 36 16 13 3 88 ]
[ 66 37 5 7 74 1 25 24 0 36 21 33 39 22 19 38 24 96 68 9 55 21 14 47 10 20 73 3 4 20 5 22 57 62 82 32 15 7 8 15 43 81 0 35 3 20 73 27 68 41 ]
[ 85 43 38 93 21 98 1 24 10 26 28 6 14 57 3 25 1 12 64 5 1 16 80 98 5 34 19 0 18 82 10 55 25 0 0 47 50 1 71 13 80 51 19 46 8 22 23 9 35 39 ]
[ 37 11 18 35 62 24 12 99 55 1 7 6 48 41 50 61 29 28 1 50 38 62 0 80 20 27 13 20 14 5 18 52 68 89 39 82 13 3 33 20 4 40 26 4 33 28 17 15 56 18 ]
[ 9 7 21 11 48 32 27 78 13 39 1 84 38 27 41 28 75 4 8 18 5 41 15 69 8 12 32 4 40 31 4 1 90 25 64 90 10 92 69 23 83 22 59 22 49 1 2 25 5 11 ]
[ 64 23 49 19 46 53 25 2 26 19 10 8 44 0 1 86 15 32 45 70 29 55 60 59 9 25 12 8 21 26 26 85 2 75 5 0 81 30 3 7 2 13 67 46 66 21 84 33 5 29 ]
[ 52 40 28 61 48 13 30 35 7 14 71 10 77 40 6 4 7 53 3 23 96 50 2 8 17 38 45 34 3 19 50 7 12 30 68 60 43 50 95 2 17 19 12 46 11 70 51 18 23 6 ]
[ 6 78 44 1 74 36 18 28 6 32 28 47 5 11 3 17 45 13 55 29 33 25 69 7 6 18 10 69 29 44 68 87 22 12 40 49 0 10 77 7 43 57 6 0 68 9 18 65 75 25 ]
[ 30 37 14 11 29 62 94 19 21 74 16 2 4 11 11 88 34 8 54 12 20 1 38 23 0 9 28 9 64 5 23 95 42 37 6 72 51 0 43 72 27 12 75 31 23 38 19 10 46 74 ]
[ 96 10 24 32 46 1 71 90 36 14 33 6 7 10 0 56 9 61 63 72 18 6 30 23 11 18 0 46 35 17 40 31 79 16 63 78 17 35 20 54 1 5 12 8 16 13 16 77 26 80 ]
[ 71 59 56 5 62 53 28 21 28 28 4 12 55 6 1 8 91 57 28 23 1 14 70 48 36 34 49 3 30 54 25 1 13 33 6 28 39 34 49 67 14 5 31 21 11 32 82 54 42 10 ]
[ 68 42 10 0 97 8 40 36 7 59 66 12 32 1 61 27 6 10 17 61 27 33 14 17 34 22 14 1 2 26 21 22 68 84 23 65 44 15 1 3 26 20 68 58 21 29 37 80 91 6 ]
[ 22 23 18 15 31 33 1 22 40 8 1 32 4 44 27 40 29 47 12 19 33 19 0 65 45 61 85 96 15 2 35 37 25 53 52 57 38 5 31 31 65 32 63 69 28 42 10 9 42 22 ]

Timer (generate): 711ms real	670ms user	30ms sys
[ 68 22 29 31 15 8 37 21 46 55 44 20 88 4 43 21 37 40 69 8 29 89 1 29 81 30 60 51 99 48 48 67 22 77 99 89 37 36 10 35 43 54 8 31 10 51 5 47 44 74 ]
[ 8 73 15 9 2 48 91 15 99 91 15 0 58 89 29 9 78 67 98 88 54 41 94 62 25 4 66 30 3 10 56 11 35 23 21 89 71 64 56 22 55 23 22 66 12 52 75 90 71 25 ]
[ 30 25 67 76 40 92 32 6 74 36 68 82 47 55 5 20 44 28 85 1 50 40 76 25 58 89 77 86 31 48 11 62 73 78 38 13 22 71 71 48 59 91 30 6 46 87 27 91 67 12 ]
[ 44 70 4 20 95 63 61 72 49 93 20 12 55 45 91 45 11 65 68 34 14 27 26 44 86 72 84 65 15 51 77 59 21 33 32 16 48 45 88 49 38 60 62 45 58 53 43 69 70 63 ]
[ 3 84 43 29 81 29 54 65 94 69 16 23 81 38 8 65 54 57 10 95 6 1 7 68 46 65 73 41 34 44 5 90 80 48 71 61 77 77 26 23 47 95 46 80 33 54 45 39 11 7 ]
[ 86 70 8 94 38 55 11 12 96 98 8 1 88 88 1 11 50 78 89 28 1 88 23 99 68 8 54 13 0 17 20 38 39 29 32 78 36 44 42 84 94 2 38 82 90 39 45 92 18 34 ]
[ 21 71 22 96 71 90 57 77 55 57 46 28 47 86 57 80 16 45 76 10 29 70 12 67 4 2 59 1 47 29 36 68 0 10 16 23 53 73 52 60 82 99 88 30 37 97 62 5 42 90 ]
[ 15 24 12 79 43 68 33 2 69 80 31 57 0 84 68 17 59 73 42 12 33 77 63 74 7 52 71 21 57 14 11 24 38 23 55 81 91 88 36 12 69 67 70 21 3 38 90 63 63 85 ]
[ 75 48 62 90 22 69 42 94 42 99 8 53 75 98 28 30 31 71 18 67 83 39 87 53 13 90 43 3 5 6 88 80 55 2 70 29 23 12 23 65 63 83 18 90 33 98 20 65 69 91 ]
[ 84 5 82 71 10 47 14 54 51 19 12 91 52 19 46 74 49 69 39 72 35 2 8 5 45 41 4 17 58 25 8 43 82 43 66 93 90 80 47 93 52 59 37 4 79 83 78 80 52 17 ]
[ 4 39 72 12 45 17 54 1 86 64 26 95 7 61 90 26 54 32 58 1 78 10 12 15 66 43 50 97 23 54 66 28 94 38 92 39 7 98 92 94 63 70 41 22 31 83 48 85 15 7 ]
[ 38 45 69 51 60 36 46 62 85 22 17 51 2 63 42 94 54 49 93 46 95 8 16 88 30 48 71 31 85 39 90 24 84 59 27 97 47 73 11 32 95 28 84 97 43 26 92 97 27 37 ]
[ 43 75 45 12 63 27 60 87 58 45 78 48 21 14 60 48 11 7 22 23 92 69 3 76 67 47 54 11 96 33 48 40 8 45 52 24 24 64 11 35 61 41 83 83 55 95 83 67 3 5 ]
[ 42 95 75 97 23 94 96 29 5 93 62 5 85 71 2 89 47 26 53 58 61 66 51 97 49 6 92 33 25 47 90 19 94 17 17 69 11 65 98 68 58 61 73 95 84 75 84 31 2 37 ]
[ 41 15 56 92 12 57 98 57 90 76 4 33 95 51 50 64 20 14 30 19 82 40 80 56 36 64 83 20 95 37 10 36 53 66 80 65 23 78 22 66 54 79 51 2 30 53 66 50 67 48 ]
[ 21 50 89 1 58 25 17 41 97 64 79 59 52 84 77 32 49 53 63 24 19 69 55 22 71 37 75 38 39 43 38 61 45 27 14 3 4 32 96 54 48 27 13 1 11 91 33 13 44 48 ]
[ 89 15 18 96 37 89 33 64 79 72 7 18 33 4 97 48 59 2 32 56 56 80 35 21 33 99 12 19 12 8 67 53 75 85 49 64 27 82 29 58 6 36 28 40 93 26 40 52 28 24 ]
[ 8 36 56 96 57 90 95 22 61 59 82 28 12 58 66 13 22 45 47 51 3 53 40 32 45 33 10 37 85 38 61 46 26 18 94 83 60 89 5 21 48 88 1 12 98 19 77 72 64 24 ]
[ 24 20 29 16 4 75 1 14 64 38 4 26 36 30 96 30 13 56 19 71 77 19 11 30 83 9 50 12 81 66 88 57 86 18 25 42 45 26 56 9 17 60 87 53 90 83 84 56 39 55 ]
[ 79 68 27 90 99 62 51 1 75 84 67 63 94 6 33 19 48 78 98 5 40 15 17 27 68 60 11 4 68 50 12 47 71 39 37 70 1 40 23 76 24 90 92 18 48 25 90 97 4 88 ]

Running merge sort algorithm: 
Timer (sort): 264ms real	200ms user	60ms sys
The output is sorted!
[ 95 28 11 87 33 4 33 34 17 24 28 2 3 12 14 1 56 33 32 10 31 11 78 0 58 14 5 14 17 74 62 13 2 26 0 36 30 85 22 99 61 2 1 64 14 15 17 23 49 49 ]
[ 53 43 92 39 53 13 53 44 14 31 21 6 8 24 38 7 6 7 2 9 83 38 20 1 8 4 22 9 3 66 49 8 10 42 47 15 55 52 59 21 83 33 27 43 9 66 50 15 25 4 ]
[ 40 8 17 5 27 36 20 14 50 31 15 36 12 14 36 35 11 24 59 10 54 2 67 64 92 41 0 10 14 79 70 6 39 39 12 18 75 32 33 26 15 0 14 27 14 51 62 78 27 21 ]
[ 96 20 44 88 16 60 40 39 36 6 17 15 50 17 49 23 22 64 10 12 5 0 7 13 41 6 21 13 69 28 8 17 48 5 5 65 65 97 56 1 4 26 17 6 43 18 30 18 34 92 ]
[ 25 1 94 52 27 43 32 37 67 7 15 53 10 71 8 31 21 33 32 18 99 31 39 47 59 13 6 1 86 12 12 12 13 6 16 40 1 0 77 69 7 44 22 18 15 30 1 89 15 33 ]
[ 52 46 29 65 10 33 54 18 12 33 25 31 26 37 28 77 30 4 81 99 30 13 28 16 18 3 26 26 4 7 27 8 5 8 25 15 93 79 33 5 65 10 36 91 47 16 20 30 20 2 ]
[ 53 6 64 56 10 15 31 24 5 85 10 23 77 14 5 9 36 33 24 49 2 12 23 44 16 2 48 34 4 51 95 58 9 11 66 20 26 49 44 31 35 6 7 64 20 64 25 9 97 1 ]
[ 58 19 16 21 19 0 39 54 86 4 23 24 91 89 0 24 15 0 2 40 42 0 33 61 11 40 6 42 36 28 82 46 48 50 19 19 3 11 25 89 15 0 13 58 42 65 34 9 17 36 ]
[ 26 2 45 32 14 33 11 11 84 97 18 26 46 4 14 2 53 6 72 91 45 82 85 33 15 8 20 42 7 66 41 34 21 38 18 35 23 30 46 7 27 16 33 25 20 0 27 25 6 51 ]
[ 1 5 12 35 9 33 8 0 39 77 3 33 36 47 10 16 40 91 9 40 62 4 30 65 78 32 23 15 52 94 31 6 0 43 41 9 29 1 9 68 30 64 53 18 11 16 34 51 7 96 ]
[ 83 38 16 77 64 7 1 27 18 35 3 94 3 58 10 20 25 15 64 1 11 2 13 16 66 43 11 80 6 4 12 41 42 29 18 59 36 19 86 6 55 41 52 10 52 15 30 29 30 46 ]
[ 35 9 55 8 65 59 38 49 13 55 23 4 6 73 2 1 3 62 37 80 55 87 11 21 63 23 89 3 23 30 33 10 39 88 18 4 0 9 6 13 64 29 17 22 2 20 24 5 82 61 ]
[ 92 53 29 4 77 0 71 11 26 30 9 51 89 10 62 14 37 13 44 2 68 0 47 46 14 13 7 0 31 24 34 23 29 15 27 6 15 50 69 42 32 79 45 22 41 8 36 31 21 33 ]
[ 39 2 95 57 88 1 3 2 85 32 30 72 6 24 5 46 77 1 50 33 25 21 28 40 45 99 43 9 65 9 28 4 63 23 13 51 24 16 5 9 0 36 33 6 12 38 4 90 39 6 ]
[ 1 11 60 26 89 86 76 62 11 10 50 9 66 11 25 58 78 48 0 91 3 1 29 62 6 17 8 15 33 43 3 34 54 16 61 43 2 37 57 14 0 8 23 18 71 1 77 1 1 29 ]
[ 27 2 2 28 22 3 67 57 3 83 1 29 30 30 69 13 18 12 36 10 73 15 48 46 65 30 35 23 8 45 9 35 0 11 15 22 15 82 79 70 18 33 51 0 63 21 65 33 85 1 ]
[ 34 81 97 33 58 35 20 53 10 25 8 8 37 62 44 49 3 3 75 15 0 39 33 52 63 52 21 48 66 34 53 0 16 2 34 26 37 6 79 0 31 39 8 20 2 4 69 5 7 44 ]
[ 41 42 11 0 46 54 43 9 0 53 40 14 51 39 34 6 6 15 42 48 58 24 54 32 23 0 35 39 48 30 10 42 72 21 42 18 27 38 79 27 91 19 42 43 10 28 1 16 43 43 ]
[ 21 2 15 28 20 14 20 27 94 95 12 99 60 62 8 10 4 37 10 6 10 72 56 58 16 93 33 16 1 0 72 23 3 39 51 23 54 23 2 48 18 14 47 79 29 8 41 33 45 3 ]
[ 73 9 65 4 8 7 11 16 12 13 55 36 1 68 20 48 1 21 64 80 86 62 12 4 25 17 24 21 29 52 79 3 62 96 59 22 3 71 38 16 36 46 4 37 14 25 37 15 46 2 ]

Timer (generate): 717ms real	670ms user	30ms sys
[ 96 81 12 8 82 10 47 98 47 49 99 14 2 74 53 13 63 85 25 36 55 12 49 74 46 42 6 24 16 61 55 64 94 67 72 77 29 72 27 77 21 26 43 23 1 96 88 16 34 65 ]
[ 52 41 77 54 68 75 96 74 51 64 87 6 29 82 26 1 11 55 25 38 32 46 16 76 21 69 24 61 85 10 27 38 52 56 44 20 32 40 46 83 4 86 42 85 20 68 87 83 75 64 ]
[ 73 60 11 89 36 84 11 12 46 96 23 25 86 27 81 30 99 65 22 45 1 27 83 43 12 3 63 51 38 38 68 11 98 31 53 86 15 64 51 13 60 74 38 99 53 72 29 52 89 52 ]
[ 49 42 31 33 85 95 88 0 99 27 39 67 90 89 98 43 28 65 7 79 79 20 53 69 19 58 93 48 10 83 52 59 25 35 92 63 31 33 15 82 60 54 49 50 96 99 46 24 64 53 ]
[ 3 95 73 8 65 92 66 10 93 28 45 45 87 71 33 32 86 64 65 1 98 77 8 99 79 56 98 25 80 14 79 35 10 4 95 27 97 13 37 42 41 83 39 80 6 72 64 44 88 81 ]
[ 45 86 58 5 85 90 61 35 15 93 50 46 80 12 3 75 91 52 40 80 94 81 15 33 14 73 58 30 17 46 12 15 85 22 20 70 12 34 58 80 79 60 78 60 24 81 35 15 33 76 ]
[ 47 79 9 63 65 75 36 23 6 6 69 18 21 6 40 93 77 5 79 87 85 59 47 15 19 23 97 54 38 82 82 85 62 44 0 79 71 89 2 77 95 23 47 16 30 40 61 59 45 41 ]
[ 46 82 0 45 97 19 68 46 25 58 29 60 95 43 56 96 22 27 85 76 57 32 99 4 0 29 44 61 88 41 2 86 23 54 31 73 25 99 19 51 57 0 63 5 95 19 1 17 46 38 ]
[ 93 3 70 45 60 70 74 4 31 63 98 86 49 21 92 33 94 18 84 66 69 94 66 84 99 62 3 0 31 1 90 77 57 60 22 17 82 96 73 65 11 71 51 13 45 44 46 39 14 82 ]
[ 57 83 76 24 19 75 38 22 27 69 75 17 98 32 29 20 49 11 17 75 77 80 46 80 45 91 24 91 83 90 74 40 73 2 16 92 78 6 66 5 28 42 75 26 74 4 47 76 16 16 ]
[ 51 45 48 49 25 94 93 2 85 76 92 11 68 18 66 37 10 44 43 29 1 71 23 28 98 97 33 97 25 1 13 28 46 61 78 71 55 71 25 93 99 18 56 19 36 22 56 98 18 0 ]
[ 27 72 23 50 0 73 0 85 70 77 86 35 6 84 97 36 8 4 59 33 49 10 51 58 29 39 32 38 38 51 90 17 75 13 68 27 87 20 13 57 49 51 45 7 88 94 43 96 98 54 ]
[ 81 0 64 33 58 46 72 90 84 62 93 74 80 20 87 0 48 26 20 13 36 21 64 81 29 52 75 72 0 25 79 82 25 43 67 35 41 91 78 25 54 23 99 34 44 39 34 44 65 6 ]
[ 57 53 27 21 34 8 26 9 81 26 35 12 8 12 7 27 48 49 19 26 74 73 49 26 59 45 65 45 89 82 3 46 36 30 20 22 91 46 32 72 72 19 36 33 31 43 12 79 92 31 ]
[ 57 67 56 59 45 15 56 62 12 46 96 15 44 32 98 64 55 89 62 39 13 87 58 49 20 41 92 84 21 85 16 30 4 24 89 1 92 98 63 4 44 59 20 40 44 18 5 51 7 67 ]
[ 42 20 6 0 69 78 41 13 63 14 50 79 97 54 3 38 55 95 36 70 52 32 82 72 73 26 90 30 29 49 49 71 69 56 71 90 34 64 55 97 31 6 28 28 12 84 66 20 31 55 ]
[ 90 83 87 72 55 60 50 97 90 79 46 40 50 67 96 73 9 30 38 65 80 21 71 8 49 83 92 67 3 24 22 46 7 62 18 15 22 69 12 13 0 11 5 51 30 53 24 40 35 62 ]
[ 57 15 35 80 24 36 63 16 4 19 92 78 17 0 40 35 15 63 56 79 28 57 90 85 60 21 38 84 13 25 99 70 41 34 50 17 71 65 85 27 36 78 5 53 78 98 41 45 13 49 ]
[ 24 93 6 67 78 66 88 68 3 53 93 2 23 86 36 25 3 7 90 89 34 79 67 92 32 97 90 73 94 3 23 70 96 81 37 26 0 77 46 3 30 39 5 5 78 93 30 81 53 73 ]
[ 22 39 52 41 31 84 90 73 10 84 28 85 7 76 66 44 2 18 74 48 21 56 40 78 62 18 72 44 51 25 17 26 64 21 67 48 58 58 21 68 94 2 53 1 78 71 98 81 90 72 ]

Running merge sort algorithm: 
Timer (sort): 305ms real	270ms user	40ms sys
The output is sorted!
[ 8 87 55 61 18 38 11 22 1 31 21 6 29 65 88 21 97 5 75 6 30 4 3 88 18 20 48 3 40 10 4 0 49 12 13 67 2 25 89 3 8 11 10 37 76 50 10 25 7 37 ]
[ 18 3 8 28 3 97 22 5 24 44 80 48 80 47 25 67 42 24 52 14 0 37 1 18 65 27 43 57 36 70 24 6 25 32 34 29 29 8 86 5 4 66 6 36 14 31 3 8 8 7 ]
[ 23 45 61 13 83 18 85 22 11 20 12 25 3 40 1 13 48 1 6 21 64 90 52 4 8 46 59 1 27 1 42 51 47 56 16 30 26 53 4 38 25 69 15 29 9 16 94 9 18 1 ]
[ 7 24 23 24 12 8 50 73 1 1 5 55 19 57 2 19 31 24 21 28 19 41 40 98 21 26 40 91 26 0 74 85 24 49 9 37 57 12 62 10 13 19 66 32 28 20 3 12 44 24 ]
[ 16 21 34 1 2 13 15 9 77 0 21 59 47 56 42 50 30 17 28 31 23 16 0 19 2 36 9 53 14 27 14 31 48 1 84 3 14 51 64 43 51 37 2 51 94 45 53 24 14 81 ]
[ 95 96 37 15 22 4 10 41 77 24 13 10 32 47 13 37 68 40 87 6 49 71 19 6 25 59 13 10 17 40 16 12 88 6 27 10 10 37 4 39 14 17 2 46 16 15 35 84 8 22 ]
[ 30 36 50 60 52 6 3 41 19 34 20 12 6 54 65 27 4 23 16 44 6 0 58 18 1 24 76 29 75 44 18 5 32 20 17 84 26 20 78 46 6 98 10 12 4 27 91 8 50 8 ]
[ 34 27 44 14 2 20 67 44 0 50 49 25 43 25 1 11 3 74 34 6 49 33 12 49 36 42 45 43 55 31 13 42 10 9 8 65 29 76 9 29 78 11 7 21 36 8 84 40 34 19 ]
[ 2 4 88 61 4 89 65 7 58 66 35 29 47 34 34 2 26 65 0 17 31 5 21 3 31 18 82 0 9 84 40 63 88 28 24 44 17 41 4 28 7 39 9 54 25 43 9 3 9 9 ]
[ 17 5 28 29 66 52 8 16 6 39 53 4 18 36 1 65 19 38 50 40 6 10 15 64 36 21 6 51 37 9 16 6 14 96 36 32 0 96 49 6 36 54 10 54 42 64 71 14 2 73 ]
[ 42 4 6 53 28 15 18 15 46 5 31 49 6 57 14 15 0 42 24 95 79 61 20 14 96 35 58 54 6 66 36 0 22 95 5 51 10 23 18 57 28 1 58 35 10 73 2 10 15 27 ]
[ 0 43 86 21 89 0 22 24 0 56 22 56 57 10 85 76 67 5 65 30 20 55 2 17 28 17 9 61 7 20 62 7 15 0 28 56 0 3 80 0 59 2 9 16 13 94 44 32 52 9 ]
[ 35 10 59 24 0 12 8 83 71 53 6 16 21 12 18 7 63 55 12 42 92 33 15 35 54 36 17 39 3 1 90 38 11 49 62 64 13 22 47 36 28 5 53 49 18 23 9 33 30 21 ]
[ 38 13 6 1 17 56 92 15 18 5 22 42 46 9 29 5 19 19 16 51 12 1 28 91 43 25 89 93 66 54 25 56 20 31 57 37 88 1 52 6 7 26 48 53 35 29 10 6 0 27 ]
[ 31 6 15 56 41 66 58 30 31 68 13 27 27 2 58 79 31 30 17 53 18 9 54 45 56 3 23 81 12 19 22 43 25 89 51 19 7 10 49 39 30 14 18 9 16 29 40 0 59 9 ]
[ 21 72 43 8 27 24 24 19 9 45 0 54 78 11 27 15 1 38 89 32 56 57 0 38 26 0 7 58 1 31 43 22 55 39 31 34 15 7 6 24 52 6 30 31 69 9 98 22 47 88 ]
[ 63 9 24 40 25 74 7 4 36 12 4 30 21 80 19 1 63 1 96 29 22 29 28 32 22 31 58 24 7 2 79 22 11 4 62 89 30 21 93 18 34 49 0 7 81 19 8 96 20 4 ]
[ 2 40 90 21 7 10 63 18 29 59 36 59 79 11 49 0 11 13 0 9 6 46 29 44 11 44 8 13 60 37 14 62 78 4 35 37 15 51 7 44 10 43 56 41 6 57 94 17 22 46 ]
[ 24 35 56 33 14 66 16 25 27 23 2 31 20 88 42 42 22 5 42 6 53 59 39 53 27 23 38 27 47 19 1 24 54 57 57 21 23 25 46 2 1 0 34 21 88 28 63 62 33 5 ]
[ 18 19 5 25 51 43 22 63 48 62 41 16 34 41 49 13 83 32 44 94 0 68 5 16 7 18 54 20 3 82 0 21 1 57 98 4 1 21 19 1 35 61 17 21 2 18 86 37 50 30 ]

Timer (generate): 697ms real	660ms user	30ms sys
[ 85 17 55 45 88 87 31 61 12 79 49 77 17 85 27 84 35 61 47 58 48 33 30 55 89 58 49 38 0 25 54 37 42 9 82 82 48 65 43 12 44 44 89 62 82 68 98 69 29 97 ]
[ 28 30 30 58 85 72 69 86 10 69 63 16 6 5 77 40 40 77 5 83 89 50 80 31 64 62 99 62 31 81 11 11 63 94 22 0 66 91 87 28 12 50 96 70 8 73 10 48 50 15 ]
[ 83 91 17 15 22 81 77 74 95 61 7 7 72 70 53 94 70 71 37 9 99 1 12 47 71 72 20 81 20 22 49 55 65 66 71 88 0 0 14 95 61 21 54 86 91 7 32 61 78 22 ]
[ 71 29 23 35 76 95 7 48 28 79 22 77 34 88 44 57 76 44 10 90 91 71 63 46 9 54 5 94 67 84 16 90 65 39 25 42 86 32 90 15 11 65 92 98 53 88 55 81 84 17 ]
[ 23 76 41 86 74 50 40 31 44 7 15 12 50 81 4 75 75 90 8 17 5 71 82 98 69 35 38 77 16 23 94 91 51 35 77 77 38 69 8 34 29 76 47 79 9 51 54 84 41 14 ]
[ 1 47 86 36 97 55 71 35 84 40 10 79 31 61 14 61 90 4 30 99 39 11 27 86 90 36 89 45 20 30 11 73 29 97 9 26 5 33 14 89 25 76 68 56 90 35 69 80 39 52 ]
[ 31 78 63 58 16 54 94 5 51 66 88 14 92 17 12 53 96 17 86 62 6 11 38 75 20 28 62 41 9 1 93 92 32 9 51 48 15 97 54 66 16 42 80 60 11 44 13 7 61 52 ]
[ 21 20 15 60 47 87 88 9 29 49 62 22 42 94 83 45 43 98 94 49 64 10 43 97 70 54 93 36 14 7 88 35 27 3 47 74 91 36 35 72 37 97 46 31 44 30 76 39 28 71 ]
[ 88 45 33 83 94 56 37 87 92 3 94 80 39 73 35 38 47 78 74 34 50 64 84 97 95 28 27 24 67 55 95 7 52 80 90 46 36 79 34 28 35 28 60 26 2 48 64 1 26 91 ]
[ 88 29 55 72 78 50 0 5 26 19 12 21 78 65 54 20 11 90 51 97 71 86 78 31 12 32 31 77 85 10 68 73 39 75 45 69 25 97 74 4 68 38 25 98 55 31 18 19 22 70 ]
[ 16 93 8 46 76 21 78 8 50 64 70 18 89 9 93 35 30 70 84 4 74 5 94 52 3 2 83 22 21 57 44 89 50 52 36 79 25 66 39 75 30 9 93 72 70 38 7 0 61 43 ]
[ 56 35 48 50 39 4 4 75 78 25 32 22 67 35 26 3 14 52 21 5 79 4 14 73 76 36 63 35 36 24 78 44 12 79 46 3 83 51 78 61 76 63 35 95 50 61 50 16 65 72 ]
[ 21 45 76 87 70 52 23 33 87 11 10 65 55 74 96 1 29 79 52 60 40 81 23 75 76 73 89 27 41 54 51 62 99 27 49 21 79 24 7 66 35 69 83 90 43 80 43 24 11 96 ]
[ 84 4 29 59 79 57 84 20 36 25 75 87 87 26 14 88 0 45 12 7 63 99 76 47 41 71 79 85 95 42 33 80 46 62 91 26 71 76 98 8 1 73 95 41 52 62 29 52 7 94 ]
[ 59 23 45 87 22 87 58 1 72 53 43 5 85 42 19 77 68 90 5 18 98 6 92 46 99 96 60 81 0 19 27 59 42 72 98 64 59 56 17 31 61 13 36 99 55 7 28 75 98 33 ]
[ 93 48 91 37 46 43 33 6 24 33 26 51 44 20 23 42 85 83 50 54 66 64 67 55 63 74 62 91 49 60 76 43 61 19 32 7 62 66 14 86 51 92 89 48 12 13 42 49 48 45 ]
[ 4 14 9 23 69 72 98 84 15 47 44 43 42 5 62 75 65 25 93 79 63 96 23 53 96 35 18 91 37 66 36 93 32 45 16 54 69 66 38 36 66 34 79 60 92 41 87 57 18 32 ]
[ 88 82 29 11 87 77 98 5 68 35 71 4 80 55 1 49 9 22 15 99 58 33 34 89 94 78 83 81 87 1 14 75 35 95 86 22 24 36 27 93 24 50 49 4 6 3 53 67 25 21 ]
[ 67 36 54 1 25 0 31 8 82 18 62 48 93 97 95 31 72 19 67 51 12 43 54 14 48 60 17 53 27 94 74 94 30 81 47 56 81 78 16 15 48 78 63 41 28 10 24 52 30 92 ]
[ 55 42 87 9 8 35 69 25 41 49 72 15 95 2 48 95 10 82 73 79 97 22 9 13 15 89 23 40 41 53 84 97 48 71 58 8 59 28 86 0 29 58 67 24 12 16 71 23 50 45 ]

Running merge sort algorithm: 
Timer (sort): 275ms real	260ms user	20ms sys
The output is sorted!
[ 9 28 12 64 11 6 43 15 17 80 14 26 89 30 97 11 2 64 5 5 93 62 32 54 50 37 33 18 14 10 43 23 38 8 39 50 14 34 17 31 15 31 9 56 14 7 19 16 23 25 ]
[ 63 32 0 46 77 9 25 2 64 33 33 2 94 19 40 25 69 62 17 11 0 6 13 12 83 26 9 6 58 4 60 21 36 12 67 13 21 45 16 38 30 1 40 25 73 32 2 42 46 20 ]
[ 21 28 5 50 99 38 37 41 40 53 4 92 4 10 3 5 1 22 19 29 19 11 55 11 65 24 8 6 9 67 46 82 47 3 85 46 41 22 39 33 27 43 26 31 5 81 36 7 4 7 ]
[ 2 22 77 70 9 40 19 1 1 19 30 5 33 13 1 13 13 45 20 13 26 46 2 80 27 85 21 1 76 27 84 78 1 13 1 10 54 20 64 7 92 94 12 25 7 65 90 21 10 11 ]
[ 90 65 31 32 97 2 54 27 7 18 9 54 86 6 22 4 56 3 13 0 5 25 37 35 40 11 16 1 75 33 31 17 50 14 1 48 16 7 27 76 25 36 30 11 94 5 15 51 60 29 ]
[ 4 5 6 15 32 9 42 47 2 65 0 78 20 17 36 61 68 11 9 8 19 29 31 49 25 46 78 66 4 27 1 8 32 59 23 17 69 17 64 23 34 16 53 7 33 90 68 53 1 29 ]
[ 8 0 28 37 48 58 46 57 4 32 82 17 6 12 4 58 12 5 19 54 13 48 2 81 72 33 37 10 10 15 26 70 15 6 8 63 16 6 73 21 39 7 38 97 19 95 7 83 0 26 ]
[ 14 4 36 64 26 81 7 15 90 92 37 2 27 67 21 99 14 57 1 52 17 23 17 1 23 18 30 17 43 50 21 9 6 9 26 32 90 33 0 33 26 37 35 5 56 9 5 71 18 58 ]
[ 55 34 18 60 20 8 18 6 15 17 92 14 46 35 23 31 18 30 99 76 26 7 50 96 0 11 70 17 52 57 43 8 44 13 20 64 22 91 22 37 8 14 3 6 2 27 37 20 9 36 ]
[ 48 59 4 2 19 2 82 31 11 62 41 26 71 0 90 52 26 5 2 87 98 30 42 33 9 71 30 40 2 1 9 2 12 14 56 32 16 38 15 27 52 56 6 23 9 96 27 35 1 29 ]
[ 4 5 6 10 12 64 7 7 34 13 45 68 18 51 23 46 25 12 13 52 36 59 7 34 35 60 17 14 92 65 3 48 70 10 58 82 74 18 42 8 31 39 28 2 90 51 0 15 16 13 ]
[ 2 29 47 3 1 10 34 46 9 16 63 19 25 6 92 40 22 9 52 54 34 1 47 35 55 65 53 0 21 42 21 23 23 69 78 24 31 12 23 40 29 38 59 6 45 4 98 19 13 50 ]
[ 22 5 67 34 46 51 8 52 17 24 52 27 24 14 13 12 87 57 37 3 0 46 28 67 17 1 72 19 21 97 42 44 55 10 30 1 13 38 5 31 14 58 10 39 72 23 3 60 32 40 ]
[ 25 35 3 19 51 58 24 12 37 5 55 16 84 3 2 29 64 10 9 23 31 84 54 37 80 4 74 32 28 16 1 54 3 4 73 54 14 98 18 4 3 73 20 39 29 23 21 45 33 30 ]
[ 3 65 57 7 7 91 1 6 50 4 83 29 3 15 25 20 28 45 93 13 36 53 0 48 5 57 27 80 10 24 20 14 41 29 21 49 20 75 7 22 31 42 51 34 9 28 54 38 26 47 ]
[ 29 37 74 57 8 21 0 17 28 15 36 2 12 16 28 54 36 13 59 37 86 23 32 95 6 42 1 3 87 51 31 16 41 57 25 1 30 26 71 59 41 7 13 6 76 41 12 12 6 71 ]
[ 8 68 27 68 12 18 8 2 4 18 90 31 6 67 37 16 23 27 18 22 1 28 8 40 69 32 24 47 57 4 58 17 24 86 85 37 4 45 91 8 15 34 39 22 1 28 38 25 55 56 ]
[ 25 19 60 38 37 29 28 34 46 44 14 96 38 7 7 10 29 1 29 38 14 6 6 55 13 48 8 43 22 20 81 99 39 41 89 29 23 17 15 21 14 29 17 4 36 76 15 18 77 44 ]
[ 52 3 53 35 60 0 5 84 0 89 31 46 8 52 16 41 30 11 11 46 2 14 18 62 87 18 10 85 70 9 11 22 12 17 10 24 69 15 9 69 4 40 16 12 44 84 6 27 95 17 ]
[ 30 95 0 65 26 51 95 78 47 44 86 8 43 35 16 65 16 65 11 23 33 20 5 45 3 1 19 36 28 53 4 10 0 4 27 26 55 75 4 2 19 43 11 14 30 27 32 46 44 43 ]

