Timer (generate): 355ms real	320ms user	20ms sys
[ 99 20 27 99 93 37 5 11 22 25 8 20 0 50 10 41 91 43 82 3 25 94 51 84 42 48 20 84 59 34 43 58 6 22 57 52 11 14 63 33 39 72 5 39 74 15 32 65 10 15 ]
[ 21 36 9 24 72 3 72 45 39 83 31 82 41 38 4 50 42 68 64 5 1 4 29 7 95 4 74 28 21 37 95 94 25 56 18 49 11 43 46 51 26 78 33 20 68 90 70 10 58 35 ]
[ 67 11 91 49 70 86 53 97 66 26 86 61 21 63 17 91 12 29 86 59 80 13 89 65 33 57 7 55 19 17 42 86 29 33 87 51 20 40 48 86 19 86 0 92 49 17 83 14 98 70 ]
[ 73 30 35 62 96 20 71 3 75 90 73 18 28 2 3 16 5 23 8 6 62 79 92 62 71 94 31 7 8 30 29 81 60 64 95 8 36 18 64 63 60 37 81 88 91 85 56 96 60 17 ]
[ 54 74 96 47 88 20 41 20 27 49 2 56 82 14 72 29 23 8 47 87 71 59 76 5 47 67 42 56 15 54 73 70 29 21 69 17 41 10 89 68 11 91 76 45 6 48 26 29 8 25 ]
[ 68 32 84 44 37 31 63 79 39 78 33 12 0 14 34 69 32 27 79 73 96 42 65 24 39 23 73 65 52 33 90 72 65 74 68 2 58 31 33 97 61 19 62 62 33 96 31 17 75 63 ]
[ 91 23 5 8 48 45 31 73 10 35 6 53 59 72 27 27 26 37 58 12 35 71 31 97 33 16 45 65 86 20 28 29 44 85 89 44 30 20 17 93 7 23 46 66 47 25 93 26 63 3 ]
[ 38 50 74 69 47 8 37 44 25 23 64 53 4 60 38 93 4 21 65 73 66 72 97 12 38 96 89 83 22 4 86 60 54 13 81 1 21 71 97 46 94 62 51 51 74 41 44 31 62 10 ]
[ 4 28 82 53 92 73 50 34 56 24 38 95 37 93 8 18 46 81 89 44 79 36 58 30 39 32 71 83 15 86 45 20 66 80 73 59 5 75 93 61 52 31 56 89 76 16 59 75 97 49 ]
[ 19 76 37 77 58 76 61 82 11 29 68 9 49 34 41 74 45 46 2 90 7 54 74 16 95 50 32 54 25 82 55 96 58 44 25 69 20 39 51 84 68 71 45 69 57 86 43 55 32 97 ]
[ 45 91 3 19 7 98 22 92 53 99 74 8 96 84 5 21 53 25 12 56 61 80 79 6 49 89 44 45 44 76 94 41 68 98 61 27 48 35 19 1 34 93 62 30 78 67 4 83 44 16 ]
[ 40 58 49 71 16 50 60 61 95 56 89 42 98 57 40 59 85 88 94 4 42 80 50 56 11 28 75 67 63 71 35 55 29 84 27 98 35 87 59 82 96 48 24 94 58 16 5 95 57 51 ]
[ 99 51 31 1 7 94 29 34 61 45 5 97 0 87 81 27 85 68 67 96 51 63 44 27 57 54 44 14 49 1 65 1 52 96 2 11 43 84 45 4 29 2 53 29 89 35 57 26 55 76 ]
[ 22 58 39 19 86 48 73 30 62 23 83 79 24 87 27 26 98 70 62 95 75 91 97 28 21 39 15 30 65 71 6 40 29 97 59 67 97 32 97 59 7 32 90 83 19 17 62 69 88 24 ]
[ 64 63 16 14 43 89 5 11 19 70 34 77 62 15 26 21 83 23 54 32 34 13 65 24 97 84 41 59 54 29 83 70 44 51 36 88 40 41 51 11 64 85 40 26 0 66 48 83 89 54 ]
[ 16 23 67 81 99 64 17 41 75 23 70 59 94 67 10 82 7 3 24 58 14 40 43 55 66 43 73 66 79 15 72 95 90 40 28 90 56 97 31 84 21 53 95 67 20 57 49 27 60 25 ]
[ 37 27 65 80 82 84 76 7 2 55 22 75 50 13 67 30 55 75 27 86 59 48 91 54 67 64 12 69 91 24 94 81 51 12 61 85 96 37 93 50 92 67 25 94 32 44 76 87 20 4 ]
[ 73 31 4 17 38 72 81 2 41 24 26 87 5 78 99 67 63 47 56 8 50 1 76 75 47 8 72 24 48 44 80 73 75 84 90 65 8 71 67 1 96 94 41 53 24 40 72 39 40 29 ]
[ 0 90 82 76 17 29 36 41 5 84 85 85 10 61 22 0 26 30 72 46 84 20 40 25 73 16 17 46 55 9 27 55 51 61 83 21 90 72 62 48 8 48 33 18 61 55 19 39 38 43 ]
[ 85 74 15 77 51 40 93 20 38 1 30 65 8 33 78 44 54 21 16 17 69 76 17 2 95 78 10 66 17 0 61 55 26 76 32 77 68 26 97 7 27 79 24 87 13 3 31 19 24 47 ]

Running merge sort algorithm: 
Timer (sort): 138ms real	140ms user	0ms sys
The output is sorted!
[ 46 33 63 74 25 12 26 43 6 3 35 1 40 32 37 21 3 3 10 23 18 15 7 10 12 21 37 77 91 29 28 89 15 44 15 92 8 42 87 14 45 22 15 37 6 4 11 10 8 21 ]
[ 93 13 3 57 23 24 10 21 19 8 23 55 39 32 11 23 30 17 26 59 49 50 13 91 63 3 7 87 36 16 2 82 30 5 91 5 82 1 27 1 10 2 8 1 34 19 24 64 37 3 ]
[ 61 49 3 30 26 55 6 21 32 4 59 13 29 77 84 34 3 3 15 25 6 56 31 3 28 60 19 18 33 24 7 46 26 10 29 4 18 35 25 50 40 84 15 21 14 99 7 17 54 22 ]
[ 7 10 49 13 37 4 9 11 33 93 32 23 36 97 26 13 15 47 14 84 29 60 61 63 34 12 28 15 33 19 5 40 81 54 5 19 10 14 30 44 7 15 19 43 12 45 8 28 44 23 ]
[ 37 29 7 87 58 37 58 75 18 4 30 75 51 26 57 0 72 14 19 25 32 43 12 17 2 14 67 5 25 11 0 14 92 7 1 50 97 11 78 15 15 8 43 18 34 0 18 6 14 38 ]
[ 88 31 17 61 72 46 47 29 34 1 47 7 30 86 19 17 0 82 30 9 57 10 20 15 50 61 47 14 24 16 4 12 0 21 25 24 20 72 6 54 25 5 13 8 91 32 25 43 14 8 ]
[ 78 1 55 96 8 1 31 55 6 11 67 37 0 4 47 10 18 3 41 23 28 25 26 11 28 57 73 51 36 2 1 14 55 8 63 64 9 94 71 15 57 38 4 10 42 52 20 12 7 13 ]
[ 22 47 12 23 23 23 21 27 44 22 8 30 73 14 75 34 23 8 45 27 21 12 23 33 2 19 21 23 55 58 94 30 5 6 53 80 81 26 7 26 49 15 8 22 82 83 8 5 44 5 ]
[ 3 47 12 0 21 23 49 33 4 47 8 49 7 13 12 3 86 20 70 9 5 10 44 45 21 4 1 54 17 35 84 21 34 96 21 55 72 23 40 28 70 0 78 30 13 90 33 51 10 3 ]
[ 29 9 36 44 4 24 19 61 69 7 1 64 22 3 90 16 50 4 37 63 13 17 74 53 31 73 45 3 21 41 9 3 2 45 47 6 21 67 19 43 26 20 7 48 75 49 17 25 54 6 ]
[ 75 33 1 30 89 6 16 26 15 41 49 7 22 18 6 29 75 45 10 37 3 0 45 43 28 8 35 51 1 26 14 77 59 68 7 48 74 23 26 42 17 28 1 39 98 7 20 74 4 30 ]
[ 55 44 44 65 40 3 36 38 31 13 37 26 31 40 94 43 11 10 3 29 10 95 24 29 81 24 4 73 8 14 3 63 10 47 29 3 50 17 41 33 30 30 60 13 22 6 8 85 16 12 ]
[ 5 83 26 14 0 78 16 6 61 12 30 8 85 45 11 93 40 73 51 15 31 16 61 28 20 1 14 7 51 80 3 8 15 29 74 15 7 90 22 20 55 4 28 40 1 39 33 41 13 36 ]
[ 18 49 7 15 66 15 38 7 35 25 54 82 70 18 51 28 62 8 3 89 60 0 68 32 4 31 24 58 1 0 12 19 1 19 86 67 35 77 26 22 2 81 5 24 51 8 52 13 16 7 ]
[ 5 15 24 52 54 13 72 42 11 80 41 13 45 17 33 16 34 16 76 66 2 61 43 64 4 21 17 17 37 44 2 42 59 26 95 65 39 67 7 2 0 0 15 45 69 1 13 4 17 42 ]
[ 88 34 43 61 71 8 40 58 58 44 15 2 23 41 58 39 4 5 3 27 42 18 17 79 22 37 21 51 63 19 10 3 53 5 64 77 66 5 35 24 1 3 27 24 44 37 15 0 43 18 ]
[ 86 48 18 63 1 37 5 34 15 89 1 26 13 12 42 15 12 90 11 82 11 1 17 56 8 78 1 76 20 13 19 58 13 89 21 66 26 26 0 93 68 54 20 33 18 14 1 30 4 12 ]
[ 19 8 80 50 37 17 56 64 34 8 1 44 9 68 44 6 18 72 43 4 11 3 25 22 40 22 55 21 21 65 21 92 25 1 42 14 18 51 30 4 59 32 48 20 0 93 26 70 17 21 ]
[ 93 89 44 25 22 29 18 74 37 25 58 62 51 58 40 16 12 6 4 12 23 33 66 0 10 30 25 16 43 16 25 37 6 21 14 80 50 32 6 40 9 16 2 61 27 94 29 39 0 33 ]
[ 10 83 2 89 7 21 2 8 28 95 10 0 61 12 88 9 37 21 29 65 43 23 70 13 77 34 78 69 53 62 8 63 46 10 52 5 31 6 14 11 1 24 63 14 36 3 23 26 24 5 ]

Timer (generate): 376ms real	340ms user	20ms sys
[ 23 64 47 76 3 26 93 30 92 50 55 85 18 91 64 62 41 79 2 41 4 76 32 15 17 93 21 62 48 78 42 24 94 41 52 49 20 45 79 12 96 86 49 66 29 13 29 71 92 83 ]
[ 64 48 12 96 63 29 42 37 43 42 15 37 66 61 79 70 10 99 16 41 63 64 79 12 82 9 25 63 80 69 99 96 17 11 44 33 92 86 70 36 29 37 25 47 98 4 18 60 55 86 ]
[ 1 70 2 80 34 84 41 11 0 73 80 99 69 50 10 14 35 2 52 5 90 81 42 16 81 92 72 99 4 28 37 5 50 39 37 85 75 79 96 75 52 29 74 74 31 84 40 66 39 92 ]
[ 71 29 26 65 45 59 9 18 10 13 98 47 70 48 38 7 85 13 38 82 89 43 63 15 17 94 0 9 12 39 53 35 20 79 52 66 38 61 84 0 26 82 47 96 82 85 55 68 99 46 ]
[ 2 40 89 65 55 58 11 7 19 23 98 72 58 19 4 62 85 94 23 21 95 1 3 42 49 37 28 4 5 79 2 7 71 43 72 26 53 35 34 72 10 32 45 20 3 49 82 88 95 57 ]
[ 9 90 58 64 33 7 2 13 64 7 44 66 67 15 62 39 41 15 27 27 88 37 12 85 58 15 86 40 56 81 98 65 72 8 82 57 16 84 70 80 43 66 98 10 81 60 2 74 28 29 ]
[ 54 16 18 66 53 28 33 39 21 89 20 71 7 44 79 89 1 47 25 23 79 68 89 78 31 22 90 85 97 18 14 51 86 84 69 39 13 2 30 34 44 51 57 51 47 36 92 1 84 17 ]
[ 24 63 37 66 93 20 88 84 5 37 54 71 40 41 56 61 32 21 16 63 7 60 66 64 63 13 52 55 14 36 24 91 52 13 57 97 34 97 81 91 87 88 63 79 81 71 41 13 44 57 ]
[ 28 51 17 94 67 32 60 19 39 26 8 63 17 12 28 26 9 14 76 43 6 63 31 21 42 64 92 83 29 36 92 58 39 61 52 6 93 64 77 32 91 37 47 8 49 76 87 59 90 63 ]
[ 2 48 78 85 69 20 49 61 56 78 49 0 88 40 62 93 98 7 57 76 40 48 65 87 9 15 15 96 26 58 59 80 6 89 65 76 61 66 89 69 96 91 70 85 31 84 78 30 91 87 ]
[ 58 31 36 23 71 45 38 86 41 16 44 52 96 3 41 13 79 54 79 68 24 28 59 94 65 43 78 95 73 69 82 31 53 18 6 76 15 97 62 56 13 59 60 10 14 53 23 93 8 55 ]
[ 13 32 83 25 78 0 68 56 95 93 77 77 76 30 96 82 6 11 79 21 20 45 32 32 55 98 38 30 91 46 37 56 30 20 81 8 72 1 16 67 46 45 45 22 76 93 57 34 56 88 ]
[ 7 76 33 91 61 40 41 99 23 32 45 60 41 27 33 74 35 5 76 3 73 74 48 70 97 76 63 6 63 19 94 22 48 80 66 9 72 7 60 95 92 5 8 33 84 41 7 71 46 35 ]
[ 74 71 10 74 93 59 51 56 65 66 28 11 88 28 43 6 89 16 14 49 63 58 6 71 91 90 12 50 61 11 86 87 34 48 61 28 59 64 36 76 30 16 87 71 44 83 77 33 99 43 ]
[ 82 14 1 88 86 92 30 50 95 43 61 33 30 48 81 44 76 40 8 64 16 91 81 55 62 25 38 91 11 89 35 45 4 36 86 90 81 16 40 28 60 54 61 42 54 94 86 82 34 95 ]
[ 46 2 86 79 9 0 5 0 91 68 89 78 13 93 67 99 35 0 68 28 28 80 34 89 22 88 83 9 70 69 56 68 23 42 48 84 94 5 84 85 73 74 16 38 19 83 38 7 83 58 ]
[ 35 11 38 21 52 60 61 35 69 83 56 77 51 31 71 51 15 65 56 0 3 81 26 19 20 45 2 10 52 85 68 39 48 6 12 0 18 73 87 40 56 95 17 8 26 89 59 41 54 68 ]
[ 93 57 49 19 28 21 17 30 31 21 67 51 61 67 57 73 67 76 99 6 16 55 1 85 15 27 74 27 69 29 95 14 38 96 34 19 18 51 1 1 72 21 53 85 88 62 11 56 90 10 ]
[ 62 58 65 16 44 81 43 18 60 64 99 55 79 90 3 13 9 73 16 62 75 88 83 80 26 72 42 37 80 33 99 42 43 64 10 87 97 54 58 57 18 57 64 49 99 68 14 60 93 30 ]
[ 23 68 71 6 0 97 78 43 86 58 28 85 53 71 1 63 11 51 69 69 60 40 78 25 89 30 45 4 90 38 86 13 59 57 72 59 6 50 54 44 61 34 29 66 6 83 29 69 34 51 ]

Running merge sort algorithm: 
Timer (sort): 147ms real	130ms user	20ms sys
The output is sorted!
[ 26 35 16 4 54 3 41 10 59 56 61 3 13 24 60 55 94 42 25 14 13 45 11 79 40 16 22 19 71 24 39 50 11 7 6 18 10 48 28 21 4 41 24 17 18 36 25 12 30 2 ]
[ 17 63 43 72 81 4 45 50 47 14 16 2 40 8 2 51 7 70 41 83 11 86 16 25 50 8 43 70 20 39 6 37 55 2 9 36 6 6 38 5 21 6 7 13 15 10 16 22 32 57 ]
[ 86 8 15 37 5 19 14 28 3 17 7 30 24 37 17 90 11 90 18 47 5 80 45 80 6 78 34 3 43 6 15 30 14 82 67 20 1 33 0 5 2 8 35 27 45 4 17 9 94 35 ]
[ 35 42 70 4 23 54 5 23 4 52 19 67 51 25 39 31 4 56 6 93 3 59 26 25 33 18 8 12 27 15 25 14 58 96 18 33 50 76 9 6 28 28 25 31 6 16 15 10 72 21 ]
[ 19 89 3 27 14 4 35 19 47 27 19 67 2 34 1 92 10 48 40 8 0 59 39 13 52 43 78 17 7 61 21 26 2 24 6 16 28 41 87 27 21 7 47 23 93 0 15 55 48 7 ]
[ 46 46 5 5 45 7 26 4 55 45 3 38 6 76 40 8 10 32 71 99 7 0 0 1 62 58 45 84 20 3 90 18 1 48 23 46 55 49 3 10 47 6 1 5 34 41 66 44 25 37 ]
[ 42 43 45 60 38 43 2 59 35 3 43 60 47 45 49 1 50 28 8 65 46 18 27 3 13 11 21 98 46 67 67 41 63 12 1 53 8 4 12 43 7 56 4 6 1 5 59 3 33 19 ]
[ 12 46 21 22 79 8 54 63 26 45 17 0 70 42 75 32 26 68 15 58 55 12 97 2 15 23 19 64 20 64 48 33 10 21 7 41 30 62 4 8 7 22 8 29 16 35 13 42 4 28 ]
[ 6 53 51 22 37 3 28 28 46 14 49 62 34 1 46 29 8 11 39 4 36 73 30 11 61 50 7 8 20 34 95 78 87 46 0 77 2 28 5 0 94 6 14 80 7 60 9 16 24 0 ]
[ 13 33 9 84 6 46 82 42 51 4 58 18 13 8 29 38 43 21 14 17 7 56 28 53 9 8 0 0 10 74 9 23 7 71 59 65 17 41 8 20 97 18 38 10 78 19 1 74 40 67 ]
[ 47 0 3 75 6 41 90 29 27 50 45 0 92 4 46 36 28 70 61 56 3 25 11 54 1 11 4 75 53 81 12 0 82 16 75 88 9 18 17 37 20 15 37 12 19 35 1 0 5 14 ]
[ 17 21 55 10 45 19 50 46 55 2 19 37 39 6 1 40 21 3 27 42 3 19 51 7 16 8 86 7 31 13 26 48 34 33 10 79 53 12 77 60 67 96 49 6 2 51 46 76 6 25 ]
[ 51 76 19 30 0 79 42 66 72 49 11 22 3 47 75 59 91 7 85 22 27 35 17 45 49 35 49 23 24 21 9 27 49 28 10 49 7 4 16 31 6 27 6 9 26 33 21 18 41 6 ]
[ 43 18 9 18 73 46 71 74 13 51 44 3 57 28 88 21 11 65 6 49 3 69 37 5 16 8 37 45 17 2 39 61 21 48 31 46 46 2 20 11 5 17 14 63 45 55 36 8 20 42 ]
[ 22 44 65 10 70 14 56 0 24 38 11 73 79 5 40 0 45 5 2 4 13 15 89 34 3 25 7 95 40 33 85 62 78 51 24 0 65 33 0 42 71 11 15 2 17 8 2 62 13 56 ]
[ 32 20 53 82 3 9 40 17 68 52 18 22 12 15 44 27 50 46 50 33 53 18 19 15 12 13 52 40 0 30 57 85 2 10 19 58 19 59 75 39 12 46 14 24 13 10 3 64 56 53 ]
[ 44 36 32 16 46 80 21 8 24 23 27 9 3 48 24 77 96 24 49 12 8 30 0 35 14 40 5 15 20 26 31 16 62 63 32 8 96 5 68 20 28 47 81 31 95 5 9 44 30 10 ]
[ 34 75 78 28 50 98 11 12 50 15 3 12 28 54 33 31 41 18 21 63 11 15 26 96 20 12 5 46 78 27 28 12 2 7 41 5 5 52 17 7 20 20 19 48 26 52 79 19 71 53 ]
[ 1 25 89 18 13 62 44 41 4 7 9 42 14 27 10 23 11 23 63 71 59 29 56 26 85 98 58 76 34 29 1 88 6 43 6 19 5 2 12 10 9 73 4 23 0 14 99 64 37 14 ]
[ 49 80 15 8 22 24 44 84 48 60 72 14 23 17 64 42 7 47 46 93 36 6 6 14 41 13 18 30 22 46 57 23 26 25 31 1 1 27 85 49 40 10 15 63 27 31 5 35 30 4 ]

Timer (generate): 344ms real	320ms user	10ms sys
[ 62 41 4 53 27 26 84 57 60 11 10 65 74 51 49 72 19 65 10 54 0 33 86 32 63 15 25 4 67 80 72 82 21 29 35 0 7 19 9 68 82 19 85 56 22 86 81 41 3 91 ]
[ 47 3 76 33 88 39 1 13 43 68 45 68 50 18 97 85 70 4 56 79 24 39 50 61 47 72 47 28 65 51 71 12 6 99 98 94 90 99 60 34 19 5 54 70 76 3 7 46 59 16 ]
[ 26 84 55 76 97 54 49 45 35 14 48 58 79 54 58 77 1 48 28 61 34 47 18 40 69 94 43 29 41 3 45 67 39 52 95 36 6 96 33 93 11 33 52 42 88 62 71 41 10 99 ]
[ 2 97 98 72 37 20 67 81 49 60 36 94 79 27 46 74 63 4 71 49 98 34 34 2 76 22 64 47 15 26 98 69 23 48 42 61 68 61 94 69 21 82 63 52 9 61 26 24 18 49 ]
[ 73 16 35 60 70 11 82 34 10 50 60 60 19 36 61 13 97 81 74 43 51 47 25 66 99 34 80 78 10 98 27 36 66 63 96 36 26 30 70 89 80 82 49 0 18 62 13 67 44 40 ]
[ 10 95 87 87 13 87 73 93 17 84 91 44 20 57 59 16 45 86 46 15 27 79 50 28 31 68 91 96 36 35 36 98 30 76 86 95 15 59 89 32 95 32 28 67 42 88 83 87 26 82 ]
[ 55 53 13 5 81 44 25 72 40 13 59 29 12 89 5 50 37 20 61 78 52 57 10 32 24 4 20 60 44 98 94 99 51 7 56 85 51 81 9 43 95 69 72 59 10 77 9 47 49 70 ]
[ 25 53 27 88 86 4 92 6 64 36 5 58 87 8 65 43 45 68 77 55 11 72 76 36 83 86 65 92 86 15 62 11 68 42 51 54 46 44 13 62 32 70 72 20 30 89 15 76 57 92 ]
[ 83 20 16 59 8 99 97 74 91 83 89 6 47 9 0 98 64 98 94 29 60 79 99 84 51 81 73 66 57 82 59 92 54 27 3 63 27 1 37 70 36 78 28 35 87 28 86 3 26 32 ]
[ 32 38 11 83 22 62 65 95 29 74 29 40 19 84 67 22 47 46 75 36 69 12 14 97 99 1 78 85 5 56 18 89 95 29 73 17 44 90 65 25 64 94 65 83 30 84 58 77 31 33 ]
[ 13 52 97 79 1 97 33 79 34 38 36 52 79 31 34 52 0 78 94 17 3 59 12 20 94 42 4 4 72 87 90 37 39 87 17 41 36 2 72 71 40 8 23 71 91 57 24 92 87 70 ]
[ 9 90 81 73 62 28 68 67 32 40 54 22 29 46 62 98 39 98 0 11 69 92 20 45 64 11 54 40 55 42 10 17 84 92 42 47 20 10 66 4 2 72 27 32 18 89 82 57 39 83 ]
[ 69 9 27 41 6 91 52 60 31 60 54 94 77 91 38 19 90 10 82 56 14 84 80 41 68 99 82 3 56 22 86 77 83 13 18 89 57 23 1 40 83 8 86 12 99 24 31 41 34 65 ]
[ 49 49 50 29 42 70 28 77 73 37 99 11 66 34 77 85 23 86 60 76 26 43 84 13 7 35 89 90 76 24 56 25 25 58 55 67 28 35 44 54 24 95 65 91 29 94 28 4 80 88 ]
[ 81 59 83 65 72 90 1 61 80 29 37 88 55 62 46 62 82 27 49 26 81 74 22 98 17 3 93 45 8 25 85 89 84 20 6 8 10 7 22 42 37 59 31 44 74 29 58 56 56 7 ]
[ 82 37 33 56 88 2 12 81 99 20 6 84 61 43 4 67 51 66 27 73 61 64 33 44 60 7 73 18 15 30 77 97 19 63 6 7 65 70 40 65 90 99 1 51 42 58 18 45 76 45 ]
[ 19 89 61 4 33 73 11 59 43 26 41 21 75 60 36 33 20 1 3 12 18 45 11 72 96 5 82 67 51 58 64 70 48 78 74 33 51 37 92 95 15 33 68 42 46 4 76 66 57 31 ]
[ 78 28 29 42 0 77 47 34 44 50 92 61 20 92 39 46 78 90 35 70 37 50 56 5 93 2 61 21 20 19 4 98 47 33 92 99 11 92 33 7 42 77 68 63 22 7 61 0 50 97 ]
[ 22 39 47 30 45 92 32 58 65 52 77 70 3 76 55 95 27 66 39 60 26 82 90 94 97 12 54 58 64 56 7 38 95 55 69 92 99 1 51 65 6 80 87 61 57 42 8 84 61 48 ]
[ 97 87 30 87 33 27 51 87 37 15 43 45 5 91 52 74 83 51 28 34 68 86 15 7 47 24 50 55 60 63 3 57 2 85 96 35 12 47 75 2 14 70 47 20 61 99 46 45 2 74 ]

Running merge sort algorithm: 
Timer (sort): 134ms real	130ms user	10ms sys
The output is sorted!
[ 11 13 11 1 0 18 35 32 10 33 13 12 18 12 19 26 58 83 8 39 39 10 59 9 93 45 14 40 61 89 79 24 3 42 25 3 13 12 35 23 98 0 35 16 65 6 42 23 42 50 ]
[ 37 7 17 71 38 57 69 5 10 0 19 18 44 0 46 10 86 13 6 52 91 35 3 5 57 43 21 2 6 40 41 43 0 11 14 38 68 35 44 30 35 63 49 31 16 47 41 54 12 0 ]
[ 45 71 60 14 35 36 3 55 24 4 21 11 16 19 37 6 30 57 58 56 15 38 27 4 9 66 3 49 9 47 97 6 18 9 21 5 45 24 12 21 29 33 84 97 4 22 3 86 31 14 ]
[ 11 20 14 72 2 40 26 12 6 22 5 43 38 1 2 82 93 11 57 13 28 6 12 89 2 18 32 35 7 32 20 19 4 34 43 6 26 21 71 32 43 76 27 81 29 29 16 23 93 73 ]
[ 14 19 17 10 31 7 23 5 99 11 51 20 83 71 93 43 19 9 28 15 16 5 8 36 6 41 48 3 17 15 28 32 34 45 42 17 4 17 75 4 28 26 24 64 49 17 59 69 79 39 ]
[ 28 37 63 15 36 53 21 19 89 14 4 44 35 35 97 29 5 68 33 28 15 47 42 25 37 22 4 1 31 14 27 12 51 42 27 39 96 0 10 37 14 15 33 1 50 31 30 7 99 15 ]
[ 14 26 21 6 42 24 15 87 81 2 13 6 20 28 65 32 11 11 16 36 0 43 23 48 9 11 39 68 39 43 34 54 21 55 12 63 80 27 2 13 81 16 71 1 44 37 85 8 48 1 ]
[ 21 20 3 4 4 8 14 23 99 32 7 29 45 20 67 5 8 17 7 29 89 6 8 54 70 72 28 32 30 80 87 51 53 42 7 9 2 21 33 2 5 92 83 51 12 51 8 20 68 16 ]
[ 7 13 32 71 29 24 82 5 52 29 40 60 5 17 57 26 4 18 14 91 17 84 1 69 25 26 4 32 23 37 44 31 3 29 54 32 53 36 38 5 18 78 18 75 47 27 1 3 45 16 ]
[ 13 3 7 6 12 87 34 20 65 21 50 94 22 36 55 26 19 12 31 42 14 93 1 6 24 6 62 2 9 29 54 23 32 61 29 96 0 63 16 17 84 18 12 59 6 19 37 25 31 68 ]
[ 12 33 49 46 37 22 9 36 0 82 10 22 8 30 93 28 17 70 16 2 8 39 81 12 92 3 35 14 12 86 40 24 20 41 23 9 64 32 45 16 14 7 90 22 38 83 2 7 53 19 ]
[ 65 0 12 1 47 0 10 69 4 34 37 64 50 78 2 58 0 8 1 8 0 40 8 17 33 21 74 19 99 1 54 16 1 18 69 48 19 79 70 23 14 59 87 16 38 41 26 90 2 27 ]
[ 3 29 2 34 24 99 19 66 43 17 51 88 25 26 24 17 70 2 78 10 23 27 28 89 59 28 21 9 51 52 14 6 33 16 92 9 16 11 75 11 80 26 0 5 4 76 22 27 30 0 ]
[ 56 73 56 92 21 32 22 2 27 63 90 73 8 53 2 47 3 13 5 43 70 22 5 62 84 10 57 15 7 63 11 15 89 20 7 10 52 30 12 32 45 2 5 5 7 7 53 11 72 10 ]
[ 80 31 3 15 5 24 57 19 76 24 59 6 0 85 60 37 12 15 36 27 92 16 49 23 56 60 47 10 32 45 36 12 28 39 27 86 15 37 5 44 13 64 2 14 1 14 3 66 29 39 ]
[ 15 2 9 9 12 9 46 74 52 40 51 87 50 28 15 27 0 23 91 56 5 17 4 5 59 19 44 1 53 50 3 21 53 12 30 17 22 76 43 26 69 47 13 19 27 28 98 27 51 41 ]
[ 93 18 39 20 0 77 0 44 5 88 33 55 24 67 63 24 58 63 14 14 19 40 79 19 13 31 6 32 5 39 15 50 10 6 70 10 35 22 6 93 10 39 48 34 7 63 10 17 26 24 ]
[ 36 73 45 11 23 56 18 37 75 21 31 89 14 40 69 17 25 97 17 0 13 43 6 88 2 23 30 10 11 19 33 47 93 30 10 16 38 29 5 13 50 36 55 16 28 76 33 5 25 2 ]
[ 59 10 5 52 2 54 64 71 27 26 15 7 17 48 11 3 94 54 64 49 46 16 92 25 29 7 24 71 10 19 2 21 30 7 25 32 14 41 56 41 19 23 0 36 71 12 39 66 18 55 ]
[ 86 22 93 48 48 24 47 0 12 1 11 30 41 92 75 3 26 34 47 69 7 4 5 7 12 65 0 34 27 7 24 13 29 18 14 77 94 13 29 6 14 41 88 8 85 15 63 63 1 10 ]

Timer (generate): 344ms real	330ms user	10ms sys
[ 14 50 26 98 19 42 69 14 2 78 8 94 13 68 33 27 34 86 3 98 90 19 14 33 16 4 9 70 31 3 4 45 5 30 96 76 24 65 42 78 96 50 24 9 19 9 36 5 47 91 ]
[ 3 37 10 17 23 78 22 32 1 5 87 57 3 92 87 99 21 63 16 63 42 12 14 18 21 85 28 10 90 75 1 93 13 64 10 88 42 84 72 95 42 60 52 45 4 91 96 25 55 12 ]
[ 41 49 77 55 67 50 40 47 60 82 23 62 75 88 26 37 28 20 74 0 16 16 12 20 61 17 12 9 94 19 73 87 68 50 94 87 1 86 87 13 68 10 75 43 50 53 81 78 74 7 ]
[ 30 42 23 43 62 36 12 74 45 58 93 18 46 13 21 40 53 74 27 40 87 95 2 63 91 4 68 24 34 42 31 64 84 6 59 99 42 23 73 87 82 19 57 80 84 30 72 37 4 51 ]
[ 29 44 99 83 59 90 87 27 66 73 70 49 90 6 55 49 5 97 25 31 36 59 50 93 39 34 76 63 24 80 15 53 24 14 37 83 56 76 63 74 50 33 23 92 91 78 93 97 27 18 ]
[ 80 63 77 30 8 16 16 84 80 40 17 47 46 93 61 35 29 69 11 92 43 13 77 66 5 68 96 99 17 75 69 97 38 47 27 98 15 96 35 47 36 52 94 82 97 7 69 26 76 81 ]
[ 70 19 46 47 37 4 68 85 55 85 60 24 35 50 23 62 1 39 10 36 86 47 40 33 81 37 40 51 16 17 84 38 88 82 38 78 86 6 15 93 43 28 70 78 78 93 93 79 32 3 ]
[ 67 71 50 7 4 84 97 44 87 65 13 71 3 54 5 41 32 92 99 99 37 43 27 7 21 6 1 14 37 85 18 57 8 20 64 12 56 13 9 43 78 22 66 34 76 72 27 60 16 79 ]
[ 60 53 22 87 13 95 45 66 10 35 51 80 92 12 52 8 24 9 22 85 4 52 60 71 86 36 43 66 49 11 45 9 64 19 48 77 14 46 95 76 81 47 8 25 11 61 33 87 22 7 ]
[ 73 26 60 33 49 98 21 44 16 70 55 61 31 72 32 32 49 47 78 45 75 11 44 84 88 7 97 21 94 19 81 67 97 41 0 99 91 22 43 8 44 51 21 28 23 54 60 24 53 90 ]
[ 21 28 1 65 12 41 24 9 14 19 80 95 86 30 36 39 29 80 13 24 88 9 75 9 37 50 15 97 75 68 87 96 97 40 14 9 81 38 71 96 57 3 43 96 33 32 35 14 12 0 ]
[ 91 0 9 18 61 47 69 77 44 44 97 84 40 94 76 54 56 10 45 27 58 2 30 1 98 16 33 85 82 45 37 73 97 47 44 11 94 13 40 90 9 37 26 49 32 3 56 40 13 1 ]
[ 67 71 55 49 72 6 17 58 43 52 55 81 77 53 28 21 16 74 86 56 16 95 93 43 97 77 46 5 69 11 6 36 34 13 38 58 71 7 16 15 59 72 48 89 77 76 10 93 2 97 ]
[ 1 18 44 46 13 41 76 11 46 45 22 4 34 56 70 72 15 41 31 83 8 43 55 56 32 84 84 94 77 86 91 30 57 88 77 70 29 53 82 76 98 4 32 32 13 2 56 80 44 88 ]
[ 63 52 83 71 9 15 55 93 9 85 32 53 15 89 41 92 59 22 97 93 50 96 98 83 28 63 37 37 43 81 25 58 86 60 29 47 27 85 92 36 22 76 41 37 65 34 82 77 57 79 ]
[ 70 59 75 20 42 56 83 80 93 78 13 70 37 51 30 66 50 57 3 43 45 77 71 39 15 37 73 49 66 82 28 36 42 56 9 36 64 44 68 9 23 82 79 12 85 61 30 36 70 34 ]
[ 31 67 63 2 6 78 91 32 79 57 14 8 46 8 16 55 45 32 99 13 41 74 47 72 86 85 33 17 21 55 3 4 22 66 6 81 97 50 13 76 7 79 36 5 40 4 60 37 36 12 ]
[ 2 77 86 50 1 73 35 86 42 8 41 45 12 16 63 70 97 60 20 62 89 80 93 25 37 85 30 98 22 18 62 25 48 48 27 49 73 62 36 15 22 77 60 34 45 76 56 42 36 29 ]
[ 56 25 61 2 3 98 87 33 48 62 3 10 87 51 59 14 1 84 28 37 0 50 66 12 36 12 88 44 6 77 73 15 2 34 17 5 85 56 90 33 18 46 96 5 97 7 71 50 91 99 ]
[ 39 91 1 6 56 89 70 44 34 28 21 7 43 76 94 12 33 31 69 76 64 39 22 12 97 19 19 68 22 11 20 61 54 73 19 10 63 41 55 97 70 28 56 65 4 2 78 38 33 99 ]

Running merge sort algorithm: 
Timer (sort): 128ms real	120ms user	10ms sys
The output is sorted!
[ 22 66 64 36 6 68 52 40 5 23 5 30 25 43 14 40 30 4 5 33 39 2 34 8 0 79 9 27 13 53 46 87 19 10 23 25 30 28 17 35 51 22 18 29 17 32 21 0 36 26 ]
[ 2 42 1 23 52 47 7 23 1 19 31 56 57 43 2 30 71 49 2 49 42 22 94 8 6 24 9 9 74 35 4 28 78 5 4 82 4 11 5 6 30 37 14 40 32 16 22 3 66 77 ]
[ 19 15 27 9 25 73 25 10 22 39 68 26 21 28 10 7 67 39 14 45 10 52 29 53 23 14 28 13 80 35 12 51 2 39 13 27 12 38 38 34 29 6 12 50 86 22 57 6 14 23 ]
[ 60 85 16 20 52 30 0 27 61 15 21 12 27 81 39 12 69 42 42 24 4 52 20 21 1 47 42 24 25 29 44 37 66 12 9 19 42 9 46 56 24 19 20 3 0 11 15 70 5 9 ]
[ 46 5 48 28 12 16 31 12 78 8 11 20 12 3 6 0 0 42 16 89 4 24 60 73 36 53 11 31 6 55 40 52 12 88 32 24 4 64 36 35 72 0 55 37 3 13 37 55 56 5 ]
[ 96 4 70 41 18 9 2 36 1 32 55 11 76 32 29 48 7 9 7 21 56 47 70 3 78 20 7 36 20 11 82 16 15 52 9 33 13 11 22 14 43 29 26 19 61 55 20 68 16 27 ]
[ 26 37 55 10 76 21 16 12 21 71 40 23 27 0 9 1 91 0 36 34 94 19 10 20 71 3 27 67 4 0 26 30 89 34 41 18 7 9 82 28 32 22 52 12 75 13 13 18 65 1 ]
[ 15 13 51 4 20 42 14 29 2 30 9 20 20 50 32 34 64 25 21 18 5 71 31 11 72 82 16 42 64 31 57 31 96 60 35 16 55 1 45 9 32 6 29 4 9 13 91 25 38 12 ]
[ 63 7 41 23 30 18 19 17 44 45 33 53 0 73 41 73 42 46 28 50 20 25 81 69 13 55 5 85 11 1 7 27 9 0 2 39 18 22 8 15 67 41 20 20 15 61 45 57 7 25 ]
[ 20 50 22 44 37 50 81 37 0 6 33 37 16 23 40 25 61 39 28 11 27 22 69 36 10 22 15 17 4 11 26 25 13 49 21 51 51 2 40 3 9 73 40 77 48 33 2 61 24 82 ]
[ 85 52 92 0 91 86 11 15 39 31 26 23 4 36 49 7 24 0 29 11 17 27 28 3 57 10 40 50 14 42 30 51 46 22 51 37 8 14 5 0 45 83 23 1 19 24 9 95 24 38 ]
[ 18 3 89 33 52 4 17 17 14 43 75 12 9 60 19 11 7 9 53 58 74 2 8 86 60 18 52 48 91 4 56 9 59 97 42 11 2 11 28 16 6 55 81 15 16 0 26 23 9 31 ]
[ 47 37 20 44 29 15 52 27 6 7 9 14 95 15 49 5 50 16 9 28 78 9 61 2 52 7 26 26 27 98 21 74 35 41 19 16 9 23 43 15 31 5 29 78 20 31 35 70 47 44 ]
[ 88 7 20 5 11 32 11 17 38 75 78 25 56 16 10 2 60 0 50 55 41 28 6 7 16 59 24 92 62 12 81 2 19 2 7 82 86 19 0 24 46 30 2 2 46 64 4 58 17 54 ]
[ 4 31 9 39 87 37 59 8 51 44 46 55 1 89 79 68 10 6 2 42 3 7 58 9 56 12 29 52 9 20 11 13 4 21 4 43 58 16 3 61 12 49 17 14 38 96 34 49 54 36 ]
[ 54 12 82 25 41 3 41 20 45 22 56 27 40 81 49 28 25 0 93 26 26 10 21 40 60 16 6 36 15 45 67 22 9 1 47 3 4 40 23 2 62 32 29 3 13 30 83 38 30 77 ]
[ 14 47 10 40 12 27 19 34 60 33 8 0 60 54 94 28 12 18 12 30 23 70 27 77 42 38 39 0 92 7 5 7 54 15 99 18 42 19 4 55 4 13 55 17 19 1 97 31 19 61 ]
[ 50 16 31 32 0 53 41 49 29 30 50 43 21 49 91 24 25 24 23 55 32 71 13 75 23 51 56 7 5 6 0 8 22 83 40 22 36 33 23 17 15 26 13 36 27 4 13 53 80 36 ]
[ 63 11 63 16 10 13 53 39 14 51 8 31 11 2 6 71 24 5 1 32 44 54 81 31 25 20 49 41 77 28 86 40 91 49 8 2 14 61 41 28 12 1 11 76 4 17 47 80 22 0 ]
[ 38 25 5 96 0 70 39 40 60 19 15 9 55 4 31 14 0 15 25 4 69 24 40 11 30 50 40 56 39 15 33 29 40 90 25 41 60 16 33 20 35 48 29 42 53 12 57 5 27 34 ]

Timer (generate): 348ms real	330ms user	10ms sys
[ 46 64 54 57 24 25 17 0 14 71 36 53 89 42 96 13 42 96 91 49 32 95 26 55 90 1 44 96 85 36 58 83 52 64 93 29 89 10 29 55 33 17 61 75 59 57 40 53 5 31 ]
[ 54 38 26 33 45 68 34 89 64 72 78 74 7 30 90 0 11 31 63 93 87 96 10 0 23 22 57 63 27 62 46 82 52 72 67 49 92 53 39 56 25 69 82 85 51 72 37 63 4 0 ]
[ 56 43 49 18 43 24 40 0 88 68 14 34 2 67 59 69 68 51 22 7 60 0 28 42 37 80 15 74 43 71 27 51 14 28 69 9 52 62 9 92 82 75 79 84 94 38 5 63 41 79 ]
[ 22 53 31 51 96 68 31 63 95 74 86 22 77 0 50 46 9 54 8 70 47 90 97 26 26 92 16 83 55 9 15 77 63 46 80 11 15 11 74 62 37 60 84 14 12 86 13 73 92 21 ]
[ 95 39 64 92 17 42 36 33 26 91 43 41 21 6 39 1 17 6 65 43 68 54 55 4 69 19 42 82 92 35 55 39 74 71 83 92 14 20 77 92 63 20 85 84 78 76 38 47 83 55 ]
[ 42 3 9 49 8 78 68 50 12 12 85 20 51 12 91 87 4 57 7 33 1 70 6 38 7 84 15 45 84 50 52 78 53 61 28 61 92 96 64 4 9 49 24 12 61 68 99 17 77 6 ]
[ 51 79 29 57 69 36 93 84 33 29 34 85 8 40 46 36 1 38 32 65 95 93 67 71 6 80 39 57 98 69 16 1 0 45 10 69 33 3 6 66 85 40 51 93 32 49 81 86 40 13 ]
[ 51 35 59 70 6 17 51 98 74 1 67 90 2 67 87 64 36 20 19 42 86 4 35 89 49 19 39 30 5 79 96 9 66 55 79 72 72 82 70 98 83 89 41 37 56 28 1 45 49 21 ]
[ 39 87 25 26 29 75 46 20 57 51 51 53 60 17 8 92 41 32 74 64 31 10 53 24 47 62 52 1 59 53 22 98 93 99 77 22 26 23 42 84 26 45 37 87 62 98 31 3 30 5 ]
[ 67 13 15 21 37 15 35 42 16 94 47 38 44 40 89 21 14 16 96 8 52 75 53 41 14 15 39 45 71 22 50 38 35 18 11 25 33 46 67 49 92 14 39 89 7 28 10 21 96 59 ]
[ 30 0 86 35 42 0 3 81 45 74 3 47 64 91 65 76 16 98 74 83 47 19 49 86 8 56 67 70 30 63 81 60 64 67 47 6 67 50 39 12 24 43 60 41 86 25 17 2 76 43 ]
[ 85 23 62 86 10 22 43 77 93 73 92 74 85 8 42 32 66 61 35 6 74 11 1 86 52 87 63 21 89 39 17 26 15 79 12 77 54 7 6 47 80 98 73 65 7 67 50 73 29 85 ]
[ 31 55 48 32 93 1 71 8 22 60 48 39 38 63 71 3 40 77 10 98 76 91 96 49 8 55 69 10 81 50 47 12 5 96 97 50 97 68 58 71 81 6 63 71 21 86 74 13 63 37 ]
[ 11 39 28 60 40 88 67 9 51 48 59 98 13 16 46 62 66 43 82 25 67 15 83 82 87 5 68 13 70 83 50 34 74 30 94 14 71 61 24 22 62 35 72 27 52 19 89 70 14 23 ]
[ 95 33 39 79 15 78 36 35 43 58 18 46 92 92 28 86 59 99 0 35 73 14 70 46 41 74 65 82 97 31 5 92 65 96 23 80 26 11 16 70 70 86 68 62 31 96 1 90 96 1 ]
[ 77 21 15 99 67 8 26 84 90 23 16 47 15 81 44 91 61 22 2 29 92 72 68 60 35 51 9 88 93 5 89 70 78 56 69 46 64 95 82 6 70 98 53 86 31 49 29 93 72 83 ]
[ 74 16 56 94 29 43 45 38 31 38 95 72 60 73 28 82 71 44 77 54 50 0 4 55 38 36 5 67 81 29 50 55 45 58 2 26 1 47 16 84 38 11 8 98 37 36 32 8 32 10 ]
[ 14 82 62 19 38 0 55 95 67 88 24 69 95 21 28 97 48 81 97 64 66 35 28 74 85 17 63 18 77 95 80 92 30 42 63 20 42 70 67 61 58 91 30 53 64 58 51 64 92 48 ]
[ 81 10 35 61 36 72 78 99 42 55 47 22 99 29 16 62 49 10 32 16 71 42 59 54 96 75 64 99 40 56 99 73 66 86 34 3 58 12 54 1 19 1 75 19 82 44 81 83 54 66 ]
[ 51 78 8 62 32 56 38 96 7 30 5 6 3 71 92 89 26 3 53 81 56 72 34 31 91 17 75 25 0 82 91 4 60 51 66 44 60 4 92 67 86 97 74 89 21 18 30 47 73 83 ]

Running merge sort algorithm: 
Timer (sort): 137ms real	90ms user	40ms sys
The output is sorted!
[ 50 13 46 11 40 31 75 31 41 46 4 13 61 46 5 26 6 2 78 9 7 2 5 42 83 3 0 66 1 8 59 51 21 5 15 14 89 42 45 30 88 1 44 2 47 1 28 53 3 59 ]
[ 8 16 0 78 78 4 26 15 48 27 45 57 32 38 26 4 14 25 54 38 34 1 3 23 5 20 42 17 36 89 4 96 6 4 74 36 9 52 4 9 31 49 66 15 39 45 19 53 22 26 ]
[ 8 1 8 78 65 43 14 7 37 12 21 68 78 45 25 49 10 42 3 46 4 0 21 48 83 6 23 1 16 0 25 24 2 85 54 67 28 68 74 18 33 47 86 11 44 11 12 6 5 15 ]
[ 5 69 9 9 10 65 53 23 58 55 0 18 63 18 30 2 22 4 62 24 78 26 60 7 33 28 0 71 15 69 26 20 38 35 30 1 0 35 24 10 42 76 29 5 46 11 59 68 15 21 ]
[ 32 33 14 11 22 5 58 15 5 7 9 59 42 48 57 16 43 5 36 61 50 30 60 81 63 20 13 3 4 28 13 88 13 28 0 35 85 10 51 43 69 12 2 12 60 11 28 55 17 16 ]
[ 16 70 27 9 44 6 46 2 5 84 47 49 11 8 80 14 32 80 4 15 65 9 2 14 25 31 22 61 34 55 23 2 25 2 12 21 9 10 75 66 46 75 15 9 83 47 24 15 27 28 ]
[ 83 4 21 12 43 5 44 49 97 16 35 10 7 34 8 18 43 39 68 61 0 14 55 19 27 26 12 51 21 53 33 4 10 6 17 53 12 13 54 9 29 89 19 89 75 27 7 18 19 27 ]
[ 55 64 26 17 55 8 19 17 9 16 1 23 62 21 48 2 39 4 40 11 33 17 39 48 56 1 5 68 23 22 52 30 86 30 0 41 38 19 10 0 87 11 23 49 85 24 3 24 80 44 ]
[ 9 35 81 64 76 2 10 0 18 36 14 6 5 14 3 13 7 4 91 32 18 0 1 15 1 50 13 6 24 70 99 85 57 32 50 33 35 12 85 5 48 51 11 5 18 67 71 25 23 62 ]
[ 43 39 63 14 32 44 5 13 21 83 8 17 49 25 39 13 13 99 50 13 46 14 69 74 23 2 56 80 49 31 43 45 22 6 59 54 3 16 19 24 0 28 41 1 5 32 15 19 31 17 ]
[ 17 21 57 55 49 24 3 25 2 48 49 2 12 40 67 16 3 4 39 94 21 23 15 10 54 22 8 7 90 61 25 7 83 34 62 32 10 17 9 12 17 11 15 30 3 34 98 6 90 89 ]
[ 68 36 15 88 91 15 1 55 43 71 0 22 1 28 8 39 17 13 46 19 58 20 81 14 29 3 22 52 8 29 48 28 18 63 17 9 30 70 16 26 42 17 0 43 45 8 35 62 22 33 ]
[ 31 19 18 17 0 3 59 61 93 94 34 4 86 67 4 29 50 39 0 34 92 27 13 40 0 3 32 4 38 31 85 21 2 56 90 2 59 1 15 52 47 49 9 34 17 13 15 19 4 15 ]
[ 37 2 42 43 88 24 36 2 29 5 9 3 40 20 2 37 14 97 7 49 84 14 7 56 49 5 37 4 28 33 5 17 35 0 61 75 76 97 77 5 2 39 61 42 11 15 32 25 12 39 ]
[ 11 28 22 27 10 17 57 33 7 46 1 99 15 6 3 7 0 33 4 16 79 26 22 25 38 24 43 4 40 73 61 51 53 35 30 15 5 40 48 12 86 2 63 53 8 66 61 9 99 17 ]
[ 80 41 79 26 36 83 9 27 8 30 29 0 3 32 27 15 53 45 41 3 0 43 15 2 2 8 69 22 70 19 24 50 12 3 28 0 38 38 27 46 68 9 98 23 41 25 38 94 23 31 ]
[ 61 60 5 19 16 83 54 13 10 57 24 51 1 23 25 53 13 16 18 41 9 3 43 51 33 71 81 25 20 23 1 82 35 6 53 52 42 8 17 4 17 41 56 71 17 33 24 30 2 42 ]
[ 59 9 20 58 87 5 18 65 24 49 16 27 63 43 28 8 10 25 61 46 30 21 34 82 10 5 21 75 53 4 70 13 13 43 23 0 0 41 17 24 42 34 3 5 29 83 65 40 9 27 ]
[ 18 51 20 44 40 22 14 19 14 62 68 58 53 0 44 6 78 64 26 34 24 25 31 43 63 42 9 42 22 2 7 92 5 28 36 45 2 2 16 17 17 37 27 22 89 23 28 19 40 54 ]
[ 48 86 12 92 2 4 63 20 56 18 44 4 13 5 47 61 22 0 62 20 49 16 58 54 69 28 51 12 15 18 44 15 5 8 7 59 12 22 79 20 92 23 24 5 29 23 18 3 75 33 ]

Timer (generate): 340ms real	310ms user	30ms sys
[ 9 52 69 19 70 26 26 46 40 74 19 42 90 65 90 30 13 95 24 35 8 50 58 93 31 7 29 34 12 23 55 21 27 24 41 49 3 67 96 95 41 67 37 83 33 27 13 98 74 38 ]
[ 85 83 40 43 28 71 3 9 57 15 85 13 36 12 37 29 62 92 97 10 87 90 29 76 74 14 56 39 64 30 29 2 65 69 45 93 92 0 55 50 15 40 63 4 52 52 33 66 97 82 ]
[ 28 84 25 10 61 51 24 69 90 41 99 20 43 65 41 40 10 34 41 65 84 56 5 99 12 10 3 46 76 0 28 57 85 5 67 98 56 43 67 99 84 66 71 27 83 12 68 46 46 9 ]
[ 11 30 17 69 81 30 31 85 28 7 85 56 16 70 14 83 20 70 27 87 21 11 6 92 91 41 5 11 87 51 72 51 34 89 72 15 19 3 52 99 62 38 8 79 60 22 14 81 44 93 ]
[ 20 66 57 78 58 48 72 63 59 11 67 31 14 1 72 86 68 44 41 73 43 4 11 51 35 23 73 49 56 18 95 77 84 52 7 42 0 79 58 11 43 25 94 57 78 66 44 98 10 85 ]
[ 71 54 41 34 57 28 58 31 30 14 1 25 43 85 77 51 79 77 82 89 88 25 14 34 83 44 0 79 43 11 16 14 17 58 49 74 38 7 57 68 73 58 93 17 95 70 20 27 47 54 ]
[ 16 87 80 83 21 15 27 74 46 70 37 62 37 54 72 86 80 11 45 90 79 70 48 73 87 96 95 59 23 43 14 91 82 46 74 56 13 2 30 59 24 67 73 61 73 98 99 5 9 96 ]
[ 95 40 67 96 65 6 92 61 66 67 56 32 58 90 78 33 98 91 87 28 2 11 47 75 25 72 25 24 30 86 73 25 27 40 73 44 98 65 57 16 32 13 48 43 56 78 28 54 21 15 ]
[ 35 23 78 34 51 3 59 76 80 89 63 53 66 42 45 40 86 43 57 44 60 42 9 8 85 65 87 13 72 8 80 7 84 58 41 87 14 0 63 94 41 78 99 8 20 44 48 59 87 57 ]
[ 55 99 99 64 60 36 82 99 1 54 59 81 61 43 92 54 30 6 7 46 52 48 24 51 56 97 95 56 8 34 14 63 86 65 79 46 2 13 45 3 67 4 37 80 48 29 35 30 87 94 ]
[ 76 39 42 53 42 99 2 37 7 10 23 21 25 9 39 4 55 93 18 52 96 37 57 33 70 57 14 5 87 1 99 16 40 93 21 82 92 23 71 0 85 47 73 10 8 64 66 64 57 84 ]
[ 16 54 74 25 39 44 82 6 1 70 7 52 38 0 45 59 34 90 34 58 42 19 57 15 29 65 32 95 81 89 32 50 95 58 75 87 2 58 93 55 80 52 7 70 4 4 29 91 94 15 ]
[ 1 36 34 58 4 15 23 36 62 5 77 46 7 73 4 82 60 58 92 5 13 24 9 72 94 14 77 75 5 71 90 6 60 76 16 64 91 39 52 6 96 29 52 55 54 57 38 66 67 82 ]
[ 71 81 7 81 5 53 47 82 29 4 6 71 62 18 48 78 82 91 69 86 97 18 15 50 73 22 59 63 88 26 46 60 59 5 93 17 58 92 51 39 96 57 11 10 27 11 88 9 54 9 ]
[ 47 52 27 15 54 53 37 13 16 25 91 14 37 3 19 82 72 78 74 23 69 22 33 80 32 60 43 72 22 98 82 69 50 61 84 56 14 73 21 31 51 64 45 88 19 17 71 91 95 97 ]
[ 15 64 20 48 97 52 60 92 25 82 90 59 52 92 20 88 48 35 14 21 18 65 86 15 53 5 32 76 97 79 74 64 96 46 64 45 50 24 37 75 7 80 86 11 72 7 51 73 94 65 ]
[ 94 64 30 32 79 36 38 64 12 87 43 38 3 91 84 67 36 87 43 74 14 50 54 1 13 78 60 65 51 54 30 98 70 13 30 49 49 20 13 13 59 9 4 14 0 40 33 89 27 77 ]
[ 63 42 79 69 95 93 47 55 10 51 61 92 1 31 5 83 32 6 56 98 72 67 59 28 82 59 68 15 48 48 44 63 42 24 84 37 17 84 92 79 87 53 71 88 36 77 23 20 35 79 ]
[ 18 7 99 77 87 81 89 56 48 89 56 93 53 98 69 37 35 38 73 79 17 60 84 88 48 20 17 24 40 53 3 11 12 2 88 0 35 29 8 36 19 64 81 72 14 50 61 49 40 35 ]
[ 80 57 95 64 97 96 36 15 20 76 20 75 39 32 30 28 84 17 57 92 53 76 8 86 0 22 88 14 23 28 49 3 37 96 67 35 44 55 2 64 32 22 92 23 6 22 51 91 39 61 ]

Running merge sort algorithm: 
Timer (sort): 134ms real	110ms user	20ms sys
The output is sorted!
[ 17 16 71 88 69 17 57 60 29 8 59 5 47 13 14 39 50 5 24 51 22 17 23 15 1 56 12 32 4 5 36 21 21 7 9 91 24 19 3 6 27 62 11 26 28 25 18 30 30 42 ]
[ 78 85 36 55 12 51 11 54 0 26 5 72 0 6 14 8 13 3 63 4 48 64 12 9 99 93 73 4 27 9 70 57 94 6 12 7 9 24 61 10 2 18 34 2 24 0 10 38 55 26 ]
[ 92 3 10 23 54 29 14 53 15 80 0 30 52 4 41 44 35 25 36 9 35 60 19 12 47 48 43 29 89 98 24 33 1 34 8 7 15 23 12 31 55 12 13 7 68 6 3 4 31 91 ]
[ 45 39 30 43 83 41 13 26 90 1 35 21 20 23 81 28 0 3 24 24 28 8 96 46 33 13 7 23 20 14 40 17 53 22 61 36 16 74 15 6 28 50 28 0 26 61 29 26 64 5 ]
[ 18 28 7 51 51 91 54 10 70 11 57 13 36 39 2 8 4 18 5 67 14 36 47 54 6 85 16 49 85 63 15 3 43 22 7 94 14 13 4 36 24 61 50 12 52 4 21 9 22 26 ]
[ 6 81 1 12 6 16 16 26 33 16 27 37 98 17 57 22 35 33 3 74 14 6 20 19 63 33 42 70 17 70 66 24 3 67 88 9 35 4 35 68 72 15 5 22 32 15 45 19 48 0 ]
[ 43 4 20 31 79 81 13 36 70 5 22 34 15 29 39 1 11 42 29 62 53 28 66 24 65 48 46 48 21 83 47 16 39 20 47 70 1 13 7 23 18 29 9 33 10 0 35 21 42 16 ]
[ 7 23 35 38 56 84 79 60 52 73 6 47 4 75 1 63 74 16 95 41 7 51 18 8 42 42 3 17 7 69 29 15 44 16 5 0 0 84 12 5 10 19 4 14 46 5 29 20 73 25 ]
[ 43 47 28 8 55 27 63 55 37 28 60 0 42 69 11 28 7 42 26 13 93 83 30 30 6 53 21 15 11 67 11 6 14 39 14 22 18 29 29 8 9 90 8 52 11 72 80 18 14 7 ]
[ 18 48 42 19 3 10 8 35 6 6 3 2 49 48 71 71 5 13 42 80 24 45 6 79 75 61 31 80 31 14 35 2 15 77 73 18 39 82 6 45 40 9 0 41 10 71 12 15 36 6 ]
[ 46 1 28 31 22 0 55 53 0 17 63 30 50 94 16 37 59 20 8 19 76 33 12 30 30 6 83 27 52 17 23 50 18 51 81 40 3 36 45 55 54 8 37 4 54 5 41 13 26 2 ]
[ 41 16 44 6 24 33 34 55 36 36 1 17 21 76 29 7 37 4 84 19 55 3 2 64 72 84 18 41 23 64 8 64 32 4 22 9 37 56 16 26 44 18 43 66 46 25 25 35 29 10 ]
[ 46 67 21 53 18 26 8 33 92 3 4 3 78 53 47 54 2 6 3 87 28 17 23 75 75 24 16 8 63 13 13 10 32 87 15 51 13 24 36 57 27 40 12 5 46 11 59 48 17 15 ]
[ 16 5 42 21 4 55 49 15 61 68 66 9 2 5 31 5 14 77 79 31 24 2 3 94 16 66 31 99 34 53 11 2 10 53 24 14 60 25 29 21 45 48 30 48 5 14 5 19 43 84 ]
[ 10 26 98 2 19 24 53 12 30 23 49 99 4 39 1 3 13 13 67 28 79 57 23 24 35 18 62 2 10 22 27 20 0 25 75 19 1 28 83 84 51 33 35 8 72 37 11 86 2 30 ]
[ 85 34 28 0 17 87 41 35 41 51 3 37 35 57 30 97 17 4 13 99 21 26 39 60 0 9 83 24 72 22 0 10 9 28 10 26 67 3 13 9 7 16 46 42 25 28 91 42 32 5 ]
[ 12 4 7 40 71 47 98 37 20 10 62 38 93 56 61 98 20 5 36 12 53 63 20 33 30 3 21 10 15 1 55 28 5 14 20 29 13 18 18 33 80 80 24 25 37 37 24 9 42 12 ]
[ 62 26 1 25 19 58 61 10 81 54 30 67 63 35 38 77 32 91 2 13 55 73 18 3 1 9 65 5 1 25 11 63 4 12 40 23 71 2 33 4 8 15 71 23 2 9 0 87 52 54 ]
[ 71 1 7 77 88 46 33 59 51 9 0 59 0 50 7 60 22 25 90 70 33 2 24 31 31 46 19 0 12 31 49 36 85 8 13 73 7 46 32 10 7 32 70 7 35 29 67 9 6 9 ]
[ 59 59 66 13 43 35 9 92 36 68 10 57 26 0 26 8 41 66 96 20 5 8 24 6 14 67 76 1 14 4 27 26 16 93 39 11 29 0 55 17 20 66 27 47 18 53 7 11 72 3 ]

Timer (generate): 343ms real	310ms user	30ms sys
[ 56 84 87 81 32 69 97 61 85 4 21 38 53 63 19 77 63 58 59 25 92 86 27 10 50 10 24 24 2 23 36 11 59 75 92 43 44 41 5 30 46 78 20 51 93 91 80 56 2 39 ]
[ 34 94 77 61 4 80 23 29 56 78 4 92 89 63 20 33 59 64 75 64 46 21 94 67 72 87 10 53 43 12 44 77 6 22 91 63 54 66 92 10 44 48 54 85 63 74 19 22 39 94 ]
[ 38 37 67 32 56 39 19 67 44 15 79 41 92 38 15 35 1 69 2 45 79 98 93 85 84 8 60 55 83 51 1 21 88 68 54 97 59 25 64 56 40 95 97 85 33 12 20 86 81 74 ]
[ 31 12 73 76 97 9 85 9 16 68 60 17 41 1 85 95 98 96 21 14 52 13 9 49 98 95 61 19 81 94 45 13 58 70 41 8 79 26 17 47 46 78 64 88 79 1 35 29 98 56 ]
[ 43 50 22 4 52 20 99 65 91 81 60 37 46 70 7 87 78 39 66 96 86 12 26 51 52 57 4 88 86 2 96 29 5 18 33 9 39 85 74 30 66 86 19 64 57 27 51 87 18 69 ]
[ 83 4 82 9 7 86 18 12 74 4 66 23 85 23 41 71 32 32 56 7 15 74 93 86 38 2 13 89 90 83 59 25 88 93 87 47 31 5 59 6 10 78 81 47 1 74 18 34 7 74 ]
[ 41 74 48 86 60 86 41 26 28 83 9 39 8 49 84 47 97 15 53 8 73 15 86 54 62 88 81 81 74 88 7 67 14 8 53 74 94 46 52 74 29 62 65 90 63 1 37 60 69 42 ]
[ 21 42 57 59 49 72 47 30 5 73 70 12 40 84 20 46 10 67 92 63 93 74 77 59 64 92 12 53 53 81 96 26 24 5 85 25 77 85 55 82 58 77 47 99 61 67 45 23 86 89 ]
[ 38 80 63 15 91 79 8 3 85 13 37 81 91 61 86 76 38 16 61 45 98 72 22 45 71 35 65 68 58 51 9 97 83 25 64 74 4 24 30 41 89 67 22 80 80 61 9 70 77 22 ]
[ 15 27 94 37 25 17 24 42 85 34 93 47 83 29 72 48 55 28 24 85 70 14 4 44 46 36 5 55 6 34 78 73 14 72 62 39 90 86 81 27 21 26 26 4 55 98 4 11 27 29 ]
[ 48 97 95 5 41 41 93 99 97 52 33 75 25 99 99 40 38 41 78 71 21 51 98 47 56 5 46 12 68 25 93 69 74 88 26 15 82 19 66 79 23 52 6 1 51 5 41 42 99 19 ]
[ 13 20 71 63 67 79 21 13 43 89 90 37 10 64 77 36 32 59 8 98 90 31 50 96 32 54 54 25 96 5 45 61 25 68 25 92 47 98 58 90 87 48 79 98 13 57 86 97 68 94 ]
[ 95 59 78 98 7 10 52 13 36 0 18 33 61 43 1 38 88 0 36 98 90 76 98 22 26 63 31 12 60 99 59 56 10 37 6 70 99 58 83 35 10 2 68 23 97 21 62 85 21 50 ]
[ 35 64 78 34 86 4 97 69 69 10 20 28 66 31 17 72 1 16 82 36 4 92 38 72 15 88 46 29 25 67 80 61 31 10 47 69 15 44 38 36 54 59 16 72 42 33 96 95 49 78 ]
[ 31 5 22 22 30 90 10 76 19 35 43 51 48 27 62 95 96 29 92 87 65 98 98 81 71 40 66 67 35 67 98 66 73 72 40 3 62 50 79 34 38 74 85 86 1 99 34 50 28 26 ]
[ 89 45 24 87 26 47 79 44 67 14 12 17 32 85 89 73 88 52 75 19 86 65 45 23 4 99 23 38 49 3 16 90 49 92 29 27 40 8 72 7 74 84 24 6 21 65 31 61 17 59 ]
[ 32 55 24 77 79 28 76 2 18 77 5 34 67 6 27 96 34 19 4 58 78 78 94 54 37 15 19 20 28 37 31 60 44 56 37 23 36 14 77 7 91 35 93 59 41 72 7 27 91 12 ]
[ 85 69 42 79 75 31 46 95 52 74 84 35 34 28 43 72 52 80 38 29 39 29 64 32 40 58 5 48 85 48 12 23 70 54 54 45 38 1 40 42 27 76 77 62 5 21 86 9 53 24 ]
[ 38 92 5 55 76 46 13 33 94 98 82 6 21 4 12 28 49 2 29 42 44 8 18 74 22 23 95 8 32 0 84 23 92 90 78 20 88 43 6 82 93 88 40 67 44 4 95 93 7 76 ]
[ 87 3 84 6 77 7 81 24 67 66 24 4 41 68 46 71 89 34 14 95 68 7 35 60 74 31 64 69 24 23 45 64 79 82 22 56 89 3 33 8 21 57 12 62 26 58 85 67 44 99 ]

Running merge sort algorithm: 
Timer (sort): 126ms real	90ms user	30ms sys
The output is sorted!
[ 58 56 82 0 4 22 4 12 40 20 29 12 85 18 36 5 39 6 3 2 20 27 91 14 0 21 15 47 92 5 67 51 61 1 3 17 23 7 29 15 79 10 79 65 29 15 22 20 21 25 ]
[ 54 13 85 9 24 45 25 15 42 62 18 0 60 33 10 6 1 44 30 42 24 7 13 69 9 30 29 81 46 53 26 1 19 11 62 43 8 39 11 51 2 81 51 14 14 14 20 15 58 2 ]
[ 96 48 24 9 36 35 82 19 4 60 63 84 41 17 12 20 12 3 38 88 4 10 12 26 27 14 5 9 26 5 4 22 5 29 31 94 16 14 13 73 26 28 57 20 45 21 40 10 24 30 ]
[ 2 2 96 15 56 13 26 51 38 45 53 25 0 44 6 6 17 19 77 29 68 17 7 2 66 15 19 99 8 4 88 10 6 36 25 63 50 3 14 88 49 19 65 1 15 23 7 32 43 37 ]
[ 29 10 35 53 33 8 11 46 27 37 39 42 89 98 19 0 30 56 67 18 4 53 24 14 21 7 4 17 28 1 42 10 11 30 63 45 38 26 43 65 16 34 7 5 32 79 5 14 87 72 ]
[ 41 19 5 18 79 8 22 90 93 22 79 35 89 4 1 38 55 15 0 5 45 36 81 1 62 14 34 25 16 28 1 9 0 6 27 79 66 49 21 11 23 52 46 13 8 47 51 63 14 4 ]
[ 25 38 40 13 1 0 63 51 21 21 61 11 6 1 22 53 74 23 59 22 59 83 89 5 35 5 25 55 35 10 30 12 48 70 25 1 23 88 4 44 62 17 7 68 18 30 21 45 5 33 ]
[ 57 78 20 70 26 3 1 37 66 3 30 39 1 78 31 37 11 25 32 40 61 12 2 58 44 85 23 23 20 26 91 78 4 11 0 30 66 2 19 32 57 1 23 10 31 6 0 95 31 32 ]
[ 42 47 23 6 4 5 14 55 54 43 38 31 12 23 21 5 7 10 8 60 3 35 71 21 87 9 57 26 21 41 42 64 40 17 22 44 74 36 51 28 31 42 12 44 17 85 49 25 48 10 ]
[ 77 6 79 0 66 8 68 44 21 19 14 5 16 39 61 6 6 46 87 42 36 42 21 68 0 12 31 46 77 5 93 6 12 25 7 30 33 75 26 6 46 40 11 62 32 24 20 38 22 7 ]
[ 1 12 97 98 15 30 7 3 22 38 30 10 47 40 40 43 4 18 28 44 18 38 37 4 54 28 68 33 70 46 67 23 10 17 22 26 47 29 29 22 67 12 32 15 4 72 10 8 91 38 ]
[ 4 27 79 14 14 69 37 79 30 15 39 3 21 70 28 18 63 3 0 26 3 55 86 33 80 5 33 0 50 43 79 6 22 10 21 37 32 10 68 14 25 7 18 46 77 46 17 40 49 17 ]
[ 67 36 4 44 15 85 15 31 60 19 20 17 1 28 23 21 25 60 25 71 96 50 25 83 20 72 0 54 53 15 59 73 3 15 17 18 0 85 1 13 4 21 30 57 1 6 31 26 18 56 ]
[ 23 0 6 68 4 46 72 88 42 67 12 17 4 25 40 11 69 18 11 22 24 81 37 6 66 11 23 25 17 74 43 41 26 1 61 30 0 33 18 42 53 83 11 9 8 51 21 29 22 84 ]
[ 15 48 36 4 29 48 88 34 81 48 43 21 43 49 34 6 21 41 53 18 26 62 14 36 8 2 13 29 45 42 65 12 43 1 17 72 2 5 7 35 6 2 56 49 51 42 7 72 83 12 ]
[ 63 12 39 5 21 61 30 43 17 27 26 72 26 25 63 13 93 16 7 6 5 77 46 17 3 69 66 5 1 43 7 64 7 98 21 28 60 3 24 29 30 50 53 8 27 16 22 20 85 29 ]
[ 56 39 20 93 23 43 12 0 61 2 72 36 21 3 22 34 9 1 10 30 48 39 20 48 20 39 42 30 33 17 90 41 56 10 34 31 6 46 31 67 0 56 55 21 11 77 55 21 30 17 ]
[ 23 24 8 35 0 4 61 27 57 38 41 77 18 90 2 60 13 12 56 53 56 19 29 81 35 28 6 0 45 5 17 69 30 26 56 82 30 18 9 39 8 3 17 26 45 71 39 10 36 47 ]
[ 24 18 17 88 23 39 36 36 5 0 52 61 4 20 16 73 5 35 79 92 24 29 97 14 5 49 37 27 6 87 6 30 5 24 18 81 15 6 17 21 58 22 34 14 42 50 87 0 38 18 ]
[ 1 6 82 66 66 2 2 21 59 33 15 2 28 55 95 54 21 7 25 72 13 47 99 9 33 56 32 31 15 6 67 68 13 1 35 31 4 89 52 15 22 19 17 2 74 12 8 48 20 34 ]

Timer (generate): 357ms real	340ms user	0ms sys
[ 39 19 9 95 44 32 2 51 59 96 86 12 94 72 96 52 5 12 72 25 83 99 14 85 63 71 3 27 39 19 58 30 90 68 25 34 52 28 85 11 76 23 76 70 48 72 74 53 84 98 ]
[ 30 19 49 96 56 65 67 59 92 7 30 3 37 20 23 15 6 75 95 44 39 71 67 15 93 15 87 19 20 23 69 2 94 19 98 51 84 66 62 28 25 45 31 14 17 54 81 24 82 76 ]
[ 68 21 99 87 88 92 55 75 63 75 50 33 78 44 4 28 47 88 46 10 68 71 55 0 38 72 6 19 48 40 96 16 61 47 56 49 40 11 76 55 86 78 40 16 23 44 97 22 32 43 ]
[ 32 1 67 87 53 5 12 11 76 60 52 24 29 65 72 85 67 64 96 43 19 34 74 60 3 49 4 0 71 89 43 4 42 62 43 47 67 7 58 96 68 62 20 49 28 44 34 95 8 82 ]
[ 90 80 16 64 40 19 13 96 71 37 37 15 41 31 77 36 78 97 44 89 45 64 51 17 65 79 62 99 26 70 81 17 50 49 33 42 69 99 91 40 36 28 7 29 12 37 17 90 86 13 ]
[ 79 31 77 83 0 42 14 62 93 41 33 26 10 35 76 43 78 97 94 21 37 30 49 97 11 61 86 29 4 24 42 35 7 72 18 7 66 85 70 12 26 55 38 36 90 14 31 20 11 26 ]
[ 41 1 8 43 50 72 56 36 53 60 60 47 48 67 71 18 26 90 3 96 2 29 51 40 17 42 7 1 14 70 27 56 23 87 51 73 11 7 61 64 68 73 12 68 92 83 86 19 25 90 ]
[ 15 27 19 19 20 89 13 79 90 27 49 69 35 25 8 86 98 20 94 12 36 14 85 48 82 30 84 68 49 9 58 16 89 30 35 9 71 48 88 61 28 89 82 63 14 90 50 65 62 96 ]
[ 29 99 10 14 47 92 44 83 12 45 45 71 62 34 53 97 95 24 98 35 37 26 76 19 89 91 9 91 8 24 87 37 23 49 3 22 93 0 6 6 45 3 29 7 89 82 57 84 58 55 ]
[ 71 95 81 47 66 22 90 27 66 50 51 5 87 74 55 43 97 48 43 55 6 88 58 35 48 99 69 5 35 79 60 6 74 93 53 40 67 96 20 33 46 71 39 86 46 46 29 95 94 72 ]
[ 50 1 60 60 88 8 59 58 65 94 37 77 0 64 70 5 56 90 53 76 75 0 0 66 86 46 12 15 93 59 39 43 60 99 3 0 60 62 10 77 56 48 55 8 64 77 65 72 67 19 ]
[ 49 95 19 1 61 57 47 74 24 40 33 63 35 45 14 38 97 26 52 8 4 60 8 59 20 72 36 85 44 56 4 45 51 75 46 12 84 45 38 8 37 23 71 72 20 38 62 18 64 14 ]
[ 26 68 26 34 27 46 58 16 32 2 24 88 0 27 16 98 91 0 44 30 61 81 5 84 6 26 22 20 44 87 87 22 55 13 56 35 60 66 3 44 68 79 32 20 6 0 19 97 53 63 ]
[ 79 14 96 85 98 54 63 73 75 59 60 14 81 67 27 89 54 39 55 9 83 75 88 68 96 46 20 67 96 73 82 75 87 30 12 38 85 75 11 12 34 23 26 67 42 5 56 49 45 63 ]
[ 58 80 91 99 48 39 97 69 6 93 94 88 69 82 18 33 72 55 9 35 19 95 58 45 15 52 51 23 1 48 87 12 28 30 11 29 69 60 50 75 54 44 15 75 78 33 8 50 41 69 ]
[ 85 60 17 95 58 32 48 61 55 49 9 94 13 37 76 76 18 45 37 68 20 91 13 87 66 43 21 74 94 14 44 31 26 61 27 84 45 75 45 52 76 6 99 90 96 75 66 14 21 55 ]
[ 35 93 46 48 81 12 91 54 39 37 68 35 69 94 48 48 31 93 23 76 97 51 35 96 93 31 72 12 97 45 67 32 38 66 32 19 30 76 25 69 13 93 56 34 40 4 82 71 49 57 ]
[ 99 99 9 34 95 54 17 19 66 15 64 86 47 55 52 80 26 82 56 52 4 21 97 60 56 37 17 38 60 18 96 12 17 57 98 65 11 16 84 30 83 1 68 30 56 72 62 34 6 70 ]
[ 86 10 44 36 23 0 25 92 90 86 10 38 50 80 47 48 45 11 64 81 41 47 82 61 30 90 33 44 25 39 67 63 2 11 99 77 63 25 21 5 11 31 44 61 63 91 61 8 2 26 ]
[ 42 95 25 24 8 7 15 41 4 92 33 71 55 35 34 55 64 97 80 85 2 43 68 98 56 32 42 17 92 96 95 34 92 73 11 0 80 78 94 36 70 27 7 25 14 41 32 30 90 64 ]

Running merge sort algorithm: 
Timer (sort): 141ms real	130ms user	10ms sys
The output is sorted!
[ 32 33 25 38 24 74 4 23 21 73 80 13 21 32 42 8 4 20 60 36 24 80 1 4 49 24 54 48 76 3 55 8 36 32 46 61 6 2 84 28 27 16 41 1 0 35 9 5 7 21 ]
[ 19 54 55 30 18 16 86 24 24 23 9 24 18 36 43 12 99 29 51 51 2 10 59 11 1 76 87 31 27 5 2 46 59 10 28 29 78 14 6 2 90 15 78 8 4 21 20 3 2 23 ]
[ 93 69 44 22 32 12 65 18 21 20 10 43 7 51 68 16 59 14 62 3 9 6 26 2 34 12 32 25 21 0 20 14 21 16 37 53 28 2 24 1 75 34 44 34 38 13 50 97 79 13 ]
[ 37 50 24 12 24 36 63 26 29 28 74 0 16 1 40 95 16 25 19 27 78 12 9 4 34 12 20 33 55 24 30 44 74 6 56 50 42 71 76 24 0 3 24 16 4 17 11 21 42 83 ]
[ 71 49 47 48 37 19 22 24 7 10 30 20 24 0 8 27 74 10 13 10 44 99 99 98 11 3 3 37 68 63 8 39 65 8 39 2 27 62 26 34 24 8 6 0 8 14 27 34 24 93 ]
[ 15 66 79 3 3 13 13 0 29 32 9 20 61 66 83 11 27 35 64 3 1 7 15 70 18 22 66 45 45 83 2 12 50 33 16 5 46 29 57 28 13 19 48 27 37 83 38 64 19 3 ]
[ 42 2 27 56 56 85 87 18 29 2 14 33 54 13 15 28 42 17 15 78 26 59 43 18 3 11 22 8 14 3 58 56 5 37 13 61 22 52 31 51 6 45 36 60 11 51 40 5 21 55 ]
[ 79 13 57 6 7 4 60 45 2 76 7 54 22 65 23 83 23 37 83 17 34 3 48 28 26 18 2 60 24 40 37 3 5 46 61 12 50 22 9 4 50 16 10 72 33 33 7 56 22 43 ]
[ 28 2 9 82 56 4 19 87 7 24 53 16 16 35 20 26 75 62 1 10 2 11 71 56 13 42 68 65 36 10 47 17 12 57 99 21 13 18 8 20 42 13 36 10 48 8 36 24 71 38 ]
[ 27 48 82 41 12 80 73 11 7 8 12 3 27 40 22 29 4 68 93 3 85 37 21 41 77 9 3 2 11 17 21 39 65 56 32 29 36 5 40 43 13 4 46 40 44 69 21 1 37 14 ]
[ 12 56 55 33 11 36 93 16 48 42 7 80 42 38 27 18 17 12 3 72 58 15 55 15 4 17 11 3 35 20 67 0 28 74 33 39 11 78 8 11 20 67 44 15 6 23 33 23 35 88 ]
[ 67 47 11 23 13 33 0 16 16 11 66 48 60 49 5 49 31 46 59 22 3 4 26 28 11 68 18 13 93 16 33 13 15 44 36 28 29 88 96 97 51 15 46 11 16 3 12 47 1 23 ]
[ 5 25 24 75 80 7 92 45 7 2 16 26 90 81 49 81 15 29 36 60 71 7 48 3 38 16 31 0 28 1 32 85 26 8 12 6 67 57 3 27 11 19 53 54 0 2 35 16 31 24 ]
[ 32 62 32 16 50 5 19 94 42 37 63 39 20 36 28 10 18 40 12 11 3 53 4 12 14 3 65 8 48 4 73 32 18 5 49 68 10 20 15 52 57 30 43 77 18 72 39 37 64 3 ]
[ 63 62 10 17 30 59 81 13 11 51 14 13 35 25 82 62 24 8 45 6 11 53 82 13 94 0 86 3 4 47 20 19 9 82 36 40 93 17 5 4 20 19 18 7 44 52 22 21 12 19 ]
[ 5 25 16 29 97 22 66 23 9 55 70 5 10 39 14 20 1 52 6 33 36 48 4 59 0 29 6 35 0 5 55 58 82 23 39 79 45 57 54 6 13 25 11 23 16 25 96 69 29 54 ]
[ 20 24 44 21 83 68 73 47 33 84 7 27 44 91 18 85 20 9 3 4 25 85 11 6 21 1 52 79 17 44 58 38 69 54 11 4 23 84 3 8 20 11 36 64 2 6 2 22 15 5 ]
[ 71 14 67 41 14 98 39 8 17 45 1 3 49 15 7 86 2 86 38 18 20 22 24 39 0 72 20 44 2 70 13 26 37 32 67 51 30 7 11 0 4 65 3 5 80 63 91 34 1 29 ]
[ 5 5 31 10 5 11 43 51 21 40 0 13 48 31 41 52 58 34 42 44 2 61 59 50 70 98 80 38 1 13 34 6 19 17 16 76 29 12 28 2 52 80 16 0 11 9 4 21 95 98 ]
[ 52 11 50 1 23 23 8 59 24 71 29 81 45 22 78 10 11 18 61 61 4 16 94 13 11 34 25 47 10 25 15 63 88 18 16 12 41 24 23 17 47 5 50 92 27 28 2 38 46 16 ]

Timer (generate): 355ms real	320ms user	20ms sys
[ 41 7 93 79 65 6 48 75 38 80 63 64 2 58 82 76 6 52 11 30 21 64 60 66 57 37 16 95 92 5 97 33 64 43 12 30 49 13 57 39 93 72 55 47 31 37 76 37 42 39 ]
[ 19 63 3 80 81 61 69 97 8 61 2 57 46 19 0 59 1 49 24 58 89 17 83 44 17 14 34 45 3 76 84 75 91 88 55 72 1 76 22 9 89 24 66 35 43 67 46 44 68 70 ]
[ 55 57 40 38 54 57 4 88 2 59 16 38 34 59 26 41 83 27 69 5 88 58 82 55 46 77 74 92 74 42 15 29 52 55 19 58 64 75 98 18 86 66 56 73 25 83 14 60 62 36 ]
[ 66 3 46 0 10 92 77 84 37 51 78 52 32 82 7 51 40 23 78 90 41 65 56 97 38 33 32 4 94 47 92 12 50 39 12 60 31 89 96 68 93 74 72 25 9 31 77 1 54 7 ]
[ 92 95 24 0 93 62 34 77 19 80 24 11 44 74 2 56 34 34 97 30 54 90 57 27 68 66 58 97 67 13 4 11 60 29 12 5 43 98 83 14 78 7 26 22 34 80 30 68 14 79 ]
[ 51 21 70 60 0 38 26 58 87 45 23 91 9 84 20 21 89 16 19 24 30 49 32 8 71 18 89 53 86 55 32 89 76 2 49 76 92 27 87 79 25 10 23 34 46 95 7 88 11 26 ]
[ 64 42 27 48 50 98 66 39 51 53 95 83 94 23 38 44 52 82 23 39 14 48 1 89 82 48 84 41 88 96 67 52 38 46 1 40 44 67 32 47 72 27 83 67 2 73 63 54 7 86 ]
[ 93 73 87 47 62 21 95 47 63 35 95 82 39 33 29 40 25 25 60 57 73 32 36 8 51 39 33 66 93 92 53 39 66 92 86 28 13 33 27 76 20 22 59 59 7 40 52 33 65 12 ]
[ 90 90 96 27 50 0 18 83 66 63 76 71 54 42 63 40 22 77 25 2 5 97 24 16 57 84 56 9 17 22 73 59 64 69 38 15 69 56 98 88 20 26 59 74 68 75 67 43 4 44 ]
[ 45 9 42 21 78 51 57 34 12 26 8 85 86 73 6 76 88 76 33 38 16 5 65 75 31 33 50 50 28 6 47 25 16 41 99 46 92 56 80 56 35 41 41 21 14 47 49 54 75 34 ]
[ 92 91 39 57 19 23 43 21 25 71 28 24 49 96 65 0 42 9 56 74 65 43 15 58 16 29 58 66 83 33 0 76 77 92 33 48 67 76 69 92 0 49 17 1 45 34 1 39 96 9 ]
[ 14 13 53 29 72 69 11 30 35 46 15 36 22 92 80 8 92 47 36 62 91 88 11 8 89 9 95 90 0 91 0 14 4 53 96 28 22 59 10 10 5 26 46 80 70 26 40 63 25 28 ]
[ 25 16 17 88 77 58 49 72 1 2 15 1 16 71 6 64 0 80 75 10 90 81 88 88 13 59 66 53 22 43 81 99 60 50 39 37 9 41 61 10 43 76 63 11 99 21 28 99 53 3 ]
[ 62 44 84 2 84 97 61 3 2 35 46 36 86 6 86 78 95 47 19 56 57 62 84 72 25 84 45 53 35 99 57 97 95 93 52 79 43 13 34 45 1 33 81 87 91 20 65 87 67 84 ]
[ 43 77 98 28 49 76 64 95 29 99 46 38 49 41 32 1 72 75 14 7 72 67 40 6 55 83 26 20 70 93 57 66 70 7 46 72 35 10 19 65 9 65 55 58 6 39 11 78 66 78 ]
[ 37 39 45 29 45 0 13 23 73 35 16 82 1 39 41 47 11 77 9 82 94 19 47 49 29 5 41 41 35 7 71 25 98 16 54 43 69 19 66 42 7 35 76 8 74 17 8 37 46 17 ]
[ 19 92 88 18 42 18 23 35 11 10 42 82 35 41 50 42 36 19 61 55 13 68 90 89 29 16 59 37 53 57 6 72 50 95 90 44 65 65 79 76 75 21 10 11 14 12 53 51 32 66 ]
[ 6 45 87 48 87 16 64 98 5 69 55 11 41 5 6 83 1 23 48 80 51 75 54 61 86 68 26 91 19 58 58 77 55 97 77 42 13 93 92 18 62 48 81 55 5 40 38 7 63 38 ]
[ 39 15 66 93 28 4 62 54 96 33 12 6 63 20 3 40 14 68 86 7 86 48 7 19 4 12 59 94 71 23 85 11 90 51 56 18 55 18 25 3 4 89 9 67 9 64 59 24 32 45 ]
[ 31 70 94 38 90 50 2 1 96 26 76 81 37 66 84 93 37 92 64 62 95 68 51 57 87 61 73 46 37 6 92 68 28 38 58 18 88 12 72 84 38 48 18 27 15 2 73 52 94 37 ]

Running merge sort algorithm: 
Timer (sort): 124ms real	100ms user	30ms sys
The output is sorted!
[ 7 60 52 6 51 30 39 63 12 39 31 64 6 24 25 0 46 33 3 21 65 10 21 72 9 24 47 25 47 74 4 6 35 8 12 86 38 3 1 3 43 32 19 1 9 44 53 55 30 57 ]
[ 2 36 59 3 11 35 41 6 30 40 68 12 30 6 55 18 35 12 12 34 7 5 6 45 65 40 5 48 21 68 65 23 5 76 78 16 11 19 22 41 12 43 5 94 1 60 12 36 24 76 ]
[ 14 57 37 4 68 88 15 14 54 28 29 46 56 30 47 64 18 1 7 77 40 92 18 2 85 14 8 64 34 25 22 1 83 11 5 3 0 72 17 54 0 46 0 8 28 0 24 46 1 32 ]
[ 11 96 49 26 13 22 25 2 99 22 2 73 3 38 37 44 13 86 82 1 68 12 10 27 49 3 71 46 12 8 26 23 57 28 49 70 50 26 24 2 1 26 27 4 17 65 0 30 3 34 ]
[ 27 35 8 32 26 6 11 36 92 19 19 28 63 37 41 11 13 55 22 44 81 64 50 29 40 59 7 19 66 7 41 45 42 1 29 20 8 40 8 0 11 27 28 74 64 22 37 29 29 12 ]
[ 84 16 22 80 3 64 3 24 11 17 0 10 35 15 2 11 13 55 78 8 9 25 41 3 90 32 6 21 43 75 36 27 43 58 60 46 22 15 71 86 32 23 48 20 38 3 31 4 58 9 ]
[ 33 11 66 26 3 40 47 38 60 20 52 0 80 65 66 24 84 34 22 0 4 44 13 40 40 76 52 64 12 44 0 46 7 18 24 10 11 23 1 23 43 53 24 24 18 42 0 2 76 22 ]
[ 38 0 65 3 7 62 4 14 10 19 14 2 10 41 7 82 34 59 96 2 39 13 35 19 88 12 12 53 39 37 6 77 38 23 32 45 86 88 12 48 8 26 2 70 19 10 53 53 21 1 ]
[ 16 50 23 15 48 30 9 4 12 8 45 3 61 95 94 36 0 2 50 96 28 5 67 5 29 4 54 28 22 58 15 38 8 38 6 9 20 15 13 32 75 11 88 89 6 34 25 6 36 75 ]
[ 21 23 36 11 32 16 24 13 56 31 68 11 5 1 41 15 26 28 0 15 64 4 0 90 59 13 54 30 61 59 89 35 35 77 46 67 93 22 80 2 53 0 13 10 1 6 25 27 35 26 ]
[ 32 27 50 1 45 0 67 4 50 38 12 77 82 58 5 36 21 55 18 2 1 4 13 16 35 13 6 83 32 12 20 16 39 70 17 36 23 37 93 73 27 57 2 9 15 59 45 88 15 16 ]
[ 79 6 2 49 21 9 35 55 92 64 11 5 5 1 66 38 7 30 3 6 77 32 18 28 80 43 30 31 83 3 14 62 9 16 11 30 78 98 38 22 14 1 79 19 2 45 10 61 28 13 ]
[ 63 23 35 19 14 33 7 84 71 78 33 6 18 15 61 19 18 10 3 37 14 4 4 21 19 47 23 73 5 75 80 20 50 15 39 64 0 98 0 23 29 85 29 47 1 90 18 19 0 21 ]
[ 66 58 6 51 28 10 5 2 0 32 63 51 6 29 7 47 19 2 15 71 11 40 71 3 87 25 24 84 39 67 68 5 26 27 9 6 37 14 8 37 47 71 88 5 1 48 52 72 2 19 ]
[ 33 35 1 35 4 45 4 15 33 21 30 56 30 6 61 87 51 25 69 38 8 2 62 87 12 49 9 9 9 11 24 42 98 25 30 3 23 86 18 56 7 1 12 37 7 25 76 58 51 45 ]
[ 32 29 7 46 58 42 56 57 15 54 17 18 14 17 51 6 95 11 12 19 1 68 25 60 8 66 5 54 32 3 46 16 32 5 15 42 47 23 51 14 77 68 33 43 86 36 2 33 0 14 ]
[ 8 1 57 10 8 31 4 68 2 66 67 49 25 80 9 8 60 46 32 97 5 19 5 99 12 21 8 49 19 19 9 27 72 18 90 32 49 94 1 4 12 20 5 37 1 14 45 13 60 77 ]
[ 7 2 33 0 14 35 90 42 14 16 26 46 47 56 4 22 3 85 35 28 5 18 8 46 28 92 2 28 4 34 36 11 36 70 64 2 57 54 96 71 22 22 17 21 30 21 43 86 7 31 ]
[ 1 76 12 28 71 0 37 16 43 43 97 31 58 41 87 39 16 92 6 24 65 7 13 15 34 53 29 21 3 41 98 4 17 10 32 40 10 21 8 5 65 6 37 23 47 76 14 15 20 20 ]
[ 32 11 8 0 20 9 26 55 15 21 44 2 16 36 82 56 42 33 76 99 93 16 75 8 41 0 26 26 22 34 7 54 45 15 7 18 24 33 73 92 54 69 46 22 6 29 31 0 14 7 ]

Timer (generate): 343ms real	310ms user	30ms sys
[ 8 21 37 56 18 91 99 61 14 6 97 79 83 28 49 82 17 38 14 46 64 51 87 48 30 98 48 93 91 89 50 99 10 87 55 28 30 54 41 45 13 38 24 96 18 26 30 36 16 96 ]
[ 82 32 47 22 80 29 72 80 74 15 69 24 15 31 12 22 11 42 29 52 39 42 42 16 90 60 94 20 96 10 68 31 42 16 5 22 97 29 2 72 44 23 96 59 54 60 34 65 55 63 ]
[ 69 46 57 11 62 47 23 56 19 72 66 87 3 60 55 60 82 53 89 36 25 33 11 73 45 65 86 79 82 41 42 51 39 99 14 2 98 38 10 17 10 29 4 65 89 12 25 24 65 66 ]
[ 60 42 99 24 15 44 89 53 23 24 46 17 75 86 68 42 40 66 32 50 35 94 79 92 59 21 4 36 45 69 2 57 11 53 81 78 50 71 84 73 47 30 43 74 68 63 16 8 30 48 ]
[ 59 17 42 90 9 53 11 65 41 56 34 95 66 97 49 47 28 99 70 64 24 17 94 19 92 15 83 8 23 65 9 34 82 3 25 44 57 88 9 50 97 96 46 63 93 95 10 73 46 81 ]
[ 37 70 50 84 90 42 99 25 3 74 90 12 9 72 67 86 68 76 26 78 27 23 74 73 38 19 20 1 45 66 34 82 36 84 18 78 27 69 3 30 44 93 94 5 18 61 43 38 90 69 ]
[ 16 17 45 42 42 35 62 62 36 7 28 70 41 16 55 12 95 34 33 50 64 29 96 10 34 66 23 29 4 13 99 21 30 96 63 72 31 77 34 20 36 14 90 78 31 97 42 78 31 75 ]
[ 80 47 5 76 57 91 42 33 21 99 46 72 20 29 68 35 1 51 13 88 71 1 54 14 79 37 63 73 67 95 49 48 94 54 76 52 45 71 85 66 70 83 38 42 12 58 77 66 62 42 ]
[ 6 85 44 60 99 75 98 15 49 17 10 98 65 4 4 94 8 1 65 45 20 35 29 58 29 93 69 58 59 31 1 65 68 97 78 20 24 28 35 73 45 45 23 63 1 79 57 62 81 74 ]
[ 7 1 9 88 11 90 34 32 48 93 15 49 11 84 98 41 4 23 69 39 48 66 36 24 29 89 55 86 51 36 12 11 89 73 51 53 63 85 85 12 31 1 13 94 37 64 35 93 87 56 ]
[ 84 87 22 20 63 52 61 19 90 65 55 3 76 97 76 27 50 40 65 35 4 96 88 17 90 77 81 77 70 20 33 54 60 55 26 23 7 88 42 50 5 50 53 81 47 81 60 97 73 25 ]
[ 84 77 73 25 47 15 2 80 92 25 1 25 79 61 81 58 84 40 98 79 90 3 29 95 84 76 29 96 25 54 22 61 32 47 38 31 63 93 11 55 18 64 81 49 25 14 7 62 6 5 ]
[ 93 49 60 22 96 44 50 25 93 27 80 67 40 64 14 79 95 77 72 58 85 42 23 18 91 48 32 51 62 90 56 55 39 69 29 36 13 79 13 58 58 93 25 99 9 40 78 56 69 2 ]
[ 15 54 44 38 72 87 38 56 38 1 47 47 8 38 16 90 74 81 69 88 40 80 33 65 79 43 57 9 99 27 63 14 33 59 4 58 46 43 14 37 96 13 36 56 52 52 46 26 85 68 ]
[ 66 77 48 0 95 79 95 52 88 46 31 3 61 65 62 17 23 8 60 89 97 56 3 33 65 7 37 11 33 23 79 52 0 27 4 95 58 99 0 46 45 31 49 58 48 63 76 71 72 88 ]
[ 61 21 97 16 55 62 23 92 73 8 67 5 60 68 32 16 15 43 15 15 89 13 99 91 71 47 54 99 19 78 88 32 0 85 0 7 47 75 51 72 83 19 77 96 39 62 12 54 5 80 ]
[ 22 46 93 21 37 16 68 44 16 39 74 4 23 26 41 23 33 40 98 85 12 34 56 42 30 95 4 94 1 9 74 75 7 19 96 97 36 65 41 4 56 15 60 80 94 1 3 27 93 54 ]
[ 64 5 88 72 47 18 19 3 64 21 12 39 96 72 10 45 69 46 62 10 50 18 77 62 98 71 63 54 51 56 8 67 14 96 40 13 66 59 17 30 32 81 69 81 53 32 26 22 78 40 ]
[ 84 81 58 14 43 9 37 59 63 40 67 71 8 33 19 0 47 85 11 16 15 44 97 37 77 51 69 3 25 99 43 10 80 53 24 76 62 13 87 25 54 6 48 62 40 67 62 39 52 73 ]
[ 55 20 69 4 57 46 55 78 1 81 77 96 43 10 2 19 38 64 32 25 42 86 83 90 0 75 10 14 14 14 40 21 34 61 26 43 8 33 21 61 66 51 10 9 61 12 80 99 76 65 ]

Running merge sort algorithm: 
Timer (sort): 130ms real	120ms user	0ms sys
The output is sorted!
[ 93 2 23 40 4 51 61 39 3 92 19 37 36 81 5 7 32 33 68 41 65 40 12 46 4 31 58 9 23 20 20 69 22 44 9 26 47 22 18 2 15 37 39 3 19 44 11 3 29 31 ]
[ 28 37 64 12 5 51 58 31 29 52 6 57 73 47 2 16 25 48 20 11 69 21 10 38 14 34 47 8 33 26 4 61 63 69 25 20 20 83 3 1 87 9 10 61 9 13 29 34 13 1 ]
[ 1 88 17 12 23 21 81 3 27 32 2 20 26 93 32 0 87 14 28 15 4 46 10 32 4 72 41 36 8 47 45 9 35 14 74 10 36 55 14 15 40 68 35 66 62 19 18 1 33 47 ]
[ 31 24 36 15 57 17 64 19 19 46 57 25 15 47 10 4 58 94 67 1 21 4 78 54 14 2 27 7 1 49 8 85 73 45 0 30 14 64 2 33 62 59 59 30 7 21 34 17 15 1 ]
[ 25 96 48 19 51 28 59 57 10 20 49 20 12 70 18 54 10 0 6 53 18 4 38 17 40 92 77 15 25 7 85 2 3 34 21 7 14 32 16 24 4 65 44 17 88 14 23 50 14 29 ]
[ 74 28 16 36 2 93 3 13 52 26 38 10 9 19 85 92 57 13 20 91 70 25 1 8 82 10 56 39 4 12 42 30 40 11 19 43 4 22 8 8 1 46 18 10 17 55 2 74 20 74 ]
[ 18 88 37 73 18 9 49 15 86 44 11 9 11 41 4 33 4 49 78 47 6 18 34 54 5 20 36 9 18 79 6 36 19 95 9 37 56 10 5 42 54 68 51 18 10 8 3 14 57 33 ]
[ 35 68 76 40 20 19 2 17 55 60 31 41 78 9 4 61 34 64 8 41 40 69 15 28 87 9 55 3 66 12 1 53 33 30 46 5 1 48 22 8 8 5 50 38 14 54 0 49 18 8 ]
[ 10 35 5 44 58 34 73 21 1 75 80 13 11 60 22 11 99 17 18 97 9 9 53 56 36 0 12 19 5 6 24 68 93 29 64 3 16 37 24 17 12 5 30 76 17 4 39 68 21 9 ]
[ 7 30 28 3 31 45 39 55 26 11 46 8 7 7 5 28 88 93 54 40 19 57 19 23 20 60 36 23 51 38 38 58 69 18 14 52 15 5 7 42 16 5 50 75 12 56 56 53 1 10 ]
[ 4 39 22 18 13 9 17 56 53 34 31 22 12 18 68 0 78 46 75 48 8 32 5 15 90 41 23 9 83 14 29 39 5 52 58 70 13 27 26 19 14 10 41 26 28 62 78 58 8 5 ]
[ 67 18 92 11 55 67 18 8 4 66 47 29 12 7 19 10 20 26 7 25 45 39 4 43 46 78 11 41 70 6 15 37 25 60 49 32 27 19 40 31 37 40 12 2 47 31 12 67 58 19 ]
[ 1 29 91 33 3 4 94 2 58 71 12 16 12 21 39 1 16 57 25 75 33 3 36 15 33 43 75 43 50 19 9 51 1 1 36 4 57 30 58 15 1 22 31 13 44 22 66 12 79 91 ]
[ 16 18 46 23 20 6 34 87 27 26 86 49 54 10 73 8 67 8 29 95 19 5 14 0 12 25 25 62 8 16 18 77 34 16 0 54 22 34 41 1 60 79 2 14 42 75 74 9 36 4 ]
[ 72 55 80 43 14 41 32 5 25 3 49 39 32 77 95 27 7 0 2 84 62 16 52 3 57 4 24 34 48 8 21 20 64 1 16 30 94 0 36 20 4 37 59 36 15 6 15 74 7 17 ]
[ 23 73 30 78 15 46 16 47 51 26 20 31 41 58 18 12 73 4 61 60 42 9 26 7 74 63 59 10 56 13 73 31 86 56 9 1 2 25 0 5 3 21 36 96 31 7 9 4 11 22 ]
[ 26 61 0 43 24 44 18 0 77 1 5 32 73 96 13 19 7 55 40 2 42 79 95 17 20 58 8 69 8 18 0 34 31 0 30 55 44 0 8 21 1 13 6 74 61 71 93 21 26 33 ]
[ 30 47 1 33 26 99 46 5 38 43 6 44 3 27 22 58 15 37 19 82 29 55 91 62 73 40 77 45 0 32 61 30 31 63 15 10 14 61 15 4 4 21 48 8 0 23 18 16 12 37 ]
[ 72 63 22 31 7 18 49 37 24 12 44 87 23 77 32 4 25 2 6 76 12 59 16 19 58 59 33 84 56 90 19 28 5 41 11 13 11 13 2 35 25 47 22 0 76 54 5 2 8 63 ]
[ 10 4 5 20 10 68 16 3 89 12 41 66 47 22 20 26 24 2 73 2 4 1 43 59 45 6 29 82 22 60 28 85 16 34 5 27 2 21 30 43 85 23 9 84 45 81 10 21 84 35 ]

