Timer (generate): 38ms real	20ms user	0ms sys
[ 8 73 97 43 62 31 52 9 13 78 45 45 86 3 81 55 80 53 42 48 60 20 7 52 48 54 45 30 39 69 29 47 42 78 42 56 10 94 65 23 25 62 68 11 65 1 18 45 54 60 ]
[ 45 14 33 53 67 81 59 64 11 98 33 93 97 28 71 39 84 81 86 2 56 11 64 76 74 30 77 92 27 31 4 25 98 37 78 17 70 37 81 34 88 66 27 85 94 98 77 79 32 15 ]
[ 33 40 26 97 17 52 79 94 96 59 26 0 84 76 38 62 93 8 51 26 94 39 92 21 77 87 72 54 18 56 21 51 96 47 0 13 51 80 8 47 91 86 47 75 14 37 89 7 98 92 ]
[ 33 92 84 25 66 61 64 38 67 34 46 88 85 42 87 38 56 38 18 16 37 61 54 36 36 68 26 77 27 76 69 60 68 53 37 86 66 54 76 33 88 22 73 26 65 60 64 73 50 34 ]
[ 41 39 95 47 76 83 15 2 60 42 78 81 54 98 87 43 37 53 97 13 39 38 36 64 64 53 77 28 78 27 62 71 19 9 18 95 92 85 49 4 27 79 37 33 77 24 76 14 30 26 ]
[ 80 69 64 68 85 28 21 62 56 51 42 70 22 61 79 92 56 23 77 57 27 56 36 64 89 65 41 17 32 71 43 12 92 7 80 77 35 53 92 43 4 34 65 78 95 96 22 3 19 99 ]
[ 60 98 7 48 15 48 13 8 65 45 79 9 9 23 16 89 52 4 94 44 99 50 78 65 28 25 13 2 28 33 53 40 83 60 40 50 8 54 58 74 51 89 35 61 64 3 2 17 7 97 ]
[ 13 59 47 44 76 28 69 89 30 50 22 84 42 58 96 83 60 5 37 19 31 40 60 66 53 25 69 8 94 29 57 7 40 56 51 16 36 73 5 67 23 80 3 17 38 51 0 98 8 89 ]
[ 69 39 30 82 57 35 59 79 43 53 8 52 12 48 9 16 64 45 89 21 64 64 1 19 81 39 71 82 90 79 23 11 71 53 93 28 41 52 7 36 57 67 89 70 67 98 86 83 95 27 ]
[ 5 60 91 6 79 24 46 2 6 88 34 30 99 5 35 45 33 28 97 93 65 55 12 54 77 80 4 63 63 99 90 68 11 33 27 43 57 25 45 16 13 79 98 64 36 85 9 22 14 59 ]
[ 15 79 14 27 85 43 59 89 6 23 40 48 43 4 33 22 47 90 47 92 58 12 24 56 77 12 42 38 34 8 97 1 87 63 81 24 6 40 65 64 15 5 64 11 9 97 33 8 40 33 ]
[ 53 98 45 29 7 22 41 49 13 76 57 10 77 96 74 58 20 32 51 37 97 66 42 61 29 4 59 63 64 99 96 17 49 93 46 56 68 88 57 81 64 66 91 93 62 17 4 34 50 7 ]
[ 71 47 73 66 8 55 22 19 18 86 70 66 4 20 11 50 76 79 90 34 60 6 0 52 0 15 69 56 49 71 63 73 18 88 91 79 43 13 98 13 99 69 31 55 89 43 58 17 22 48 ]
[ 51 83 7 52 87 59 19 8 15 68 80 30 93 98 18 84 29 14 97 28 27 49 49 11 56 90 54 14 7 76 15 59 11 22 63 98 81 82 59 48 2 39 78 96 89 48 80 19 14 30 ]
[ 99 94 31 0 5 87 90 59 54 97 87 21 8 99 95 71 49 28 5 8 76 8 99 6 56 41 6 88 12 21 18 63 15 49 63 20 89 53 31 43 2 18 64 11 17 11 34 19 39 40 ]
[ 79 67 0 31 73 8 72 31 96 36 4 67 99 71 68 14 91 57 67 74 52 21 93 16 32 62 79 67 81 18 59 61 85 11 92 10 71 16 94 67 52 98 86 3 70 55 17 13 12 36 ]
[ 88 65 57 81 33 90 95 13 9 77 83 20 90 69 83 34 31 54 50 25 73 54 24 60 9 94 15 26 59 79 62 47 96 71 80 30 13 76 95 74 5 78 94 47 99 29 81 31 35 83 ]
[ 56 9 37 80 21 46 26 88 24 38 67 86 85 64 9 18 46 23 46 41 97 3 71 44 50 71 73 31 2 9 14 58 70 3 91 43 1 69 31 25 7 98 63 45 14 72 15 60 95 61 ]
[ 53 93 64 25 37 14 48 62 97 50 23 63 60 93 66 3 36 67 25 19 92 32 18 7 29 84 79 44 97 75 57 50 20 21 27 9 87 75 71 36 77 95 99 38 40 65 93 29 84 18 ]
[ 48 76 51 18 35 32 3 15 77 52 42 34 2 62 8 82 23 47 57 46 84 35 93 35 25 34 53 18 15 37 37 15 66 40 86 1 72 89 16 49 93 10 36 95 72 44 77 47 43 87 ]

Running merge sort algorithm: 
Timer (sort): 13ms real	20ms user	10ms sys
The output is sorted!
[ 14 33 3 29 28 45 16 22 0 31 13 49 41 54 12 10 35 12 13 10 22 84 1 76 72 85 62 15 46 26 7 12 11 62 41 40 7 10 14 7 93 27 9 34 33 21 44 68 33 10 ]
[ 24 15 4 36 15 65 91 32 12 50 64 26 30 25 44 18 30 19 14 50 36 65 86 63 45 70 3 1 1 73 1 25 88 6 13 55 23 4 88 35 55 4 14 37 30 58 7 12 30 22 ]
[ 11 53 8 19 20 26 19 85 16 8 50 41 67 27 74 19 3 29 76 95 25 75 55 1 0 46 18 27 43 61 49 6 14 57 25 34 36 44 71 4 5 21 45 72 0 19 91 4 0 20 ]
[ 24 4 57 16 61 50 55 13 31 34 9 84 33 27 82 23 12 45 13 17 29 82 27 61 94 19 8 50 60 17 6 84 21 15 0 34 18 8 48 49 42 9 85 27 36 67 2 0 12 16 ]
[ 55 2 70 4 11 5 9 36 23 78 13 19 4 26 38 30 13 82 40 69 14 24 38 95 71 0 31 13 28 23 0 35 25 23 40 36 28 1 24 51 79 37 22 36 16 61 66 29 95 58 ]
[ 27 7 74 76 31 10 15 4 5 1 36 53 73 11 37 50 29 9 14 0 6 30 53 5 24 29 40 90 62 13 33 41 72 7 17 56 69 32 60 26 85 48 80 10 11 17 60 40 26 26 ]
[ 5 15 33 37 45 45 35 28 81 19 25 44 55 8 7 4 64 46 59 91 51 74 31 72 48 23 27 19 7 34 93 12 1 26 2 98 23 37 27 4 8 4 0 63 13 8 67 29 6 78 ]
[ 72 15 28 39 25 18 48 74 49 1 23 46 23 2 3 30 95 55 66 16 13 46 40 6 98 4 16 46 85 17 5 10 32 33 1 58 4 50 84 53 3 8 51 26 62 6 56 9 61 23 ]
[ 11 11 88 6 48 28 4 86 82 28 6 58 34 34 3 17 74 37 5 14 85 0 5 23 92 53 12 18 49 1 60 60 64 1 18 13 29 22 51 11 2 10 22 88 44 77 5 70 14 63 ]
[ 19 65 20 2 22 55 23 16 94 60 16 45 99 62 3 47 21 4 86 53 25 34 14 18 48 31 48 30 54 4 29 25 21 2 79 43 9 55 12 3 15 28 49 66 42 4 13 64 8 52 ]
[ 0 99 1 5 98 12 40 60 69 26 10 3 13 3 8 17 15 9 65 34 32 40 67 20 24 36 32 93 7 30 36 7 81 37 64 79 1 5 40 71 31 2 26 96 5 34 13 20 95 31 ]
[ 52 50 47 19 2 54 86 7 81 64 21 14 3 45 16 7 11 29 55 63 21 38 35 21 74 85 23 58 22 7 14 74 57 13 45 11 67 83 18 1 47 40 15 3 37 31 10 48 12 17 ]
[ 15 66 9 34 44 4 21 23 0 87 39 29 21 35 9 3 19 19 43 33 0 24 77 37 46 87 67 42 41 0 19 56 18 29 42 15 33 63 38 33 2 77 14 23 65 75 78 36 46 22 ]
[ 48 55 14 18 64 94 77 6 17 22 49 21 7 29 40 14 51 42 16 80 63 78 45 1 0 41 66 14 21 92 32 21 0 46 39 64 41 17 22 58 39 24 31 46 5 24 12 8 18 29 ]
[ 9 72 51 15 16 8 16 80 56 16 63 17 40 41 9 26 88 33 3 15 40 54 71 67 48 10 69 15 29 35 3 38 8 6 53 76 67 21 56 23 38 20 41 30 13 2 56 53 35 11 ]
[ 22 11 44 50 21 10 56 20 18 69 0 13 10 6 20 57 58 27 55 12 3 34 19 7 55 0 23 9 71 96 82 46 59 26 48 80 37 5 1 7 26 53 20 37 59 92 46 70 20 53 ]
[ 18 27 36 26 21 54 41 11 16 85 56 73 10 3 48 39 83 36 59 27 17 30 52 23 11 40 64 8 32 2 17 51 29 5 29 3 60 22 14 28 59 70 53 70 25 1 61 60 37 21 ]
[ 38 91 14 0 43 45 35 10 28 39 92 43 47 36 4 39 51 7 8 17 49 16 14 32 24 35 19 18 53 59 31 43 2 45 95 45 90 30 55 18 21 0 14 21 36 18 60 39 77 20 ]
[ 69 57 34 86 32 68 12 31 34 45 16 42 30 11 16 76 62 9 35 30 17 7 77 29 96 41 2 19 49 11 13 70 21 47 8 5 15 73 36 1 18 5 43 0 68 11 76 30 21 63 ]
[ 22 25 60 6 54 23 3 40 38 26 28 15 55 53 18 10 69 43 74 16 37 31 37 24 0 5 18 43 32 47 13 54 24 25 13 79 1 68 19 91 46 99 6 2 4 76 64 73 19 39 ]

Timer (generate): 45ms real	30ms user	0ms sys
[ 25 72 45 93 48 76 53 8 88 40 17 23 88 20 47 31 56 98 72 61 12 60 34 89 80 13 10 70 97 75 50 22 48 47 67 48 23 20 56 11 12 25 86 0 46 85 83 54 83 55 ]
[ 67 96 16 2 37 48 15 99 18 12 74 20 86 74 67 53 23 91 25 31 54 90 57 93 90 55 78 26 9 62 81 76 10 49 78 99 97 46 98 16 10 24 36 97 99 4 2 22 47 80 ]
[ 53 53 70 10 46 12 65 25 38 26 39 20 55 1 21 85 0 19 83 50 87 94 74 75 43 25 79 97 99 78 77 53 32 99 15 30 12 33 55 50 11 46 22 66 47 44 52 47 15 87 ]
[ 49 54 81 76 29 76 1 9 74 1 39 3 6 23 3 21 54 15 6 9 17 18 56 40 36 55 36 40 55 3 28 4 57 9 80 86 38 82 47 64 35 87 67 41 62 22 14 16 89 21 ]
[ 78 7 91 86 99 27 41 35 68 96 90 48 53 47 57 33 33 47 67 33 11 2 72 79 95 34 53 10 51 43 83 81 50 74 67 49 53 60 36 73 57 78 21 10 25 31 95 10 78 63 ]
[ 95 42 17 67 73 13 2 26 75 5 69 58 86 71 84 5 72 89 65 60 63 22 38 36 84 15 67 80 78 98 95 73 92 12 41 65 77 95 91 52 52 13 10 38 36 46 95 9 36 60 ]
[ 21 51 35 60 87 19 27 7 51 5 57 46 31 49 11 72 66 88 19 9 41 71 22 3 61 59 2 56 20 38 68 41 41 3 53 28 75 81 87 78 38 44 77 69 45 88 93 11 76 64 ]
[ 21 69 35 95 25 48 6 27 56 26 17 25 20 58 80 25 38 55 58 26 34 97 22 11 18 68 51 64 31 27 28 52 49 16 48 74 64 6 53 21 33 70 98 5 28 78 30 66 34 89 ]
[ 44 20 38 67 83 8 87 34 72 18 13 1 23 14 17 23 88 33 29 93 54 62 63 52 19 43 31 2 62 17 91 6 89 81 25 72 89 12 58 62 83 23 15 6 38 32 29 78 65 58 ]
[ 72 72 73 87 76 92 31 59 46 93 76 37 99 17 70 77 41 12 89 99 74 72 23 89 78 13 73 59 91 90 18 15 14 43 3 91 35 34 50 82 79 79 71 30 48 94 7 90 6 97 ]
[ 89 32 21 64 73 52 77 46 11 21 88 81 88 3 24 91 46 12 77 96 46 56 27 17 87 76 63 46 66 69 95 7 53 17 24 26 21 53 72 84 74 13 66 63 16 90 6 62 2 84 ]
[ 10 48 92 90 18 31 18 81 78 36 3 25 43 56 94 19 35 15 73 59 0 47 72 66 62 88 8 21 2 11 57 65 11 49 55 29 33 73 63 63 61 18 88 56 74 83 76 9 98 49 ]
[ 69 50 48 93 68 63 82 77 84 36 88 41 1 99 42 8 81 75 33 44 90 94 62 79 51 88 14 79 50 64 28 71 15 28 64 83 91 98 60 75 35 0 68 88 0 11 97 33 38 30 ]
[ 77 81 77 39 60 80 79 74 59 29 90 39 0 5 67 65 41 59 15 1 86 50 54 55 91 6 18 88 39 8 70 16 89 99 7 49 79 38 75 38 68 66 29 20 23 97 37 64 8 53 ]
[ 18 94 55 24 1 46 30 71 86 69 80 9 37 69 8 96 71 88 34 98 78 2 16 8 23 92 57 60 56 17 65 26 63 21 2 65 67 32 36 6 53 68 15 90 38 23 86 61 63 21 ]
[ 59 42 75 76 2 50 68 11 63 76 28 28 55 91 49 57 8 69 42 97 75 95 65 42 86 3 65 24 64 29 97 76 23 73 4 77 23 24 40 38 52 68 67 59 11 68 17 72 89 11 ]
[ 69 16 6 34 58 92 90 76 69 6 57 66 34 32 39 38 61 15 62 1 53 15 21 72 74 84 93 43 56 34 54 25 3 13 12 13 57 54 89 26 12 98 93 47 30 84 85 91 99 0 ]
[ 44 5 67 65 29 93 50 74 37 6 9 43 84 12 56 48 77 66 54 67 92 66 17 85 13 0 70 99 43 21 99 88 26 66 53 8 59 55 82 48 14 43 44 98 55 52 98 33 18 52 ]
[ 52 11 18 21 48 32 21 70 83 65 92 34 53 70 52 58 78 11 14 61 12 28 4 8 78 12 12 28 97 31 32 1 94 50 22 94 34 96 65 69 61 57 3 66 79 55 76 58 19 42 ]
[ 71 83 22 27 91 52 91 3 80 40 86 12 93 32 15 68 27 1 64 92 71 77 1 74 95 80 82 71 90 1 66 13 84 88 93 27 41 84 82 21 77 69 86 70 1 1 38 80 2 54 ]

Running merge sort algorithm: 
Timer (sort): 14ms real	20ms user	0ms sys
The output is sorted!
[ 4 7 44 24 21 53 5 47 3 5 11 49 84 56 3 7 41 3 6 4 73 2 62 47 10 13 86 36 82 18 57 38 25 2 62 46 7 20 93 62 25 56 11 9 12 66 16 54 22 74 ]
[ 50 91 46 2 1 8 30 72 13 48 1 13 12 40 0 12 46 57 30 6 30 65 92 41 21 39 33 19 25 49 18 27 92 16 30 93 24 12 17 37 12 18 50 24 10 3 88 8 60 71 ]
[ 30 13 37 18 5 21 47 99 38 3 31 43 90 57 43 77 3 38 24 67 42 1 22 68 7 15 12 72 51 52 64 33 18 1 4 23 75 3 23 65 6 6 8 48 63 3 25 18 41 49 ]
[ 14 39 0 18 63 36 57 16 21 9 10 24 57 14 92 31 77 13 85 22 8 78 53 23 64 19 0 32 22 38 14 88 29 14 59 92 2 16 8 24 77 70 48 34 36 40 18 14 6 3 ]
[ 5 43 93 11 2 16 62 63 39 33 43 43 17 22 15 28 24 81 20 61 8 85 18 48 40 66 37 87 51 5 64 8 0 10 19 2 78 34 17 17 19 12 61 36 34 28 16 11 9 88 ]
[ 38 22 16 7 7 18 22 38 40 89 7 8 72 5 80 35 19 81 8 55 8 18 16 24 11 29 6 34 23 74 41 14 96 9 21 3 28 95 94 68 36 1 28 9 58 8 96 78 41 5 ]
[ 50 28 58 10 65 45 52 33 24 1 92 14 10 12 43 39 18 11 39 5 15 9 9 74 20 85 23 4 94 19 93 96 0 3 6 17 48 10 3 24 11 95 38 73 8 81 13 26 92 4 ]
[ 28 0 74 20 26 8 52 80 8 1 55 11 69 6 19 38 76 34 35 4 27 20 20 20 33 80 50 26 55 54 10 83 6 36 55 32 44 7 65 4 8 20 15 29 78 34 20 54 69 55 ]
[ 19 54 3 92 38 34 14 12 43 28 2 9 88 1 36 9 61 16 3 26 66 5 49 27 4 40 35 55 55 18 91 26 25 94 18 15 81 33 27 24 13 30 85 1 83 21 10 44 89 13 ]
[ 31 66 12 68 7 43 27 37 50 9 1 75 6 21 44 11 35 11 41 32 25 93 1 47 92 23 1 2 31 96 25 15 15 89 83 22 85 63 12 35 72 13 10 31 34 6 42 21 18 36 ]
[ 10 85 27 68 33 50 27 34 75 72 4 23 22 46 4 41 34 53 62 12 12 13 56 98 16 5 2 85 78 51 29 88 88 8 9 21 58 36 7 33 9 11 8 31 9 12 24 44 17 39 ]
[ 6 82 17 23 5 12 31 39 5 35 4 3 1 36 19 80 32 11 15 20 51 80 68 60 7 80 21 43 33 75 16 39 9 33 62 67 45 45 6 2 32 10 5 34 46 77 14 78 88 81 ]
[ 13 31 7 15 97 31 93 31 26 1 5 41 51 44 35 0 8 5 25 63 33 96 52 67 7 30 32 14 29 41 58 42 24 66 10 21 49 55 4 75 56 9 16 60 5 4 60 14 61 85 ]
[ 48 13 53 31 64 36 3 56 95 25 10 0 23 31 68 25 8 15 1 23 32 14 23 4 25 84 46 85 90 34 0 38 0 5 69 16 41 24 73 37 2 35 89 25 66 58 3 74 73 4 ]
[ 31 34 22 78 24 55 60 24 19 33 76 4 16 28 43 28 24 17 63 35 28 36 8 4 1 47 79 79 4 91 57 36 77 80 66 2 35 26 26 6 11 3 62 27 83 5 7 8 22 70 ]
[ 29 28 36 38 40 11 30 13 5 3 43 97 77 59 60 41 43 40 1 2 7 59 57 0 8 11 42 0 79 19 97 9 0 85 99 40 49 81 5 6 36 0 56 14 59 16 55 55 9 56 ]
[ 73 1 55 47 77 78 50 63 86 0 13 27 14 49 34 3 49 68 75 66 29 19 4 2 1 46 31 30 87 0 29 12 1 36 12 30 15 62 93 53 14 7 80 28 8 14 31 10 35 58 ]
[ 67 95 22 9 71 86 39 10 25 91 6 69 11 0 35 25 27 13 12 79 18 4 50 21 9 34 5 3 16 61 31 35 8 5 96 32 92 87 42 17 78 0 39 41 0 26 18 79 39 30 ]
[ 24 42 6 97 1 6 20 71 42 34 13 40 25 58 3 33 1 56 41 7 74 6 5 27 34 50 43 2 53 83 7 77 25 13 27 78 19 47 49 14 81 14 6 58 73 10 91 26 66 32 ]
[ 31 81 47 15 62 20 56 82 8 23 1 39 29 18 44 37 95 72 95 61 27 31 26 1 33 39 18 11 28 18 55 11 51 2 26 14 22 35 48 82 10 2 22 39 20 18 77 16 91 24 ]

Timer (generate): 39ms real	20ms user	0ms sys
[ 82 21 68 72 97 1 71 20 59 3 13 39 27 10 17 68 3 1 23 21 87 1 14 55 79 60 92 38 57 43 70 40 16 90 64 13 43 35 85 2 90 98 94 17 60 11 38 15 64 61 ]
[ 36 4 62 50 11 41 11 3 79 20 98 1 12 14 44 76 79 87 12 64 42 2 15 36 72 75 99 10 91 64 23 79 20 85 30 31 78 93 86 10 13 85 63 26 51 7 54 31 47 18 ]
[ 47 89 73 62 25 45 90 24 7 33 40 30 12 12 67 94 43 97 87 82 7 53 67 71 31 18 78 85 1 77 56 49 66 29 63 91 74 53 68 33 38 60 63 51 73 82 97 68 79 37 ]
[ 2 87 42 69 10 73 40 40 10 41 18 66 42 84 95 6 28 21 59 48 54 50 60 69 1 85 3 98 54 83 87 56 22 29 78 32 54 70 72 65 63 90 83 6 27 31 12 7 4 23 ]
[ 55 59 73 15 80 26 1 84 77 7 19 64 15 41 46 45 73 0 15 97 65 31 40 1 37 19 32 1 26 36 76 81 47 2 48 80 80 1 16 9 60 35 26 28 76 72 73 1 72 41 ]
[ 50 90 72 90 43 61 9 75 14 87 63 42 20 63 96 69 95 77 22 11 86 83 98 64 11 74 36 36 27 61 29 77 51 53 20 94 14 81 21 80 69 36 23 89 51 19 10 46 48 85 ]
[ 9 87 68 7 51 31 33 88 19 12 49 49 42 52 2 62 46 69 95 19 49 16 55 24 58 7 44 68 5 44 5 67 31 73 74 83 56 60 23 28 72 72 77 14 76 31 28 22 0 24 ]
[ 93 2 92 48 26 50 7 70 71 65 15 76 32 98 2 6 81 10 18 4 38 91 28 67 5 4 99 86 78 99 62 71 1 54 72 28 57 79 50 28 96 17 56 28 16 58 87 49 69 5 ]
[ 6 59 96 34 27 54 39 26 40 69 77 54 41 79 8 13 59 65 44 61 45 41 31 2 21 99 60 60 48 81 66 54 41 14 41 68 20 32 46 12 1 23 66 42 54 27 7 65 92 52 ]
[ 27 38 45 10 40 18 9 52 79 9 34 97 16 27 63 57 95 84 89 41 48 90 16 15 85 71 42 92 36 86 96 15 76 93 25 16 12 86 69 91 96 55 40 12 82 3 69 29 39 10 ]
[ 70 88 52 86 55 37 9 49 82 46 35 30 61 12 24 39 80 88 25 1 31 21 56 71 85 38 74 6 67 14 16 89 54 21 28 9 10 89 58 92 35 45 75 49 9 99 40 90 39 65 ]
[ 91 70 39 0 41 76 90 67 83 10 81 51 99 87 72 79 96 35 69 6 27 56 52 2 57 61 53 97 3 92 63 47 62 54 47 55 30 37 23 13 47 56 17 99 44 41 30 40 76 99 ]
[ 99 56 8 51 10 65 64 64 63 68 8 26 15 23 32 62 78 62 51 53 28 99 10 45 50 54 38 80 46 15 32 45 71 40 48 81 5 13 97 20 33 58 98 0 81 30 14 11 93 65 ]
[ 65 21 16 27 18 66 33 56 47 79 23 31 77 94 71 77 28 28 90 25 49 75 83 99 75 16 30 89 28 75 55 45 48 23 72 66 90 57 74 89 88 98 20 65 44 43 43 72 71 85 ]
[ 50 72 61 33 72 88 2 54 78 30 29 85 27 77 8 51 95 98 8 21 39 96 71 59 14 16 54 9 88 26 94 90 50 7 24 74 96 78 28 74 60 9 11 87 38 19 38 33 70 46 ]
[ 7 9 94 78 21 8 94 75 17 35 53 64 25 4 71 1 30 19 79 59 45 39 68 56 78 59 76 16 92 98 14 51 7 61 30 80 69 76 56 39 63 61 55 41 65 26 94 96 98 26 ]
[ 7 43 17 27 0 96 86 28 64 31 78 31 82 85 92 64 18 13 93 74 4 56 87 59 49 53 86 44 1 36 70 60 79 87 39 31 35 26 11 0 9 89 31 91 27 75 8 45 88 1 ]
[ 71 93 9 58 52 11 63 90 55 16 26 77 76 58 16 16 89 52 94 1 52 3 90 35 46 17 10 54 62 98 7 85 43 69 44 48 80 7 38 87 24 17 16 52 75 32 68 16 84 14 ]
[ 17 88 17 60 23 16 29 33 22 44 84 30 29 27 51 73 27 83 33 18 22 57 35 38 61 62 70 82 30 55 96 48 43 66 60 19 82 89 52 4 85 88 86 15 68 89 40 95 72 73 ]
[ 13 94 82 0 32 44 62 55 26 93 62 74 93 57 40 5 76 22 46 81 79 32 69 65 47 37 55 87 33 79 13 46 74 95 99 58 91 61 65 69 6 27 44 51 85 36 56 61 59 3 ]

Running merge sort algorithm: 
Timer (sort): 13ms real	10ms user	0ms sys
The output is sorted!
[ 61 5 9 0 31 67 19 87 76 46 53 24 31 1 2 21 44 24 13 3 21 40 15 66 4 71 66 25 39 29 3 0 34 12 52 66 31 23 5 8 69 59 32 1 12 34 22 56 10 87 ]
[ 45 3 47 11 48 6 10 18 26 45 32 2 1 51 52 39 23 0 68 25 4 58 18 86 7 3 70 1 58 29 72 56 32 19 67 32 78 29 50 4 27 83 6 28 34 11 67 9 11 35 ]
[ 23 30 13 12 13 18 38 75 66 9 0 8 53 75 99 37 34 18 36 47 64 30 23 82 57 22 74 35 31 18 10 6 0 23 70 14 41 9 41 59 18 41 68 23 68 19 12 2 37 0 ]
[ 35 12 30 5 74 43 26 5 99 1 39 57 16 11 61 36 26 11 26 68 5 99 12 30 1 9 5 4 41 15 9 28 27 40 33 53 35 11 59 87 13 50 44 81 61 5 17 40 69 43 ]
[ 44 43 38 4 33 45 20 81 14 11 28 77 58 41 23 42 64 31 22 77 21 5 41 3 31 72 28 0 18 30 18 14 25 8 19 59 53 39 92 20 3 20 97 13 61 20 7 77 3 29 ]
[ 25 58 11 28 15 0 10 34 39 91 38 12 47 16 2 63 45 62 93 37 66 39 12 48 43 75 79 26 45 2 36 70 12 47 50 80 0 13 14 39 4 4 3 4 21 57 67 18 19 13 ]
[ 2 47 43 40 16 3 12 21 45 36 14 99 27 39 42 66 63 24 79 0 76 33 97 43 5 17 36 25 2 2 7 4 1 50 96 17 5 8 90 51 96 4 2 23 44 45 42 7 21 73 ]
[ 8 57 31 37 25 2 37 31 63 68 68 97 4 28 22 39 13 25 14 39 15 22 30 5 27 15 68 96 6 0 13 66 57 97 55 35 99 44 18 62 12 39 12 17 19 34 8 32 11 22 ]
[ 33 47 75 19 57 22 21 42 46 58 14 30 19 2 46 0 39 3 13 23 88 26 37 1 30 11 65 39 25 7 91 10 6 18 29 15 41 2 9 39 12 76 69 31 78 15 83 17 70 97 ]
[ 10 51 30 17 40 61 16 33 65 96 4 92 47 1 0 56 53 25 81 8 23 49 46 41 48 35 44 18 14 84 12 24 36 42 41 28 3 9 61 68 5 17 12 5 18 12 13 23 38 94 ]
[ 20 5 1 4 57 9 14 92 20 32 40 7 21 22 74 9 4 13 87 9 16 8 18 66 73 21 61 51 65 52 3 86 9 4 42 66 65 8 11 37 41 3 96 62 25 70 23 29 36 63 ]
[ 25 92 28 81 60 16 9 11 93 19 19 62 71 8 50 13 98 65 25 31 4 25 3 0 4 9 65 83 41 13 35 67 58 16 48 18 32 9 81 25 28 0 39 51 9 41 17 7 6 42 ]
[ 23 43 15 66 31 8 14 46 23 62 21 11 38 81 75 5 88 41 3 6 77 2 58 36 19 42 13 58 32 22 20 8 17 35 26 0 95 40 46 19 54 19 82 44 0 57 2 88 50 5 ]
[ 14 0 36 17 36 96 4 1 2 25 2 88 12 56 26 20 0 16 5 94 74 1 5 19 87 24 58 11 18 16 20 85 16 8 54 4 5 58 6 59 35 60 99 48 68 25 68 68 93 25 ]
[ 34 49 73 69 3 57 57 92 21 17 65 7 7 74 92 12 69 4 22 6 17 24 17 19 39 11 9 77 72 0 17 59 1 42 80 4 51 37 48 72 6 13 31 13 39 75 26 9 31 0 ]
[ 7 18 83 7 1 8 11 48 30 20 52 74 63 9 48 51 29 65 58 33 56 57 25 8 67 60 45 52 56 37 50 16 7 33 23 8 93 35 9 75 7 13 50 22 23 50 26 4 15 36 ]
[ 30 17 34 76 39 24 29 98 18 45 14 50 65 6 1 9 28 70 0 3 38 89 36 38 14 49 8 2 43 1 38 25 71 72 2 10 49 83 8 19 28 74 69 45 80 70 6 8 41 6 ]
[ 25 18 21 42 84 33 0 33 9 30 23 2 62 37 13 53 0 26 8 21 17 2 34 17 57 62 3 19 72 10 39 49 28 61 91 64 46 43 98 55 74 73 10 88 10 23 41 63 1 1 ]
[ 16 0 31 3 38 79 7 45 23 35 93 5 46 87 77 49 72 83 12 43 12 51 33 0 20 87 24 10 5 25 74 73 25 6 28 15 37 88 12 12 23 6 18 21 45 95 22 18 30 34 ]
[ 70 57 16 43 95 97 84 15 16 96 29 17 11 1 41 24 12 5 25 1 20 29 32 38 48 52 2 32 42 56 23 65 13 39 60 9 36 44 24 4 92 5 73 55 7 14 31 19 19 56 ]

Timer (generate): 39ms real	30ms user	0ms sys
[ 31 2 25 33 97 91 63 87 22 25 91 77 99 43 44 31 69 60 91 64 47 32 7 86 51 27 78 99 56 64 12 39 66 38 73 15 29 88 54 3 14 45 80 65 89 77 48 58 37 92 ]
[ 74 36 24 82 74 27 9 52 79 18 16 91 57 34 29 82 2 10 71 56 66 37 2 98 54 43 75 3 53 64 95 28 52 71 10 26 51 71 79 30 41 47 21 51 34 51 85 36 13 56 ]
[ 44 79 45 98 30 52 41 5 55 95 22 2 75 74 25 37 53 76 60 32 58 2 31 80 53 17 83 38 5 96 47 50 28 44 0 58 96 42 15 3 89 89 57 64 16 35 1 69 63 61 ]
[ 53 22 15 84 2 20 2 37 59 7 33 58 9 13 54 10 23 3 4 91 6 45 80 16 9 48 51 62 17 66 75 70 88 91 7 42 11 61 31 22 20 65 32 30 30 87 92 54 90 96 ]
[ 97 48 41 29 16 2 78 67 16 95 86 91 18 26 34 77 21 46 38 52 20 58 69 5 40 0 92 32 6 34 80 3 34 73 32 51 75 62 70 43 10 56 35 28 35 69 5 56 67 95 ]
[ 8 40 5 78 45 46 30 89 30 36 75 63 91 9 36 75 12 64 90 83 7 0 91 94 28 26 64 85 82 83 80 43 23 37 21 20 83 3 9 66 91 84 29 82 94 17 9 58 81 99 ]
[ 41 41 99 85 35 79 11 51 16 46 87 48 89 10 86 62 31 21 65 92 87 56 77 68 90 23 86 51 81 19 3 75 60 54 60 48 34 71 99 2 17 86 51 58 49 37 20 32 10 37 ]
[ 24 98 93 53 18 35 76 4 87 10 76 90 85 88 44 45 36 30 68 88 33 86 26 84 96 75 73 17 59 83 6 36 33 0 89 4 35 18 60 74 80 36 64 65 25 61 62 61 91 30 ]
[ 49 24 68 28 60 65 55 33 34 15 69 40 3 2 92 44 6 80 62 67 54 94 55 71 59 80 32 73 94 23 4 95 48 72 23 8 89 79 94 75 46 63 68 49 17 60 93 76 92 8 ]
[ 43 47 2 50 70 14 31 2 87 25 77 91 72 25 16 96 86 57 27 32 33 73 95 1 22 64 13 67 40 6 75 35 5 78 86 75 44 17 29 31 94 6 75 66 84 43 14 22 0 41 ]
[ 54 85 66 1 38 40 65 52 8 6 10 83 41 67 13 27 94 57 96 23 41 42 29 68 61 13 11 27 35 63 21 41 49 87 42 39 28 8 43 36 66 5 71 59 72 37 39 66 46 35 ]
[ 89 87 30 71 55 91 84 18 70 72 82 91 65 83 79 8 22 59 68 18 95 34 23 18 93 96 55 32 14 2 20 4 41 2 75 49 45 11 67 15 35 49 7 1 84 38 61 59 97 29 ]
[ 77 44 63 52 62 8 48 70 93 63 24 65 19 65 67 46 14 12 9 82 27 45 83 86 98 68 24 59 79 21 40 8 65 55 60 80 63 61 50 8 76 74 73 95 39 92 93 6 4 2 ]
[ 88 84 99 23 70 49 91 95 60 22 68 0 30 34 55 91 14 71 4 16 31 80 90 5 27 81 97 20 87 54 22 27 38 74 51 60 23 94 7 84 17 76 84 99 62 92 42 28 15 46 ]
[ 44 46 26 86 3 5 67 53 25 7 59 0 34 49 74 37 9 97 32 17 33 1 45 70 0 7 14 43 35 29 41 79 27 20 65 83 25 84 88 3 43 47 3 30 96 77 67 57 26 99 ]
[ 74 60 52 19 30 53 78 44 48 13 25 41 44 4 61 61 87 87 46 27 90 41 74 45 71 22 22 39 80 0 90 54 60 95 26 42 48 4 38 48 70 15 89 14 20 3 76 59 42 74 ]
[ 87 84 15 13 29 87 36 3 78 16 3 20 22 16 15 0 10 15 5 49 15 75 16 57 41 36 60 17 48 2 91 35 86 59 48 67 98 84 70 76 52 25 48 75 41 16 75 52 83 32 ]
[ 53 99 59 69 56 1 6 68 18 54 22 62 41 60 21 89 27 19 26 49 47 78 74 47 53 16 63 81 20 47 13 73 98 73 42 6 74 0 26 44 6 48 6 47 8 79 89 87 98 67 ]
[ 36 97 45 10 45 51 26 60 84 46 59 97 71 9 70 14 15 96 66 41 41 73 41 99 72 49 79 13 88 29 80 24 27 78 35 24 81 13 36 65 12 96 62 83 5 85 49 73 33 68 ]
[ 66 26 41 8 26 65 9 57 79 98 86 11 74 65 89 9 41 70 75 78 87 87 26 50 22 31 87 24 56 20 92 23 47 33 83 25 50 92 82 29 42 68 93 17 86 82 78 27 5 5 ]

Running merge sort algorithm: 
Timer (sort): 14ms real	10ms user	0ms sys
The output is sorted!
[ 84 26 28 34 66 22 59 1 32 37 10 14 98 5 74 12 66 64 88 73 19 8 26 12 10 79 7 10 32 93 18 16 20 99 3 38 21 14 39 5 3 2 19 2 7 46 14 26 10 2 ]
[ 83 81 59 6 5 10 33 6 92 20 10 5 34 10 48 70 9 43 4 79 22 0 19 9 23 1 7 17 12 91 93 48 25 52 6 30 15 39 36 7 59 47 64 45 9 12 67 18 7 71 ]
[ 21 40 87 69 69 12 21 44 9 5 88 38 24 7 52 2 6 40 61 84 31 31 69 17 0 15 14 25 3 4 48 24 45 36 45 66 48 19 62 9 24 50 47 0 58 0 2 16 40 63 ]
[ 47 23 2 9 8 29 68 9 13 39 3 42 40 85 12 30 2 42 89 57 63 46 17 24 41 22 8 44 84 63 16 31 38 70 40 46 0 9 56 13 0 11 8 40 97 20 70 51 14 11 ]
[ 75 10 50 5 9 17 83 3 1 23 37 60 5 22 22 3 48 43 59 56 37 28 53 3 56 0 22 65 24 55 0 99 17 50 4 26 19 39 30 20 14 67 32 71 41 6 26 89 2 85 ]
[ 0 45 61 34 69 87 39 30 40 7 4 87 63 29 13 58 16 42 38 52 2 61 31 26 39 25 5 32 1 59 23 1 4 36 35 25 23 27 7 15 34 64 2 49 93 68 7 62 10 45 ]
[ 91 70 13 15 33 86 20 5 82 55 95 18 25 96 74 13 12 54 1 25 7 10 30 0 23 52 78 31 29 47 29 72 17 42 87 2 28 7 7 62 14 2 32 39 51 6 5 15 12 6 ]
[ 21 58 3 31 11 80 61 7 61 61 4 13 91 13 1 2 39 16 94 34 72 9 18 69 19 52 3 37 43 74 47 16 33 50 48 96 30 9 3 43 22 59 9 13 24 10 16 16 78 10 ]
[ 25 3 11 12 0 10 73 4 9 56 6 64 7 39 3 59 15 52 53 43 90 71 13 91 57 60 29 34 20 46 10 46 1 21 58 1 83 83 5 92 39 11 8 98 2 11 9 18 16 63 ]
[ 5 46 3 1 36 27 37 11 48 31 14 1 20 70 10 80 13 78 33 44 3 10 20 82 29 61 94 32 62 75 19 68 21 75 21 10 2 10 21 3 41 87 4 14 9 66 94 23 44 27 ]
[ 4 15 10 15 2 90 24 59 64 0 40 41 62 63 27 38 57 0 36 1 7 78 73 69 46 31 2 22 12 78 43 16 45 6 32 48 48 8 59 13 60 51 6 74 14 33 12 72 34 0 ]
[ 71 52 11 4 24 62 0 1 88 39 31 30 29 16 4 27 3 62 43 96 12 46 46 39 37 48 50 71 5 33 14 28 37 25 33 14 39 33 15 27 72 46 10 53 15 14 81 18 29 76 ]
[ 27 5 39 38 29 69 80 98 54 28 61 81 14 12 53 1 78 91 23 15 16 25 13 33 57 45 22 8 10 63 8 37 21 48 27 2 17 7 0 24 87 61 57 1 25 10 54 3 54 30 ]
[ 46 9 8 7 25 83 14 17 46 72 22 3 86 12 4 63 25 26 18 83 74 68 23 5 25 75 96 15 3 39 65 1 1 73 9 26 9 75 43 55 47 17 10 85 29 14 0 7 92 18 ]
[ 1 22 34 34 13 53 22 38 9 48 44 48 24 33 4 24 50 25 29 13 90 44 72 42 71 29 16 59 65 30 94 18 4 29 53 18 34 27 8 43 75 52 44 0 37 0 76 40 26 5 ]
[ 17 9 1 64 10 70 19 94 6 74 30 21 69 34 20 86 19 37 32 26 7 82 37 5 10 16 19 63 35 13 47 5 74 0 21 84 23 40 30 29 67 60 3 36 46 23 74 65 12 6 ]
[ 29 75 2 17 63 26 42 11 38 34 85 26 56 62 86 67 60 56 71 95 1 23 49 39 6 10 2 5 32 12 69 13 39 23 30 3 1 73 14 40 7 51 18 15 13 56 34 25 12 57 ]
[ 37 21 7 51 29 68 20 55 1 98 73 26 50 60 9 6 5 21 25 36 15 48 54 60 40 30 2 88 0 30 46 37 51 53 40 33 22 12 40 75 10 66 1 12 26 62 18 31 35 44 ]
[ 55 33 23 86 46 25 30 0 31 82 43 32 32 20 63 9 9 49 21 10 23 61 50 56 6 22 1 75 12 15 40 67 48 16 53 46 41 35 98 25 18 41 57 2 13 72 12 22 22 33 ]
[ 57 30 39 36 23 43 36 24 37 17 4 20 55 39 45 12 21 29 44 75 77 38 70 33 9 4 4 71 53 77 73 10 59 12 46 35 56 34 11 45 3 15 18 59 7 63 23 28 44 20 ]

Timer (generate): 45ms real	40ms user	0ms sys
[ 80 87 97 13 74 11 23 63 20 17 55 70 55 53 6 19 88 85 8 11 95 31 85 21 47 68 49 83 42 20 91 22 59 40 88 85 52 63 49 24 80 56 95 35 9 1 6 50 38 14 ]
[ 61 86 45 98 7 45 18 56 28 60 76 19 34 88 12 74 73 64 37 22 40 69 78 87 4 40 40 10 90 79 77 3 65 22 53 72 19 71 81 48 83 9 19 69 97 31 44 71 47 33 ]
[ 45 40 3 24 27 59 16 68 22 58 47 99 61 12 73 14 36 93 37 69 93 72 79 64 41 28 48 85 99 47 71 45 87 74 21 15 33 37 83 7 47 30 6 8 94 80 74 82 25 63 ]
[ 52 70 35 83 34 76 11 34 14 63 82 85 8 69 59 81 84 44 70 67 4 17 49 10 77 95 42 51 30 19 14 34 89 1 17 76 77 80 62 91 43 44 28 3 14 39 84 50 36 6 ]
[ 70 40 23 71 50 0 67 45 3 97 64 69 31 6 70 0 34 0 80 96 43 76 41 72 79 7 11 16 9 47 22 79 87 98 51 90 50 70 35 54 19 51 75 2 9 98 2 43 98 34 ]
[ 40 41 62 81 13 42 40 77 10 49 24 84 81 64 82 84 54 33 54 41 39 25 44 66 27 54 64 81 97 14 67 89 8 30 70 21 24 62 50 34 12 27 18 93 91 53 77 97 38 83 ]
[ 90 29 8 34 95 87 40 12 68 90 78 87 79 86 17 2 60 93 64 10 27 76 37 98 21 28 51 50 77 41 33 67 70 93 54 17 80 46 81 0 36 60 88 16 46 57 18 6 51 34 ]
[ 69 30 63 6 28 84 87 31 87 64 24 20 84 94 66 90 64 46 36 97 99 73 57 87 41 56 96 11 14 99 45 83 30 8 42 10 45 29 94 32 45 18 4 29 65 70 19 81 69 8 ]
[ 78 68 81 88 7 22 44 3 33 10 55 30 94 37 39 88 47 36 17 93 68 14 12 24 96 29 95 67 10 64 75 88 84 8 76 91 30 72 46 15 83 1 98 29 38 37 17 38 25 86 ]
[ 31 45 52 95 69 48 24 16 68 34 32 43 75 16 52 3 59 34 28 6 2 63 59 0 92 50 89 61 88 14 99 71 59 51 67 80 52 91 97 20 78 81 15 5 98 19 8 9 54 36 ]
[ 67 8 99 27 8 43 29 97 56 17 63 55 40 22 59 7 54 11 51 3 83 29 85 50 34 35 70 94 44 76 31 12 84 82 91 92 78 20 41 34 89 4 42 29 78 1 37 32 64 88 ]
[ 88 47 69 73 49 3 8 19 97 4 95 80 68 31 15 59 75 93 31 16 27 20 72 21 50 50 22 39 35 86 27 23 85 48 48 35 51 8 6 0 12 54 81 81 85 96 92 61 41 24 ]
[ 29 20 44 2 42 46 4 64 85 91 3 64 66 88 12 14 75 15 22 82 16 87 88 97 20 73 45 12 86 86 88 68 6 33 70 0 31 26 65 17 70 20 33 36 60 46 3 36 61 77 ]
[ 70 29 64 58 78 84 83 23 49 22 61 37 90 20 22 12 20 54 38 37 23 8 57 56 97 18 54 52 54 68 29 76 97 46 86 76 82 69 51 31 91 13 21 81 33 95 93 5 1 84 ]
[ 43 76 44 52 85 93 70 39 45 76 59 75 52 9 21 90 37 3 60 88 87 3 53 60 37 38 55 82 44 9 66 39 85 63 91 70 56 62 62 2 90 21 29 95 30 2 85 67 5 97 ]
[ 8 44 1 61 4 90 0 12 72 44 21 91 83 6 54 26 77 62 88 39 16 79 12 45 26 43 47 11 62 5 9 70 1 62 32 58 52 32 70 76 28 91 67 63 49 73 89 78 88 30 ]
[ 17 4 61 30 2 87 25 1 98 39 6 59 10 60 21 94 18 25 78 88 54 6 31 21 21 80 47 10 59 35 92 28 91 53 10 93 40 87 95 91 27 53 50 89 13 24 83 31 1 61 ]
[ 71 55 19 2 29 92 35 28 54 94 63 47 74 54 0 85 48 93 72 95 36 51 48 38 40 62 62 75 45 16 88 69 23 59 23 52 51 58 80 6 4 95 53 79 2 5 16 2 98 40 ]
[ 97 86 92 45 25 84 59 39 60 57 55 48 26 79 8 49 83 11 60 64 17 64 11 70 95 13 28 63 15 26 4 12 13 48 10 90 84 21 29 96 78 85 97 56 16 5 6 99 68 18 ]
[ 15 86 34 27 8 30 92 36 45 8 15 49 72 80 49 82 70 86 4 99 82 34 36 79 91 52 36 49 4 5 67 71 91 1 98 99 83 43 88 29 51 3 30 75 83 80 10 53 18 66 ]

Running merge sort algorithm: 
Timer (sort): 15ms real	10ms user	0ms sys
The output is sorted!
[ 98 22 44 15 1 7 22 53 51 16 9 17 45 59 11 15 4 50 4 52 15 4 85 25 8 16 29 35 52 93 15 2 15 59 17 68 19 91 21 22 8 31 92 5 42 3 21 46 53 25 ]
[ 63 46 7 55 7 54 5 9 63 1 17 26 16 0 46 10 3 72 16 36 83 75 22 50 58 32 61 36 58 42 0 21 88 8 28 48 14 33 57 77 34 26 3 2 26 2 12 29 26 29 ]
[ 51 92 11 46 58 40 56 24 52 35 20 10 40 35 41 11 26 40 53 9 57 2 14 33 55 76 0 99 18 12 46 21 4 57 67 14 49 75 39 2 11 11 12 3 46 5 14 25 45 20 ]
[ 60 3 90 33 13 21 9 39 98 30 19 0 37 6 64 93 4 5 11 76 24 74 11 16 12 5 2 69 45 3 92 5 6 82 39 20 55 0 11 54 30 30 6 20 36 22 13 92 27 76 ]
[ 1 55 1 34 35 7 83 32 10 28 12 40 6 93 6 38 42 5 77 43 38 36 21 23 93 69 7 3 10 75 81 11 82 34 45 17 41 29 49 3 9 61 43 67 6 1 5 1 58 34 ]
[ 80 22 73 23 88 9 7 19 24 54 65 12 3 1 85 27 21 9 3 30 64 37 87 87 97 0 39 69 49 30 0 29 5 25 5 93 35 12 12 11 18 29 24 74 31 61 1 4 22 4 ]
[ 58 21 11 22 16 18 22 75 83 28 9 84 12 9 50 6 53 3 37 13 23 36 11 12 0 42 76 60 7 26 31 17 47 42 39 15 12 61 42 48 42 51 84 6 13 34 12 66 89 50 ]
[ 36 53 4 24 85 5 66 39 33 90 5 43 45 23 27 84 58 3 1 26 31 28 11 35 7 57 15 16 34 79 12 22 85 16 46 22 21 12 62 6 55 19 2 0 42 29 37 52 84 38 ]
[ 26 1 89 2 31 48 1 50 11 23 25 46 26 5 1 54 39 64 18 65 3 4 66 57 39 60 2 35 6 50 23 32 51 12 35 35 61 88 85 24 12 62 23 38 19 24 44 11 40 62 ]
[ 92 13 82 0 7 35 37 82 18 88 43 44 64 41 43 8 22 25 17 32 18 3 23 2 31 20 52 0 69 58 23 13 23 57 13 30 45 3 12 63 91 7 60 8 1 3 68 23 81 37 ]
[ 15 53 44 51 1 87 5 76 20 76 0 1 31 46 60 11 5 17 36 6 8 23 85 53 78 1 13 8 24 41 28 39 46 72 42 0 12 48 28 32 24 28 33 8 74 93 19 79 11 55 ]
[ 37 49 2 62 12 83 11 3 27 3 64 19 45 38 76 56 17 26 12 73 23 7 44 46 7 15 80 34 37 38 85 26 40 39 89 52 22 0 7 49 55 23 20 1 61 48 9 30 27 21 ]
[ 6 30 60 30 40 8 28 81 20 80 1 4 51 78 2 43 83 4 7 9 28 30 20 1 2 34 25 10 57 2 81 15 32 41 98 72 2 26 6 22 6 7 78 58 38 81 1 73 85 60 ]
[ 13 16 39 47 32 84 17 32 69 50 15 7 2 14 7 65 18 50 34 23 28 44 80 15 11 6 91 6 15 72 8 29 41 0 28 73 84 46 5 53 48 21 13 50 87 20 67 5 22 54 ]
[ 31 47 57 32 58 27 36 25 4 31 83 20 25 7 39 34 33 84 6 46 94 50 48 29 38 0 22 65 0 75 13 31 23 22 15 81 50 3 7 6 34 42 27 59 1 66 46 34 2 52 ]
[ 5 32 59 22 7 34 23 10 99 82 67 54 52 1 4 4 14 87 12 33 5 18 2 83 12 8 44 0 53 84 12 10 68 71 84 75 57 8 37 57 42 4 63 46 5 20 2 71 7 14 ]
[ 20 7 41 0 6 13 15 48 6 50 25 88 16 83 11 7 30 31 41 54 1 68 20 66 33 7 33 21 0 70 7 72 29 48 24 87 13 40 35 19 90 60 59 6 43 71 65 25 54 6 ]
[ 79 29 28 77 27 3 95 4 89 15 23 25 14 52 23 7 1 49 48 5 10 41 19 7 43 20 26 15 58 14 85 37 43 65 14 22 69 61 26 58 28 1 35 43 5 59 2 58 60 50 ]
[ 17 19 21 12 58 13 10 58 19 74 0 9 96 68 83 58 3 35 1 25 0 19 14 0 39 60 59 24 84 99 17 1 18 38 65 28 3 28 86 23 2 86 84 50 6 19 61 9 6 62 ]
[ 5 48 21 16 53 86 49 38 91 34 93 68 31 23 13 27 21 12 74 6 29 24 21 32 7 18 61 22 9 43 64 14 91 37 83 44 24 32 34 67 19 27 36 50 3 1 29 24 13 3 ]

Timer (generate): 40ms real	30ms user	10ms sys
[ 37 27 27 38 93 76 5 28 54 98 72 56 11 64 47 60 33 5 26 95 81 49 24 76 17 78 24 63 58 74 44 47 1 71 85 46 99 91 74 54 89 99 10 1 63 9 13 48 66 39 ]
[ 43 47 41 19 76 58 49 0 21 8 74 65 55 27 88 93 26 88 84 0 42 73 51 4 26 66 65 91 14 31 31 9 30 72 28 6 30 30 6 4 38 32 69 45 60 10 38 86 98 74 ]
[ 38 92 0 42 48 26 8 13 18 75 44 1 84 26 25 65 33 7 95 91 11 85 24 33 82 36 43 73 74 93 47 64 85 47 6 85 26 67 98 96 42 94 97 78 72 74 43 5 81 90 ]
[ 97 45 75 73 78 10 61 73 83 35 66 30 51 3 30 10 88 56 77 38 52 71 84 1 49 8 75 93 14 8 35 63 53 11 88 83 73 49 56 56 36 74 38 39 77 68 49 17 76 78 ]
[ 7 28 1 43 29 51 52 56 96 18 65 31 33 70 94 21 6 67 22 62 75 58 89 66 97 18 86 99 36 63 29 95 91 31 91 21 82 95 29 30 13 94 61 46 17 8 19 23 75 41 ]
[ 85 3 99 26 69 48 45 7 99 33 70 29 28 62 60 71 35 42 66 64 24 79 11 85 77 28 93 96 51 21 89 88 76 40 15 97 89 60 4 40 45 75 69 25 37 29 97 24 23 63 ]
[ 88 47 95 99 85 24 79 30 73 30 3 62 71 79 3 86 76 44 98 81 84 43 8 6 68 97 87 17 21 63 33 61 62 28 61 47 4 92 30 77 23 33 92 46 13 95 32 41 91 82 ]
[ 74 27 77 82 33 97 79 21 15 0 84 48 62 46 28 75 46 32 19 76 62 94 61 54 40 74 1 24 16 92 6 42 71 35 25 5 33 4 78 0 57 62 0 71 60 28 98 58 12 17 ]
[ 86 26 12 48 80 52 74 33 77 42 77 35 85 49 71 10 54 56 66 84 8 75 46 8 46 58 36 44 69 0 14 7 27 26 55 59 30 82 93 7 24 22 95 9 23 18 71 77 74 90 ]
[ 61 82 65 59 90 64 70 78 60 91 78 74 98 57 0 6 17 31 88 62 90 12 84 37 74 8 55 45 37 81 35 51 15 53 62 57 17 84 35 77 75 66 52 26 23 4 32 92 87 20 ]
[ 54 30 84 91 67 58 51 23 56 40 4 91 43 20 44 58 77 13 42 65 91 70 83 43 96 6 99 28 51 87 0 5 17 84 48 84 43 51 59 99 92 64 42 87 36 39 45 65 52 40 ]
[ 30 43 10 13 38 58 72 38 86 75 25 86 32 94 70 81 30 65 84 90 64 28 6 7 16 42 46 61 59 98 53 42 94 63 7 32 21 79 70 59 6 47 97 39 93 68 20 24 85 56 ]
[ 66 50 85 72 57 1 66 55 14 25 5 68 19 99 83 27 84 57 58 54 16 65 54 14 4 99 34 76 23 19 32 41 21 17 65 30 18 31 85 85 9 43 53 28 42 88 7 26 45 66 ]
[ 33 14 31 39 28 35 38 14 11 14 85 95 55 7 13 21 89 83 4 75 68 65 18 73 46 12 62 53 91 7 19 24 21 50 15 1 37 53 67 0 67 5 96 75 12 9 96 1 92 52 ]
[ 28 13 18 98 86 16 63 0 69 54 8 41 30 81 91 45 35 81 50 54 81 70 59 77 45 23 86 93 77 31 45 57 44 15 56 30 31 71 31 1 25 91 42 7 24 85 4 11 66 54 ]
[ 66 48 24 77 25 69 1 64 62 30 95 60 87 39 75 43 21 59 66 52 60 91 95 54 50 72 91 54 83 10 61 1 58 85 79 35 7 32 51 21 62 46 33 49 37 9 45 59 68 11 ]
[ 63 80 55 11 86 5 83 77 12 66 87 73 68 97 10 99 85 17 31 36 91 45 35 24 94 24 85 91 83 5 55 99 37 10 10 23 67 93 53 79 11 92 4 31 42 15 30 79 84 13 ]
[ 67 27 58 2 4 5 27 89 96 62 47 51 13 84 13 75 60 33 20 65 12 32 57 69 15 51 84 46 30 68 59 98 96 70 52 0 75 31 41 23 46 40 75 11 25 40 87 37 73 7 ]
[ 2 38 91 11 7 7 15 43 5 45 63 16 95 59 86 0 11 13 31 5 37 29 45 64 41 22 4 28 59 30 87 13 20 31 77 79 38 92 22 95 37 85 11 85 97 50 85 60 63 68 ]
[ 65 0 50 63 16 91 37 21 71 49 3 10 62 23 41 39 2 31 83 76 26 73 61 90 58 58 92 95 71 55 15 36 8 65 51 24 8 89 97 31 90 0 42 52 75 35 44 29 67 79 ]

Running merge sort algorithm: 
Timer (sort): 14ms real	0ms user	10ms sys
The output is sorted!
[ 4 41 2 3 5 63 13 96 27 45 15 89 3 25 25 56 59 42 11 5 43 8 83 24 8 37 47 57 76 10 15 33 3 69 36 61 32 1 9 11 98 24 1 2 1 26 10 60 68 21 ]
[ 13 9 4 36 25 46 50 27 18 32 3 46 31 29 0 55 60 74 89 38 25 26 39 45 52 21 37 11 37 50 5 2 11 61 39 36 7 41 15 78 25 19 76 56 0 76 12 12 3 1 ]
[ 25 19 9 94 15 37 10 32 35 57 29 33 74 30 17 6 15 47 4 15 31 46 10 42 17 9 56 28 23 19 19 0 38 28 94 5 18 4 37 53 13 66 86 39 48 56 45 63 55 2 ]
[ 84 37 50 34 0 31 1 10 32 1 68 29 87 73 32 31 5 13 8 43 50 37 18 42 15 29 47 17 42 15 14 26 52 65 12 5 48 14 15 80 15 35 9 54 8 41 37 65 54 45 ]
[ 20 78 31 26 17 21 0 58 44 43 21 56 66 18 25 1 4 10 50 47 72 61 28 63 1 5 19 30 6 74 37 26 5 20 52 22 41 4 33 37 48 6 45 14 76 70 68 32 33 18 ]
[ 4 16 86 23 88 43 34 6 51 2 77 22 47 24 17 12 68 39 11 81 10 9 8 12 50 24 45 14 33 98 0 38 14 38 61 2 81 47 61 33 1 38 7 48 14 77 13 35 16 24 ]
[ 2 15 2 26 49 17 26 27 6 75 74 57 22 66 51 23 73 16 32 23 14 13 31 69 93 47 0 17 61 43 13 15 11 15 41 60 33 19 39 91 46 14 0 21 32 51 44 5 67 28 ]
[ 56 15 24 69 13 97 32 7 25 4 14 43 10 9 54 51 49 0 52 37 12 33 42 8 94 17 77 28 40 40 2 96 55 26 17 21 76 1 28 1 5 94 44 15 3 50 19 4 50 71 ]
[ 67 12 45 15 54 10 8 95 36 6 46 9 9 43 81 28 19 85 0 81 35 47 3 44 51 78 9 51 9 42 62 28 54 8 44 9 70 4 56 7 10 2 16 71 45 50 0 16 35 52 ]
[ 80 0 64 55 8 77 51 62 7 8 2 40 1 69 21 7 66 45 8 56 23 11 14 36 80 35 30 13 6 25 59 38 26 75 45 86 5 96 0 12 4 2 52 58 23 25 17 41 70 25 ]
[ 32 17 92 24 20 23 51 10 54 26 22 9 5 48 59 47 84 25 31 92 7 35 11 6 46 26 2 44 31 64 60 15 81 4 40 2 27 43 12 33 21 86 95 27 34 6 26 70 32 9 ]
[ 10 37 43 0 13 71 8 43 6 17 32 21 88 18 48 16 1 65 9 9 6 13 39 27 63 75 23 84 43 42 32 5 31 28 5 44 51 13 39 58 83 71 31 23 42 79 40 43 44 49 ]
[ 48 39 13 65 3 16 72 44 71 39 69 3 7 3 60 8 5 22 48 92 12 37 51 41 67 86 42 74 22 9 40 22 48 6 39 4 22 12 48 45 3 70 0 11 25 12 71 30 35 71 ]
[ 14 16 93 61 14 42 63 31 27 56 74 30 29 3 8 16 20 42 10 20 13 65 1 83 47 4 87 71 13 50 37 27 18 82 40 32 25 3 15 4 11 42 35 41 97 43 9 17 85 19 ]
[ 22 71 46 42 75 3 11 49 2 51 82 52 7 25 8 28 2 63 28 77 13 45 36 65 73 14 23 3 31 9 39 6 32 85 48 7 40 11 57 43 14 39 47 73 16 55 1 19 18 81 ]
[ 49 48 64 62 53 82 51 8 0 28 24 24 42 26 3 3 15 39 6 14 37 97 0 28 19 51 68 37 10 19 15 59 20 31 74 73 13 77 33 13 5 10 37 99 36 92 2 3 31 60 ]
[ 42 68 0 28 39 2 57 17 26 72 58 7 1 29 19 48 49 85 24 0 73 3 18 96 43 15 82 3 8 35 40 2 3 41 83 43 95 40 12 21 12 70 81 13 51 0 14 0 85 38 ]
[ 38 5 49 1 10 55 29 1 95 57 76 80 39 2 62 22 32 81 25 78 34 25 5 7 5 16 40 29 28 6 16 66 11 17 20 73 24 1 74 20 59 3 52 98 57 14 20 41 48 45 ]
[ 23 2 62 36 42 75 22 91 69 5 56 62 15 13 50 76 7 56 9 44 15 81 54 86 28 52 34 17 23 21 26 46 24 40 34 18 15 8 9 37 13 17 99 29 31 1 57 38 9 18 ]
[ 25 58 25 27 7 66 56 5 22 11 12 14 37 30 42 92 11 7 54 15 64 46 81 59 37 17 54 62 5 30 21 82 40 98 9 47 65 18 5 39 29 17 53 19 47 96 11 10 3 17 ]

Timer (generate): 40ms real	30ms user	10ms sys
[ 7 81 22 11 27 90 43 73 64 30 35 10 26 63 12 42 6 19 78 89 49 84 64 25 35 81 6 91 61 22 88 68 3 11 32 82 1 75 56 17 58 43 28 84 7 92 78 65 11 56 ]
[ 54 60 93 70 86 28 51 44 19 13 18 8 33 21 71 65 55 24 93 63 41 3 7 21 87 66 14 18 31 77 26 37 38 19 8 76 48 11 72 19 76 90 27 10 63 50 27 18 74 72 ]
[ 34 16 75 93 37 15 59 3 33 42 81 11 79 19 31 39 47 31 51 71 50 27 61 30 89 24 80 17 94 55 89 80 23 17 73 12 32 32 16 17 26 97 28 6 68 11 97 67 42 48 ]
[ 38 45 28 99 27 17 75 7 34 21 14 76 2 89 93 27 2 77 12 70 94 38 67 74 96 87 38 94 54 32 94 92 77 22 43 4 40 70 64 26 43 30 2 97 20 47 25 22 24 37 ]
[ 44 70 75 11 45 24 50 35 18 4 67 12 48 45 35 43 1 27 65 65 53 8 48 8 6 68 55 83 42 32 20 86 2 47 49 99 71 99 34 41 3 2 54 3 99 41 46 52 20 11 ]
[ 70 25 71 18 33 77 86 41 12 28 73 32 14 27 32 63 79 55 14 65 97 17 19 3 72 70 96 18 23 16 81 93 93 52 63 27 30 49 20 94 29 93 79 95 72 11 10 3 18 24 ]
[ 69 15 93 40 70 65 11 66 83 34 34 16 79 28 68 94 7 50 43 27 45 24 72 24 19 96 87 29 0 5 5 21 21 98 61 43 63 24 62 98 10 48 14 89 28 34 83 35 85 78 ]
[ 14 30 2 86 6 73 35 93 2 35 98 59 8 71 57 21 15 72 46 29 22 56 77 88 98 6 23 81 93 8 12 8 38 66 46 96 40 81 89 94 68 87 54 76 11 63 98 26 36 96 ]
[ 7 58 52 84 47 50 42 70 84 36 78 96 96 68 14 42 16 54 76 5 1 44 44 55 73 55 18 23 33 54 19 40 65 71 25 12 74 67 34 58 55 64 6 51 84 20 46 0 75 22 ]
[ 5 76 18 1 83 43 57 1 66 90 8 37 31 25 61 8 89 35 27 23 93 83 39 99 86 75 71 32 75 98 54 32 74 73 33 9 16 42 63 35 33 23 72 16 48 85 76 37 20 3 ]
[ 12 65 38 3 16 25 78 88 57 5 86 12 89 13 37 74 22 5 17 37 40 2 60 65 70 60 50 46 49 23 1 13 88 40 16 57 17 46 45 74 51 31 38 40 96 27 67 71 33 84 ]
[ 8 25 86 21 90 8 81 93 54 31 68 55 44 56 47 13 13 64 59 10 91 63 94 29 55 90 9 22 61 42 58 22 19 96 43 62 4 76 55 58 7 23 66 4 31 13 69 97 30 80 ]
[ 7 21 43 53 2 51 44 11 25 57 53 84 31 25 80 26 87 85 3 42 95 62 17 61 66 0 27 87 97 57 68 57 78 63 10 80 14 6 44 40 16 49 24 99 74 56 26 61 41 29 ]
[ 3 89 91 72 2 10 73 29 97 22 38 65 31 68 29 94 1 43 52 45 35 20 94 11 20 69 68 46 30 61 75 86 50 66 58 53 76 83 34 74 58 25 91 41 93 20 35 94 16 40 ]
[ 91 51 60 86 63 80 55 31 26 37 44 1 23 95 20 34 0 96 69 86 22 79 11 14 21 5 34 8 51 2 48 43 54 9 81 69 89 36 52 16 25 96 69 1 43 41 35 95 38 56 ]
[ 82 12 36 45 26 9 2 13 17 54 15 66 49 21 75 30 90 64 66 42 32 43 91 54 44 34 95 31 82 85 88 64 98 76 9 76 85 12 41 2 18 57 68 67 30 43 97 21 60 15 ]
[ 15 44 58 58 50 55 45 98 86 27 83 26 91 33 2 52 62 39 16 3 42 86 60 62 53 43 58 2 64 70 69 31 14 80 90 17 35 87 15 73 14 50 0 57 84 54 9 46 94 78 ]
[ 1 88 16 62 50 22 57 8 24 21 78 94 4 45 26 46 62 61 33 29 34 99 31 86 56 15 41 18 13 35 96 15 75 64 29 25 86 86 34 11 59 64 57 15 9 83 14 23 96 99 ]
[ 4 82 99 36 69 55 3 10 73 69 97 21 36 72 86 17 49 72 55 83 35 66 0 92 81 61 27 47 37 23 47 41 6 46 77 75 53 33 37 79 2 86 0 90 10 38 7 59 63 62 ]
[ 95 98 28 95 43 61 56 70 9 93 46 8 87 4 6 16 31 59 49 68 38 3 6 91 93 16 29 0 27 44 14 22 43 94 69 38 56 78 8 17 23 6 77 10 10 83 27 41 94 28 ]

Running merge sort algorithm: 
Timer (sort): 18ms real	10ms user	0ms sys
The output is sorted!
[ 13 74 14 16 90 63 21 20 13 3 13 3 11 1 5 54 2 29 33 99 18 7 79 12 57 98 26 92 31 1 2 96 27 16 12 17 31 34 38 45 37 51 0 0 4 5 54 58 34 39 ]
[ 14 6 46 16 22 30 0 24 55 27 88 7 13 29 77 2 93 27 24 21 35 10 36 3 27 26 5 17 48 68 35 62 27 82 31 1 64 31 25 19 10 14 78 24 43 55 78 36 34 2 ]
[ 7 76 39 44 17 42 43 7 48 29 69 19 27 40 8 21 38 6 28 63 26 62 4 89 46 20 27 4 2 44 9 9 20 0 5 89 42 1 97 42 30 18 14 9 58 22 30 49 80 58 ]
[ 99 50 48 84 7 0 13 35 40 78 13 61 2 27 38 12 4 67 56 3 49 32 8 6 93 71 20 48 71 13 66 23 15 14 7 23 14 72 10 6 2 23 67 5 3 57 69 7 25 25 ]
[ 6 20 32 35 45 18 57 2 41 0 80 49 55 29 83 17 20 5 61 56 0 48 42 6 36 91 32 3 9 5 27 16 25 11 3 71 29 61 73 22 13 5 71 21 35 6 90 7 63 51 ]
[ 79 24 17 3 14 43 55 8 32 88 52 1 11 18 31 5 19 3 88 35 7 27 2 34 1 29 59 24 16 46 72 96 23 89 51 89 84 6 97 16 46 2 18 10 20 1 15 39 4 55 ]
[ 40 4 29 41 59 29 11 88 48 69 58 25 45 13 30 45 37 23 3 14 52 34 1 10 78 35 53 41 62 8 37 3 12 19 44 24 48 7 64 48 28 22 26 74 35 56 19 24 31 22 ]
[ 10 35 9 40 13 56 73 55 67 16 53 60 7 20 26 4 36 30 19 26 27 92 35 36 24 13 37 2 92 0 65 3 35 74 95 0 30 21 7 49 37 12 10 44 33 88 1 21 18 72 ]
[ 34 76 41 31 33 45 54 90 8 79 18 74 28 19 2 10 3 26 27 15 98 68 14 2 94 75 22 22 19 16 65 5 44 6 36 29 3 42 19 11 21 90 38 49 9 40 12 13 18 39 ]
[ 76 40 4 1 29 20 65 8 11 50 30 23 29 45 71 74 19 14 86 20 12 73 55 19 75 71 24 12 24 36 26 52 28 30 6 58 2 23 18 13 73 1 88 2 46 12 29 17 26 67 ]
[ 27 68 13 27 9 92 38 26 14 47 19 5 95 6 34 7 12 5 36 2 79 11 42 8 9 29 7 29 32 51 90 59 19 3 38 80 47 28 6 61 27 25 18 23 31 52 30 95 58 66 ]
[ 34 16 19 39 19 45 20 39 73 7 53 19 20 6 10 9 88 32 2 46 85 21 19 12 1 94 14 13 24 5 2 10 21 73 49 92 18 21 32 91 28 37 62 49 43 73 58 31 57 12 ]
[ 46 12 46 35 84 37 7 32 40 24 55 5 24 70 33 28 3 16 0 56 13 0 21 34 41 24 47 54 25 96 25 24 60 71 11 45 8 19 29 0 43 85 5 67 55 39 95 10 7 47 ]
[ 94 82 55 13 24 5 80 8 23 11 59 18 37 91 0 54 2 80 6 18 30 56 96 11 53 33 57 15 25 36 10 71 18 17 37 94 22 17 3 45 28 62 16 17 5 16 23 7 48 30 ]
[ 23 30 49 38 55 5 21 21 3 0 3 0 52 95 59 14 24 86 49 15 0 22 46 1 82 84 8 30 20 20 99 95 50 0 33 58 5 6 79 60 6 35 12 10 30 72 24 6 58 73 ]
[ 8 37 99 89 11 15 66 8 60 14 28 33 18 76 7 22 85 5 51 19 22 42 17 21 51 56 29 34 1 20 33 9 9 32 98 20 0 17 80 12 31 8 98 50 36 57 24 21 62 27 ]
[ 47 52 35 25 26 5 2 11 67 70 18 34 51 2 27 3 29 19 26 85 1 32 38 31 40 47 70 27 5 77 78 52 29 13 29 7 18 32 18 38 2 88 24 6 91 51 9 72 22 88 ]
[ 49 49 60 89 57 46 2 22 42 14 89 35 20 31 17 71 29 7 38 18 17 24 69 4 53 57 37 20 11 6 65 12 7 77 1 16 24 56 38 18 22 79 5 42 11 23 13 92 82 4 ]
[ 52 31 47 30 29 55 28 85 50 50 25 64 62 5 31 10 43 45 19 6 11 6 20 44 39 91 44 16 17 28 6 21 60 54 4 41 61 32 78 11 82 3 27 97 8 11 7 3 56 26 ]
[ 60 83 19 0 36 66 27 2 38 7 14 18 20 59 33 41 14 24 65 47 30 79 39 74 38 23 24 5 8 29 78 68 64 49 20 1 15 48 3 5 7 69 24 28 28 57 21 94 33 39 ]

Timer (generate): 46ms real	40ms user	0ms sys
[ 75 50 23 83 79 16 5 69 47 40 86 26 54 0 50 49 59 90 38 85 54 75 15 61 39 5 32 56 8 19 76 35 22 52 70 1 68 76 71 15 16 57 93 23 57 96 72 68 38 10 ]
[ 5 92 85 72 53 77 78 37 85 38 57 62 74 79 14 44 80 82 20 3 50 89 60 95 12 69 43 36 89 81 99 94 74 36 19 79 13 97 17 99 87 74 61 13 5 27 58 37 61 30 ]
[ 41 63 71 1 59 35 71 2 72 60 84 71 7 10 7 26 89 73 75 58 72 14 84 85 28 89 12 38 27 25 68 68 89 92 21 48 27 44 2 99 57 38 22 64 48 30 42 90 3 69 ]
[ 0 27 83 85 12 11 26 76 49 53 1 70 73 90 62 95 90 89 91 45 41 48 83 63 64 84 45 58 26 0 27 26 27 11 11 91 74 90 19 76 43 21 46 69 63 8 16 6 49 7 ]
[ 3 90 56 86 6 72 22 51 31 0 52 58 27 31 21 90 75 96 80 94 24 76 67 70 45 83 30 13 41 79 20 44 22 28 82 28 1 5 79 32 57 83 42 84 67 16 27 94 64 59 ]
[ 88 88 87 8 58 84 91 88 97 32 19 18 28 41 98 10 69 99 15 1 83 73 36 78 9 55 94 88 49 58 0 90 46 87 98 4 72 41 44 69 25 15 39 53 57 38 63 78 89 31 ]
[ 31 25 56 68 3 17 75 97 58 25 55 58 15 1 97 65 57 69 6 53 91 83 68 82 88 25 20 51 56 62 34 39 87 42 59 90 60 35 39 70 60 94 28 75 47 77 40 56 47 98 ]
[ 9 90 33 77 72 21 55 45 72 63 59 59 2 46 1 62 88 13 97 27 35 57 73 15 84 72 93 76 28 92 26 89 82 59 18 6 80 73 51 4 88 62 15 91 8 69 5 48 34 54 ]
[ 27 70 63 52 85 47 24 78 75 4 22 53 45 4 12 64 63 44 89 66 0 78 29 16 21 37 85 78 38 19 32 65 41 95 70 27 42 46 57 69 3 80 22 48 36 86 12 99 30 54 ]
[ 66 82 84 95 98 5 84 35 83 74 7 67 40 48 62 10 27 4 8 37 25 11 69 99 60 5 85 24 57 67 78 75 49 14 70 0 19 6 87 54 81 94 21 73 95 83 35 22 39 43 ]
[ 11 16 55 80 15 67 86 52 91 95 19 22 70 21 36 92 73 8 98 60 14 31 7 36 4 2 71 91 76 63 35 88 31 42 20 47 9 58 51 0 53 71 74 23 44 11 15 17 19 66 ]
[ 29 33 97 36 21 54 90 45 45 67 60 80 7 91 74 27 90 83 86 42 36 91 65 10 15 9 73 82 78 92 48 7 78 98 96 51 52 86 96 49 5 8 82 12 52 56 92 42 92 30 ]
[ 36 28 21 1 90 88 62 64 23 92 8 23 52 38 21 48 90 25 34 38 75 92 47 57 4 99 13 48 93 5 78 30 85 52 83 76 92 98 92 15 90 0 39 42 39 60 42 81 38 29 ]
[ 19 13 21 18 70 25 69 35 26 63 93 4 45 78 8 28 6 1 78 98 16 69 51 7 63 42 68 6 23 58 35 94 71 56 13 93 33 82 28 59 97 73 16 42 4 24 23 62 77 1 ]
[ 61 46 22 64 53 86 58 73 92 33 31 79 27 2 35 92 47 68 27 28 80 24 1 96 19 5 72 94 68 50 95 81 96 70 97 49 56 7 75 0 40 6 79 19 61 66 64 8 86 91 ]
[ 36 66 67 90 14 86 47 87 80 67 37 28 0 85 98 49 86 6 56 61 6 96 68 37 68 81 3 32 89 41 23 78 8 42 68 22 81 67 61 61 35 98 41 35 83 91 85 70 97 93 ]
[ 31 55 90 51 92 10 32 47 42 74 89 17 52 49 59 72 23 40 39 85 54 26 35 47 62 71 39 99 41 88 92 24 44 34 28 88 44 12 36 38 86 77 7 90 78 19 14 53 59 6 ]
[ 90 65 32 26 65 94 97 56 45 90 44 38 66 88 24 94 77 69 59 65 59 97 94 67 40 24 86 54 77 97 60 68 15 93 46 80 39 43 36 85 85 80 75 51 21 99 98 50 20 57 ]
[ 67 80 6 61 47 46 85 85 1 14 82 13 82 49 6 28 29 46 23 17 83 8 50 58 12 71 57 10 73 78 19 40 10 25 53 57 72 90 94 73 4 76 86 39 26 45 19 7 43 95 ]
[ 25 26 3 75 84 15 98 93 77 23 23 96 63 33 22 68 42 94 58 36 19 62 65 57 53 91 54 73 50 97 20 27 23 23 54 59 91 52 5 20 75 28 17 90 62 91 58 4 37 16 ]

Running merge sort algorithm: 
Timer (sort): 13ms real	20ms user	0ms sys
The output is sorted!
[ 2 38 61 18 8 88 68 8 23 11 10 25 82 6 73 1 14 13 31 10 91 8 24 1 53 5 81 12 7 89 21 61 79 34 79 87 23 0 47 46 11 10 23 45 16 48 47 30 13 30 ]
[ 12 33 52 50 7 6 40 2 81 12 92 25 29 32 12 48 30 0 32 7 62 56 26 28 4 74 21 63 0 68 17 13 1 21 63 8 28 4 11 61 16 55 38 97 39 51 46 69 3 78 ]
[ 60 39 92 0 12 38 48 2 43 36 42 18 2 6 24 29 25 44 29 7 3 86 14 75 35 6 79 24 65 0 19 26 39 11 78 3 2 79 5 45 15 47 15 69 5 39 51 82 84 32 ]
[ 36 62 96 17 25 4 86 22 0 39 28 14 15 57 57 45 24 25 17 37 22 11 74 2 49 37 68 0 19 89 53 55 52 1 24 29 6 10 51 58 2 79 25 69 37 34 15 13 12 32 ]
[ 23 70 99 66 8 3 16 30 73 69 3 3 27 25 4 60 5 0 19 78 9 22 15 45 67 68 38 18 94 13 68 17 83 20 35 92 23 51 22 48 21 77 4 0 2 8 60 7 8 31 ]
[ 98 24 2 71 58 57 23 18 11 80 2 96 15 43 3 84 21 12 9 48 6 40 12 26 50 36 74 9 29 4 11 80 80 14 3 38 23 26 8 35 6 10 31 74 6 34 10 79 99 20 ]
[ 28 0 25 43 85 7 15 4 72 19 7 7 7 3 60 48 64 26 6 27 57 12 12 82 67 68 23 98 15 3 66 43 3 43 38 41 50 53 45 23 25 4 82 32 8 95 32 24 21 38 ]
[ 94 1 26 42 56 9 40 3 15 76 85 16 10 4 14 21 61 19 99 29 57 48 77 47 29 49 57 27 29 58 35 24 12 13 18 68 23 10 23 38 39 9 7 49 13 21 22 26 40 74 ]
[ 13 32 86 46 11 33 19 68 7 60 7 48 1 55 42 2 34 93 2 79 2 27 2 39 52 73 9 3 24 41 31 89 25 70 87 37 3 6 57 11 18 64 11 20 19 5 74 54 50 29 ]
[ 73 15 44 44 3 60 4 20 59 8 20 42 0 51 7 58 89 0 30 57 15 9 75 46 32 43 44 74 76 60 46 1 75 43 97 31 55 2 3 14 10 24 8 63 75 15 21 16 16 3 ]
[ 8 2 98 29 38 76 81 2 37 52 94 74 46 22 88 4 78 22 18 17 21 56 18 38 28 18 9 28 42 12 52 2 14 2 32 4 78 65 58 67 17 52 41 15 26 29 20 4 4 38 ]
[ 20 4 87 71 10 46 2 82 22 51 82 6 27 47 38 21 3 7 91 43 25 30 68 46 1 67 12 14 23 8 90 96 12 30 19 23 28 21 5 50 24 40 8 4 87 47 25 43 6 69 ]
[ 37 44 64 22 29 41 71 30 50 80 24 93 38 69 3 73 55 30 2 30 21 87 0 23 17 20 72 25 42 12 62 32 8 26 6 38 19 78 20 21 10 44 15 49 13 18 74 20 0 28 ]
[ 6 12 14 86 37 39 56 10 62 75 0 72 71 40 72 21 51 93 31 18 72 75 27 40 40 7 0 71 1 43 96 7 56 10 45 45 1 1 7 64 28 7 36 0 0 8 73 3 54 4 ]
[ 22 39 37 40 96 94 36 9 88 26 41 21 64 66 21 75 86 8 79 58 14 15 35 74 4 22 10 18 3 22 9 26 14 46 18 10 92 7 19 32 33 13 5 50 31 27 25 17 35 56 ]
[ 3 97 7 17 3 97 32 3 1 5 3 27 2 68 49 27 92 20 7 49 18 64 86 25 61 34 14 35 30 60 23 33 9 30 2 12 79 35 15 33 92 70 60 46 38 10 74 31 30 33 ]
[ 23 65 73 13 1 15 74 55 74 39 5 34 19 89 20 55 0 6 91 20 8 9 10 49 8 36 25 28 23 35 7 47 0 80 12 53 48 38 9 74 77 66 9 48 55 29 3 8 87 46 ]
[ 47 57 57 20 14 15 20 87 0 34 2 18 14 37 3 88 18 33 50 45 44 61 27 38 10 11 23 4 93 48 12 40 5 21 13 72 36 33 59 88 19 14 58 34 3 61 74 21 94 24 ]
[ 6 81 5 0 2 89 18 15 79 55 33 29 8 7 24 94 16 24 91 28 19 53 49 4 42 39 13 81 78 65 57 36 46 62 37 0 3 7 15 83 63 0 12 23 7 37 70 23 13 61 ]
[ 2 14 24 53 35 91 71 7 36 10 0 63 21 53 70 64 58 1 3 40 48 30 0 8 16 35 28 7 24 36 48 78 50 24 31 37 67 3 44 4 13 96 19 87 1 90 3 59 43 58 ]

Timer (generate): 39ms real	40ms user	0ms sys
[ 43 45 26 65 27 31 99 68 82 19 0 56 58 19 10 9 20 34 46 22 19 52 79 80 97 47 9 12 61 24 77 4 22 3 21 1 86 20 21 68 39 21 24 98 92 86 59 12 72 58 ]
[ 86 44 62 65 24 60 13 33 72 26 10 1 83 84 4 4 85 43 25 58 11 16 80 88 66 72 74 78 37 47 36 23 91 98 89 67 10 54 52 83 80 62 36 63 98 93 20 35 36 97 ]
[ 94 47 13 74 35 32 98 62 10 35 61 46 59 4 96 0 71 59 6 23 42 38 38 30 54 88 23 74 24 59 71 70 7 84 96 94 16 94 8 78 30 21 24 41 77 73 93 48 32 99 ]
[ 24 26 37 14 56 91 2 80 65 78 91 36 48 50 73 44 97 41 91 5 20 73 79 96 14 56 69 7 57 53 58 81 79 95 47 88 39 1 20 56 32 11 93 80 62 18 77 59 59 68 ]
[ 16 31 93 47 28 7 4 49 66 61 55 76 94 34 71 93 74 62 94 94 19 26 58 64 59 72 82 88 83 93 8 51 77 1 99 57 60 3 6 78 16 61 54 10 48 77 3 74 40 49 ]
[ 21 59 28 79 75 87 3 57 27 86 2 35 89 79 88 88 88 48 43 95 26 59 8 80 21 8 57 76 35 49 26 56 60 6 87 35 45 42 44 72 28 47 7 17 78 95 58 67 95 1 ]
[ 14 21 61 74 53 34 35 10 11 70 60 89 78 72 95 17 8 92 59 52 64 39 51 23 56 30 70 66 49 65 68 15 86 81 89 91 15 76 1 78 46 13 19 76 86 66 93 46 58 52 ]
[ 98 22 91 50 97 0 32 67 66 81 32 86 48 70 19 37 61 87 66 15 65 64 80 37 41 18 3 86 64 14 91 15 36 82 65 34 34 49 53 53 82 86 91 30 8 11 19 70 98 85 ]
[ 37 15 50 17 52 43 88 8 29 52 22 20 67 10 55 84 96 89 33 50 94 15 36 86 45 44 49 17 66 47 2 3 62 4 73 67 47 61 75 77 65 49 49 85 59 4 21 56 46 55 ]
[ 6 92 22 42 30 20 38 79 37 57 26 91 60 41 96 85 60 43 46 87 72 64 36 22 49 95 78 22 51 76 29 9 69 52 3 99 24 42 79 13 99 57 4 11 98 0 97 10 96 95 ]
[ 97 68 11 33 42 12 29 21 35 32 97 64 42 66 68 45 18 92 39 97 5 90 54 62 2 5 62 51 15 10 98 65 79 10 98 21 22 79 94 9 12 92 74 6 10 94 3 28 87 95 ]
[ 77 44 85 84 58 39 41 21 90 8 83 41 73 62 3 72 36 25 3 30 87 15 22 13 73 85 7 29 13 94 24 43 91 9 27 49 1 68 22 43 28 6 84 2 20 87 26 56 65 29 ]
[ 87 52 97 9 65 70 46 24 51 60 19 75 55 62 37 82 63 38 2 86 33 82 44 18 84 64 57 10 21 74 40 60 78 37 21 95 59 68 20 11 80 91 38 35 53 27 69 16 17 23 ]
[ 54 51 5 50 21 90 15 78 52 88 5 92 48 83 81 21 79 93 89 99 4 69 42 94 4 95 22 73 63 39 48 70 90 54 20 11 96 87 42 48 27 47 93 27 82 74 49 61 67 38 ]
[ 12 23 8 54 18 64 1 92 90 17 31 38 87 74 92 59 85 40 47 79 89 74 78 82 2 61 8 3 74 76 41 39 51 1 93 21 18 47 13 8 64 45 46 3 19 91 62 56 31 9 ]
[ 88 72 36 66 54 90 27 63 93 2 91 86 41 42 88 86 64 58 85 77 66 1 74 64 4 45 7 67 54 91 28 42 63 64 8 70 6 36 33 99 90 24 38 83 18 78 21 34 36 7 ]
[ 64 2 8 38 18 13 36 26 32 90 69 60 32 32 77 92 2 83 80 87 35 70 63 73 5 82 51 27 68 39 86 32 93 94 23 11 59 59 89 91 1 58 4 85 91 81 77 45 16 58 ]
[ 33 3 80 96 28 86 30 79 65 99 70 51 31 63 97 6 75 57 65 64 0 18 23 4 3 66 37 81 11 6 91 96 9 71 45 38 9 27 69 74 26 40 25 10 3 23 16 30 32 34 ]
[ 95 32 52 70 37 8 88 26 89 99 32 80 48 42 3 93 32 13 20 1 39 99 93 17 61 97 92 29 79 24 15 74 56 20 96 45 28 84 72 69 36 56 1 84 50 4 29 82 69 1 ]
[ 36 9 52 29 26 13 78 18 95 58 42 10 84 50 82 81 48 10 65 72 31 53 28 32 37 79 89 66 13 58 20 49 19 72 31 45 38 9 15 33 67 9 95 4 60 78 85 60 40 2 ]

Running merge sort algorithm: 
Timer (sort): 13ms real	10ms user	0ms sys
The output is sorted!
[ 26 33 63 31 7 93 4 23 68 23 62 21 10 4 0 51 13 57 43 1 42 62 50 66 19 49 22 50 62 15 4 40 0 67 71 8 12 27 31 33 2 45 6 13 49 58 16 15 15 59 ]
[ 9 34 81 68 3 5 5 58 23 0 18 24 23 41 60 39 56 21 18 70 17 15 2 64 50 14 34 6 4 17 93 13 51 27 81 6 32 39 16 7 39 35 31 14 28 44 53 85 65 72 ]
[ 4 51 38 12 25 16 34 86 9 66 9 4 62 93 5 36 99 47 4 7 27 2 1 22 21 32 7 29 96 6 95 52 57 86 16 34 2 51 20 11 17 30 67 31 75 25 20 26 24 24 ]
[ 6 91 54 60 48 93 82 16 51 59 9 83 9 11 52 41 42 57 89 7 37 11 4 14 40 2 46 11 5 40 25 11 31 31 24 79 77 6 47 28 17 8 63 26 19 15 20 13 25 9 ]
[ 18 20 73 30 89 45 13 57 22 1 86 19 33 41 42 72 18 12 6 40 77 44 63 90 78 55 47 68 16 2 91 34 23 16 16 12 13 29 21 35 31 7 6 16 0 0 40 18 13 46 ]
[ 0 50 13 37 22 14 72 53 85 42 55 8 29 90 87 44 12 2 43 67 29 20 32 40 33 19 3 35 20 16 24 20 18 89 9 40 55 34 45 40 76 0 1 5 42 40 1 54 42 44 ]
[ 5 29 59 38 77 42 1 31 6 28 23 0 59 47 22 30 75 10 17 88 17 37 11 34 13 2 10 66 3 38 43 9 67 2 47 44 97 1 27 55 29 3 55 41 50 30 23 78 92 41 ]
[ 18 82 13 7 2 14 31 12 44 3 3 97 31 13 17 93 77 59 11 26 3 41 19 66 71 0 24 72 21 70 24 39 4 38 47 7 4 30 71 0 33 26 98 64 91 15 10 69 26 21 ]
[ 23 12 22 43 15 34 40 6 9 12 7 60 8 57 10 41 79 42 14 45 22 73 52 29 2 25 91 9 40 61 92 15 26 15 58 41 49 50 47 10 14 7 70 75 64 32 16 43 27 30 ]
[ 48 72 45 21 24 77 57 3 5 3 79 23 35 21 40 51 1 9 47 53 8 22 61 44 36 72 9 1 46 51 23 94 24 69 67 0 46 25 4 3 80 35 26 15 56 19 18 9 28 65 ]
[ 13 26 27 62 96 78 24 61 16 31 8 61 5 37 2 48 19 67 37 6 79 22 38 23 12 29 57 10 15 11 29 81 89 9 43 85 39 19 46 55 2 7 17 8 44 71 8 15 39 45 ]
[ 62 13 3 7 27 88 12 12 35 58 3 61 18 24 92 37 20 51 43 40 0 9 29 16 83 56 10 59 14 23 71 76 36 27 35 15 67 48 28 2 58 31 15 76 7 60 14 80 11 9 ]
[ 15 6 87 73 31 13 20 54 10 68 28 90 35 5 51 22 8 28 25 35 10 34 17 55 31 24 43 10 5 31 47 20 37 35 46 20 0 66 75 10 86 55 53 21 12 56 96 20 36 21 ]
[ 1 60 81 48 13 33 96 97 47 72 24 48 78 30 25 29 98 30 71 16 15 30 74 57 44 8 3 2 15 88 35 16 0 68 16 13 1 12 11 1 36 35 1 66 17 26 48 15 8 19 ]
[ 0 22 53 81 38 54 19 88 13 11 46 16 4 9 71 66 64 52 51 76 72 20 3 6 63 78 61 9 62 55 0 15 30 5 96 20 11 67 9 24 78 7 41 34 17 12 1 33 17 4 ]
[ 11 13 32 74 30 21 72 39 36 77 8 13 50 14 33 30 26 27 62 31 21 87 1 18 4 72 42 7 48 8 14 12 74 98 86 4 20 10 95 8 39 3 21 90 70 6 20 48 34 34 ]
[ 61 24 39 98 84 62 52 10 32 1 33 27 46 16 20 32 35 5 83 53 10 61 27 91 48 66 37 52 43 45 14 5 69 6 55 6 20 7 68 4 8 1 32 7 17 4 39 5 61 74 ]
[ 3 48 71 7 13 27 27 43 37 46 8 10 88 53 54 66 15 49 56 24 99 38 54 23 36 0 78 4 8 13 83 11 13 7 18 78 34 45 22 23 43 30 34 83 35 40 49 3 41 5 ]
[ 43 34 23 38 44 94 55 72 68 32 44 12 4 29 6 51 7 76 19 3 82 16 11 53 38 4 2 9 24 70 93 19 56 68 9 1 14 64 25 82 48 21 47 53 2 5 56 9 34 27 ]
[ 28 5 53 5 35 18 56 63 88 35 48 59 76 2 61 10 0 42 71 46 16 21 44 89 1 90 17 75 20 8 86 49 65 40 6 1 10 14 16 50 1 16 61 77 18 22 39 18 16 10 ]

Timer (generate): 40ms real	40ms user	0ms sys
[ 30 76 59 11 68 46 44 18 36 88 99 59 4 71 18 40 66 98 55 67 56 66 77 94 63 69 60 61 75 2 34 5 30 93 68 50 92 13 68 28 53 20 39 57 91 57 49 9 55 4 ]
[ 28 64 23 57 10 38 26 22 0 53 77 34 10 7 79 31 58 71 44 78 52 97 98 91 6 41 49 55 50 56 11 30 72 86 87 83 25 66 5 25 19 82 11 30 42 42 61 52 14 57 ]
[ 30 66 6 81 9 64 74 10 71 25 67 34 55 39 21 95 74 46 61 80 23 80 14 34 62 56 76 75 60 42 84 43 60 42 24 70 6 98 32 29 75 99 64 83 91 37 78 17 35 91 ]
[ 97 58 71 64 44 86 72 72 13 33 15 98 76 27 40 52 49 99 2 82 28 30 33 44 13 76 81 43 94 68 34 43 26 57 7 70 43 80 43 9 65 10 7 93 89 99 97 39 98 99 ]
[ 73 79 81 6 75 94 83 9 89 77 77 75 72 4 33 80 26 28 12 21 37 29 83 96 22 73 96 71 64 46 70 37 25 52 95 1 98 78 10 40 7 87 15 80 43 0 12 70 81 24 ]
[ 43 18 5 27 15 27 0 63 98 16 9 20 53 87 24 48 40 75 79 50 67 38 89 82 70 85 35 82 7 16 58 50 86 63 77 53 42 29 16 92 45 78 65 98 65 41 99 5 16 30 ]
[ 7 35 68 48 70 39 33 5 21 92 21 32 43 59 47 20 13 90 50 29 34 47 59 99 98 24 93 97 81 61 27 40 97 47 89 67 86 74 72 60 67 45 44 62 4 91 82 69 33 84 ]
[ 51 68 84 10 19 82 35 12 31 68 74 58 9 71 5 50 90 44 76 14 56 43 11 0 5 67 91 40 37 25 76 88 93 12 98 64 94 85 77 25 54 3 35 15 26 93 17 16 37 93 ]
[ 30 93 37 41 93 94 8 36 86 45 61 15 85 6 27 84 71 74 69 0 99 75 3 35 42 29 28 59 45 17 53 27 62 42 20 7 88 28 43 27 26 57 42 11 63 21 47 86 95 69 ]
[ 86 95 96 89 82 39 18 62 98 15 31 3 42 93 45 62 52 86 43 47 13 21 4 7 84 20 28 32 6 24 53 45 71 49 34 5 88 5 67 39 72 98 94 15 43 92 29 95 78 24 ]
[ 42 91 45 47 98 30 19 26 14 77 2 19 22 25 68 9 30 9 14 97 0 38 47 94 5 90 86 35 37 64 59 80 7 57 79 5 39 98 84 5 27 86 24 50 64 92 59 94 53 25 ]
[ 44 53 63 43 0 69 86 86 56 23 3 67 55 10 24 34 68 63 84 52 68 12 90 44 14 54 89 73 1 42 50 45 48 65 88 48 34 74 86 42 50 89 10 5 52 34 92 20 50 76 ]
[ 72 70 40 62 15 54 69 4 79 70 98 29 15 46 95 55 94 81 82 81 24 84 22 34 89 74 20 81 94 22 10 18 45 50 33 60 57 2 16 36 72 66 18 39 13 13 46 59 46 80 ]
[ 92 70 64 67 56 54 93 29 87 88 3 97 58 48 0 91 60 57 93 28 45 17 95 63 56 60 28 3 19 75 35 64 97 0 31 6 6 24 87 45 64 90 95 75 39 95 66 51 4 12 ]
[ 80 1 29 75 65 38 87 45 93 58 72 28 22 22 28 5 28 86 82 67 32 98 57 27 73 48 74 92 0 78 4 32 79 85 59 96 23 46 42 16 4 14 45 79 36 25 36 16 12 18 ]
[ 83 96 69 93 23 42 93 97 86 45 27 90 77 58 28 88 55 51 34 49 20 39 63 65 70 52 42 6 20 6 25 56 2 46 1 77 40 94 26 27 92 53 69 21 12 97 10 19 49 44 ]
[ 68 21 35 83 86 57 87 80 64 8 87 41 64 41 87 65 19 27 11 97 54 3 3 76 25 15 73 87 86 74 83 6 95 71 89 33 28 77 14 92 85 53 33 1 94 20 66 65 0 77 ]
[ 63 6 33 66 82 10 33 56 97 71 30 80 77 78 51 66 11 80 95 77 24 32 30 58 33 25 30 51 42 82 29 57 89 14 75 71 24 8 27 21 31 10 53 8 40 57 27 51 89 22 ]
[ 29 13 55 59 23 40 36 6 92 31 88 73 88 29 87 64 1 11 24 80 84 56 42 89 16 82 46 43 86 87 18 15 53 25 26 76 65 15 34 57 98 75 82 38 4 69 54 57 32 79 ]
[ 90 68 87 32 58 55 67 56 51 53 96 69 20 49 46 98 77 11 65 12 21 63 87 3 2 43 25 56 53 57 87 43 78 26 75 88 34 94 96 85 47 92 6 67 41 52 18 19 63 83 ]

Running merge sort algorithm: 
Timer (sort): 14ms real	10ms user	0ms sys
The output is sorted!
[ 82 29 40 4 11 35 23 4 54 42 29 44 12 76 9 24 75 6 51 27 38 54 26 74 1 82 13 52 69 72 10 51 1 2 7 13 37 31 17 43 25 46 39 37 74 0 13 49 6 17 ]
[ 78 25 36 66 25 18 89 5 2 59 5 21 94 45 22 22 33 32 7 51 23 9 11 30 23 9 18 9 32 38 95 62 64 31 29 41 50 18 46 4 29 3 25 24 49 0 98 34 32 5 ]
[ 58 32 34 45 21 64 1 10 39 28 9 64 3 26 15 8 39 4 4 11 98 8 45 18 15 11 22 70 44 4 5 2 36 91 99 10 56 0 20 95 81 29 12 84 7 79 44 47 36 0 ]
[ 69 83 97 46 0 3 10 5 19 1 82 16 37 33 18 20 16 90 26 67 10 31 7 6 49 60 23 4 83 36 11 52 19 60 51 71 15 13 29 34 66 11 3 3 96 21 24 64 11 2 ]
[ 67 35 36 33 27 3 79 67 46 18 82 6 97 92 16 87 14 4 11 26 5 48 73 30 37 43 32 12 16 23 14 35 10 2 68 37 5 47 4 3 17 38 10 14 30 78 2 96 34 13 ]
[ 28 59 75 30 59 42 32 46 89 15 8 43 14 1 9 15 21 54 92 96 19 12 1 1 51 8 26 49 0 48 3 80 7 30 10 67 72 94 65 13 10 26 8 24 27 17 40 0 24 84 ]
[ 5 77 13 61 16 7 29 92 1 30 14 39 62 7 0 7 17 52 52 45 25 12 89 37 17 16 94 25 83 3 35 40 80 1 1 49 8 83 41 10 13 7 1 27 66 1 86 83 54 38 ]
[ 12 19 35 7 79 13 88 50 3 0 30 49 7 99 60 12 12 25 77 27 3 59 49 6 39 13 7 64 48 26 18 13 97 5 72 76 18 12 27 73 12 57 74 20 8 34 32 20 11 61 ]
[ 13 19 25 21 60 77 8 35 20 44 0 11 46 30 23 76 60 45 52 10 15 29 45 47 50 58 72 53 20 11 39 33 30 64 7 42 41 15 29 13 59 29 24 57 11 0 85 24 45 37 ]
[ 18 32 28 33 95 87 5 12 36 0 14 25 14 52 17 8 43 39 96 11 68 22 27 27 23 20 53 65 51 16 11 22 48 39 7 95 27 12 8 15 13 74 92 79 27 9 40 70 0 36 ]
[ 12 27 10 84 0 9 57 19 59 3 22 35 11 0 77 39 65 61 47 6 16 6 66 85 40 8 48 0 46 13 55 10 41 17 46 41 26 4 60 38 59 34 73 70 35 2 62 52 63 9 ]
[ 27 58 3 71 79 14 8 61 48 43 29 2 29 91 23 21 71 2 32 16 17 71 33 15 13 49 23 47 57 22 39 36 81 42 60 60 56 20 22 56 15 3 10 44 46 34 17 17 36 2 ]
[ 51 20 4 7 15 40 25 6 14 61 18 29 9 35 32 43 92 62 12 19 32 59 86 25 84 6 93 27 23 6 6 75 26 11 82 93 3 7 52 17 20 22 99 30 57 31 25 1 46 37 ]
[ 11 24 5 25 34 5 31 36 4 16 10 88 41 50 77 13 13 2 32 71 42 37 13 2 69 20 66 5 18 1 79 29 25 36 54 11 41 37 48 97 5 10 85 47 60 62 12 73 64 44 ]
[ 89 83 29 80 40 52 5 17 50 49 13 5 3 37 13 59 4 61 4 10 45 33 36 11 18 1 12 28 21 4 38 10 39 67 43 31 71 0 1 21 1 66 78 56 3 92 68 59 53 72 ]
[ 2 90 53 3 19 38 22 34 11 65 53 31 52 18 80 42 47 64 27 98 35 78 14 68 50 16 3 6 8 18 17 62 8 23 66 79 13 40 13 25 5 66 8 9 37 89 4 36 5 31 ]
[ 30 16 9 61 45 23 68 48 5 93 1 35 48 4 11 37 61 52 32 17 15 21 4 17 28 34 14 12 51 89 10 81 57 71 95 3 46 15 3 51 9 4 39 57 60 50 46 21 54 31 ]
[ 8 1 5 92 51 5 24 10 50 0 38 52 1 45 30 49 29 78 1 23 67 0 52 1 0 28 71 46 72 19 26 32 72 31 25 24 88 49 34 38 1 24 42 2 69 73 52 98 3 53 ]
[ 12 73 1 42 8 9 41 42 22 80 48 29 13 58 44 80 26 40 5 17 42 71 4 16 20 55 36 11 25 82 11 89 7 12 31 16 73 25 10 96 57 11 25 70 69 21 3 48 62 8 ]
[ 18 48 74 24 59 18 8 18 58 52 10 5 10 6 1 6 0 52 19 98 88 35 10 96 36 4 22 59 33 67 12 3 67 86 80 26 5 40 45 63 92 55 21 2 13 22 60 14 26 31 ]

