Timer (generate): 427ms real	400ms user	10ms sys
[ 78 1 49 58 71 75 58 73 51 44 ]
[ 84 8 35 4 91 88 1 53 11 13 ]
[ 35 29 92 99 90 95 79 35 94 25 ]
[ 6 72 78 55 30 49 82 40 22 85 ]
[ 84 58 94 71 62 37 11 16 91 22 ]
[ 29 78 52 73 78 94 68 9 29 62 ]
[ 34 87 34 12 42 17 14 77 9 88 ]
[ 62 46 47 8 17 61 46 29 77 89 ]
[ 51 58 67 55 32 97 49 0 7 78 ]
[ 15 93 65 1 58 60 70 24 89 80 ]
[ 12 3 26 11 64 95 25 62 24 2 ]
[ 51 28 13 70 83 97 20 85 97 27 ]
[ 15 64 72 33 66 82 45 36 6 34 ]
[ 68 19 37 94 82 53 90 7 15 66 ]
[ 62 18 94 27 89 30 24 9 67 73 ]
[ 88 82 38 12 15 56 95 12 44 53 ]
[ 46 13 24 36 7 7 89 49 66 5 ]
[ 16 28 23 10 7 64 92 31 25 59 ]
[ 5 65 94 95 78 9 51 25 22 95 ]
[ 78 20 8 3 8 68 62 98 17 28 ]

Running merge sort algorithm: 
Timer (generate): 478ms real	430ms user	30ms sys
[ 82 99 91 1 38 82 74 45 29 94 ]
[ 85 48 35 93 17 82 14 87 49 66 ]
[ 20 55 71 9 29 90 41 72 37 85 ]
[ 8 72 84 99 25 74 81 99 20 62 ]
[ 46 5 62 33 50 79 15 64 18 16 ]
[ 82 90 71 5 99 53 96 92 77 85 ]
[ 77 85 9 62 36 35 36 69 86 8 ]
[ 31 32 65 93 17 15 24 32 32 42 ]
[ 1 66 84 72 72 84 77 20 76 6 ]
[ 57 54 91 67 68 27 2 56 96 40 ]
[ 65 79 25 82 24 42 98 48 27 30 ]
[ 42 28 96 27 52 20 63 30 40 91 ]
[ 36 98 97 80 65 65 59 19 74 8 ]
[ 59 91 87 84 73 12 79 23 12 6 ]
[ 5 7 34 2 86 38 74 49 20 15 ]
[ 40 57 65 38 89 82 55 48 1 81 ]
[ 56 12 24 96 49 50 60 28 73 24 ]
[ 86 79 31 72 33 17 10 7 18 31 ]
[ 74 59 40 39 49 29 73 56 29 26 ]
[ 38 38 39 14 34 40 64 46 20 38 ]

Running merge sort algorithm: 
Timer (generate): 421ms real	390ms user	20ms sys
[ 52 23 86 14 34 75 20 97 14 55 ]
[ 97 70 17 31 38 40 52 41 98 74 ]
[ 91 57 10 21 35 0 64 99 30 71 ]
[ 46 82 46 32 49 33 59 69 30 73 ]
[ 24 79 95 93 63 86 33 15 79 83 ]
[ 89 71 40 51 44 75 52 8 27 82 ]
[ 32 73 16 78 6 65 63 65 86 45 ]
[ 91 62 25 86 55 88 72 40 55 52 ]
[ 75 96 75 16 47 71 43 51 80 70 ]
[ 85 64 44 2 94 50 19 58 67 6 ]
[ 3 58 20 80 97 76 68 69 68 75 ]
[ 73 44 71 0 60 71 72 55 74 4 ]
[ 26 60 68 22 14 14 24 33 72 91 ]
[ 91 76 2 12 56 99 40 77 68 8 ]
[ 4 94 52 28 46 64 99 70 20 73 ]
[ 74 98 85 94 20 99 9 96 85 33 ]
[ 87 28 61 89 92 18 88 32 47 9 ]
[ 93 3 55 97 31 1 62 30 24 34 ]
[ 56 50 32 41 97 4 93 58 0 30 ]
[ 91 39 58 53 29 3 23 69 87 22 ]

Running merge sort algorithm: 
Timer (generate): 432ms real	400ms user	30ms sys
[ 42 55 60 47 6 3 98 31 24 25 ]
[ 7 2 39 81 35 83 79 96 13 11 ]
[ 61 72 81 47 3 24 28 80 73 79 ]
[ 54 67 86 14 14 92 69 64 76 46 ]
[ 41 35 0 32 68 36 15 48 32 29 ]
[ 11 45 53 92 45 57 68 25 89 42 ]
[ 5 43 61 43 9 76 36 31 92 64 ]
[ 77 34 99 77 66 68 65 34 68 50 ]
[ 15 79 95 68 23 40 77 92 66 67 ]
[ 86 23 62 47 66 72 75 54 55 20 ]
[ 70 32 54 22 61 72 90 79 6 10 ]
[ 29 21 41 76 90 64 17 67 8 35 ]
[ 86 46 10 49 46 28 21 21 35 76 ]
[ 41 5 60 47 27 73 20 69 52 26 ]
[ 31 33 0 72 10 90 89 79 9 97 ]
[ 66 96 96 76 45 42 4 18 15 91 ]
[ 46 9 97 58 8 76 31 28 46 36 ]
[ 7 77 21 7 2 31 49 91 62 10 ]
[ 40 28 6 36 56 3 30 13 21 98 ]
[ 4 19 59 53 77 67 30 61 48 28 ]

Running merge sort algorithm: 
Timer (generate): 439ms real	390ms user	30ms sys
[ 61 56 62 99 55 53 91 27 26 27 ]
[ 16 65 33 26 52 75 43 38 2 17 ]
[ 44 29 71 25 57 73 27 61 11 16 ]
[ 1 72 72 15 24 80 69 67 7 47 ]
[ 95 75 64 28 53 16 3 96 7 57 ]
[ 66 51 39 37 76 96 11 55 9 74 ]
[ 24 11 99 48 78 23 28 47 90 87 ]
[ 46 85 62 10 13 68 27 69 64 34 ]
[ 26 82 37 17 20 65 66 83 73 75 ]
[ 9 97 38 8 45 69 31 26 16 22 ]
[ 13 15 7 28 25 73 96 52 42 12 ]
[ 38 20 95 75 38 67 41 56 2 14 ]
[ 83 11 63 22 20 60 43 3 86 11 ]
[ 25 52 26 85 32 52 58 80 4 0 ]
[ 44 95 72 39 22 62 58 15 18 60 ]
[ 81 2 24 44 76 96 5 19 99 43 ]
[ 30 77 47 57 62 31 9 72 11 65 ]
[ 72 8 60 96 47 83 59 58 50 77 ]
[ 18 32 79 94 76 7 90 33 26 90 ]
[ 29 57 67 76 66 81 60 75 53 23 ]

Running merge sort algorithm: 
Timer (generate): 462ms real	450ms user	10ms sys
[ 82 41 11 89 0 86 74 94 42 11 ]
[ 63 86 12 16 10 38 26 55 68 76 ]
[ 45 79 57 33 11 32 34 95 40 29 ]
[ 30 74 70 41 16 70 79 90 65 74 ]
[ 53 80 12 65 48 22 55 74 78 24 ]
[ 3 75 55 12 8 18 96 42 65 36 ]
[ 72 95 11 94 88 79 65 68 69 82 ]
[ 42 75 14 54 40 62 28 96 88 58 ]
[ 72 43 34 27 55 42 97 51 37 62 ]
[ 40 61 57 3 55 45 82 72 65 3 ]
[ 6 7 78 20 13 71 34 94 19 23 ]
[ 52 91 18 86 70 74 81 67 77 18 ]
[ 29 69 31 38 72 38 83 6 63 49 ]
[ 10 69 8 40 90 74 11 76 68 30 ]
[ 51 20 21 70 59 43 44 40 10 73 ]
[ 10 91 43 93 29 67 31 13 74 94 ]
[ 14 36 16 74 76 6 48 88 82 68 ]
[ 70 34 41 44 56 0 87 52 92 50 ]
[ 25 54 41 20 99 71 88 30 36 14 ]
[ 77 2 50 93 76 26 51 77 66 85 ]

Running merge sort algorithm: 
Timer (generate): 410ms real	400ms user	10ms sys
[ 79 0 64 24 83 58 5 58 30 32 ]
[ 71 97 39 49 3 97 16 39 27 34 ]
[ 59 23 8 23 19 59 55 77 59 28 ]
[ 20 38 28 84 14 64 43 19 74 25 ]
[ 3 45 74 42 46 78 91 62 17 70 ]
[ 48 28 45 56 51 64 15 58 42 26 ]
[ 87 62 64 67 99 78 83 94 97 57 ]
[ 19 1 54 93 95 0 71 39 15 40 ]
[ 61 63 69 7 72 72 71 39 83 65 ]
[ 66 70 80 30 89 31 61 25 25 10 ]
[ 82 96 11 37 41 59 89 13 50 56 ]
[ 5 11 72 74 70 44 99 94 83 82 ]
[ 11 1 4 91 32 45 74 45 70 99 ]
[ 55 53 47 67 42 89 78 83 2 80 ]
[ 40 59 91 64 34 14 8 85 8 43 ]
[ 67 19 45 23 63 29 68 89 74 39 ]
[ 41 29 92 88 48 86 77 26 21 31 ]
[ 6 13 91 50 77 77 16 85 62 24 ]
[ 29 81 95 26 4 10 55 72 52 29 ]
[ 11 93 58 55 81 7 41 59 85 63 ]

Running merge sort algorithm: 
Timer (generate): 447ms real	410ms user	30ms sys
[ 20 91 55 57 28 24 47 32 81 89 ]
[ 83 64 42 39 12 61 32 13 59 67 ]
[ 40 15 31 26 35 69 8 24 81 12 ]
[ 41 54 55 97 11 84 21 10 68 2 ]
[ 0 51 66 42 90 78 56 22 44 15 ]
[ 42 36 82 25 15 18 46 23 94 79 ]
[ 88 36 33 95 85 44 79 6 7 99 ]
[ 8 7 2 27 1 45 5 57 19 1 ]
[ 24 13 38 59 38 5 29 36 80 23 ]
[ 16 20 11 49 16 96 46 47 54 53 ]
[ 47 63 12 49 90 13 46 47 23 66 ]
[ 49 99 79 39 58 70 96 87 6 76 ]
[ 63 22 97 26 24 13 23 22 60 77 ]
[ 27 59 92 39 61 34 4 7 82 79 ]
[ 73 83 79 5 22 37 75 18 77 81 ]
[ 46 40 56 43 66 80 8 41 54 21 ]
[ 71 81 80 63 72 93 98 76 1 32 ]
[ 56 26 15 35 83 89 24 58 7 53 ]
[ 92 53 93 0 49 12 32 57 5 86 ]
[ 78 76 67 11 92 39 4 42 67 57 ]

Running merge sort algorithm: 
Timer (generate): 425ms real	410ms user	0ms sys
[ 37 7 10 5 22 29 77 68 25 42 ]
[ 70 74 69 23 75 13 22 4 44 15 ]
[ 84 20 51 24 74 25 80 17 0 56 ]
[ 37 37 63 47 94 37 28 24 5 53 ]
[ 66 28 80 88 51 55 1 26 11 45 ]
[ 41 95 17 45 20 44 22 52 13 22 ]
[ 8 2 12 24 1 58 61 29 34 19 ]
[ 83 1 47 15 41 50 70 42 76 81 ]
[ 40 70 29 57 15 1 53 37 53 67 ]
[ 11 14 69 75 38 23 34 99 52 68 ]
[ 70 87 21 17 2 14 68 24 57 96 ]
[ 6 97 66 87 6 81 88 12 70 93 ]
[ 79 82 7 0 57 97 23 43 97 28 ]
[ 64 19 15 37 37 70 52 57 94 61 ]
[ 53 0 58 20 87 16 53 27 28 24 ]
[ 21 59 58 28 12 67 26 87 11 75 ]
[ 15 27 94 83 16 83 53 68 92 47 ]
[ 29 98 0 39 70 39 8 23 67 36 ]
[ 99 88 48 57 68 12 77 46 99 40 ]
[ 21 15 67 68 98 83 3 3 4 96 ]

Running merge sort algorithm: 
Timer (generate): 452ms real	420ms user	20ms sys
[ 81 50 28 5 83 28 95 31 99 91 ]
[ 1 97 11 26 36 68 25 82 11 94 ]
[ 70 40 48 33 12 33 9 28 93 45 ]
[ 9 74 95 37 31 31 17 79 14 17 ]
[ 70 15 14 33 93 2 1 19 85 65 ]
[ 13 7 5 61 41 69 46 50 97 40 ]
[ 48 6 66 95 43 98 26 60 77 92 ]
[ 29 99 8 96 33 53 98 86 72 35 ]
[ 51 37 43 8 99 84 77 97 86 74 ]
[ 37 86 80 56 82 75 54 60 88 83 ]
[ 53 17 82 13 13 67 66 64 6 39 ]
[ 51 57 76 94 66 27 30 43 25 69 ]
[ 70 14 55 2 70 37 78 76 98 18 ]
[ 11 3 35 46 16 1 13 34 65 19 ]
[ 73 68 29 2 63 95 81 45 90 6 ]
[ 14 12 73 22 15 95 11 45 72 61 ]
[ 63 35 64 50 81 32 3 95 67 20 ]
[ 66 92 89 95 94 4 42 76 49 85 ]
[ 34 16 49 59 90 64 55 1 61 79 ]
[ 63 76 14 79 79 96 12 82 43 79 ]

Running merge sort algorithm: 
