Timer (generate): 19ms real	20ms user	0ms sys
[ 30 14 89 43 84 27 3 27 74 32 25 57 32 57 94 25 48 91 61 43 35 58 96 91 56 80 49 98 95 80 62 25 46 51 20 30 30 24 10 56 56 35 66 40 44 60 18 92 52 31 ]
[ 87 39 89 35 30 97 15 31 48 11 11 10 88 10 13 9 92 44 85 2 52 41 90 18 33 34 79 51 79 83 83 18 74 24 54 56 22 69 88 22 32 51 32 73 13 97 34 6 41 19 ]
[ 8 46 60 50 64 93 37 95 97 16 78 80 34 4 4 88 13 78 10 53 0 94 56 84 67 70 82 1 76 75 72 36 21 32 87 86 78 24 81 75 92 12 7 78 68 63 19 81 94 81 ]
[ 86 46 75 43 31 95 13 65 48 41 92 21 77 14 5 16 52 35 92 85 62 36 49 69 15 70 33 86 3 79 67 90 25 94 85 56 89 50 73 90 91 66 11 20 32 68 37 36 4 81 ]
[ 73 66 18 75 88 85 45 73 71 48 52 38 38 77 32 75 34 74 25 59 64 16 25 27 37 9 95 26 45 51 59 71 18 77 46 6 14 91 79 85 39 31 23 30 8 8 5 94 82 83 ]
[ 6 98 99 31 25 88 93 72 66 38 24 26 9 42 55 7 0 70 98 31 55 90 14 31 72 74 91 29 21 25 12 27 23 64 58 0 52 51 72 71 42 48 49 3 90 4 11 42 26 61 ]
[ 73 34 51 39 17 75 14 8 5 35 85 69 62 8 33 72 60 38 76 84 61 18 33 10 73 75 14 36 18 93 98 43 27 1 83 44 77 97 4 34 84 89 55 46 49 89 18 9 79 46 ]
[ 93 40 16 26 2 90 2 68 26 72 61 24 15 88 78 50 84 55 47 88 41 31 77 96 29 26 37 0 87 16 46 81 8 63 59 10 5 61 31 31 33 92 8 1 33 86 51 17 93 51 ]
[ 6 86 34 35 82 16 14 20 16 1 88 14 34 49 77 94 11 82 7 42 66 93 87 26 46 20 12 97 37 57 0 95 43 35 83 25 51 49 97 19 2 38 33 37 39 63 83 2 45 42 ]
[ 45 63 35 32 89 81 4 53 31 41 10 31 89 5 18 24 83 21 73 80 40 75 70 26 64 61 89 47 64 86 42 9 50 77 93 91 11 97 45 94 90 55 77 31 13 96 55 96 69 80 ]
[ 28 62 56 99 88 20 60 29 20 76 15 62 37 17 91 30 9 54 79 54 48 22 61 26 53 74 74 61 70 43 41 99 57 49 50 97 22 62 26 94 39 42 8 76 59 99 59 20 54 38 ]
[ 74 54 12 88 32 18 62 6 31 85 2 72 36 59 74 86 57 96 48 83 90 39 77 98 16 89 49 27 9 55 17 84 10 30 24 42 0 38 1 31 23 3 3 59 14 29 97 23 25 98 ]
[ 59 67 37 36 17 5 77 67 84 87 74 2 23 36 32 47 31 84 85 32 15 61 87 70 72 53 0 70 77 25 20 88 93 9 76 62 15 54 81 51 41 56 53 16 44 37 63 75 21 0 ]
[ 59 36 61 98 7 86 52 7 56 81 84 76 21 29 85 97 92 52 51 73 4 44 81 9 60 26 47 75 1 20 76 13 57 89 11 16 75 15 23 83 48 59 59 69 89 97 19 81 1 70 ]
[ 6 57 15 88 67 27 14 66 3 67 86 79 32 95 20 44 11 96 11 86 79 12 46 91 33 35 40 52 68 93 23 74 3 90 14 22 17 80 88 20 0 26 51 32 22 72 28 33 20 40 ]
[ 20 51 4 18 94 37 53 86 90 73 32 65 99 35 55 66 57 24 46 97 97 98 23 48 31 45 72 59 31 44 51 3 96 55 21 42 45 26 29 35 99 61 0 50 48 7 16 5 31 15 ]
[ 54 28 13 77 77 44 75 1 56 6 46 59 9 94 67 30 36 12 56 17 99 7 30 99 9 78 6 26 35 37 41 89 18 6 67 47 3 42 48 59 0 46 70 9 40 89 91 77 1 99 ]
[ 46 0 6 77 51 15 55 57 93 91 47 86 32 17 93 51 64 96 45 64 7 45 11 29 6 51 19 97 80 72 96 27 25 54 4 76 22 11 86 15 54 85 2 87 2 47 38 18 95 84 ]
[ 82 2 81 93 83 88 97 2 85 29 75 34 8 0 88 12 28 10 76 14 78 30 99 32 69 53 79 60 71 74 96 54 28 77 99 11 65 48 66 3 78 41 37 86 93 25 51 21 88 79 ]
[ 88 66 9 39 98 31 93 29 91 16 55 87 70 83 64 22 46 82 22 12 85 52 5 22 91 50 99 42 24 87 21 12 5 82 51 55 13 96 84 56 13 91 43 35 26 60 9 73 42 32 ]

Running merge sort algorithm: 
Timer (sort): 7ms real	0ms user	0ms sys
The output is sorted!
[ 58 58 2 3 66 32 13 95 35 1 9 1 47 97 35 1 98 19 45 9 91 9 4 73 5 16 55 26 22 21 93 32 32 95 35 50 28 1 46 15 2 7 68 1 5 4 2 3 23 0 ]
[ 39 34 47 77 65 12 53 44 37 0 5 9 42 9 6 86 28 14 26 7 15 81 21 24 62 47 49 18 30 61 0 21 48 47 50 13 12 55 57 1 55 14 10 50 24 17 36 4 31 14 ]
[ 9 78 2 20 6 10 94 42 42 5 24 0 35 49 7 27 81 23 18 30 58 73 22 24 7 81 19 58 73 13 72 83 43 26 55 1 36 49 43 30 6 19 31 41 20 90 21 1 13 39 ]
[ 26 53 50 28 49 13 25 22 80 4 16 63 68 47 56 52 25 17 25 35 57 3 6 24 37 59 37 20 24 72 4 50 77 7 30 27 72 55 1 52 12 17 16 80 17 24 32 42 41 9 ]
[ 5 42 2 46 1 78 47 16 3 4 36 4 71 24 46 11 12 12 41 78 28 10 58 21 0 47 0 7 26 78 1 83 72 3 30 74 34 29 42 89 33 78 45 56 2 91 67 66 3 8 ]
[ 39 32 61 27 21 39 60 14 66 30 44 32 24 66 29 40 12 33 7 3 8 90 38 77 53 48 53 93 23 23 2 14 7 63 41 28 55 1 42 21 31 38 54 7 4 35 0 69 69 7 ]
[ 58 6 0 95 81 49 22 57 44 6 12 25 3 7 32 32 22 27 10 46 67 56 6 0 68 33 61 23 36 77 35 46 36 35 41 17 37 63 26 33 21 39 11 24 98 43 8 72 23 18 ]
[ 77 0 14 18 22 36 3 98 15 97 10 89 30 66 19 20 24 9 14 19 78 30 72 20 84 9 30 79 55 26 69 84 27 36 2 1 24 5 99 39 3 61 29 85 28 0 5 4 9 19 ]
[ 34 93 75 60 13 70 19 58 58 71 82 28 47 43 40 14 9 34 21 3 21 92 41 30 54 15 12 26 66 5 21 0 99 48 12 12 71 31 23 29 3 5 9 50 0 50 16 9 36 37 ]
[ 62 64 3 99 32 67 30 12 21 24 41 89 32 5 32 20 53 13 12 35 25 13 66 22 71 10 43 33 9 76 86 23 40 41 22 24 9 53 36 30 29 30 20 13 35 4 33 41 17 97 ]
[ 17 25 16 52 8 9 22 57 62 19 50 19 45 6 19 44 66 2 13 11 38 2 18 92 74 96 29 40 59 16 63 77 93 31 81 1 92 3 10 54 22 12 25 19 19 44 16 37 46 29 ]
[ 42 50 18 28 46 23 54 46 48 71 27 64 36 60 14 45 29 21 17 92 27 38 36 14 97 26 21 62 13 9 9 8 59 27 36 5 3 43 4 3 14 31 67 2 44 34 47 73 55 65 ]
[ 35 19 32 27 37 52 64 41 3 13 95 9 6 71 3 2 20 32 1 46 86 5 3 28 18 72 78 6 3 55 71 38 26 56 65 63 60 82 57 63 47 4 25 53 27 28 8 48 12 9 ]
[ 4 6 14 67 27 11 44 0 87 23 51 55 27 2 99 26 23 53 68 35 35 17 25 32 47 21 43 17 11 51 10 15 9 76 35 36 88 79 36 27 3 40 34 30 42 85 8 17 38 76 ]
[ 85 54 32 61 1 39 55 91 15 13 48 2 0 62 5 19 52 23 6 30 33 6 7 35 11 87 86 29 10 48 4 47 2 89 8 56 80 16 47 95 29 95 49 30 9 6 1 62 30 7 ]
[ 10 6 0 33 31 32 11 53 49 9 12 8 61 93 35 21 5 24 13 6 52 99 51 81 51 85 17 16 51 11 74 62 69 74 47 0 58 58 5 7 19 17 68 33 63 3 6 20 28 71 ]
[ 40 25 1 42 14 17 37 56 6 14 61 78 32 81 96 13 10 20 19 18 17 68 84 27 28 32 21 73 22 38 55 14 15 56 8 30 73 45 86 32 12 47 10 44 29 59 10 39 31 29 ]
[ 5 63 31 24 71 12 34 71 36 47 5 38 44 45 6 9 31 15 31 12 40 42 62 75 13 75 83 24 1 11 35 6 26 67 82 49 31 16 20 67 15 78 58 11 23 64 21 6 80 4 ]
[ 10 11 53 59 52 48 45 80 32 42 7 8 0 5 94 44 22 96 18 5 46 22 16 2 16 30 33 49 44 7 62 6 70 67 65 22 16 10 2 0 52 62 8 53 67 2 49 89 98 19 ]
[ 49 41 20 36 13 63 32 98 65 19 62 9 23 4 26 31 76 23 4 51 36 4 4 45 16 31 86 84 5 11 86 7 4 6 95 18 21 27 68 38 98 30 48 21 86 26 4 63 1 8 ]

Timer (generate): 21ms real	20ms user	0ms sys
[ 59 21 74 97 46 23 9 95 53 18 11 71 34 40 28 72 0 54 93 45 21 31 47 53 54 65 11 4 74 9 20 34 83 95 83 29 70 44 76 75 62 87 46 48 80 26 72 32 81 65 ]
[ 29 54 97 77 60 3 94 71 8 68 32 28 54 67 23 90 48 93 34 25 69 49 64 67 97 96 46 70 28 79 87 58 33 36 87 93 40 81 64 48 1 49 76 8 16 0 98 65 45 84 ]
[ 42 66 33 6 34 83 3 80 53 31 59 92 41 92 29 28 38 69 61 54 17 15 3 45 23 72 97 73 89 43 57 31 9 43 37 95 26 92 75 31 76 86 23 17 31 52 98 69 73 11 ]
[ 23 90 26 79 36 1 51 33 74 40 28 84 23 90 79 12 85 5 5 61 88 33 99 63 50 30 68 0 51 41 64 75 84 90 6 72 44 57 57 18 49 86 54 72 76 33 36 61 90 93 ]
[ 74 30 26 74 94 29 56 62 29 60 55 45 35 39 36 41 63 32 50 21 50 51 59 57 23 35 90 11 48 33 5 75 63 31 1 57 60 57 71 42 17 79 87 4 70 75 97 34 7 99 ]
[ 55 10 50 66 67 25 1 9 37 1 42 42 76 6 25 77 63 86 87 87 80 56 66 67 13 88 43 10 22 2 62 29 12 12 95 31 38 48 41 27 50 83 21 78 89 46 8 5 32 95 ]
[ 44 64 3 10 32 16 50 27 79 73 29 41 54 94 5 50 25 43 98 66 22 0 50 43 79 91 90 39 96 74 34 40 39 37 2 71 6 53 50 85 78 31 78 32 25 83 34 3 79 33 ]
[ 69 1 85 71 45 16 63 87 55 11 61 41 4 0 31 6 23 37 11 25 74 41 57 52 74 34 87 8 37 66 93 59 68 31 82 65 47 97 52 3 9 65 96 65 66 27 23 41 16 35 ]
[ 67 90 28 76 94 2 10 82 63 0 48 8 59 68 39 93 33 87 91 37 42 52 3 38 17 21 18 40 14 34 27 33 25 56 9 19 10 20 1 25 72 2 34 31 70 73 24 56 12 67 ]
[ 45 54 19 48 45 88 21 63 81 36 49 8 69 74 16 31 46 79 3 99 4 75 1 90 6 24 64 82 80 76 2 25 83 21 26 80 62 99 95 43 35 44 3 57 71 20 88 17 51 91 ]
[ 16 7 66 70 98 24 94 62 58 26 90 60 3 25 34 29 57 96 29 52 39 16 49 42 25 20 14 13 37 65 56 5 25 74 75 23 50 21 37 9 47 79 21 51 5 55 32 62 51 13 ]
[ 67 90 30 16 85 55 88 99 21 77 17 77 82 42 4 10 65 54 31 54 63 31 33 85 82 38 92 14 53 44 28 72 86 10 40 23 65 28 23 38 57 92 16 39 34 72 1 51 26 85 ]
[ 5 42 16 90 79 98 81 71 64 34 67 92 58 54 2 50 77 20 78 52 58 87 44 26 78 30 50 80 33 77 65 90 19 33 81 98 83 62 21 47 48 89 92 58 95 46 8 24 66 38 ]
[ 29 77 25 73 55 3 56 6 83 41 35 0 32 54 85 65 4 68 27 77 16 27 66 60 85 13 6 93 38 25 31 67 54 8 92 9 11 0 67 47 42 2 99 26 8 85 91 64 53 70 ]
[ 42 21 49 60 81 34 74 88 79 12 65 62 31 19 70 23 80 81 24 0 80 18 54 80 44 63 65 87 79 70 9 21 44 58 82 25 44 56 65 23 20 82 37 51 1 7 26 82 40 2 ]
[ 82 21 20 36 53 16 51 18 3 31 40 64 4 84 22 38 62 66 46 79 41 66 62 78 69 63 85 96 97 78 50 31 51 71 20 4 87 23 22 43 54 14 7 11 51 82 1 13 48 48 ]
[ 44 90 66 6 68 88 22 6 84 71 36 86 3 87 57 75 91 97 98 65 92 5 79 99 16 82 81 17 95 82 17 92 24 84 98 44 72 72 50 8 44 38 94 99 25 4 74 16 1 72 ]
[ 33 93 77 65 44 45 47 78 15 43 60 32 87 84 16 85 28 40 10 31 0 54 69 47 53 47 51 79 15 4 51 49 49 81 14 93 26 61 23 41 56 83 26 43 19 94 81 0 87 91 ]
[ 83 87 97 4 34 50 51 37 81 67 41 84 68 42 65 82 36 44 95 11 37 52 47 63 47 66 10 28 18 97 71 1 84 68 6 71 70 9 60 51 28 54 36 96 96 53 78 84 49 26 ]
[ 96 39 30 43 54 77 61 64 58 80 61 29 33 98 50 91 21 20 1 81 24 29 35 12 78 32 65 56 16 67 34 64 6 64 7 60 42 69 25 52 1 38 33 34 36 83 26 57 4 79 ]

Running merge sort algorithm: 
Timer (sort): 7ms real	0ms user	0ms sys
The output is sorted!
[ 28 44 50 37 7 2 61 87 66 15 12 0 1 73 18 21 5 43 42 27 31 14 71 27 14 59 79 69 38 22 16 19 18 18 8 78 21 69 17 39 36 29 39 38 2 57 11 8 53 53 ]
[ 22 6 51 84 32 70 0 47 11 13 20 77 4 29 2 93 42 27 33 30 2 41 10 26 38 27 17 66 42 67 76 16 25 80 1 57 2 53 4 13 66 76 43 22 57 45 16 0 25 1 ]
[ 26 66 59 25 66 55 4 20 24 38 25 77 19 5 63 19 10 1 64 2 51 25 35 17 8 99 30 5 0 22 89 78 40 0 3 7 8 7 27 32 98 4 61 69 10 25 88 20 78 5 ]
[ 13 83 9 8 13 23 10 35 12 4 23 31 0 17 23 29 58 73 6 12 85 30 46 35 22 8 10 5 36 26 58 1 61 19 9 75 43 72 62 55 76 86 38 28 55 14 9 66 87 15 ]
[ 8 41 74 19 93 66 32 30 17 1 46 16 4 51 8 47 23 70 6 24 16 16 88 77 82 10 1 50 39 16 80 0 57 7 71 2 25 3 32 42 56 30 10 12 81 18 12 57 40 18 ]
[ 41 9 5 39 43 35 33 0 39 48 37 11 74 29 76 80 20 7 20 21 33 4 65 37 56 6 2 77 66 48 23 59 9 28 98 5 64 31 5 3 31 42 66 5 24 42 37 44 2 57 ]
[ 17 40 24 72 44 24 95 16 27 39 27 19 62 89 8 3 30 16 17 0 32 52 88 95 8 30 13 35 76 84 24 94 24 0 18 20 24 65 37 3 5 16 23 19 5 83 22 36 0 40 ]
[ 5 26 9 38 50 19 15 16 13 3 29 67 45 29 94 16 46 1 35 78 36 8 60 6 9 51 14 72 60 0 5 18 78 15 56 28 86 23 44 0 26 25 19 72 54 13 88 53 14 75 ]
[ 7 36 16 4 16 34 2 96 25 6 56 68 28 99 53 81 5 52 19 19 15 18 79 90 93 56 31 64 3 15 1 11 4 17 67 20 3 22 16 28 28 24 48 8 75 53 42 81 5 13 ]
[ 89 40 10 42 87 52 9 94 16 3 35 19 32 62 29 57 20 69 17 82 44 21 82 72 12 59 0 0 19 40 51 61 80 13 3 19 17 12 14 33 68 1 52 0 15 33 10 35 3 27 ]
[ 14 23 26 46 40 22 87 5 52 8 14 40 29 10 4 2 81 36 90 1 13 41 47 59 41 4 66 13 37 43 72 3 18 50 1 58 24 40 64 77 0 30 17 29 40 73 31 22 61 73 ]
[ 10 21 68 1 8 22 93 15 66 52 47 45 17 33 20 71 1 26 45 20 26 55 0 54 58 61 3 9 48 27 95 11 48 15 64 8 89 57 23 56 61 23 1 30 8 73 1 9 0 99 ]
[ 49 99 2 13 25 53 2 10 28 44 30 61 13 90 81 40 57 2 82 29 65 66 4 18 17 63 73 67 15 32 20 17 83 22 82 8 27 36 71 7 33 1 20 46 44 2 38 1 4 20 ]
[ 31 14 17 2 13 82 3 74 5 22 63 11 37 2 44 75 18 8 57 13 54 18 44 26 50 10 13 68 28 37 1 59 4 19 14 17 53 69 91 58 91 6 69 28 61 65 55 31 73 12 ]
[ 53 77 23 5 2 19 78 16 22 36 42 12 29 74 31 19 0 97 0 61 0 15 39 16 66 49 96 98 15 96 93 69 25 16 26 27 35 4 43 10 40 85 22 22 12 5 41 12 2 42 ]
[ 58 29 40 4 14 16 16 75 39 32 14 44 23 71 50 12 3 34 91 6 25 31 17 14 27 80 94 70 24 37 24 34 66 16 90 32 32 7 8 71 91 22 15 14 45 18 26 1 52 69 ]
[ 19 5 5 29 31 12 33 32 38 82 26 2 9 42 39 47 17 74 18 74 54 25 11 55 57 87 84 15 43 11 2 14 17 59 44 48 24 77 32 14 11 10 16 73 52 7 20 69 81 90 ]
[ 5 38 7 1 16 45 1 3 36 29 67 23 13 75 9 9 23 38 90 29 42 59 4 17 78 67 23 20 53 22 24 58 12 83 11 29 28 64 32 16 93 52 39 58 79 48 67 54 39 9 ]
[ 2 20 16 42 34 26 14 7 0 17 38 1 1 38 98 21 77 67 41 7 53 41 74 46 77 26 4 72 1 86 6 3 6 22 45 41 0 11 48 53 29 86 54 82 76 53 3 6 72 97 ]
[ 88 56 8 15 24 4 69 81 23 27 83 17 55 14 58 7 20 30 58 51 9 52 70 15 52 77 11 65 4 20 14 44 28 23 12 4 79 81 38 2 60 21 71 15 87 30 22 7 12 33 ]

Timer (generate): 21ms real	20ms user	0ms sys
[ 33 49 21 99 88 86 89 23 62 89 86 37 38 37 98 3 89 35 2 75 60 42 47 40 64 40 22 96 23 58 31 56 59 5 7 47 43 96 70 6 86 8 95 76 45 45 32 86 80 34 ]
[ 13 92 76 60 32 40 53 7 88 76 17 71 32 76 76 91 23 72 88 45 78 26 53 73 2 99 70 34 37 51 68 51 43 96 11 28 88 64 87 28 92 4 0 76 80 28 68 3 0 56 ]
[ 48 30 82 1 55 84 52 26 71 42 29 39 93 72 88 56 52 76 21 39 5 65 43 5 42 23 85 10 78 38 66 78 68 0 32 76 84 36 54 55 78 83 47 71 7 35 28 60 11 1 ]
[ 99 68 66 95 25 8 70 11 70 49 49 36 27 69 88 11 97 73 48 51 80 26 34 79 98 42 66 78 2 30 79 53 98 97 48 24 58 19 35 28 20 36 17 99 57 5 11 55 30 11 ]
[ 6 11 37 41 42 87 35 9 65 37 39 96 42 37 46 91 61 4 62 48 32 34 36 49 33 94 7 96 49 37 7 55 0 45 48 43 84 83 52 2 72 43 50 15 32 96 58 94 0 20 ]
[ 94 85 54 31 86 39 25 93 36 26 83 43 33 83 88 82 26 25 17 30 27 90 25 77 5 58 74 63 4 26 35 98 11 41 81 50 80 58 43 16 36 26 60 70 62 0 4 40 25 21 ]
[ 71 4 11 48 82 68 6 8 31 10 86 18 61 98 59 42 48 40 53 43 56 89 22 68 59 84 21 63 24 98 85 47 3 48 96 37 17 2 97 0 65 83 19 26 33 78 20 33 70 73 ]
[ 77 27 15 51 47 74 35 68 90 11 67 27 59 22 27 55 11 44 9 8 45 74 43 16 0 77 94 21 62 65 46 91 44 13 42 43 40 77 64 30 89 83 9 0 5 36 55 16 81 64 ]
[ 76 78 39 19 94 91 48 40 64 11 57 63 2 53 76 45 97 16 74 13 98 15 96 7 15 1 44 22 69 77 39 97 7 30 16 53 21 17 45 38 28 3 1 82 8 77 27 57 46 54 ]
[ 70 44 21 66 52 37 19 48 11 40 77 50 89 84 80 58 89 54 75 34 92 3 89 45 85 98 74 65 7 20 71 78 65 92 96 69 81 68 69 93 60 46 95 50 82 28 8 23 34 83 ]
[ 57 26 38 47 23 75 97 97 92 56 70 63 34 87 56 83 8 89 3 77 82 63 75 30 13 9 58 73 32 92 8 41 70 98 40 45 74 37 42 18 46 64 82 80 51 90 15 11 79 18 ]
[ 88 14 34 15 44 99 24 54 73 8 98 81 50 20 80 90 65 6 80 59 24 26 24 58 58 27 48 74 39 28 44 79 94 78 95 38 78 71 44 3 80 42 36 82 62 68 72 27 74 4 ]
[ 86 51 82 62 9 41 42 58 67 81 38 63 12 84 42 59 22 72 31 18 75 63 60 11 45 74 80 69 1 54 74 39 57 56 54 67 49 96 77 16 29 67 80 41 51 74 1 25 46 84 ]
[ 43 21 47 55 84 92 29 64 61 82 71 87 21 28 96 27 47 45 23 76 14 52 43 46 46 46 20 47 71 18 31 66 91 30 21 75 74 50 40 87 32 63 75 6 43 71 33 91 68 9 ]
[ 19 82 61 15 28 59 61 0 6 85 18 89 51 9 71 73 37 45 75 29 33 60 92 8 18 35 31 3 78 99 12 50 34 26 65 62 85 26 15 44 11 85 85 15 47 57 40 84 2 15 ]
[ 13 35 27 57 95 45 44 26 49 75 78 13 25 12 39 90 26 77 68 93 21 80 79 58 47 26 15 87 62 18 54 27 5 82 36 1 79 80 79 80 7 57 46 32 21 85 74 48 14 43 ]
[ 93 87 75 72 46 22 50 61 9 12 31 15 39 37 49 27 90 29 8 21 61 67 31 7 52 52 45 26 52 59 21 46 99 96 70 45 70 21 6 31 33 90 47 25 27 96 52 69 77 12 ]
[ 42 39 80 73 98 32 78 95 10 82 7 32 80 6 80 51 51 3 24 57 34 9 47 33 34 26 30 39 47 59 3 90 50 35 15 49 19 93 96 30 28 3 14 8 9 46 11 60 49 35 ]
[ 70 36 45 69 69 79 48 51 70 95 11 26 37 61 61 53 62 81 98 59 63 26 62 77 35 72 23 46 84 25 82 54 61 79 24 30 58 72 82 81 19 45 7 57 6 68 62 21 1 60 ]
[ 32 64 39 46 93 26 70 17 24 55 94 58 61 55 37 85 37 48 9 19 29 29 16 88 38 23 8 52 96 10 64 28 26 3 26 20 29 97 89 6 52 83 64 13 90 2 51 27 50 12 ]

Running merge sort algorithm: 
Timer (sort): 7ms real	0ms user	0ms sys
The output is sorted!
[ 48 8 78 85 79 81 1 5 30 52 47 15 40 32 60 24 66 0 87 61 5 5 47 77 37 32 14 59 12 21 7 12 30 85 49 9 18 3 14 0 7 14 15 47 46 27 23 64 27 10 ]
[ 48 4 5 23 10 93 27 38 72 33 68 34 4 32 3 75 7 35 21 3 20 34 74 4 48 74 42 18 12 44 4 13 49 61 88 11 54 15 1 78 0 69 13 5 53 68 32 61 56 5 ]
[ 24 42 1 10 96 98 32 39 17 24 66 19 3 83 24 81 40 1 31 13 0 12 21 61 85 58 17 84 19 22 49 43 65 50 54 61 1 38 0 18 14 18 89 17 1 13 50 42 15 34 ]
[ 93 26 29 30 26 21 24 67 38 38 57 2 14 12 38 63 74 6 35 76 65 30 53 22 89 0 2 46 26 34 22 19 12 52 1 39 73 25 6 63 16 16 65 30 28 3 45 55 10 80 ]
[ 46 32 12 62 58 2 9 16 41 15 49 81 14 13 0 11 67 41 6 25 70 3 39 76 59 12 23 46 59 84 16 6 68 81 20 26 35 29 42 29 44 44 62 10 9 14 74 77 7 32 ]
[ 3 37 40 55 15 2 7 35 43 19 86 15 14 63 39 57 45 84 64 52 34 41 1 34 4 67 20 26 60 20 8 15 57 0 71 24 2 30 11 97 49 49 13 16 64 4 73 10 41 90 ]
[ 8 85 35 30 51 24 45 34 79 37 38 38 12 81 27 22 64 0 79 0 0 27 83 59 19 57 51 14 20 13 57 80 50 44 10 2 69 56 36 0 45 26 38 9 7 18 31 24 70 11 ]
[ 35 92 20 0 54 12 59 26 0 94 64 38 17 42 6 1 13 18 45 23 62 39 78 89 51 35 77 54 1 25 32 88 17 5 88 23 17 47 49 70 42 13 8 11 7 15 12 20 85 10 ]
[ 49 50 40 22 67 53 44 4 35 7 5 35 15 25 95 87 10 42 35 65 50 1 70 7 40 18 2 20 32 86 43 33 36 35 7 3 40 51 59 76 10 16 63 25 94 58 13 56 0 0 ]
[ 84 9 9 38 58 34 8 53 29 13 79 51 10 28 39 9 32 41 22 0 14 30 48 10 43 44 23 50 63 75 44 47 84 53 38 43 40 46 48 69 59 28 20 21 56 11 30 40 4 5 ]
[ 44 40 7 78 61 12 48 57 16 66 5 24 22 56 37 61 45 78 30 51 87 66 78 61 43 29 16 34 36 7 3 32 48 11 63 9 23 11 18 39 29 23 15 4 31 5 17 77 35 47 ]
[ 17 28 19 2 11 93 46 40 57 5 68 26 35 0 36 6 55 63 59 1 24 23 60 69 54 26 22 51 12 9 13 29 37 32 83 0 78 29 40 87 35 8 65 22 61 2 29 16 65 88 ]
[ 97 8 24 41 59 97 20 78 62 25 39 97 38 13 0 29 90 26 89 29 20 29 38 41 15 61 1 14 8 18 35 58 26 11 51 38 8 23 16 22 1 55 20 39 20 72 20 10 98 9 ]
[ 78 66 51 41 19 11 11 82 39 43 61 0 8 45 32 5 10 24 35 31 48 83 14 37 72 56 58 13 70 92 62 0 58 14 41 29 25 5 63 64 48 25 17 9 22 49 14 33 25 1 ]
[ 52 84 52 68 14 48 89 15 15 51 58 94 47 64 22 10 93 22 2 4 36 9 20 64 30 29 1 60 43 29 49 47 13 2 15 79 50 57 95 65 8 5 11 8 21 33 18 14 7 20 ]
[ 20 31 9 55 37 21 1 7 86 18 61 22 11 40 72 56 22 5 18 5 37 97 37 55 63 23 46 74 75 23 44 95 6 5 3 44 27 4 51 13 74 64 87 37 5 12 94 27 17 12 ]
[ 48 7 88 17 40 49 68 59 29 13 21 29 42 5 75 50 12 34 79 41 55 40 41 2 23 43 59 48 17 51 50 17 10 91 34 51 40 3 10 21 16 32 50 10 37 77 12 1 12 91 ]
[ 3 19 27 26 92 22 60 9 22 21 5 54 9 49 74 51 43 39 33 6 30 74 14 58 55 26 29 19 88 97 33 91 16 13 69 8 87 29 18 9 2 75 63 12 24 37 15 20 28 48 ]
[ 33 44 32 98 21 19 21 55 40 91 17 43 7 5 83 94 25 53 66 25 14 35 56 57 10 96 29 11 55 13 10 41 9 42 39 31 13 60 38 6 52 55 49 11 12 33 5 37 38 23 ]
[ 42 36 8 50 18 76 4 9 13 96 51 21 21 30 15 2 93 19 9 44 38 19 25 47 68 62 37 65 58 12 71 0 48 31 50 19 8 55 80 21 3 31 94 76 61 10 31 6 29 40 ]

Timer (generate): 20ms real	20ms user	0ms sys
[ 91 83 32 33 33 94 51 49 43 7 49 95 17 41 29 44 59 85 92 53 18 3 96 66 63 43 47 1 70 80 2 62 16 86 95 49 81 46 98 76 53 0 71 22 93 52 67 52 37 59 ]
[ 57 56 14 53 22 29 48 21 30 19 2 85 81 70 71 28 19 52 74 69 28 79 21 51 1 14 4 68 66 41 79 23 49 94 77 24 75 25 97 6 96 99 91 29 69 62 57 40 67 83 ]
[ 10 95 62 83 99 16 98 3 36 64 96 16 40 98 62 17 22 37 94 19 43 43 71 86 72 92 1 30 33 68 13 95 15 28 78 14 44 28 17 32 45 14 48 85 64 62 54 86 0 0 ]
[ 57 95 43 28 82 16 73 83 46 58 51 11 5 18 91 35 33 87 64 50 20 9 16 20 46 80 83 0 18 35 52 76 30 96 56 12 64 81 47 62 39 50 73 44 69 65 80 54 52 96 ]
[ 4 24 57 73 45 3 5 28 55 76 63 7 4 45 55 60 10 19 42 9 33 33 60 7 30 81 24 10 35 28 58 91 5 15 16 50 70 22 30 25 50 45 84 54 90 92 14 52 63 8 ]
[ 62 97 94 74 56 24 55 80 86 90 60 44 33 65 11 50 67 81 24 49 6 74 94 42 28 37 34 94 89 98 55 3 95 49 77 51 25 32 83 11 74 95 7 8 61 18 10 80 99 86 ]
[ 30 57 60 24 99 40 13 34 86 55 84 93 58 79 94 36 82 19 20 65 82 47 60 89 7 73 59 17 6 10 3 36 67 15 12 19 7 26 53 45 33 37 39 91 68 33 79 50 5 52 ]
[ 15 87 99 27 29 6 53 88 75 59 51 30 95 18 45 7 37 4 85 42 49 18 31 40 62 99 74 93 49 31 45 16 18 44 96 99 50 49 40 25 8 91 55 55 61 52 14 99 56 52 ]
[ 93 58 22 25 98 84 76 24 78 78 7 23 94 26 20 42 77 70 91 17 48 51 8 3 58 70 8 25 21 16 77 14 26 99 91 25 36 68 1 14 46 9 89 92 87 9 35 64 32 78 ]
[ 34 80 82 42 35 40 64 43 17 85 60 94 52 86 46 43 63 82 63 17 48 9 78 37 54 17 99 89 33 31 19 67 63 1 62 98 94 26 94 11 64 6 58 16 44 4 11 60 86 75 ]
[ 29 34 36 7 23 90 76 22 31 9 5 51 77 20 52 39 19 98 17 65 10 81 71 68 49 15 24 13 75 10 40 4 96 76 63 19 19 39 94 50 1 51 1 78 72 6 69 43 4 38 ]
[ 8 66 72 79 86 73 46 10 86 22 72 26 78 68 55 94 88 74 33 34 76 86 85 78 16 9 36 37 52 92 76 60 59 48 91 97 21 38 8 60 12 32 38 42 1 93 36 41 19 22 ]
[ 27 96 8 12 26 25 74 62 62 26 54 90 39 65 90 82 63 64 20 23 24 84 55 62 27 8 56 15 49 27 37 76 23 98 41 49 75 15 63 89 93 18 80 84 83 22 67 98 86 87 ]
[ 21 10 24 29 25 51 37 33 66 39 60 56 67 84 6 60 85 33 75 49 22 21 19 54 5 54 77 72 53 15 12 26 26 36 7 3 39 45 36 57 36 48 13 3 84 71 64 70 4 91 ]
[ 71 79 64 90 33 70 44 62 94 97 78 6 76 56 42 83 59 81 80 47 91 16 95 4 72 32 28 88 2 32 31 25 63 96 15 97 18 59 11 12 9 89 71 37 97 65 20 56 99 1 ]
[ 55 90 69 3 46 41 35 74 81 89 59 13 14 22 61 81 71 79 92 83 43 1 24 66 90 22 32 11 30 83 12 86 73 33 41 19 75 76 46 8 17 57 21 31 31 34 64 3 65 56 ]
[ 38 61 10 62 27 0 36 59 11 67 42 75 5 67 9 46 39 36 22 85 44 91 94 18 22 25 4 38 80 70 94 70 31 4 85 58 5 21 70 68 88 64 96 93 84 57 91 23 93 13 ]
[ 60 89 4 54 59 78 31 64 16 12 86 63 82 17 67 67 27 24 41 49 45 29 66 41 75 50 98 66 25 43 32 85 84 88 39 44 19 22 60 87 34 46 50 69 15 70 88 94 46 29 ]
[ 96 91 11 62 84 38 64 34 4 89 29 88 74 14 77 65 10 48 39 70 35 74 68 86 95 35 56 35 29 2 17 77 46 28 39 82 66 55 17 22 44 46 63 70 60 92 87 70 40 27 ]
[ 92 75 53 60 13 0 47 21 35 29 24 52 6 22 32 98 4 98 53 21 73 50 20 88 20 80 80 60 3 72 87 47 99 40 60 13 40 7 86 27 36 10 80 43 84 12 93 89 63 46 ]

Running merge sort algorithm: 
Timer (sort): 8ms real	10ms user	0ms sys
The output is sorted!
[ 21 88 26 2 29 9 34 23 39 23 97 19 3 0 9 74 10 37 17 4 12 23 30 95 1 40 46 79 36 87 35 9 27 13 12 8 22 46 31 14 22 29 33 77 29 43 51 39 32 20 ]
[ 2 25 24 38 27 23 37 44 76 56 18 19 31 0 57 60 27 33 62 21 22 10 22 63 63 38 87 10 76 5 7 78 30 31 16 57 7 5 54 35 61 24 6 44 24 64 5 3 49 19 ]
[ 2 53 17 54 22 3 98 78 23 46 22 31 0 21 34 96 33 23 96 54 1 4 13 17 36 40 47 90 52 20 30 54 25 47 9 47 2 59 77 26 5 0 9 57 21 43 6 54 19 2 ]
[ 58 35 37 25 8 12 39 66 1 19 99 97 16 60 59 6 97 1 60 62 39 18 4 98 3 41 4 34 47 12 27 5 0 16 30 8 28 21 74 30 40 26 27 9 38 38 15 87 40 27 ]
[ 12 17 23 53 64 14 99 81 30 25 30 12 28 22 14 19 84 26 25 16 32 28 30 4 32 10 65 6 87 49 82 99 18 58 5 83 24 4 16 7 81 46 19 10 20 85 29 5 12 6 ]
[ 25 10 10 53 42 36 32 32 96 14 83 0 27 26 12 32 71 8 65 3 17 4 14 13 85 13 3 42 0 14 21 26 77 31 31 71 68 16 3 16 82 38 68 61 64 33 94 35 41 11 ]
[ 25 51 30 23 4 3 21 38 42 16 72 24 0 75 72 59 4 8 24 55 28 88 45 16 13 56 12 12 0 42 38 77 45 20 0 1 24 73 39 66 90 12 42 42 39 14 1 95 22 77 ]
[ 77 23 90 71 25 31 9 7 92 90 63 1 2 38 39 54 93 8 43 43 49 6 85 85 7 35 15 9 5 4 28 34 79 19 6 4 2 15 12 46 57 27 0 60 17 39 66 11 48 9 ]
[ 13 18 57 7 31 28 63 34 4 18 44 31 80 44 4 11 64 24 35 7 24 81 12 52 18 75 7 1 13 84 5 26 2 14 85 86 42 0 20 98 71 16 29 51 12 86 15 29 62 50 ]
[ 27 8 69 34 64 21 98 54 12 26 7 94 25 41 59 19 56 73 20 97 7 7 83 3 81 12 64 23 3 21 7 82 29 28 16 93 1 14 0 14 40 7 60 18 0 19 37 56 45 9 ]
[ 6 44 53 50 13 41 89 49 42 6 10 38 77 78 31 20 60 75 28 7 18 33 56 19 6 22 80 23 55 9 12 14 5 17 64 18 58 54 20 0 12 30 90 41 61 73 14 21 0 42 ]
[ 43 23 61 12 58 29 15 24 60 52 15 45 79 71 47 9 5 23 49 20 19 80 26 23 12 13 21 57 57 5 5 52 29 67 17 39 48 32 63 8 36 78 53 15 1 53 24 58 28 26 ]
[ 4 32 39 50 12 29 20 32 96 8 14 48 89 30 11 36 3 72 18 89 29 20 93 7 92 46 73 28 44 0 6 0 33 97 3 45 26 23 29 22 31 44 22 20 26 34 56 81 6 27 ]
[ 2 48 74 5 8 17 97 58 10 9 9 50 8 90 17 33 20 26 67 13 9 46 45 65 57 9 4 18 96 47 8 50 95 35 7 4 4 4 14 14 14 75 64 74 66 81 7 38 59 26 ]
[ 30 1 21 32 20 39 11 6 55 4 59 89 10 20 47 28 74 11 18 38 14 31 16 11 57 45 95 60 36 23 93 19 77 66 51 97 5 63 3 60 19 15 2 29 87 1 9 61 12 27 ]
[ 56 58 67 1 15 16 9 0 8 25 0 66 12 74 13 16 6 21 37 29 30 0 46 60 30 0 43 4 63 30 42 71 88 9 24 55 26 33 55 86 59 56 4 23 30 17 39 88 90 77 ]
[ 17 86 24 5 7 64 2 55 48 75 37 49 61 34 78 58 0 1 2 74 9 19 33 48 33 11 30 2 34 58 4 3 44 28 8 52 45 10 59 93 37 49 42 98 35 21 9 35 74 11 ]
[ 14 13 21 85 19 20 70 5 98 20 58 28 8 25 43 44 68 61 59 37 3 78 3 47 47 9 85 62 8 15 80 22 28 53 7 47 25 29 4 23 2 14 51 10 39 46 6 59 59 65 ]
[ 46 35 60 67 2 41 8 45 25 1 28 5 37 16 94 46 13 18 46 28 18 45 40 27 92 79 31 46 35 13 29 81 0 42 49 2 83 9 0 8 10 28 65 99 45 59 46 10 29 44 ]
[ 56 23 72 30 2 11 3 25 84 12 31 19 48 5 20 64 20 97 25 78 23 14 21 17 63 28 68 3 62 12 9 19 87 81 1 41 44 57 19 28 69 50 0 69 55 20 33 28 69 11 ]

Timer (generate): 20ms real	20ms user	0ms sys
[ 67 7 23 44 43 32 90 72 28 93 79 65 37 96 89 57 75 93 33 60 32 63 78 74 86 2 43 73 12 74 42 31 34 65 28 77 98 18 1 78 12 80 95 49 29 84 58 56 30 91 ]
[ 17 62 55 47 36 41 49 31 66 14 58 61 97 44 26 25 21 76 44 75 6 56 55 1 57 36 86 15 93 16 7 62 30 14 61 18 55 62 49 73 76 59 34 74 3 13 51 77 41 95 ]
[ 52 48 3 59 49 60 96 87 76 41 55 35 3 85 49 16 3 56 78 5 81 55 64 16 81 68 81 84 45 22 80 49 70 83 8 72 96 56 59 24 49 67 59 4 52 60 20 56 68 99 ]
[ 61 49 6 77 17 39 45 98 23 42 73 3 91 43 39 52 67 87 60 27 11 10 94 70 66 98 82 87 6 50 86 19 51 44 97 69 83 94 19 58 37 92 14 80 88 5 84 55 92 97 ]
[ 34 3 7 80 73 73 79 55 12 85 57 50 5 8 94 54 29 29 48 49 40 37 41 54 70 29 59 54 85 51 51 19 54 10 0 79 36 31 86 48 68 43 51 25 3 45 79 33 27 80 ]
[ 34 67 17 27 73 87 57 32 42 94 35 45 65 89 56 17 20 44 0 6 92 69 1 43 94 56 41 74 41 20 54 75 39 71 3 12 11 12 44 5 58 31 50 75 20 58 45 92 2 45 ]
[ 50 47 14 51 42 9 59 35 83 1 55 89 28 94 12 31 58 23 95 54 80 5 85 83 81 5 41 78 49 96 23 99 95 38 2 89 47 62 25 82 63 32 71 91 79 35 75 37 11 22 ]
[ 92 91 80 77 74 61 35 68 39 84 16 14 36 11 52 38 0 99 0 77 33 15 10 56 59 89 92 34 78 3 8 70 94 88 0 21 1 35 89 92 71 5 7 7 68 59 46 68 11 98 ]
[ 98 96 14 8 53 73 49 45 59 27 0 19 50 46 8 50 67 9 37 8 54 8 13 61 16 81 72 14 2 83 12 0 80 78 60 85 3 61 30 14 40 82 34 90 28 94 92 96 55 29 ]
[ 4 9 90 70 70 6 3 95 72 5 78 36 57 10 67 69 95 70 30 77 37 71 59 71 13 40 17 58 88 72 39 92 82 29 14 4 87 18 99 59 75 30 48 85 92 15 54 40 85 85 ]
[ 17 22 8 29 45 73 69 62 83 57 87 23 1 21 52 68 25 40 86 77 51 13 59 99 98 51 14 5 43 52 90 61 26 50 42 24 75 63 38 59 72 25 82 73 46 86 93 24 78 79 ]
[ 1 30 45 12 81 95 15 48 0 59 0 42 72 78 92 14 2 20 29 41 79 1 18 13 26 65 99 20 41 78 51 94 60 96 6 93 92 21 41 92 80 93 35 52 72 79 18 26 99 47 ]
[ 19 30 48 38 43 75 55 95 95 96 73 98 90 85 95 96 78 39 69 72 83 50 17 18 54 41 50 73 68 1 72 87 32 73 77 75 48 32 22 95 28 95 45 18 32 40 14 63 31 84 ]
[ 35 15 86 52 33 92 94 35 17 14 37 90 1 69 63 79 96 63 63 19 10 92 66 55 10 99 48 77 62 79 13 49 94 51 1 80 43 47 15 61 61 52 3 15 73 66 46 22 81 9 ]
[ 41 43 1 7 98 64 58 98 93 72 78 6 21 24 57 75 4 52 22 72 13 36 76 16 51 50 34 97 72 15 58 65 10 60 24 9 76 35 59 69 7 89 75 81 14 84 8 18 36 82 ]
[ 42 2 18 19 70 69 21 5 18 45 72 77 10 83 89 86 44 65 21 55 86 29 45 61 62 59 97 70 29 85 52 72 39 23 43 10 92 64 67 63 9 91 92 71 74 33 57 70 50 79 ]
[ 78 36 60 23 97 74 82 46 44 63 31 48 35 71 71 30 33 16 94 0 31 55 91 23 26 18 56 36 40 6 15 18 42 27 41 91 1 75 89 97 39 20 45 26 43 69 57 76 85 3 ]
[ 28 16 11 20 91 37 90 99 25 30 57 40 49 51 19 42 42 20 70 31 69 61 3 15 87 99 84 96 27 21 52 56 37 63 28 80 52 18 79 78 48 36 70 49 87 90 44 81 62 14 ]
[ 64 32 75 67 99 14 18 83 63 46 4 15 2 93 78 30 73 82 0 4 60 0 40 31 2 27 73 46 60 35 12 24 67 39 91 18 53 10 1 16 56 57 83 10 2 13 92 27 96 44 ]
[ 31 56 44 71 39 46 50 12 44 10 0 56 34 19 95 78 38 1 40 91 69 48 49 53 58 3 66 2 31 14 46 14 23 90 38 62 89 88 27 33 51 27 90 37 46 37 15 36 38 55 ]

Running merge sort algorithm: 
Timer (sort): 6ms real	10ms user	0ms sys
The output is sorted!
[ 15 38 45 34 59 1 43 15 9 11 19 35 5 39 64 5 55 18 84 27 27 22 16 85 16 64 46 7 34 63 8 49 1 53 84 61 7 79 28 16 43 48 3 0 39 67 6 47 37 42 ]
[ 56 42 7 31 25 6 45 33 21 19 19 28 41 27 14 17 22 11 45 25 11 1 36 47 84 6 54 14 10 52 84 18 46 91 49 72 49 47 57 22 18 29 50 11 56 65 29 30 28 26 ]
[ 41 56 97 62 81 36 61 32 77 24 4 1 56 10 36 10 43 82 97 39 20 6 45 58 28 38 20 3 8 29 9 1 37 6 64 18 43 25 2 20 2 6 73 10 69 10 20 12 92 17 ]
[ 77 95 39 55 54 16 81 51 18 71 31 41 9 32 14 12 9 34 55 9 40 39 23 36 62 6 98 36 37 51 30 14 46 21 21 0 38 2 3 8 26 35 1 35 19 15 99 80 1 54 ]
[ 7 66 0 84 58 20 53 16 24 38 43 48 87 50 0 12 0 62 45 21 27 68 19 25 36 16 22 29 44 28 27 51 47 28 35 5 0 40 73 25 31 16 73 18 19 25 82 19 39 79 ]
[ 43 89 17 17 4 8 4 71 19 1 72 29 13 93 8 34 10 86 5 6 9 3 54 21 65 6 27 41 55 19 68 98 8 37 67 13 46 71 36 17 24 8 47 89 53 7 24 15 94 29 ]
[ 22 31 9 33 18 12 58 21 54 19 83 46 51 25 77 74 52 53 36 8 36 23 40 26 26 47 57 25 1 38 97 23 22 6 9 40 18 67 14 24 38 97 71 42 22 0 16 27 53 4 ]
[ 3 14 55 20 15 33 60 38 2 68 65 5 94 94 95 54 42 30 52 19 92 63 4 19 46 47 27 9 2 35 8 6 1 63 26 16 48 87 54 3 7 72 8 1 18 55 7 61 37 12 ]
[ 45 98 10 74 54 23 41 11 64 88 11 77 4 2 41 6 0 9 70 30 49 93 31 30 13 43 21 9 38 75 32 35 26 42 9 32 18 2 44 34 90 55 11 95 57 4 1 10 13 23 ]
[ 31 47 24 59 49 83 73 68 1 19 11 9 52 83 4 25 54 15 19 87 20 5 41 25 11 57 38 31 74 20 78 5 20 2 16 69 38 89 89 39 8 0 48 12 35 4 37 41 20 9 ]
[ 24 44 29 66 34 32 5 0 63 47 3 27 8 6 14 10 87 96 60 20 20 9 69 85 13 52 68 43 12 23 31 36 19 60 54 53 44 11 6 7 58 9 86 19 15 1 29 55 49 89 ]
[ 14 5 28 14 87 1 62 17 86 74 7 83 42 34 5 44 96 14 27 25 90 88 26 7 13 67 1 1 51 0 79 65 57 60 31 97 13 45 14 51 19 21 34 13 7 39 10 4 6 37 ]
[ 23 4 93 58 72 6 28 36 42 59 35 7 12 23 21 36 8 71 77 64 13 26 23 33 24 6 67 39 39 2 13 14 6 7 73 30 65 53 19 7 12 54 14 76 78 88 65 38 11 42 ]
[ 25 88 33 8 45 56 74 16 34 48 13 65 3 52 1 55 16 50 13 16 95 7 32 14 5 2 83 15 44 31 34 21 19 19 82 16 75 56 33 10 56 46 27 11 50 28 19 66 30 84 ]
[ 55 6 3 44 6 46 15 18 15 16 17 72 89 24 39 27 38 53 3 32 6 54 54 69 67 23 0 26 14 61 14 21 67 17 65 25 64 32 43 31 49 13 3 90 37 43 69 27 48 73 ]
[ 39 57 38 45 72 7 10 15 24 54 79 32 18 69 17 32 2 23 70 70 33 80 6 93 37 1 24 2 70 10 0 10 19 38 7 43 46 17 11 22 23 90 54 94 60 23 78 14 46 1 ]
[ 48 36 23 12 28 46 56 66 62 94 50 52 2 57 53 56 65 7 91 11 33 78 34 21 81 29 44 24 33 17 27 33 54 3 45 34 49 53 0 12 47 2 64 1 12 18 9 29 25 0 ]
[ 5 47 46 70 87 15 12 1 65 0 68 13 21 90 7 42 39 69 0 47 9 15 29 7 93 40 40 18 14 62 25 72 9 71 42 48 39 54 50 4 6 18 70 27 60 77 21 0 46 21 ]
[ 10 11 63 22 67 83 50 11 47 38 92 42 77 50 49 25 7 8 28 54 4 17 1 59 65 23 62 17 44 68 17 6 31 32 80 99 15 30 10 14 20 55 9 98 5 10 23 64 18 3 ]
[ 47 29 36 5 41 37 70 18 24 35 62 35 7 11 7 10 61 15 4 73 8 37 86 37 85 11 9 70 46 89 40 45 70 28 51 12 17 21 30 93 8 45 29 67 56 36 29 17 3 33 ]

Timer (generate): 21ms real	10ms user	0ms sys
[ 63 36 67 98 11 39 51 10 54 87 84 1 79 35 37 18 91 64 18 51 16 71 9 85 87 67 76 2 99 98 84 15 34 3 13 97 43 16 8 49 3 92 50 35 79 39 53 22 3 24 ]
[ 73 71 95 34 56 34 53 85 36 5 35 72 20 69 75 85 67 18 1 27 19 57 71 21 92 50 60 97 72 63 21 97 35 68 84 43 2 37 80 90 42 15 62 14 37 38 99 56 8 1 ]
[ 83 28 10 54 49 2 56 62 51 80 77 73 29 12 41 65 8 96 3 40 86 97 56 49 12 93 39 63 1 47 16 84 27 26 90 29 28 46 91 32 78 68 5 7 33 98 73 93 94 28 ]
[ 33 33 77 89 82 41 34 21 5 35 20 21 71 48 0 61 29 28 59 20 12 89 40 17 97 25 68 22 18 14 2 52 47 79 93 81 21 80 2 78 67 75 99 91 23 99 52 52 80 64 ]
[ 24 92 53 16 62 2 42 82 76 60 96 78 64 96 58 10 77 79 42 32 57 9 7 8 0 82 60 5 86 92 21 10 36 26 26 50 29 20 32 5 33 81 84 97 77 94 59 6 73 1 ]
[ 38 82 63 45 42 15 79 54 72 65 46 93 75 35 20 54 85 1 26 70 58 59 51 94 57 80 88 68 86 13 22 77 47 85 74 90 52 54 44 25 19 43 18 47 78 90 53 15 91 79 ]
[ 85 50 39 88 96 48 20 85 16 59 98 90 36 46 75 10 88 28 16 32 53 36 27 23 35 57 66 88 73 57 67 10 59 58 99 8 6 71 93 75 30 91 65 66 89 93 29 77 73 45 ]
[ 62 78 33 89 1 68 47 19 56 72 29 76 82 40 34 33 48 93 5 41 20 35 85 37 54 74 30 83 4 3 28 66 81 14 7 35 82 6 54 91 78 83 67 61 24 53 94 72 46 51 ]
[ 66 66 87 51 4 41 77 86 76 81 42 56 99 75 70 7 10 53 13 17 44 92 52 63 5 28 16 51 53 15 3 19 33 42 22 89 83 99 76 59 33 18 15 32 93 38 39 56 91 5 ]
[ 25 87 49 29 2 54 58 18 57 63 33 60 34 19 2 56 8 37 7 36 48 40 6 16 73 52 54 64 60 97 21 85 84 70 14 86 76 24 56 34 87 42 94 73 61 49 29 21 86 89 ]
[ 58 35 29 64 51 54 16 57 19 28 54 92 13 90 63 80 76 39 56 84 73 44 26 20 17 39 69 99 61 7 88 71 42 69 87 45 24 4 54 95 32 8 87 98 98 50 30 26 42 86 ]
[ 11 15 30 89 35 0 29 56 51 42 64 39 13 58 8 0 56 84 56 10 79 41 19 19 91 69 69 21 96 11 7 7 79 90 48 66 42 77 23 93 71 39 84 36 97 92 89 53 29 97 ]
[ 16 8 90 87 27 81 56 49 54 52 12 62 11 91 4 60 10 46 89 33 39 61 72 75 49 21 67 38 27 48 36 43 57 78 30 36 60 38 37 66 91 50 28 2 93 84 62 3 30 52 ]
[ 88 21 65 60 96 14 34 16 5 61 64 93 56 73 71 38 10 83 76 47 50 67 49 30 22 43 15 36 98 97 88 87 19 5 99 15 20 33 83 77 46 48 70 54 73 93 92 83 77 21 ]
[ 83 27 88 84 9 62 79 24 99 78 22 39 17 93 45 16 8 17 2 44 94 0 92 16 55 65 9 47 1 86 68 36 65 9 72 75 23 52 51 22 30 73 62 99 66 59 15 27 76 69 ]
[ 23 22 70 67 38 25 84 99 24 85 38 45 73 3 6 46 30 29 98 82 52 80 7 66 79 26 25 46 5 53 68 28 27 38 95 17 15 79 16 39 17 54 36 42 10 42 40 92 72 90 ]
[ 26 76 22 34 42 53 12 19 0 69 72 68 49 51 58 96 68 73 27 84 64 96 91 1 39 1 43 79 93 67 22 20 43 44 6 37 98 70 56 50 91 80 70 40 31 28 36 99 53 15 ]
[ 36 17 12 27 70 3 28 66 34 73 33 56 45 29 1 51 66 99 73 75 49 64 55 19 4 39 99 92 90 52 60 26 21 72 53 44 75 33 10 61 59 95 18 4 76 19 8 43 70 81 ]
[ 70 71 98 77 42 54 16 41 99 7 45 59 85 18 31 91 62 58 76 24 19 35 20 89 92 48 8 0 91 30 33 13 1 31 91 43 86 7 84 37 66 29 96 52 0 79 95 62 89 71 ]
[ 87 60 7 59 50 51 7 58 51 51 89 36 64 42 20 55 86 58 15 70 95 33 52 91 37 52 22 32 66 11 4 53 71 63 12 21 14 20 32 17 23 73 5 87 15 25 95 1 83 10 ]

Running merge sort algorithm: 
Timer (sort): 7ms real	10ms user	0ms sys
The output is sorted!
[ 7 44 8 9 16 18 37 95 35 22 36 24 30 46 20 0 20 65 18 32 39 0 17 52 21 77 7 54 46 61 20 53 5 29 14 21 47 52 69 35 26 57 11 8 4 31 8 24 48 26 ]
[ 70 33 33 17 0 5 56 2 15 21 36 16 28 23 8 12 88 93 44 27 41 37 5 27 84 31 25 62 72 83 18 42 16 3 12 16 8 20 19 23 42 7 40 22 30 0 34 70 45 30 ]
[ 8 8 32 9 13 28 10 43 44 59 68 30 35 41 12 15 71 26 14 88 74 29 19 11 9 56 20 10 71 9 15 31 17 0 92 82 28 3 25 24 14 45 6 1 86 18 17 10 44 83 ]
[ 7 79 15 88 9 17 1 13 37 8 34 7 52 49 62 51 76 57 2 17 76 14 18 69 38 37 61 43 3 8 36 63 88 4 3 49 21 56 14 10 64 0 17 16 49 32 19 26 89 22 ]
[ 2 10 8 51 71 0 37 23 5 20 19 25 59 14 63 58 21 66 9 48 1 33 31 98 77 23 16 26 4 98 4 58 8 13 9 32 13 98 55 18 70 26 95 30 92 11 40 13 29 1 ]
[ 32 92 13 67 5 34 69 10 14 42 3 3 26 25 53 28 22 4 11 21 14 54 21 4 12 29 54 65 9 72 49 41 64 14 60 21 48 30 32 15 24 87 18 2 12 23 30 86 80 93 ]
[ 12 15 52 39 4 15 24 10 63 18 40 36 19 17 40 21 7 1 6 39 2 77 80 51 69 13 42 82 21 23 13 33 38 18 73 43 33 49 5 48 67 46 36 38 63 29 59 22 82 17 ]
[ 94 27 44 40 41 14 24 16 5 72 10 5 46 41 20 10 25 17 18 85 20 70 72 16 29 79 5 34 19 95 10 14 22 6 54 15 21 30 31 26 54 93 83 1 34 3 63 11 20 81 ]
[ 25 29 51 4 51 4 63 99 84 22 3 47 2 15 50 47 8 16 15 80 74 60 83 63 28 20 49 17 35 12 66 13 41 17 17 45 21 32 44 57 6 99 4 9 14 6 8 74 22 24 ]
[ 29 19 15 45 25 21 40 8 69 25 79 27 82 67 52 4 45 8 22 22 43 49 34 6 68 19 71 0 27 16 18 56 35 85 53 12 7 93 20 28 70 51 8 5 19 60 9 64 20 31 ]
[ 3 29 55 53 75 52 2 16 20 30 30 60 2 59 8 18 52 9 93 3 38 10 13 2 24 86 42 47 11 93 55 66 22 10 20 98 63 22 66 35 4 96 47 6 8 7 25 12 17 70 ]
[ 36 44 48 1 29 10 55 27 26 74 5 0 30 10 5 6 58 73 31 82 91 66 25 24 24 39 39 26 19 89 15 8 34 63 9 15 73 64 43 51 38 0 3 68 62 8 27 21 34 58 ]
[ 48 12 49 47 13 9 41 36 68 24 36 52 10 21 23 4 13 5 3 29 46 80 27 25 3 26 80 98 59 53 12 7 17 13 7 30 22 48 66 91 24 2 43 34 23 18 38 88 75 94 ]
[ 27 5 3 47 4 42 0 44 68 97 34 89 71 75 77 21 49 50 17 43 15 88 16 75 7 59 2 1 27 3 47 54 8 2 1 12 44 54 56 13 3 42 54 26 70 83 0 19 33 17 ]
[ 72 18 87 6 20 13 45 26 23 28 32 0 99 15 58 30 69 43 7 15 49 80 20 24 78 10 75 26 46 15 73 70 86 12 28 6 25 26 32 0 54 17 1 5 32 11 88 53 6 47 ]
[ 10 98 9 50 14 23 80 33 3 31 52 5 25 3 15 65 79 39 18 12 21 7 13 38 53 46 77 4 49 76 64 59 26 25 61 40 48 42 25 4 25 78 9 2 33 77 19 12 68 38 ]
[ 57 58 0 57 86 77 64 36 53 25 20 54 34 14 3 2 22 22 96 26 4 70 29 12 13 17 26 26 71 63 81 29 73 33 38 11 10 2 47 16 27 20 22 61 86 77 15 8 0 11 ]
[ 15 29 2 30 60 42 7 2 1 29 29 15 88 56 63 29 38 83 30 7 95 35 92 3 25 87 1 1 4 77 67 19 6 21 1 19 63 60 21 16 89 2 83 30 58 47 11 49 30 41 ]
[ 17 2 85 12 59 18 35 61 11 60 21 50 40 44 39 44 54 84 41 33 2 77 82 45 52 12 9 17 43 6 47 12 8 32 24 19 2 11 81 13 72 54 15 12 98 6 8 4 90 49 ]
[ 48 41 16 44 71 8 17 5 22 95 84 49 45 38 9 45 12 23 34 33 76 3 27 11 14 98 86 7 70 50 57 18 44 25 14 67 33 31 72 7 27 9 8 24 47 17 21 11 93 8 ]

Timer (generate): 19ms real	20ms user	0ms sys
[ 88 27 0 54 40 13 38 14 88 87 93 73 93 44 21 77 95 14 27 34 48 92 94 2 49 90 35 52 22 89 85 11 69 85 65 9 50 55 75 38 94 20 63 87 65 84 16 60 50 95 ]
[ 46 98 88 40 53 37 82 40 41 5 81 78 16 50 15 33 11 17 88 38 8 34 59 71 21 76 8 38 88 58 33 34 9 73 26 14 62 9 6 56 66 87 86 82 90 54 67 1 71 55 ]
[ 40 79 89 51 3 62 27 11 52 15 21 38 1 82 63 79 96 78 40 2 34 6 42 72 88 32 26 55 33 50 62 25 81 3 28 84 18 55 47 70 22 69 8 75 51 24 55 0 2 95 ]
[ 2 36 54 44 60 94 28 39 50 14 89 64 39 22 20 68 7 38 75 54 60 50 75 69 25 27 45 80 79 47 28 33 83 34 30 95 28 58 34 30 72 75 95 12 98 67 32 57 5 59 ]
[ 63 65 9 39 86 87 18 31 67 97 78 47 30 13 33 60 61 62 19 95 92 43 23 87 7 21 6 39 78 11 51 41 29 60 32 67 47 50 51 67 47 81 66 30 47 0 42 8 62 13 ]
[ 55 6 57 78 46 64 99 52 4 29 16 7 23 45 19 55 64 19 6 15 86 5 97 4 87 96 56 30 4 70 43 59 77 0 38 23 65 89 27 21 19 43 28 42 40 99 49 5 18 55 ]
[ 72 56 13 21 61 0 17 69 30 21 92 26 81 69 26 71 44 43 60 23 16 31 67 96 73 7 96 23 64 14 30 37 71 95 58 84 96 76 53 78 49 45 56 82 66 35 53 62 78 66 ]
[ 86 47 97 5 43 23 64 39 98 29 6 80 66 29 76 76 13 24 4 18 2 54 16 11 36 34 46 42 97 76 8 35 23 57 40 19 80 4 58 30 33 16 11 51 45 39 80 10 63 84 ]
[ 29 17 38 45 28 27 31 74 69 28 51 29 15 26 38 55 45 71 12 56 1 45 72 64 49 70 3 29 80 66 65 9 84 56 6 12 83 38 39 4 18 90 85 34 68 23 41 14 94 53 ]
[ 70 48 99 42 12 0 64 16 81 45 34 46 6 18 54 13 83 37 3 22 93 21 64 78 7 32 54 49 46 0 2 16 48 53 11 61 53 75 29 86 72 63 85 79 82 39 92 17 77 47 ]
[ 39 22 20 3 1 28 87 7 77 34 7 31 2 56 85 65 69 90 93 98 77 65 13 62 96 47 1 88 64 30 87 55 53 8 58 6 36 98 13 65 84 72 96 86 28 81 4 49 72 49 ]
[ 99 49 66 13 63 63 60 64 3 77 95 91 32 0 99 43 6 87 41 71 52 25 43 0 63 72 82 19 73 6 68 73 7 35 86 70 50 98 86 53 75 81 96 8 81 47 3 39 34 44 ]
[ 10 38 21 54 39 84 78 73 4 3 31 24 76 90 11 14 60 61 13 46 67 40 80 63 0 13 11 3 5 97 99 15 36 20 21 27 5 51 52 61 55 35 37 31 25 49 46 85 62 11 ]
[ 83 29 51 15 93 4 81 56 7 86 53 7 53 41 27 75 20 84 26 72 97 33 7 35 65 84 36 63 21 98 26 5 28 77 72 73 81 53 29 41 91 34 0 45 76 79 20 96 64 98 ]
[ 21 61 32 80 48 49 65 84 64 86 83 90 43 63 19 68 36 53 21 17 46 13 51 46 10 79 25 30 76 89 80 49 3 12 29 3 13 46 88 29 33 23 19 28 38 91 96 74 44 70 ]
[ 43 90 35 46 36 45 26 13 27 54 55 7 3 10 72 84 13 85 31 53 67 64 28 86 44 66 77 41 92 73 63 35 15 98 82 3 95 60 17 22 14 72 81 17 82 53 1 47 91 84 ]
[ 1 58 48 29 96 45 48 74 38 40 99 1 28 15 51 62 18 46 22 87 20 36 59 1 5 93 55 58 41 98 95 94 56 43 23 52 40 23 78 78 16 30 79 44 45 82 6 15 28 80 ]
[ 3 0 68 14 54 25 8 61 35 49 59 30 43 15 26 18 19 66 42 50 45 58 80 76 54 77 59 12 92 39 92 47 40 60 62 46 85 70 7 72 71 66 3 14 33 29 84 52 95 78 ]
[ 54 92 88 34 69 42 11 80 54 56 19 98 3 11 10 65 57 47 87 64 20 58 30 23 24 15 4 61 20 99 39 74 44 28 9 65 22 72 45 29 28 64 79 32 76 90 49 85 37 37 ]
[ 50 57 47 32 32 72 0 36 33 20 88 24 94 32 4 55 97 27 28 42 8 56 58 87 88 86 29 38 72 67 27 74 76 74 58 61 46 58 97 31 78 37 56 25 69 60 80 18 39 8 ]

Running merge sort algorithm: 
Timer (sort): 6ms real	0ms user	0ms sys
The output is sorted!
[ 4 77 13 5 9 14 65 56 80 47 63 24 4 55 35 27 0 21 17 9 71 3 10 47 9 4 18 59 40 42 72 45 19 86 2 80 0 19 36 32 66 51 57 22 6 44 50 7 18 19 ]
[ 31 61 17 45 31 2 4 72 3 8 73 12 5 64 29 44 89 34 56 10 52 26 3 57 28 12 45 27 25 1 48 8 14 65 5 45 19 10 18 74 18 43 87 75 59 68 19 48 2 27 ]
[ 69 44 5 18 18 76 32 13 73 12 41 58 37 0 62 23 69 47 23 31 63 13 26 39 5 4 17 76 6 40 66 27 37 24 45 7 0 30 21 73 42 14 32 31 14 46 55 35 94 30 ]
[ 15 12 0 76 44 69 71 26 85 2 25 9 52 2 87 38 17 62 42 47 25 3 7 38 14 75 36 53 37 64 48 5 28 1 33 25 70 5 51 7 59 29 69 11 31 56 50 0 18 44 ]
[ 88 92 1 40 36 21 4 28 85 14 11 9 9 32 60 18 17 56 21 47 65 4 82 0 33 49 36 69 21 39 35 9 32 88 1 20 9 57 48 94 72 11 56 33 43 16 3 13 24 25 ]
[ 35 16 5 40 49 48 12 58 33 33 0 20 99 36 13 62 15 28 23 52 33 4 28 10 90 9 77 41 29 94 47 65 62 5 5 12 5 69 70 38 2 23 10 54 59 23 16 26 4 91 ]
[ 27 88 17 4 67 4 6 25 38 65 13 66 93 52 52 15 10 14 6 50 63 0 21 20 12 0 4 18 35 30 22 62 70 39 66 37 43 24 14 34 89 79 0 35 32 52 50 94 18 8 ]
[ 56 37 8 42 0 27 68 38 27 83 56 60 54 23 14 20 42 5 94 81 3 27 18 9 20 47 25 6 2 41 34 11 31 43 5 31 70 26 21 49 9 30 9 64 53 75 36 47 81 30 ]
[ 89 17 13 39 90 2 29 11 97 26 29 76 34 81 44 0 90 75 25 35 1 0 87 24 3 2 8 0 29 15 38 18 84 51 10 26 5 39 37 54 17 66 30 51 0 27 51 90 2 28 ]
[ 87 70 51 72 9 24 43 10 8 9 14 30 11 42 15 5 72 6 23 49 21 43 36 27 37 54 14 10 27 18 43 14 40 46 38 49 70 81 11 30 42 26 60 53 20 27 59 92 34 34 ]
[ 6 69 4 29 42 36 4 61 9 66 73 35 81 32 98 39 8 56 31 12 49 11 20 22 33 24 70 46 54 79 31 12 0 87 41 42 24 46 4 33 12 29 20 45 13 18 36 22 27 67 ]
[ 3 85 73 5 52 11 7 51 13 60 38 65 81 64 36 15 49 58 20 31 62 6 96 17 91 3 9 16 55 18 96 10 4 21 15 8 33 23 11 46 35 1 63 69 18 99 36 19 10 8 ]
[ 36 52 91 61 27 18 46 21 85 15 45 35 34 78 28 92 36 56 3 25 39 53 29 39 36 36 28 36 15 32 43 51 36 87 64 16 57 10 37 42 25 34 30 11 12 10 4 0 18 7 ]
[ 3 11 64 51 30 67 8 0 22 26 17 48 51 37 44 40 62 36 99 7 76 50 1 8 54 24 18 34 63 48 69 18 11 33 21 41 0 29 93 22 55 11 23 59 48 19 51 62 7 50 ]
[ 25 47 12 13 32 52 66 19 96 32 31 10 43 24 23 24 37 1 22 61 32 32 0 44 7 77 11 69 75 24 33 0 23 98 13 55 50 32 75 98 16 6 9 59 30 84 35 19 37 9 ]
[ 54 96 18 44 28 50 97 3 43 32 28 9 75 11 15 10 0 10 10 8 23 0 35 51 48 52 3 29 3 68 2 9 64 72 54 44 23 51 48 66 35 28 27 11 40 95 21 92 5 83 ]
[ 93 6 90 1 84 16 24 10 6 8 79 45 20 15 7 6 75 38 49 56 5 16 48 28 24 75 62 6 12 11 92 5 17 83 58 1 99 34 63 58 42 42 3 15 9 11 21 85 1 70 ]
[ 3 14 19 92 18 18 64 2 41 74 19 10 7 31 72 21 88 64 41 32 86 75 37 20 29 13 24 59 7 17 79 62 31 50 54 49 20 70 3 14 44 22 24 3 6 49 25 94 13 18 ]
[ 57 4 37 5 4 84 72 34 70 0 3 4 78 26 17 19 9 62 2 6 30 31 40 1 3 73 7 47 45 5 82 54 10 71 59 66 7 31 1 77 83 56 34 14 34 3 33 96 65 87 ]
[ 9 25 59 94 61 90 27 87 24 2 54 28 79 38 67 71 27 8 9 12 66 48 22 14 72 68 24 29 69 34 26 30 11 86 25 24 28 4 63 4 6 17 33 37 8 0 8 35 60 18 ]

Timer (generate): 20ms real	20ms user	0ms sys
[ 54 33 16 46 43 63 15 71 87 87 7 52 39 59 7 91 54 12 79 33 32 20 47 0 14 42 26 23 1 70 43 56 3 12 54 98 75 69 69 14 57 28 18 96 87 25 39 42 37 18 ]
[ 27 69 91 74 21 5 68 99 28 70 69 23 78 24 35 32 22 62 53 43 76 10 72 95 58 59 72 97 53 62 68 80 83 59 6 5 64 75 4 44 97 26 19 75 50 7 59 25 21 12 ]
[ 68 50 23 40 97 33 52 69 83 5 31 51 38 15 62 44 72 78 71 28 74 20 54 45 95 57 52 54 82 74 67 2 76 42 43 73 27 47 42 10 52 26 13 42 41 75 39 65 5 10 ]
[ 93 79 31 48 77 78 57 29 85 39 55 4 41 31 46 36 4 25 83 99 36 88 25 49 30 18 77 69 83 34 32 76 14 15 76 91 93 33 72 78 24 80 34 18 63 80 54 20 6 90 ]
[ 19 94 30 96 43 12 14 72 34 49 7 66 77 73 33 6 16 78 39 40 9 16 20 43 34 36 76 40 56 82 82 75 28 12 71 23 25 37 96 59 86 3 77 63 28 62 69 44 40 61 ]
[ 84 49 77 57 45 63 93 21 3 49 55 86 76 83 50 99 6 75 36 2 86 74 57 15 89 37 29 11 81 70 72 18 71 1 27 16 16 72 37 71 73 92 57 49 75 8 48 34 35 36 ]
[ 36 74 10 46 41 51 83 71 62 17 93 86 87 64 39 14 33 55 86 70 27 59 15 36 60 42 96 60 76 84 96 65 58 58 11 51 61 46 22 24 63 15 10 50 32 2 16 65 57 2 ]
[ 87 36 13 54 25 25 97 21 85 73 57 33 90 15 43 53 19 5 0 41 29 15 9 91 66 41 45 34 58 55 89 45 91 2 52 68 80 49 42 65 74 99 99 65 67 94 18 86 99 70 ]
[ 27 80 86 88 24 4 29 69 38 39 24 27 37 68 82 89 36 62 38 78 79 64 78 30 81 45 25 0 31 24 22 10 57 8 99 81 64 80 2 3 20 27 82 57 95 16 46 31 30 36 ]
[ 62 10 0 40 40 82 37 65 34 68 42 56 30 51 17 29 32 81 10 86 36 82 13 71 91 60 39 37 44 70 25 6 80 77 98 72 11 35 90 45 55 84 54 85 35 23 67 19 56 29 ]
[ 5 45 11 71 16 2 31 55 91 75 77 68 81 9 45 31 82 57 66 24 54 21 8 60 59 43 35 26 14 92 55 71 89 18 42 57 20 74 64 63 1 42 31 35 51 76 66 85 85 33 ]
[ 9 92 6 17 52 17 12 40 43 78 32 50 50 73 68 44 30 88 18 94 3 72 88 34 7 92 63 73 77 0 58 87 92 17 56 45 34 21 85 30 51 69 80 1 94 49 46 24 89 16 ]
[ 70 45 88 59 79 47 51 94 73 80 95 83 19 87 0 76 84 87 49 21 69 0 42 49 54 36 50 52 12 92 68 83 37 9 42 68 8 45 63 81 25 10 65 45 97 17 73 34 56 74 ]
[ 55 25 74 98 27 80 86 29 32 99 21 53 82 10 14 76 31 22 73 94 56 98 4 21 95 53 90 20 87 47 94 43 24 69 93 51 49 79 81 34 78 54 87 12 17 1 88 48 75 61 ]
[ 42 31 12 98 4 59 3 95 80 43 94 74 38 18 95 31 70 97 62 3 31 93 57 70 57 74 23 46 74 98 59 68 30 23 18 34 35 22 81 15 65 75 41 3 94 89 86 16 38 0 ]
[ 19 21 93 28 91 51 55 14 49 29 64 60 98 94 36 16 81 71 90 62 38 55 38 31 10 32 72 96 48 10 49 19 31 42 47 74 45 54 40 46 84 5 59 34 99 47 50 32 18 41 ]
[ 95 8 48 33 91 59 17 64 7 17 26 56 36 10 51 35 84 48 42 25 95 26 82 6 60 33 53 62 66 23 55 61 31 4 46 74 15 63 38 22 32 17 31 68 27 82 55 11 30 97 ]
[ 88 77 75 22 83 87 56 88 50 22 11 57 83 94 61 81 69 76 44 59 51 76 76 82 96 55 16 3 67 98 1 7 76 28 30 11 16 38 0 18 60 63 75 95 58 37 76 79 65 72 ]
[ 38 16 0 67 50 96 22 66 51 41 65 52 1 93 33 83 4 49 21 56 19 33 72 94 28 30 83 56 9 49 28 99 17 80 18 20 76 41 86 27 34 3 32 35 96 65 18 53 66 91 ]
[ 61 85 24 33 79 4 63 15 60 24 16 40 76 85 20 94 5 48 87 92 28 22 95 12 9 44 29 80 97 95 71 58 32 48 44 63 52 59 78 65 84 94 57 12 80 30 58 85 30 46 ]

Running merge sort algorithm: 
Timer (sort): 6ms real	0ms user	0ms sys
The output is sorted!
[ 13 17 16 23 20 24 12 7 46 56 4 40 11 16 1 34 6 3 39 66 49 24 57 5 57 68 48 29 6 72 77 72 41 94 47 13 70 59 21 17 16 25 57 79 93 10 13 0 13 4 ]
[ 35 14 17 37 84 21 64 27 5 1 64 60 6 8 89 74 34 11 23 9 26 92 36 34 82 0 36 1 31 8 18 18 75 35 55 59 8 71 86 13 24 2 25 30 63 15 4 49 26 28 ]
[ 49 34 47 99 87 2 22 10 5 46 51 18 37 24 5 42 56 47 3 54 10 49 12 28 8 2 32 52 59 53 29 8 40 76 7 79 78 29 89 36 27 41 6 17 17 11 11 73 10 15 ]
[ 26 56 83 79 86 26 83 23 20 29 2 21 23 59 59 91 34 56 24 6 17 17 37 63 30 4 16 3 28 2 48 7 58 31 86 45 9 22 20 29 3 22 3 26 33 62 17 19 19 94 ]
[ 59 49 49 73 38 40 7 73 99 57 2 33 12 16 6 38 9 24 43 14 66 93 1 68 79 2 10 62 26 17 74 37 19 23 11 57 15 18 30 14 27 32 48 39 0 6 29 9 31 73 ]
[ 5 15 93 42 78 30 59 11 75 3 8 92 32 2 34 21 17 1 50 13 0 61 47 87 23 2 31 0 56 19 77 13 34 22 56 65 4 67 28 31 70 37 76 2 39 10 23 8 63 26 ]
[ 23 4 52 20 19 26 86 32 12 80 45 14 0 27 27 62 46 57 35 42 28 36 3 90 9 10 16 68 35 12 94 10 68 46 31 39 25 69 24 37 1 69 3 2 48 31 16 94 40 3 ]
[ 69 59 6 58 27 43 77 44 21 17 11 49 65 50 14 7 24 8 10 25 56 49 61 24 17 11 21 18 22 90 56 43 1 14 2 28 9 79 73 30 48 36 31 13 38 45 72 62 5 35 ]
[ 6 5 74 34 23 34 39 28 15 4 36 9 43 25 43 41 13 77 1 85 67 91 19 6 57 19 37 29 79 27 27 85 32 1 71 7 36 10 87 51 66 23 12 9 0 55 50 14 32 51 ]
[ 69 71 35 92 5 24 9 5 48 33 76 2 1 11 22 26 18 10 16 14 53 16 20 10 19 22 78 53 7 73 32 76 96 19 21 1 43 30 59 91 15 35 45 69 46 20 95 16 30 11 ]
[ 1 16 22 14 42 26 88 59 42 22 13 53 17 34 24 19 15 36 54 21 59 0 94 9 28 37 2 95 48 18 0 2 34 23 68 28 1 56 88 95 30 1 49 47 35 73 67 3 61 21 ]
[ 8 39 50 42 13 8 48 57 15 54 6 68 46 4 30 1 28 86 45 1 92 76 49 42 13 14 17 67 9 9 76 17 1 79 60 14 87 60 23 3 67 30 23 13 34 53 66 15 39 11 ]
[ 0 47 54 11 2 42 90 30 14 1 0 9 42 10 92 7 53 34 34 45 77 31 34 77 23 54 50 54 11 14 31 12 13 37 23 15 31 13 45 45 66 98 6 60 8 50 67 61 84 2 ]
[ 35 48 12 82 14 46 56 26 89 15 77 2 38 1 26 16 88 34 32 9 31 5 35 28 35 56 7 3 89 63 41 24 63 6 58 29 52 14 8 41 29 85 95 19 38 21 35 26 8 20 ]
[ 10 23 36 21 11 45 28 48 85 0 0 11 72 56 29 11 99 77 14 50 26 49 21 36 28 98 15 13 21 19 1 83 95 38 56 6 83 37 6 21 37 6 32 61 14 13 24 65 43 38 ]
[ 32 18 4 39 3 40 17 96 33 11 80 46 4 85 68 5 47 60 84 52 17 9 40 2 25 4 42 21 68 17 70 1 35 26 92 90 18 9 38 3 20 18 50 24 3 70 81 2 30 66 ]
[ 55 41 13 12 95 23 47 12 6 38 2 2 1 36 44 32 31 1 54 53 39 24 89 8 7 42 10 49 8 91 42 16 33 7 80 80 30 79 92 88 17 46 43 19 34 39 3 66 40 9 ]
[ 52 35 4 2 19 14 42 49 4 6 1 15 78 45 53 43 19 43 67 75 64 42 14 76 37 26 62 3 64 45 23 16 32 27 70 4 93 13 5 97 71 6 65 1 4 18 44 75 61 12 ]
[ 23 39 75 12 24 65 74 13 5 27 45 0 13 6 95 8 92 1 12 13 43 56 52 16 36 11 4 73 47 48 63 70 87 91 34 64 8 8 29 13 36 26 13 1 32 60 61 76 13 25 ]
[ 14 41 16 5 52 4 79 55 20 37 74 9 3 32 48 17 84 7 80 45 88 19 6 24 80 14 70 9 63 13 1 29 54 69 35 59 26 14 66 46 3 40 56 6 24 56 24 61 15 56 ]

Timer (generate): 20ms real	20ms user	0ms sys
[ 48 66 21 84 22 72 66 64 48 24 6 99 34 94 74 14 64 13 94 30 59 48 72 86 41 91 31 71 59 36 27 7 54 48 44 76 73 62 92 73 86 50 72 20 97 46 87 61 60 81 ]
[ 92 71 81 16 58 22 59 41 93 19 77 20 78 31 21 22 60 46 84 4 19 71 7 43 43 4 89 30 65 1 63 9 25 97 26 35 19 37 76 65 56 6 85 35 37 58 9 49 4 94 ]
[ 54 75 17 61 18 12 65 60 43 30 13 58 92 38 55 18 73 27 7 2 92 64 8 29 51 97 88 60 47 44 54 1 72 23 14 90 36 79 50 79 61 16 89 53 54 45 23 80 24 31 ]
[ 34 16 47 42 45 98 39 85 58 86 30 65 39 54 88 53 44 24 84 47 55 46 63 45 51 69 42 27 49 66 58 83 82 57 77 79 55 17 65 13 55 47 30 95 1 19 0 45 43 85 ]
[ 44 51 83 59 48 34 29 90 13 30 8 71 14 42 28 43 21 35 12 38 1 68 85 31 15 86 2 67 84 98 52 80 49 87 40 97 22 69 39 35 99 47 59 65 41 39 9 62 27 21 ]
[ 1 28 41 38 59 8 77 62 76 61 60 80 93 61 68 33 58 42 2 97 77 54 96 88 71 37 80 32 51 7 54 4 35 47 43 46 56 20 60 84 33 72 64 26 33 32 12 43 74 14 ]
[ 92 4 20 40 44 92 77 76 24 81 83 30 85 70 30 80 69 38 52 81 22 85 54 38 64 39 71 76 35 97 42 27 53 15 68 50 7 97 26 83 78 62 66 16 32 96 48 53 34 1 ]
[ 35 56 38 41 46 2 32 69 30 67 67 73 95 72 88 15 22 47 64 49 82 95 63 48 11 95 44 59 1 78 12 36 86 51 29 33 5 61 2 36 29 21 61 76 94 1 43 68 0 7 ]
[ 69 82 2 32 31 65 80 75 77 81 6 89 69 92 40 98 77 46 11 32 34 40 53 95 68 99 48 63 68 48 71 89 30 25 22 13 91 2 89 68 35 47 57 4 91 50 54 69 96 65 ]
[ 1 82 58 6 77 78 58 77 42 26 25 13 67 7 90 89 21 81 43 62 49 78 9 59 34 0 9 88 21 57 6 74 39 16 81 68 94 39 45 88 17 22 53 36 81 44 26 2 25 21 ]
[ 16 27 0 25 86 86 78 47 27 99 56 33 74 95 1 7 15 95 98 12 84 67 34 89 3 15 33 81 70 59 3 86 38 55 64 76 41 42 75 68 93 31 53 19 26 54 78 93 2 76 ]
[ 5 38 95 91 27 99 6 61 80 28 72 35 67 10 90 31 38 32 25 13 52 70 44 6 90 22 60 20 15 62 97 72 0 44 63 28 43 21 41 76 50 13 11 17 75 2 0 65 86 77 ]
[ 78 38 47 74 96 89 48 57 10 15 71 59 87 24 3 50 4 99 71 45 75 73 10 38 42 37 92 42 2 78 71 32 69 71 58 65 60 6 74 22 21 46 81 60 22 37 10 26 36 33 ]
[ 23 11 7 33 49 1 22 94 96 24 72 67 8 93 38 66 59 99 24 33 73 97 31 55 57 53 92 19 79 28 52 2 91 11 87 92 65 9 86 61 85 11 28 93 4 67 11 63 18 35 ]
[ 49 43 32 80 98 41 34 42 60 65 22 65 20 13 28 7 58 93 69 96 54 54 7 35 0 12 54 63 27 24 99 76 67 83 9 66 25 43 60 37 8 83 54 80 48 35 88 6 28 9 ]
[ 3 35 15 62 70 15 74 76 31 54 0 30 82 67 65 91 85 42 86 46 80 47 81 86 27 29 21 15 88 50 76 91 37 92 5 59 59 80 35 90 86 35 72 68 54 38 12 92 80 98 ]
[ 90 60 45 71 99 25 52 20 92 40 70 69 83 59 61 89 18 72 21 5 63 59 92 35 27 47 73 91 91 6 90 81 18 87 52 17 12 56 38 5 97 60 74 32 20 87 21 90 59 94 ]
[ 96 22 53 88 10 33 87 35 24 78 41 66 59 60 6 63 77 18 20 15 75 69 76 1 1 48 88 75 38 0 69 86 74 75 75 84 8 62 20 84 93 13 3 52 73 9 68 3 79 88 ]
[ 18 55 57 46 56 58 46 97 33 85 97 55 23 71 30 98 8 38 13 80 74 6 93 77 10 19 86 78 22 66 66 92 73 75 91 29 34 37 78 19 74 27 74 98 99 56 48 59 46 61 ]
[ 39 21 19 32 50 82 3 37 60 25 55 79 18 28 6 61 9 92 98 40 12 73 67 38 23 66 95 71 77 41 85 16 14 56 1 65 38 4 54 51 82 9 82 52 89 88 13 50 33 11 ]

Running merge sort algorithm: 
Timer (sort): 11ms real	0ms user	10ms sys
The output is sorted!
[ 60 95 61 5 79 25 87 67 30 38 46 34 4 6 47 72 11 54 76 17 52 18 15 14 18 25 0 27 3 9 99 15 4 13 20 35 38 8 2 20 46 0 54 2 7 2 26 18 8 54 ]
[ 55 30 88 19 11 2 43 5 18 30 71 60 52 2 95 21 20 17 69 15 27 14 1 6 25 81 3 52 1 60 63 56 43 4 27 6 6 71 11 24 53 35 36 5 37 31 26 9 49 48 ]
[ 15 58 58 30 31 0 29 31 54 19 68 30 63 27 18 38 28 38 9 12 3 7 6 92 74 24 58 31 53 79 98 20 89 9 50 20 9 31 3 15 3 24 45 18 3 63 56 32 2 17 ]
[ 13 69 5 14 18 60 23 94 97 0 55 60 44 5 14 50 25 76 38 38 84 7 49 8 5 53 45 22 5 66 8 18 35 65 32 6 25 7 52 74 59 7 34 4 12 0 6 37 29 44 ]
[ 62 21 21 51 41 1 25 16 68 24 43 17 3 21 45 45 40 52 1 38 3 44 73 48 13 4 8 46 73 27 43 35 48 64 38 41 18 15 58 86 39 1 3 94 22 0 40 14 52 41 ]
[ 30 42 7 54 17 37 8 27 31 9 24 52 27 35 50 15 18 26 87 47 1 49 26 88 50 86 16 29 21 99 21 51 42 80 57 11 17 65 39 1 27 15 5 6 50 55 21 20 33 8 ]
[ 3 50 4 57 12 92 15 10 91 56 31 1 15 38 69 31 1 59 0 15 12 72 35 25 11 8 53 60 64 71 8 19 73 65 28 85 9 43 47 0 51 30 54 18 21 75 1 22 34 2 ]
[ 70 62 45 21 95 26 6 23 6 16 24 81 35 95 96 7 58 1 38 49 53 12 28 10 16 26 84 60 7 51 34 29 13 31 51 8 9 9 31 68 25 7 49 13 2 45 20 12 99 10 ]
[ 27 19 2 55 22 1 13 39 51 87 5 76 35 53 31 20 39 24 26 77 31 0 4 37 75 18 51 20 83 20 45 62 91 0 17 65 1 30 5 4 69 62 81 5 15 12 77 54 37 3 ]
[ 24 58 54 14 28 96 8 59 95 37 59 23 19 12 36 5 26 11 42 14 58 17 1 51 37 80 2 0 30 12 8 54 71 14 20 99 10 28 58 5 17 17 81 36 81 17 42 7 80 36 ]
[ 60 36 33 64 0 4 72 16 3 61 90 40 3 17 55 48 10 93 13 44 93 42 62 38 29 29 28 26 41 5 12 1 41 45 17 42 1 90 10 4 3 0 45 59 17 0 59 79 93 24 ]
[ 13 35 5 9 55 70 1 99 63 2 6 7 62 0 64 11 35 37 46 47 32 8 2 10 36 6 98 46 41 20 10 6 55 67 16 11 38 17 62 53 72 20 12 86 20 28 49 56 65 96 ]
[ 97 5 62 7 15 36 37 2 8 93 32 69 21 19 50 9 14 52 19 15 28 48 72 27 13 6 61 4 20 33 77 17 38 40 24 5 28 61 59 89 7 92 58 28 63 9 89 29 13 9 ]
[ 13 42 3 65 4 47 83 1 9 25 73 2 39 53 30 27 52 94 15 33 32 61 36 52 42 6 6 52 77 1 77 42 44 33 60 0 32 95 53 41 20 26 43 11 32 26 39 36 20 6 ]
[ 33 18 24 11 29 9 12 24 67 99 39 31 84 63 11 29 87 76 6 19 20 43 80 13 34 52 11 12 19 49 40 5 20 16 16 1 26 81 26 93 80 17 76 16 32 39 46 19 16 52 ]
[ 47 48 47 93 10 11 14 53 89 87 68 29 54 91 21 47 82 16 5 20 38 7 35 37 25 46 27 4 8 15 0 55 63 0 0 73 11 15 78 52 2 47 33 8 90 6 8 72 23 13 ]
[ 28 52 47 16 25 55 4 1 54 30 28 28 49 19 13 14 23 71 86 16 1 93 14 19 81 49 17 0 88 77 14 68 29 13 37 7 21 41 8 75 24 89 55 25 8 21 40 83 44 26 ]
[ 28 65 45 2 22 41 16 15 80 49 49 9 5 34 41 53 20 31 62 73 37 58 64 25 54 0 46 58 40 66 33 69 83 30 23 5 23 40 21 4 41 22 13 47 56 6 0 28 38 63 ]
[ 15 33 97 5 12 17 56 40 21 82 34 18 19 40 5 34 8 54 59 78 8 45 23 10 95 33 98 35 0 36 37 67 21 87 72 33 4 80 26 25 14 60 44 34 1 1 20 61 8 31 ]
[ 22 2 95 49 55 8 3 83 99 64 56 10 66 18 8 0 16 98 38 4 33 38 28 82 32 12 2 9 21 1 97 43 3 92 45 11 0 48 94 99 12 2 61 30 20 21 30 36 20 20 ]

Timer (generate): 21ms real	20ms user	0ms sys
[ 40 11 27 2 29 62 78 72 66 90 12 19 76 68 34 77 33 22 68 24 47 1 34 10 49 97 32 12 86 99 74 26 10 53 29 92 15 59 16 82 1 81 1 78 1 87 55 34 9 75 ]
[ 11 57 76 45 19 25 95 3 89 81 3 64 8 65 17 89 9 33 0 26 67 2 59 20 80 60 7 87 47 16 62 10 25 90 55 45 68 2 0 9 36 3 73 96 21 43 85 30 28 37 ]
[ 8 47 39 19 67 19 80 26 6 79 94 20 89 20 11 96 17 31 51 17 40 87 73 66 83 46 9 20 76 89 57 37 36 97 56 55 68 88 81 27 67 27 47 8 47 10 57 16 41 8 ]
[ 86 82 95 59 48 30 57 9 50 85 98 7 22 86 56 31 41 25 71 74 4 39 1 51 99 1 14 56 69 7 16 55 89 11 66 89 41 23 50 43 9 48 51 83 86 59 14 79 36 86 ]
[ 5 40 77 59 44 28 60 58 37 29 65 53 37 7 17 3 48 10 79 99 54 88 99 57 71 86 16 38 17 53 76 23 45 53 82 89 33 42 47 70 23 65 24 12 24 41 16 72 51 47 ]
[ 71 5 35 23 14 58 9 31 48 26 36 24 1 81 29 83 71 63 77 70 85 1 87 9 65 11 2 33 36 54 80 59 11 67 82 78 78 43 9 26 22 97 3 23 30 84 7 53 47 84 ]
[ 76 85 37 63 94 3 27 97 36 15 3 69 74 66 36 57 44 14 0 5 41 74 2 96 98 33 80 57 86 80 41 62 65 31 78 11 86 57 8 22 72 63 43 46 30 80 55 74 94 8 ]
[ 32 87 82 34 35 80 19 16 37 58 96 31 20 13 14 50 24 0 7 85 74 79 48 18 78 30 98 33 5 44 41 37 84 76 23 19 8 43 87 98 1 35 29 73 48 43 76 73 43 83 ]
[ 58 17 15 58 87 93 89 85 78 46 82 20 35 66 48 58 37 56 53 25 54 6 60 83 32 61 78 8 34 73 91 44 43 58 2 30 51 43 16 30 89 50 2 24 16 50 35 5 58 88 ]
[ 30 13 47 43 48 79 4 27 87 90 52 30 34 95 89 88 26 92 32 94 74 21 44 28 98 12 78 33 17 89 73 0 2 20 95 50 99 99 29 38 89 82 69 75 77 10 15 3 2 99 ]
[ 49 77 73 45 5 71 57 36 56 27 25 29 27 79 50 22 29 1 73 59 40 14 41 61 41 18 71 56 74 25 8 75 54 81 21 60 4 78 48 60 57 25 89 84 4 91 58 33 93 83 ]
[ 44 85 49 85 98 90 56 21 99 82 46 7 57 1 40 78 13 96 9 61 56 66 86 97 3 42 41 61 75 86 97 72 71 46 57 21 37 65 42 88 47 88 47 5 41 87 35 54 83 44 ]
[ 67 91 11 5 88 14 47 81 27 75 67 24 47 90 23 56 11 12 22 53 0 21 94 47 78 35 86 14 90 69 58 57 12 21 63 52 35 62 34 63 37 1 39 84 44 14 93 55 26 15 ]
[ 61 78 36 55 77 67 42 63 81 84 84 91 94 96 13 9 49 48 71 35 63 9 88 55 45 32 69 38 40 48 5 1 26 94 8 4 61 50 67 94 87 4 85 81 52 98 90 53 47 61 ]
[ 88 62 22 77 17 68 61 39 58 1 87 64 54 13 10 62 69 23 65 89 17 52 93 2 33 45 1 23 99 0 36 87 14 59 16 32 27 78 23 37 79 10 53 86 75 63 48 45 38 65 ]
[ 34 55 17 79 58 2 24 59 77 75 11 14 15 25 73 31 9 52 61 32 89 93 94 95 79 22 10 79 67 49 45 53 4 14 32 62 17 8 73 94 36 36 60 51 14 33 34 23 37 96 ]
[ 8 79 41 54 74 20 76 36 99 43 85 96 48 42 11 32 4 80 93 30 26 29 18 87 80 32 72 14 56 10 62 16 89 3 70 15 75 47 51 27 42 89 23 43 31 86 75 87 66 68 ]
[ 17 93 97 36 32 29 20 4 96 76 14 58 44 55 14 15 70 89 14 74 68 8 63 92 51 94 30 27 33 49 47 51 94 97 39 26 26 59 30 22 88 97 81 32 52 47 99 75 36 13 ]
[ 1 5 22 64 49 25 10 31 52 43 80 52 46 74 49 37 0 75 49 31 98 37 80 31 21 32 78 73 59 66 38 60 23 12 76 72 38 86 4 42 82 84 94 80 11 43 18 11 71 19 ]
[ 94 21 8 74 4 29 59 82 54 18 0 93 79 24 5 55 96 43 94 52 38 28 89 32 8 0 28 78 63 99 97 58 72 57 84 76 39 43 10 93 62 10 86 93 34 44 48 83 39 94 ]

Running merge sort algorithm: 
Timer (sort): 7ms real	0ms user	0ms sys
The output is sorted!
[ 9 22 52 0 98 30 49 36 57 45 49 31 35 33 85 33 14 70 99 72 52 37 38 11 9 18 28 46 9 49 19 19 24 23 19 22 6 20 11 63 17 12 47 4 45 32 38 12 2 37 ]
[ 7 32 36 71 49 31 35 41 81 15 33 33 74 3 15 4 45 96 39 90 0 37 3 48 34 21 38 40 83 50 6 42 34 42 13 83 25 0 24 6 67 10 39 41 13 6 46 10 3 37 ]
[ 45 10 24 3 24 82 77 15 78 9 94 45 26 1 44 16 7 64 0 22 39 19 4 11 33 40 25 93 72 4 21 17 14 97 72 39 31 49 6 9 11 52 6 89 53 50 6 13 66 6 ]
[ 8 37 94 22 85 8 46 15 75 84 6 25 68 43 50 34 82 4 14 2 22 24 5 18 20 1 80 10 73 6 7 34 95 1 56 32 61 55 0 37 91 6 14 11 1 16 45 83 20 11 ]
[ 22 76 9 37 70 50 12 4 33 93 45 47 59 68 32 40 12 15 59 70 43 0 21 80 18 24 85 24 29 4 7 4 32 17 41 3 67 5 7 53 50 4 0 9 25 84 1 37 99 13 ]
[ 74 10 8 32 56 35 41 94 5 99 19 43 21 23 22 53 41 76 55 77 55 69 13 29 65 50 7 9 2 3 9 76 13 17 60 21 5 1 16 10 52 87 53 26 11 28 31 4 4 39 ]
[ 6 48 24 98 72 9 6 5 5 47 29 39 35 56 78 12 79 20 64 48 5 12 40 9 42 12 10 30 5 54 69 63 3 45 61 27 54 20 32 11 67 61 2 3 17 80 15 49 52 31 ]
[ 65 19 42 6 4 16 43 6 5 59 84 16 20 26 28 41 64 10 51 4 8 78 9 56 62 1 53 16 8 1 43 74 20 85 32 24 54 27 82 59 38 67 27 59 45 56 0 9 18 52 ]
[ 37 8 96 12 36 58 33 66 31 19 67 99 50 21 79 5 3 56 0 90 38 19 85 24 3 40 18 70 55 47 23 44 7 71 9 44 30 42 62 13 13 29 12 15 3 44 20 6 0 21 ]
[ 43 3 44 7 41 65 39 24 68 61 8 9 9 51 2 35 35 9 3 47 28 26 45 95 43 17 91 15 22 19 34 17 22 30 76 64 96 15 40 16 29 1 77 38 4 79 26 39 40 29 ]
[ 28 79 16 12 27 25 38 19 47 22 60 27 20 59 26 26 20 43 71 56 22 49 42 96 13 94 48 37 27 27 76 7 7 44 20 86 22 10 5 21 32 17 48 5 76 27 31 48 22 2 ]
[ 22 18 68 10 8 9 5 43 39 85 40 0 77 4 55 30 29 7 22 25 50 25 22 72 58 8 28 53 38 3 23 12 21 44 74 81 53 31 25 93 16 17 45 93 73 0 23 3 59 45 ]
[ 12 59 19 17 84 33 8 4 48 44 69 33 73 2 76 11 29 15 7 16 4 56 75 74 19 33 3 1 90 89 46 54 0 17 23 84 2 31 40 50 75 9 83 1 12 11 12 93 26 20 ]
[ 67 19 39 2 13 81 18 22 33 4 13 47 59 26 35 42 44 26 49 11 19 20 22 10 0 37 24 23 57 2 53 25 74 45 27 87 26 97 10 12 2 75 59 13 2 95 56 46 73 57 ]
[ 23 6 36 69 27 50 66 12 48 15 0 2 24 47 16 3 47 67 60 71 2 26 35 11 32 12 23 45 30 3 73 53 9 61 74 36 11 93 0 11 8 53 13 32 0 81 88 99 48 48 ]
[ 52 8 12 22 36 4 17 76 46 14 34 32 12 58 61 63 48 10 99 6 63 1 52 87 32 4 28 0 83 12 93 35 20 5 9 8 9 26 37 8 92 23 40 56 81 53 19 82 15 18 ]
[ 88 11 60 7 37 7 17 61 32 85 16 6 15 14 93 80 20 4 42 17 62 13 94 42 80 16 35 49 1 3 48 41 14 8 0 3 67 17 65 51 55 33 57 22 99 2 55 20 7 49 ]
[ 63 54 64 7 31 13 90 33 17 6 22 30 27 38 92 81 95 7 8 13 5 8 71 20 33 4 4 29 8 6 11 23 60 27 30 91 40 21 76 10 27 50 40 6 40 32 88 35 91 48 ]
[ 32 9 29 78 22 79 42 45 34 38 16 21 19 2 24 65 33 49 35 14 62 14 8 36 69 0 4 27 45 73 51 29 34 32 7 56 12 1 1 98 39 69 19 59 71 44 76 4 45 64 ]
[ 28 54 84 17 3 1 84 0 46 12 32 40 16 19 34 81 1 95 79 36 15 42 89 44 9 47 29 23 15 39 49 43 45 33 12 49 35 49 1 33 61 34 25 29 53 60 11 6 7 90 ]

