Timer (generate): 111ms real	110ms user	0ms sys
[ 94 44 58 40 61 74 53 39 57 13 63 71 59 88 93 8 88 3 56 58 20 55 26 80 32 ]
[ 91 35 90 47 91 12 41 87 23 34 0 49 39 92 58 52 55 30 63 44 23 71 32 78 79 ]
[ 42 99 34 68 79 67 11 67 57 59 10 22 52 97 45 86 50 46 25 42 5 29 97 35 92 ]
[ 41 10 16 25 88 95 67 87 30 88 19 97 99 38 6 10 48 80 63 97 77 1 47 24 79 ]
[ 89 29 8 87 64 1 80 26 17 6 14 12 73 54 94 61 25 43 13 63 50 23 11 30 86 ]
[ 60 8 40 8 84 19 97 13 27 36 29 80 17 55 49 23 21 14 96 75 8 10 52 52 75 ]
[ 15 54 98 78 36 37 39 96 77 47 80 48 44 93 75 81 74 8 50 29 57 73 3 71 21 ]
[ 30 80 83 83 84 58 98 90 57 77 78 46 68 75 75 15 7 23 11 53 98 44 27 6 94 ]
[ 9 16 19 12 87 41 42 19 76 77 55 35 76 45 44 5 76 90 73 51 65 40 58 88 3 ]
[ 11 38 48 91 97 94 0 13 14 64 52 7 58 72 83 36 79 70 64 77 14 21 53 56 46 ]
[ 4 73 86 14 13 89 78 4 89 21 1 36 73 66 2 37 18 9 47 42 44 35 22 67 99 ]
[ 99 33 72 52 90 18 8 15 4 74 29 46 4 85 87 25 86 23 50 52 25 39 22 86 87 ]
[ 65 83 22 39 50 74 38 83 46 42 25 17 2 93 73 28 74 19 33 59 59 10 45 34 61 ]
[ 49 60 0 23 98 39 88 33 62 79 83 88 17 19 86 11 96 3 13 89 29 42 15 0 27 ]
[ 74 59 37 71 94 50 72 6 51 96 56 42 36 90 56 16 73 44 85 44 83 97 93 38 62 ]
[ 34 67 4 50 68 83 24 27 21 48 73 23 20 31 26 16 88 69 53 78 25 21 3 70 6 ]
[ 48 5 3 41 43 66 27 63 22 77 31 6 54 10 79 2 36 2 22 67 29 91 55 98 96 ]
[ 33 23 17 37 45 75 37 50 79 30 46 97 57 9 71 87 92 77 41 54 8 95 42 11 17 ]
[ 10 92 60 65 90 56 51 65 25 40 11 1 29 13 32 59 11 29 68 72 52 55 16 82 48 ]
[ 71 90 43 13 1 61 75 93 73 93 35 82 44 1 7 36 64 60 65 77 92 76 41 73 44 ]

Running merge sort algorithm: 
Timer (sort): 72ms real	60ms user	10ms sys
The output is sorted!
[ 35 5 32 71 8 18 3 61 20 2 4 82 4 0 27 5 14 44 2 49 1 4 33 22 31 ]
[ 5 4 35 37 18 1 1 14 16 39 16 13 16 2 18 3 76 29 9 44 72 36 58 47 20 ]
[ 29 12 10 49 3 12 2 47 19 11 18 45 25 56 14 49 44 2 14 8 32 69 4 28 29 ]
[ 2 6 2 4 53 24 0 3 22 30 31 50 30 74 27 22 25 22 19 75 73 0 13 16 29 ]
[ 7 16 20 28 0 23 35 18 46 5 75 10 23 44 5 4 98 53 24 72 8 18 11 3 8 ]
[ 34 41 4 49 7 11 34 77 14 22 2 14 25 46 59 37 25 11 3 5 23 28 47 1 36 ]
[ 2 1 86 57 19 14 22 8 8 35 7 30 60 23 2 50 1 12 62 14 0 4 50 12 77 ]
[ 17 13 55 45 2 8 30 46 35 12 6 14 27 27 19 22 89 6 11 7 16 50 48 15 41 ]
[ 32 2 3 38 73 1 20 2 5 41 50 27 6 0 25 57 25 57 32 20 13 41 21 55 17 ]
[ 45 40 33 9 36 1 70 7 10 8 30 71 9 24 14 11 15 32 15 30 25 21 15 90 2 ]
[ 27 27 11 3 45 63 1 39 59 21 2 2 7 34 9 4 30 3 34 86 69 33 8 32 17 ]
[ 25 2 29 79 75 9 4 66 77 57 5 12 10 0 16 8 36 4 28 11 60 4 0 42 9 ]
[ 3 15 45 2 63 23 30 54 11 1 34 18 4 74 20 37 11 55 24 35 5 17 54 23 14 ]
[ 34 23 5 11 27 15 3 5 23 14 26 34 34 18 92 35 0 4 48 31 20 66 38 32 37 ]
[ 33 17 31 3 60 7 11 24 36 42 13 78 7 69 8 3 10 19 4 26 6 41 47 82 4 ]
[ 85 22 5 16 27 30 0 21 19 37 23 64 71 12 61 0 20 13 16 4 69 72 3 0 1 ]
[ 53 41 78 36 19 13 2 26 3 12 33 10 27 5 46 31 38 59 2 27 32 11 54 1 34 ]
[ 32 2 9 54 47 60 65 54 7 3 37 5 1 96 8 18 45 48 16 37 5 13 22 3 6 ]
[ 5 15 65 25 48 17 6 58 9 15 1 76 50 15 47 35 32 66 15 29 22 0 23 2 18 ]
[ 10 15 0 51 18 40 54 2 21 37 16 12 0 62 10 36 43 7 9 74 15 44 2 47 69 ]

Timer (generate): 106ms real	90ms user	10ms sys
[ 64 14 99 40 68 86 14 8 30 2 51 86 77 91 76 14 6 61 76 55 1 44 96 0 6 ]
[ 47 52 13 80 60 0 44 26 99 36 94 85 51 55 67 5 58 53 82 49 30 48 55 43 25 ]
[ 62 97 21 58 97 80 57 1 93 38 61 45 34 87 96 23 34 33 26 89 1 31 47 6 65 ]
[ 96 36 14 3 32 91 17 29 12 75 78 92 85 79 37 75 40 82 61 79 78 84 65 64 62 ]
[ 6 65 93 53 71 59 1 60 25 56 44 16 73 25 28 49 3 21 86 82 58 61 22 93 22 ]
[ 53 23 59 19 87 21 77 52 15 83 76 26 84 88 51 93 84 19 66 9 47 67 12 20 53 ]
[ 94 79 14 68 72 89 21 95 48 92 35 69 70 39 36 53 15 62 89 55 65 82 39 84 1 ]
[ 0 84 68 12 4 22 6 35 88 26 59 77 48 7 25 92 42 47 14 81 83 19 49 98 61 ]
[ 56 15 95 96 52 96 48 36 65 61 92 39 19 28 79 46 39 9 46 46 86 90 40 33 57 ]
[ 22 69 76 71 67 37 27 82 33 75 86 81 24 74 46 37 67 37 56 47 17 54 86 26 52 ]
[ 85 12 43 25 98 0 47 67 28 70 34 18 50 68 3 77 7 84 53 81 31 90 48 20 99 ]
[ 47 37 5 86 15 58 71 80 53 96 78 53 96 45 33 18 31 51 20 99 54 98 6 39 51 ]
[ 40 22 94 40 42 45 88 32 2 74 99 60 97 79 13 45 57 18 93 54 52 12 85 55 32 ]
[ 37 10 82 95 49 86 35 71 32 76 65 77 16 97 31 42 97 92 39 28 57 36 86 28 30 ]
[ 92 32 94 78 87 78 15 97 61 62 98 99 98 69 31 26 87 60 42 36 91 36 85 35 75 ]
[ 14 93 63 52 73 93 44 5 87 74 44 66 89 42 79 4 40 78 2 62 61 28 49 21 22 ]
[ 37 64 58 23 0 85 37 45 0 41 18 94 85 75 33 60 19 51 1 13 30 5 6 60 59 ]
[ 20 21 39 21 94 13 58 59 71 81 59 8 70 4 9 11 74 55 97 1 88 9 20 92 10 ]
[ 86 74 68 44 35 27 64 8 19 85 3 32 95 14 56 77 25 64 47 81 25 59 55 32 8 ]
[ 56 21 17 28 65 79 66 39 47 10 26 27 26 35 46 63 90 78 59 56 86 36 81 51 35 ]

Running merge sort algorithm: 
Timer (sort): 70ms real	70ms user	0ms sys
The output is sorted!
[ 4 7 5 14 70 29 29 33 7 9 14 75 37 53 3 40 8 30 8 53 59 3 14 20 0 ]
[ 4 19 32 31 22 38 8 30 19 49 22 31 39 44 66 2 10 4 3 32 1 34 26 48 12 ]
[ 23 4 11 54 12 48 5 77 9 6 7 11 57 81 35 3 3 3 14 24 57 4 14 50 15 ]
[ 42 5 71 3 17 32 13 14 68 19 42 14 11 4 33 10 3 43 71 13 17 38 0 29 24 ]
[ 18 2 37 0 9 31 72 25 33 34 49 35 21 15 1 6 57 72 31 49 26 7 1 16 0 ]
[ 18 30 14 47 6 74 21 88 18 51 10 4 66 63 24 0 14 26 8 0 14 19 21 1 15 ]
[ 24 26 5 39 10 16 2 19 7 53 69 95 45 77 44 7 17 16 42 10 8 8 0 16 0 ]
[ 3 11 58 10 50 9 53 18 6 55 25 1 27 33 44 5 49 1 16 53 64 34 6 20 12 ]
[ 7 3 0 20 14 71 70 11 38 10 39 45 1 15 6 57 23 71 10 6 8 74 18 8 38 ]
[ 36 25 15 81 18 45 9 10 2 29 1 40 27 15 1 22 24 15 28 16 80 8 29 88 3 ]
[ 31 15 43 26 90 16 2 3 2 35 50 1 65 5 1 41 19 42 19 23 1 36 82 0 20 ]
[ 85 0 39 55 45 3 57 7 33 2 70 10 13 70 81 7 5 10 15 4 0 13 28 27 0 ]
[ 12 34 67 5 42 39 33 19 35 2 1 0 26 61 22 35 5 7 17 7 66 11 97 31 9 ]
[ 13 2 20 27 55 10 0 20 64 13 2 58 54 55 20 32 3 22 96 20 14 2 19 50 12 ]
[ 14 12 42 32 78 7 4 4 51 21 41 19 66 34 76 26 28 14 2 18 41 3 40 12 0 ]
[ 18 0 25 36 17 43 1 50 18 4 51 63 36 62 11 45 5 14 2 53 51 10 61 0 9 ]
[ 9 21 32 18 10 5 1 43 91 32 7 16 52 56 8 66 18 3 13 69 6 17 52 22 21 ]
[ 19 3 13 8 35 57 49 0 23 19 4 8 25 23 11 17 24 22 10 6 70 67 77 93 7 ]
[ 19 19 55 39 6 4 77 64 5 24 29 28 27 5 10 9 25 8 29 26 20 56 30 44 33 ]
[ 35 14 90 11 35 23 40 19 4 35 80 7 47 55 27 10 0 2 14 22 4 41 39 5 32 ]

Timer (generate): 114ms real	100ms user	10ms sys
[ 43 15 53 38 48 14 42 86 40 82 12 24 22 73 13 30 62 97 29 21 38 82 44 19 45 ]
[ 59 96 84 69 82 12 13 97 17 3 97 31 46 35 23 80 0 99 2 73 64 84 87 62 65 ]
[ 9 52 48 53 24 93 12 20 29 82 54 93 47 3 11 50 53 94 48 40 18 80 92 69 35 ]
[ 65 34 19 53 48 37 62 0 85 67 24 30 32 97 59 14 3 4 13 59 15 63 12 10 64 ]
[ 4 80 44 97 49 79 14 35 51 67 35 88 81 88 73 1 12 55 33 61 66 99 65 70 12 ]
[ 24 86 27 88 48 91 92 28 36 41 29 15 56 65 18 75 52 6 9 40 31 10 5 86 95 ]
[ 66 4 94 83 75 58 59 13 85 99 61 29 92 89 65 85 18 32 41 35 3 17 88 9 26 ]
[ 28 93 88 33 79 83 52 36 29 35 11 87 47 24 24 46 37 53 90 26 70 76 96 55 17 ]
[ 32 58 86 72 67 64 52 60 52 38 92 87 90 28 16 77 91 55 24 67 80 71 4 33 13 ]
[ 30 4 89 78 11 7 62 69 93 34 88 58 39 1 62 77 45 50 19 25 18 96 16 74 73 ]
[ 83 54 96 39 39 9 21 95 99 99 6 58 62 75 3 48 64 13 39 17 76 16 62 78 35 ]
[ 87 48 84 3 22 9 38 28 5 77 68 66 98 63 17 49 70 75 63 97 31 12 13 44 51 ]
[ 30 72 20 92 2 7 31 51 91 86 73 52 24 54 57 53 22 76 3 85 93 53 7 21 16 ]
[ 5 52 80 18 48 84 49 21 4 93 23 11 25 74 55 11 0 7 88 54 17 41 28 93 97 ]
[ 13 38 50 73 59 18 78 11 99 48 60 83 49 33 87 43 8 50 20 83 5 83 35 65 71 ]
[ 41 82 65 69 27 62 34 65 12 7 77 30 37 40 81 86 0 64 87 85 3 30 94 54 2 ]
[ 29 11 86 16 76 9 57 10 74 78 89 88 12 7 0 72 84 83 61 24 16 99 77 81 87 ]
[ 14 36 69 8 90 72 37 54 10 53 82 19 62 45 46 40 34 34 5 93 87 77 29 22 38 ]
[ 6 38 90 35 71 77 49 8 46 10 50 70 47 4 80 53 87 52 67 32 98 8 18 84 65 ]
[ 12 71 42 93 93 32 99 84 22 34 55 99 84 63 98 94 14 68 93 70 1 98 57 5 66 ]

Running merge sort algorithm: 
Timer (sort): 66ms real	60ms user	10ms sys
The output is sorted!
[ 32 11 22 3 5 12 12 53 0 37 32 3 28 2 39 13 5 15 67 78 37 25 28 20 15 ]
[ 3 25 26 30 14 27 27 0 4 16 25 48 9 6 77 24 23 3 46 0 19 57 55 19 17 ]
[ 11 3 33 3 11 84 48 57 65 8 48 52 1 15 31 2 21 47 9 6 20 12 9 18 17 ]
[ 13 60 15 35 41 14 4 21 18 8 26 31 45 3 18 40 35 8 18 32 12 59 1 15 63 ]
[ 12 32 31 38 4 4 60 9 32 46 25 76 16 58 3 15 0 56 7 7 0 53 1 59 12 ]
[ 21 9 20 11 5 29 19 35 12 7 86 40 30 31 65 26 36 11 24 13 62 40 15 11 0 ]
[ 20 17 97 4 53 71 11 7 4 40 28 17 51 15 5 18 7 19 11 27 36 5 13 78 8 ]
[ 87 16 23 7 24 27 71 45 0 4 5 14 25 14 7 2 19 28 38 33 85 45 39 5 1 ]
[ 67 31 12 40 10 23 53 23 18 5 6 23 47 26 0 20 33 55 3 14 4 59 40 26 29 ]
[ 50 27 4 21 23 11 7 39 31 23 75 41 39 1 5 24 40 22 8 1 26 38 76 5 35 ]
[ 77 37 31 7 39 48 6 13 31 3 15 10 26 42 32 10 58 42 5 1 24 46 5 53 12 ]
[ 70 8 12 23 15 25 8 14 45 49 23 11 1 17 66 16 13 61 18 53 36 52 20 2 17 ]
[ 29 5 20 31 29 34 4 21 90 20 54 12 4 32 55 12 9 2 97 27 1 2 54 34 0 ]
[ 37 12 33 56 41 7 39 46 13 3 6 15 59 42 5 51 2 24 0 19 14 6 24 66 58 ]
[ 55 5 30 77 14 17 32 10 73 13 46 12 21 6 7 6 8 55 66 21 5 14 47 17 23 ]
[ 26 50 10 46 17 15 61 11 49 29 0 27 36 26 3 34 5 13 20 15 14 45 76 38 17 ]
[ 5 1 2 69 53 12 24 11 64 2 25 2 92 55 10 51 44 32 24 9 1 36 17 11 33 ]
[ 3 9 20 9 70 24 46 33 12 20 6 40 64 30 4 45 53 0 29 0 60 33 20 57 1 ]
[ 3 21 41 1 32 0 48 21 2 13 83 1 56 35 27 77 17 0 15 4 39 70 47 19 17 ]
[ 36 1 60 13 58 16 2 47 95 3 3 2 45 45 37 19 10 41 14 18 18 44 16 44 2 ]

Timer (generate): 111ms real	100ms user	10ms sys
[ 73 86 44 88 11 52 82 77 27 26 89 73 38 58 99 39 99 49 18 43 99 15 57 19 78 ]
[ 71 46 34 84 42 80 57 29 24 97 92 28 80 21 56 58 62 29 48 72 80 87 71 81 57 ]
[ 66 80 25 75 52 3 47 50 89 83 92 69 41 73 94 90 17 74 70 38 30 80 1 11 29 ]
[ 73 43 68 97 25 78 15 57 3 91 61 58 90 11 48 73 56 17 66 29 63 57 47 90 79 ]
[ 37 20 60 90 84 89 16 79 9 13 56 87 80 66 90 71 27 49 13 39 49 87 95 18 5 ]
[ 76 34 62 75 24 42 65 96 54 55 80 43 71 12 52 36 68 92 17 34 82 40 14 83 54 ]
[ 5 32 93 0 51 98 28 85 61 56 61 55 21 57 9 76 90 4 0 2 8 36 70 0 5 ]
[ 57 35 98 23 18 52 28 3 45 80 6 95 8 43 8 16 4 63 37 61 24 66 51 80 66 ]
[ 5 41 54 76 93 60 85 28 58 60 99 62 88 54 59 68 60 54 28 55 63 45 59 78 34 ]
[ 72 55 0 24 35 66 29 28 73 57 22 33 94 50 43 54 1 57 94 55 16 62 67 22 43 ]
[ 22 37 40 33 16 74 6 71 75 82 58 93 63 87 66 73 61 51 67 63 46 74 65 55 68 ]
[ 72 23 83 40 46 26 14 83 18 48 51 92 6 74 19 88 85 65 51 24 31 76 85 35 44 ]
[ 48 33 70 13 89 90 38 12 73 30 10 51 44 46 69 44 97 14 50 24 33 90 9 98 94 ]
[ 33 82 70 18 69 66 18 2 36 32 43 79 22 56 4 52 66 56 96 12 77 93 62 43 95 ]
[ 86 77 86 95 27 32 80 61 2 50 30 21 68 85 57 52 28 88 74 84 93 26 3 1 75 ]
[ 67 78 20 29 22 15 67 51 53 14 30 85 94 92 40 44 22 61 65 59 70 17 88 59 92 ]
[ 24 52 70 79 53 97 47 83 17 28 57 33 48 8 86 62 91 24 57 83 64 53 57 25 18 ]
[ 17 95 36 57 54 80 81 58 2 13 11 0 60 47 17 40 4 2 88 65 41 3 56 65 60 ]
[ 39 29 65 48 6 36 65 1 24 22 8 4 56 66 58 69 30 58 81 77 28 73 81 30 62 ]
[ 98 71 65 54 88 77 45 69 94 94 75 30 11 29 6 86 37 62 42 55 21 63 85 79 96 ]

Running merge sort algorithm: 
Timer (sort): 64ms real	60ms user	0ms sys
The output is sorted!
[ 4 63 21 14 41 13 93 3 28 11 31 17 44 10 8 5 66 43 30 25 0 14 28 18 5 ]
[ 7 42 54 12 6 0 3 50 51 24 31 35 27 47 1 3 6 2 28 61 38 54 4 61 0 ]
[ 1 36 4 24 24 59 14 11 11 1 8 27 31 69 19 5 25 6 84 53 7 29 92 13 0 ]
[ 24 34 16 10 2 59 52 76 8 5 40 17 0 2 29 59 64 21 44 15 12 24 0 30 10 ]
[ 3 1 17 0 90 17 39 12 39 37 59 35 21 13 20 12 5 34 5 7 22 81 61 2 25 ]
[ 50 0 39 7 51 4 54 5 3 7 75 48 44 29 76 5 28 12 0 48 4 12 3 28 28 ]
[ 16 73 53 32 1 33 15 46 14 18 26 19 2 87 12 71 10 6 0 6 71 11 3 34 14 ]
[ 32 19 8 56 42 55 11 7 33 9 52 0 12 30 12 99 23 39 19 20 21 59 4 8 9 ]
[ 58 2 24 11 68 4 94 45 37 3 34 2 20 49 0 2 19 96 0 23 10 14 15 44 7 ]
[ 35 22 32 18 50 4 28 51 0 38 18 5 20 7 18 21 0 14 81 24 2 83 81 21 9 ]
[ 40 33 27 21 53 1 36 24 19 37 1 15 5 2 51 59 83 22 5 8 3 30 27 37 44 ]
[ 11 12 24 17 54 89 8 21 29 1 7 28 8 54 53 40 50 15 50 46 0 0 33 5 29 ]
[ 31 15 3 13 7 41 8 40 1 41 21 50 18 61 35 13 29 2 47 6 76 39 40 34 19 ]
[ 7 29 81 0 29 18 16 43 34 42 55 18 5 12 8 49 59 73 9 23 2 25 3 19 33 ]
[ 45 6 83 48 26 13 0 49 5 26 28 8 9 1 44 16 26 26 37 43 55 72 2 15 9 ]
[ 6 53 43 71 45 8 0 16 17 45 21 7 82 9 15 10 3 31 27 3 77 13 18 69 4 ]
[ 25 53 29 37 55 37 22 31 20 29 30 5 21 41 36 8 34 35 23 30 17 10 4 46 15 ]
[ 56 8 66 30 15 42 6 19 20 31 30 31 6 0 34 28 41 69 14 62 19 3 43 4 17 ]
[ 39 54 6 8 83 70 1 3 3 19 91 25 96 36 0 15 7 9 35 19 1 8 40 8 20 ]
[ 23 2 24 4 16 9 34 16 13 64 86 1 27 7 15 13 66 78 95 9 24 8 16 2 50 ]

Timer (generate): 103ms real	100ms user	0ms sys
[ 19 97 4 12 25 85 58 62 17 54 57 11 54 46 4 71 89 35 39 56 55 37 86 32 12 ]
[ 59 94 4 29 36 32 48 85 88 60 10 74 71 72 91 77 82 54 31 28 10 54 70 98 94 ]
[ 78 53 83 64 37 96 75 83 52 4 71 36 5 56 24 17 66 50 40 90 93 18 72 47 1 ]
[ 53 58 56 23 8 2 53 61 85 17 50 81 44 33 33 0 4 21 5 12 46 75 78 96 15 ]
[ 68 90 33 93 89 87 46 99 43 21 7 97 74 20 82 43 22 16 39 55 49 39 11 23 97 ]
[ 23 69 72 53 17 87 22 59 73 67 49 60 65 0 55 38 8 52 64 80 34 7 3 50 46 ]
[ 10 52 37 22 75 34 97 96 6 51 13 94 25 73 19 92 74 79 9 74 34 47 34 86 11 ]
[ 15 72 18 18 75 16 28 27 5 2 54 40 0 50 98 51 15 44 28 88 63 20 62 42 29 ]
[ 89 28 28 23 66 39 38 39 9 8 14 77 37 93 82 39 99 22 91 49 73 42 64 17 22 ]
[ 5 81 42 19 23 23 8 52 51 32 18 42 22 9 51 31 75 28 20 20 11 11 19 85 3 ]
[ 20 58 97 85 76 20 42 57 14 61 32 90 22 36 93 6 7 36 80 16 87 11 44 16 83 ]
[ 64 79 95 84 64 98 4 75 47 41 51 67 35 60 82 97 44 24 71 81 17 29 88 53 9 ]
[ 56 93 21 52 61 4 17 92 51 53 56 1 57 83 49 51 86 16 86 46 50 35 91 26 58 ]
[ 24 44 87 12 49 97 20 42 70 73 55 26 42 47 78 95 56 79 4 39 28 55 26 97 94 ]
[ 24 99 29 15 26 88 91 22 27 3 71 24 76 66 94 1 73 21 43 21 99 38 77 30 42 ]
[ 68 11 50 46 8 96 71 7 25 38 85 65 30 7 93 85 31 69 13 97 64 14 70 85 57 ]
[ 43 36 47 72 66 42 41 77 92 39 37 88 10 97 65 1 82 83 31 42 28 68 73 97 82 ]
[ 22 61 96 92 98 6 36 34 53 8 53 95 1 82 39 41 72 79 3 69 97 4 3 80 87 ]
[ 45 8 8 18 5 42 40 19 38 85 17 96 73 4 2 33 9 49 35 91 89 28 63 20 83 ]
[ 84 17 88 88 49 27 33 9 35 4 67 77 96 86 68 81 55 16 54 11 18 40 20 68 27 ]

Running merge sort algorithm: 
Timer (sort): 67ms real	50ms user	10ms sys
The output is sorted!
[ 19 86 44 3 15 18 24 20 16 9 16 62 29 42 29 18 5 42 27 35 1 9 18 5 16 ]
[ 53 4 28 61 41 16 11 6 20 14 9 13 79 10 19 19 33 14 18 34 46 14 19 9 23 ]
[ 9 27 3 6 4 31 57 39 21 31 25 20 10 44 5 42 13 24 66 55 20 8 43 16 14 ]
[ 15 6 13 32 22 13 11 4 35 11 7 19 68 28 51 41 36 6 9 30 25 9 47 61 46 ]
[ 9 9 16 11 7 60 9 41 21 39 9 53 33 2 54 8 6 19 0 41 22 81 39 33 40 ]
[ 22 22 16 44 62 7 50 1 20 3 9 25 62 28 5 45 25 64 20 23 18 25 33 35 1 ]
[ 25 10 69 8 0 9 6 52 72 3 14 31 21 39 1 4 42 74 22 54 92 0 5 4 12 ]
[ 1 48 8 11 12 13 18 5 1 83 22 0 34 54 97 26 5 19 3 69 60 83 1 0 8 ]
[ 1 4 39 69 22 73 12 17 22 68 31 9 38 36 3 55 10 15 67 2 13 9 1 43 22 ]
[ 29 35 20 99 50 12 0 14 5 0 59 5 3 19 32 30 5 6 62 2 18 90 62 18 8 ]
[ 35 64 39 10 20 19 18 4 17 0 36 20 9 14 83 34 0 40 2 68 73 6 0 59 15 ]
[ 0 20 14 47 4 12 72 45 11 45 31 27 6 44 15 33 39 15 24 7 36 91 8 9 35 ]
[ 23 29 10 8 3 19 69 15 9 18 38 61 23 4 67 0 20 12 37 27 71 36 33 25 35 ]
[ 17 39 18 33 25 7 58 63 9 67 26 25 13 4 2 10 68 24 15 3 81 33 7 41 10 ]
[ 12 67 3 11 40 72 33 9 88 6 17 1 21 65 12 25 13 85 5 33 44 14 1 8 14 ]
[ 62 44 45 21 6 61 8 34 5 1 5 17 3 22 9 19 62 1 58 57 1 17 5 50 88 ]
[ 9 33 2 98 18 62 32 18 74 23 66 12 38 18 37 0 30 6 0 14 49 3 16 8 37 ]
[ 15 11 10 45 10 31 12 19 29 8 6 10 46 1 76 44 87 3 40 4 8 60 51 22 57 ]
[ 10 46 0 22 27 42 11 22 27 18 65 7 24 0 37 24 87 27 25 15 62 21 25 32 31 ]
[ 11 28 3 1 52 0 1 3 15 83 50 42 67 45 47 0 35 27 34 9 28 36 15 60 16 ]

Timer (generate): 102ms real	100ms user	0ms sys
[ 99 40 95 34 47 15 30 50 89 30 81 67 41 21 59 22 21 88 35 27 27 42 11 27 92 ]
[ 99 47 49 74 64 70 73 4 17 60 4 32 42 54 73 24 88 40 65 9 52 40 83 92 75 ]
[ 62 72 18 25 99 10 25 98 59 51 63 81 25 19 98 37 23 31 31 30 4 55 18 97 20 ]
[ 79 49 12 14 93 88 76 65 58 2 16 68 27 15 80 78 78 13 55 97 12 44 21 43 75 ]
[ 3 99 30 21 48 3 52 49 15 67 43 55 43 8 13 97 77 34 76 92 14 55 22 27 62 ]
[ 19 91 7 92 86 34 95 86 65 68 34 68 21 84 35 88 79 91 83 39 4 81 16 38 57 ]
[ 8 4 64 30 84 79 2 75 38 94 62 72 42 0 89 10 86 9 83 22 45 71 1 36 7 ]
[ 41 92 40 57 83 97 18 87 14 0 71 45 2 99 83 49 13 7 43 13 97 53 51 6 37 ]
[ 74 3 60 27 91 67 20 84 7 30 67 57 48 6 23 0 30 68 55 29 3 4 42 62 47 ]
[ 7 59 52 10 18 41 84 21 2 64 13 21 84 49 29 14 68 38 14 74 61 15 4 81 22 ]
[ 85 36 78 27 98 77 86 10 29 97 28 23 33 1 25 97 66 46 34 67 27 48 35 65 15 ]
[ 10 78 82 66 11 4 52 47 82 31 46 11 18 8 40 67 88 15 0 89 40 50 8 39 84 ]
[ 75 18 84 11 36 51 73 14 33 39 26 89 43 25 23 75 23 34 93 31 27 12 19 42 12 ]
[ 61 83 14 69 74 50 44 44 87 7 80 38 80 47 72 72 25 61 15 50 85 90 74 71 35 ]
[ 5 98 47 77 41 12 38 76 26 7 50 29 3 46 16 11 27 54 91 26 26 15 51 40 31 ]
[ 53 77 73 79 48 9 37 47 56 14 88 20 52 64 47 11 66 76 14 12 92 25 91 46 69 ]
[ 17 25 84 20 17 15 74 46 89 5 94 50 42 93 6 56 33 27 60 97 26 71 15 54 86 ]
[ 80 98 11 71 96 80 89 73 17 61 90 84 87 36 73 93 83 75 35 28 34 44 62 61 4 ]
[ 11 39 76 27 45 14 7 43 25 30 39 58 19 13 27 33 55 11 20 44 85 13 79 60 49 ]
[ 7 94 45 21 7 49 33 98 77 12 43 91 71 38 69 1 30 79 73 95 6 6 50 17 26 ]

Running merge sort algorithm: 
Timer (sort): 70ms real	60ms user	10ms sys
The output is sorted!
[ 26 23 37 5 4 7 54 22 19 39 30 31 19 17 2 30 1 33 13 18 55 28 13 54 1 ]
[ 39 1 8 21 77 7 15 15 12 84 14 10 28 38 12 20 10 16 41 56 13 41 18 1 8 ]
[ 93 19 30 9 2 20 9 47 31 1 67 57 13 4 4 36 9 50 56 18 23 19 4 17 9 ]
[ 3 23 8 23 34 12 20 70 38 9 53 22 11 16 46 2 0 65 38 49 52 28 3 1 22 ]
[ 71 30 10 8 59 5 37 0 26 68 14 0 1 24 2 7 53 12 4 22 25 26 30 16 98 ]
[ 25 68 12 12 15 26 31 26 46 88 26 39 27 5 12 31 12 2 7 0 59 1 6 10 67 ]
[ 19 42 54 29 11 41 15 20 40 15 7 92 13 29 9 6 4 0 1 69 13 46 46 29 14 ]
[ 87 21 17 12 14 58 21 88 35 0 0 39 25 11 32 8 12 10 53 2 14 3 9 45 67 ]
[ 4 37 40 51 22 4 6 49 7 53 48 12 57 46 14 3 61 61 0 25 24 32 4 19 4 ]
[ 95 25 0 5 2 2 24 1 67 38 28 3 36 13 17 6 3 83 1 98 74 8 43 7 5 ]
[ 20 31 40 68 9 19 3 48 47 40 0 63 1 60 13 3 17 33 66 2 7 56 30 5 6 ]
[ 11 14 17 10 56 0 26 29 23 47 73 42 35 4 60 8 2 11 8 86 40 27 10 18 32 ]
[ 22 46 38 1 41 14 13 10 12 38 82 2 4 14 1 9 31 28 45 16 25 24 30 79 64 ]
[ 11 31 0 90 34 55 11 25 7 24 23 1 19 57 2 28 38 10 42 64 29 0 53 20 22 ]
[ 24 3 69 14 0 0 32 29 3 14 36 51 11 40 20 44 33 90 23 12 63 33 4 8 41 ]
[ 58 13 20 16 3 10 1 44 40 7 29 0 7 18 11 45 91 29 17 28 66 96 8 1 41 ]
[ 9 41 1 53 0 35 31 15 29 3 69 90 36 6 25 37 2 17 4 55 65 12 50 4 10 ]
[ 81 25 27 4 29 6 34 22 3 44 1 25 2 15 10 36 92 9 5 74 45 28 48 5 31 ]
[ 13 12 14 8 77 56 32 1 37 68 64 53 24 15 3 7 50 10 7 13 9 41 34 47 7 ]
[ 30 99 58 29 15 23 60 5 12 22 24 2 34 34 56 18 5 26 19 30 20 20 19 0 42 ]

Timer (generate): 107ms real	90ms user	10ms sys
[ 55 73 97 41 86 3 5 83 4 5 83 73 83 27 41 92 32 7 60 98 22 14 72 49 11 ]
[ 4 32 66 8 21 76 63 94 73 5 80 28 62 15 33 20 50 58 3 77 99 47 62 58 7 ]
[ 60 80 73 84 82 37 40 14 3 49 87 32 12 81 57 69 13 86 32 80 71 4 31 29 7 ]
[ 60 80 7 22 39 14 34 71 40 70 5 77 11 72 32 60 59 64 24 93 74 46 58 60 30 ]
[ 39 31 34 70 12 41 30 92 48 5 31 15 39 55 7 10 60 36 73 32 68 85 44 85 9 ]
[ 37 59 7 95 71 37 86 54 71 56 66 65 39 58 13 96 42 80 35 97 87 97 9 23 70 ]
[ 94 44 55 38 81 17 27 40 24 74 63 14 61 17 85 69 83 50 60 93 16 56 35 48 44 ]
[ 84 36 41 46 11 64 40 7 71 30 88 40 9 80 17 83 43 31 96 60 16 66 95 19 78 ]
[ 89 35 35 76 83 31 13 71 72 59 35 88 51 42 60 81 83 0 42 63 17 25 59 0 22 ]
[ 19 17 40 67 36 18 8 23 5 84 6 36 49 30 61 60 65 1 11 7 61 44 90 14 86 ]
[ 6 83 12 65 84 86 36 53 78 3 41 48 11 64 6 48 70 94 49 0 7 10 17 9 21 ]
[ 77 22 66 19 36 4 25 72 68 42 8 54 79 61 84 34 2 85 46 66 91 46 88 85 95 ]
[ 41 45 5 58 54 79 87 76 45 7 65 49 84 89 18 27 97 24 6 10 61 40 64 46 38 ]
[ 82 37 36 22 74 32 63 19 89 74 25 68 61 2 13 20 19 15 5 60 85 32 57 61 90 ]
[ 19 22 30 35 20 69 17 57 5 39 84 89 55 55 79 81 81 99 94 35 65 15 6 80 72 ]
[ 66 17 4 23 78 94 94 53 76 29 73 97 98 83 55 89 19 44 96 74 75 77 7 75 24 ]
[ 42 40 91 48 72 63 14 41 19 89 19 65 35 24 41 64 50 91 14 85 46 4 4 42 52 ]
[ 78 70 30 38 45 6 80 37 97 81 9 12 47 50 83 37 21 48 24 98 41 41 48 32 55 ]
[ 85 30 11 89 25 64 19 95 46 57 40 52 90 29 1 71 90 13 18 92 96 7 65 96 32 ]
[ 63 89 73 63 22 80 48 4 92 89 29 56 9 24 54 18 16 6 8 97 7 79 87 72 50 ]

Running merge sort algorithm: 
Timer (sort): 65ms real	50ms user	20ms sys
The output is sorted!
[ 10 10 22 55 96 2 9 16 1 23 30 37 15 9 23 15 7 30 14 16 17 10 0 83 24 ]
[ 14 11 1 81 62 0 51 40 47 16 8 0 4 11 27 63 2 37 7 9 9 0 69 25 4 ]
[ 19 43 15 21 25 41 6 68 81 17 61 2 3 10 7 6 38 0 26 0 43 63 15 3 25 ]
[ 74 36 62 17 5 0 27 4 13 6 9 21 24 23 52 13 42 28 6 34 40 11 71 13 11 ]
[ 15 32 13 65 17 45 18 22 2 40 54 32 35 21 25 7 4 59 1 22 1 41 26 25 22 ]
[ 6 5 20 28 34 1 33 5 62 63 14 12 22 15 0 65 13 89 20 14 45 81 5 16 8 ]
[ 12 5 10 51 30 28 36 56 24 20 56 46 0 33 58 26 6 30 48 1 34 14 40 17 4 ]
[ 20 83 4 8 18 76 28 0 58 15 9 5 11 14 71 12 5 16 43 54 19 48 5 21 43 ]
[ 0 5 34 15 12 49 10 45 3 36 12 38 14 5 17 18 66 10 39 10 56 49 53 68 23 ]
[ 39 31 70 12 23 5 88 76 13 1 20 20 3 56 36 32 9 21 19 19 36 19 15 16 8 ]
[ 50 55 16 22 28 18 55 55 19 21 11 53 65 16 1 41 29 20 23 9 3 1 10 44 23 ]
[ 11 17 13 47 7 66 64 3 1 16 41 5 43 73 36 27 49 26 99 13 6 10 10 9 0 ]
[ 33 19 37 85 4 0 8 48 13 3 10 62 19 14 9 25 8 44 87 28 10 16 47 25 39 ]
[ 11 76 97 60 0 11 10 37 1 33 25 54 30 11 3 39 32 2 41 7 2 42 53 3 16 ]
[ 59 10 72 5 6 2 3 13 55 54 37 19 1 41 31 30 55 23 12 51 5 36 15 1 61 ]
[ 2 2 31 12 27 11 10 14 7 7 80 89 1 21 75 41 30 79 48 4 17 44 10 28 10 ]
[ 30 7 62 37 16 37 7 40 0 23 52 67 3 13 39 69 69 7 10 19 28 20 33 10 4 ]
[ 70 10 69 15 22 27 10 25 21 34 4 27 35 4 60 23 1 60 11 73 53 2 40 3 5 ]
[ 33 41 8 0 34 22 19 74 40 90 47 7 49 48 30 30 14 0 0 5 17 15 24 30 28 ]
[ 16 20 48 5 56 2 24 7 3 38 94 1 25 31 43 5 2 68 70 74 21 2 13 21 16 ]

Timer (generate): 134ms real	120ms user	10ms sys
[ 66 98 78 9 63 99 77 18 25 99 75 51 87 60 26 17 33 19 39 36 60 80 35 59 90 ]
[ 81 23 21 47 20 92 65 70 70 75 34 69 4 4 46 3 80 97 90 92 76 60 25 47 99 ]
[ 61 60 79 97 19 21 78 94 43 77 66 87 94 36 9 69 70 30 74 75 77 29 7 26 20 ]
[ 99 54 80 24 2 79 38 62 10 35 33 83 65 79 78 94 45 65 88 81 74 10 4 57 36 ]
[ 31 86 65 38 12 37 37 19 17 13 73 48 51 87 10 38 20 94 55 99 72 49 44 90 90 ]
[ 77 16 52 81 73 88 12 59 53 50 24 43 39 43 60 53 68 61 4 55 71 95 27 65 50 ]
[ 78 90 52 74 80 94 51 96 46 33 22 34 97 81 39 0 5 82 39 0 95 92 68 56 49 ]
[ 75 79 44 2 97 46 80 87 98 54 19 92 58 67 90 91 89 24 40 71 16 40 28 98 80 ]
[ 81 45 24 49 1 73 77 81 69 79 78 16 12 17 66 18 36 59 76 55 49 19 45 26 60 ]
[ 68 42 0 96 92 32 77 90 57 79 91 30 8 24 52 39 54 68 51 23 34 70 11 45 98 ]
[ 67 47 18 12 73 78 80 67 30 28 11 63 58 1 20 89 45 2 97 21 54 88 28 74 40 ]
[ 51 9 62 63 6 60 30 53 30 94 78 8 26 45 39 6 9 54 64 10 26 5 7 80 54 ]
[ 29 35 43 9 61 35 60 22 97 75 29 9 57 82 40 3 13 0 29 58 91 36 19 45 52 ]
[ 82 23 58 89 4 64 70 91 7 79 52 42 92 75 91 19 4 53 77 38 45 80 51 45 62 ]
[ 62 89 50 81 34 2 15 10 12 5 14 77 27 5 36 59 57 31 3 32 22 22 88 27 51 ]
[ 79 72 84 82 70 98 44 59 48 78 45 50 93 55 15 50 69 44 30 74 32 89 32 63 44 ]
[ 16 38 66 57 65 70 36 90 6 70 60 4 67 19 52 45 64 54 90 20 21 93 89 65 23 ]
[ 64 98 64 48 13 8 16 51 26 25 69 48 13 59 54 84 19 58 51 38 10 48 54 17 90 ]
[ 74 38 83 64 4 58 80 54 74 80 67 34 48 71 61 74 92 9 87 51 64 71 22 74 74 ]
[ 60 37 22 14 54 13 41 92 48 57 48 7 89 2 33 69 22 68 17 45 29 43 37 90 31 ]

Running merge sort algorithm: 
Timer (sort): 67ms real	30ms user	40ms sys
The output is sorted!
[ 36 5 66 50 22 78 40 29 38 80 31 11 0 2 4 5 7 6 3 18 11 25 27 0 22 ]
[ 4 48 7 86 3 41 6 12 33 10 32 3 21 37 18 58 2 39 60 16 9 12 5 0 70 ]
[ 7 24 47 1 85 5 30 48 4 10 54 67 15 5 30 29 40 38 12 19 21 0 3 35 18 ]
[ 27 47 1 13 62 19 7 19 16 33 0 66 64 12 13 14 14 8 28 15 53 13 15 66 26 ]
[ 23 32 28 6 43 46 5 54 18 0 32 34 14 7 37 8 96 42 29 15 32 12 3 23 20 ]
[ 5 21 34 18 11 64 24 61 58 57 1 31 27 22 2 4 27 46 22 9 11 16 12 4 73 ]
[ 5 1 22 55 93 9 15 2 3 15 46 80 24 23 26 3 4 28 27 14 2 1 18 62 82 ]
[ 30 10 12 5 60 2 50 10 88 23 6 12 7 44 5 71 2 22 48 89 13 33 4 13 1 ]
[ 5 2 51 7 8 42 36 35 17 65 53 63 18 24 11 35 8 13 44 10 15 4 10 16 69 ]
[ 8 38 9 18 22 32 17 16 19 19 13 41 4 98 21 40 27 2 42 93 10 11 20 31 12 ]
[ 82 0 33 1 15 79 1 16 94 31 79 2 3 5 8 70 8 1 14 17 12 43 3 30 22 ]
[ 74 93 56 15 3 27 2 23 7 81 4 28 14 16 10 66 18 19 16 33 6 1 13 35 12 ]
[ 10 6 19 0 25 10 22 21 8 19 5 34 13 31 46 86 15 65 26 0 54 1 76 39 44 ]
[ 11 45 80 17 28 8 24 4 0 15 4 10 26 8 14 59 45 23 19 83 22 4 30 35 63 ]
[ 58 23 4 31 21 41 42 16 18 73 11 32 13 30 31 6 22 25 88 11 18 4 44 11 8 ]
[ 49 61 87 29 15 24 11 10 17 8 1 22 32 38 45 15 48 1 5 33 19 44 23 7 37 ]
[ 3 12 40 9 2 8 12 14 65 5 70 54 13 16 21 73 5 36 6 1 7 48 4 89 69 ]
[ 24 12 27 12 85 10 29 32 21 16 3 8 82 46 41 21 5 63 7 29 17 3 5 69 20 ]
[ 14 6 3 79 77 8 1 84 4 42 33 50 25 52 29 31 69 2 2 4 1 3 7 47 16 ]
[ 19 0 74 0 16 6 36 40 40 34 6 26 14 1 40 30 27 16 5 13 15 97 44 76 15 ]

Timer (generate): 120ms real	120ms user	0ms sys
[ 12 54 95 38 24 66 72 60 19 59 37 23 32 51 11 2 59 8 21 57 38 29 56 51 1 ]
[ 1 85 65 9 76 41 73 82 88 11 59 7 35 19 26 95 56 1 27 60 12 81 19 20 2 ]
[ 77 11 31 85 62 32 86 0 49 47 28 90 20 63 31 83 22 38 70 41 16 17 49 17 44 ]
[ 9 81 77 29 2 79 58 65 62 43 79 46 81 79 95 80 60 38 52 23 69 35 97 59 57 ]
[ 38 75 75 39 92 71 1 73 49 30 27 28 40 44 43 35 24 89 16 3 37 48 15 27 0 ]
[ 90 48 35 87 7 92 25 82 19 17 26 91 18 51 40 0 31 20 40 75 63 75 99 5 43 ]
[ 55 94 91 70 21 43 61 69 30 48 76 74 26 10 94 43 88 85 13 39 25 13 70 45 5 ]
[ 46 61 32 45 66 27 0 60 70 23 81 13 84 2 43 32 78 17 10 40 11 5 28 96 18 ]
[ 67 21 83 90 19 40 36 80 24 33 46 51 86 58 21 9 91 34 93 93 29 77 23 47 40 ]
[ 63 10 45 91 7 16 10 80 51 52 99 92 40 31 16 74 29 68 60 87 41 21 78 28 14 ]
[ 23 57 43 46 56 83 9 67 81 52 26 97 15 6 48 67 58 92 8 89 9 34 71 29 46 ]
[ 58 22 67 89 50 81 12 60 76 11 68 12 20 35 93 25 61 90 92 20 90 59 78 83 19 ]
[ 19 92 5 90 73 51 1 95 18 42 46 51 6 58 28 17 26 40 90 14 33 67 75 75 59 ]
[ 47 65 70 77 48 90 97 92 95 39 65 99 92 13 17 34 11 69 93 69 97 10 47 89 52 ]
[ 61 22 19 89 97 78 36 14 49 14 15 91 63 7 38 2 25 37 95 38 7 29 1 76 22 ]
[ 70 25 85 17 14 37 79 36 9 68 85 39 56 99 40 70 66 31 33 26 22 88 51 11 83 ]
[ 41 18 64 42 94 39 64 71 76 81 85 65 12 21 74 32 58 14 89 10 54 11 76 38 97 ]
[ 2 60 85 5 23 20 98 42 84 92 88 75 8 60 51 42 97 17 54 19 43 39 29 57 80 ]
[ 39 64 43 68 2 40 22 14 77 28 37 97 78 31 34 23 72 9 31 84 13 73 81 30 28 ]
[ 52 73 19 82 83 99 73 47 42 41 1 35 64 15 12 44 4 62 74 88 48 97 12 57 29 ]

Running merge sort algorithm: 
Timer (sort): 63ms real	50ms user	0ms sys
The output is sorted!
[ 28 5 9 20 37 33 23 22 42 51 3 12 15 2 9 41 46 90 20 8 0 0 10 2 48 ]
[ 43 11 54 5 78 33 4 3 15 13 5 10 71 33 40 2 22 0 9 71 7 9 65 25 9 ]
[ 3 9 41 2 9 18 25 57 77 88 2 20 43 5 43 15 67 1 25 18 23 2 23 11 10 ]
[ 59 5 6 11 8 5 86 1 13 20 7 15 55 13 55 13 46 0 16 1 34 82 34 38 15 ]
[ 40 50 4 13 78 29 28 10 18 14 3 44 31 37 25 15 33 3 14 14 2 66 12 23 34 ]
[ 3 86 11 35 45 6 26 6 10 7 69 5 21 74 29 0 0 54 41 4 7 37 38 18 10 ]
[ 4 17 45 8 9 32 51 12 2 18 14 66 8 4 36 8 21 58 53 21 27 21 28 55 25 ]
[ 12 38 0 0 35 3 34 45 49 10 2 91 2 3 22 97 54 21 0 5 30 1 0 69 25 ]
[ 13 63 34 16 4 0 16 17 69 10 6 10 7 12 89 8 0 8 8 25 62 64 60 13 43 ]
[ 11 0 8 63 26 13 52 34 8 49 21 40 4 18 15 99 17 3 31 59 63 6 18 0 0 ]
[ 7 4 10 48 2 19 1 19 1 64 58 1 33 89 5 28 62 43 6 14 11 32 24 4 83 ]
[ 50 10 0 18 8 51 95 44 3 37 57 3 12 23 14 13 9 26 14 16 22 28 35 16 64 ]
[ 17 22 5 46 17 10 50 38 68 38 5 59 23 64 17 20 0 10 33 7 15 6 49 9 43 ]
[ 28 64 4 47 0 16 13 9 53 66 34 1 26 32 64 6 18 3 11 29 44 23 56 14 13 ]
[ 80 14 56 1 5 39 24 41 8 12 10 72 48 40 38 3 13 18 1 14 69 33 3 4 30 ]
[ 36 59 19 47 15 18 34 2 16 50 27 3 11 4 44 81 14 39 43 5 57 17 28 13 4 ]
[ 0 45 31 11 70 52 12 18 0 2 54 13 12 30 3 9 6 69 31 73 33 40 12 32 31 ]
[ 2 41 8 3 0 94 27 0 0 57 12 10 29 16 43 21 6 37 76 44 11 3 88 14 49 ]
[ 27 16 52 2 38 81 2 25 9 16 30 26 48 15 19 59 21 56 6 22 48 8 9 12 47 ]
[ 21 79 4 3 19 45 89 10 0 25 2 31 28 12 5 68 12 50 29 4 14 25 42 40 39 ]

Timer (generate): 119ms real	110ms user	10ms sys
[ 55 43 61 62 26 35 21 59 4 79 77 28 9 44 4 15 95 26 82 14 11 11 85 62 99 ]
[ 32 26 44 75 40 38 30 36 51 45 62 39 66 73 43 97 2 23 6 47 28 21 94 6 3 ]
[ 9 17 15 94 79 66 26 57 10 53 49 0 36 37 4 33 99 95 99 25 38 48 27 62 55 ]
[ 74 42 28 21 48 84 30 17 51 76 48 17 54 57 80 8 6 32 96 44 36 29 95 31 80 ]
[ 20 22 28 0 36 83 26 30 64 47 30 48 77 47 99 5 47 16 60 4 96 20 62 29 16 ]
[ 6 17 45 54 1 25 74 23 53 26 11 89 53 41 53 0 71 1 30 18 52 35 17 68 95 ]
[ 21 17 15 83 98 83 42 15 28 96 68 5 22 91 11 49 2 52 2 43 5 54 14 58 36 ]
[ 84 10 72 53 30 19 26 47 87 10 97 70 4 65 51 0 33 8 74 25 19 23 79 71 77 ]
[ 75 28 84 41 38 20 26 48 92 31 31 64 58 78 51 20 28 21 24 93 72 76 26 81 50 ]
[ 3 52 26 83 76 3 58 4 87 99 43 8 77 43 52 61 74 16 19 5 67 39 33 41 15 ]
[ 78 65 91 4 98 93 60 51 19 43 79 75 53 35 14 4 30 74 34 74 27 95 0 95 66 ]
[ 57 15 5 42 56 20 20 21 63 25 72 56 37 75 28 32 54 55 85 89 69 41 72 44 27 ]
[ 98 23 22 98 70 88 8 85 45 50 41 17 71 15 32 48 39 89 85 14 69 17 20 24 54 ]
[ 61 45 47 33 89 75 31 64 49 82 35 38 90 72 35 40 66 5 11 33 37 11 72 78 96 ]
[ 86 47 65 58 23 19 19 69 67 53 10 42 84 27 91 66 62 81 8 86 69 49 52 74 12 ]
[ 85 11 24 57 90 20 95 89 86 5 65 57 25 34 24 78 44 18 14 23 62 33 37 95 41 ]
[ 24 64 42 76 38 55 14 2 79 71 44 99 19 85 37 24 50 95 1 36 71 31 81 90 46 ]
[ 56 52 31 94 47 24 18 64 67 94 54 22 8 8 1 32 52 52 3 90 42 79 40 37 81 ]
[ 77 8 12 10 50 10 66 54 41 60 54 66 30 18 85 25 72 7 85 81 60 69 85 12 24 ]
[ 75 54 4 68 43 37 45 4 49 7 54 12 25 9 5 86 15 71 16 33 8 93 5 15 31 ]

Running merge sort algorithm: 
Timer (sort): 63ms real	60ms user	0ms sys
The output is sorted!
[ 29 4 4 33 9 50 33 57 35 27 45 27 10 4 28 11 6 44 16 10 0 95 11 23 8 ]
[ 41 4 3 42 1 36 6 12 64 1 25 35 11 58 89 8 20 12 1 30 23 18 33 54 8 ]
[ 24 48 78 22 76 14 1 46 8 24 7 43 7 9 9 25 0 44 41 1 58 7 27 7 13 ]
[ 2 7 24 56 50 6 13 0 5 45 14 5 22 81 35 5 0 7 44 32 80 8 8 65 27 ]
[ 52 51 2 54 3 50 33 21 49 0 8 21 3 10 22 18 7 0 29 62 15 39 43 40 15 ]
[ 0 26 17 24 8 18 62 20 27 4 25 35 97 20 73 26 7 4 10 20 53 5 16 38 19 ]
[ 14 40 26 36 45 11 36 1 4 45 19 9 3 42 5 39 11 4 60 4 79 54 61 3 7 ]
[ 37 10 98 8 34 22 16 33 34 9 3 5 30 1 68 39 34 40 24 24 16 9 40 5 22 ]
[ 37 4 55 72 1 28 60 34 3 14 3 68 18 55 28 37 10 21 27 16 13 9 42 7 3 ]
[ 29 24 15 17 5 40 2 37 76 46 35 43 8 5 9 33 55 8 67 26 18 28 11 18 13 ]
[ 11 26 26 89 4 8 17 69 71 71 7 6 4 3 43 7 22 18 29 10 26 11 4 30 64 ]
[ 5 19 56 20 6 83 33 12 52 7 0 3 9 3 1 64 23 29 29 61 11 18 33 49 51 ]
[ 51 12 10 23 77 40 5 4 11 28 43 35 37 31 73 2 35 20 17 38 10 1 10 27 38 ]
[ 4 5 13 12 29 40 29 43 28 14 61 15 25 11 5 25 53 79 55 21 4 60 19 15 28 ]
[ 0 11 10 54 22 20 32 31 61 14 26 50 3 42 6 49 68 43 0 71 23 6 35 10 7 ]
[ 2 28 6 59 17 16 4 19 14 51 6 9 33 8 0 85 43 1 18 75 85 5 29 8 74 ]
[ 21 7 68 35 22 27 6 51 8 51 44 31 28 8 19 8 5 8 77 11 57 34 56 5 10 ]
[ 33 50 15 26 78 6 74 27 2 43 5 28 27 0 77 6 30 15 23 33 29 55 8 5 6 ]
[ 7 90 37 25 38 29 8 38 77 0 11 43 2 46 29 7 7 6 27 4 37 19 8 60 47 ]
[ 35 36 1 12 16 48 60 23 4 9 19 25 17 14 12 50 18 18 18 75 0 41 73 9 72 ]

