Timer (generate): 91ms real	80ms user	0ms sys
[ 58 52 26 5 56 20 94 50 84 52 ]
[ 37 47 16 67 43 54 85 43 26 52 ]
[ 8 14 47 72 42 94 17 84 5 90 ]
[ 72 15 94 98 72 3 71 66 5 55 ]
[ 71 42 3 87 9 98 94 94 41 20 ]
[ 99 1 86 46 74 28 40 43 64 98 ]
[ 85 37 13 79 87 86 82 58 4 39 ]
[ 66 75 81 69 15 43 67 9 89 60 ]
[ 81 88 13 19 35 39 99 75 82 63 ]
[ 25 67 52 39 99 40 77 33 50 33 ]
[ 73 68 9 54 37 24 97 56 85 87 ]
[ 16 18 75 30 37 10 21 36 38 4 ]
[ 51 15 23 4 6 22 96 83 56 98 ]
[ 17 29 67 78 35 4 54 33 13 91 ]
[ 72 29 9 99 11 98 62 33 86 0 ]
[ 89 37 67 12 41 74 35 89 57 43 ]
[ 88 26 72 55 56 7 11 10 92 24 ]
[ 1 16 6 62 16 69 12 78 54 98 ]
[ 30 43 36 97 8 29 71 95 19 81 ]
[ 38 7 59 10 14 16 69 77 78 14 ]

Running merge sort algorithm: 
Timer (sort): 121ms real	90ms user	30ms sys
The output is sorted!
[ 5 2 4 35 11 3 9 25 5 4 ]
[ 15 20 20 6 23 2 1 13 6 29 ]
[ 1 53 15 17 0 9 23 4 10 5 ]
[ 15 49 9 11 9 1 2 13 15 15 ]
[ 0 4 33 0 17 3 4 60 8 13 ]
[ 8 6 1 26 3 6 42 5 22 27 ]
[ 4 8 4 5 24 2 46 54 5 0 ]
[ 2 0 23 5 6 31 6 2 71 7 ]
[ 21 20 4 5 10 2 5 5 77 4 ]
[ 25 10 41 1 16 34 1 1 5 21 ]
[ 76 2 17 8 12 9 5 7 0 19 ]
[ 6 2 3 18 5 24 13 7 56 22 ]
[ 26 18 17 0 5 14 0 42 29 6 ]
[ 2 2 9 29 14 4 9 44 12 35 ]
[ 4 16 4 5 62 0 46 4 2 17 ]
[ 43 38 4 24 7 8 16 14 5 1 ]
[ 14 1 9 1 1 5 43 11 50 26 ]
[ 35 14 52 11 0 37 3 1 4 4 ]
[ 2 10 69 10 18 14 8 11 16 3 ]
[ 50 16 2 19 31 4 8 30 0 3 ]

Timer (generate): 87ms real	70ms user	0ms sys
[ 87 95 29 22 48 62 71 97 86 47 ]
[ 5 96 55 62 51 38 94 63 33 72 ]
[ 63 11 34 47 13 65 86 13 32 35 ]
[ 20 72 30 49 94 78 63 17 28 2 ]
[ 64 85 50 19 47 1 9 93 65 95 ]
[ 17 80 6 51 28 20 68 14 33 53 ]
[ 49 6 77 31 7 71 9 23 88 37 ]
[ 25 52 74 75 23 73 29 33 67 94 ]
[ 28 84 26 86 88 54 6 8 20 92 ]
[ 61 21 50 38 52 57 61 14 80 49 ]
[ 3 57 53 78 85 29 51 14 62 18 ]
[ 60 42 3 86 80 43 93 87 51 13 ]
[ 31 13 87 81 3 91 38 17 5 71 ]
[ 66 61 28 72 39 13 53 42 79 15 ]
[ 61 39 9 16 26 89 59 71 28 62 ]
[ 36 59 27 23 92 31 67 31 48 24 ]
[ 54 66 85 34 90 76 0 43 19 79 ]
[ 10 32 71 71 0 97 13 11 20 41 ]
[ 73 56 53 1 80 45 84 47 28 32 ]
[ 71 82 50 9 69 93 85 69 88 56 ]

Running merge sort algorithm: 
Timer (sort): 112ms real	90ms user	30ms sys
The output is sorted!
[ 19 1 12 0 21 40 0 10 10 1 ]
[ 3 1 37 8 28 13 3 12 13 5 ]
[ 5 0 9 5 26 9 22 39 0 17 ]
[ 3 5 1 2 30 26 2 3 8 53 ]
[ 40 1 2 2 9 32 21 4 26 0 ]
[ 17 12 3 5 40 4 1 23 10 24 ]
[ 4 7 18 7 0 0 38 28 20 21 ]
[ 1 27 28 1 13 2 10 3 48 12 ]
[ 17 19 1 17 6 17 9 23 2 36 ]
[ 3 29 4 2 1 2 4 61 42 3 ]
[ 28 7 1 10 0 22 33 16 19 15 ]
[ 6 6 41 29 1 25 15 19 0 10 ]
[ 18 12 14 66 6 2 0 4 7 24 ]
[ 28 38 4 13 5 18 1 6 10 34 ]
[ 14 37 3 3 12 33 12 3 38 3 ]
[ 2 17 11 10 7 27 14 43 3 25 ]
[ 21 25 19 2 7 1 23 21 26 14 ]
[ 46 7 7 39 2 21 6 7 16 9 ]
[ 15 14 7 15 3 11 15 19 45 16 ]
[ 2 5 24 5 28 29 15 2 8 42 ]

Timer (generate): 81ms real	70ms user	0ms sys
[ 36 9 81 82 49 34 40 58 94 14 ]
[ 81 20 41 27 98 98 4 38 76 18 ]
[ 91 7 64 14 12 94 45 61 79 83 ]
[ 78 68 44 60 50 45 46 42 4 40 ]
[ 57 85 60 50 64 10 0 69 49 76 ]
[ 87 92 83 52 59 47 98 4 8 29 ]
[ 39 39 97 84 51 99 29 97 42 85 ]
[ 89 51 23 2 1 87 12 53 8 13 ]
[ 30 48 6 65 52 65 13 50 69 73 ]
[ 79 61 12 29 45 15 28 26 12 22 ]
[ 12 54 25 87 56 78 26 20 32 35 ]
[ 34 62 83 40 79 35 57 92 37 78 ]
[ 66 68 39 30 97 36 46 78 63 10 ]
[ 0 27 16 78 66 24 56 92 45 88 ]
[ 27 31 2 10 23 82 97 80 26 34 ]
[ 10 44 3 50 27 52 38 73 30 53 ]
[ 35 83 80 52 61 46 28 17 91 73 ]
[ 58 18 56 12 81 79 46 78 11 73 ]
[ 13 22 17 68 24 44 20 14 69 51 ]
[ 68 57 34 48 61 47 47 89 16 38 ]

Running merge sort algorithm: 
Timer (sort): 112ms real	90ms user	20ms sys
The output is sorted!
[ 7 12 1 0 31 18 14 8 5 16 ]
[ 28 7 4 0 8 28 11 28 5 0 ]
[ 11 6 14 1 49 1 27 19 5 2 ]
[ 16 7 16 4 1 4 0 9 42 39 ]
[ 8 17 23 0 34 3 5 46 2 3 ]
[ 2 0 21 13 22 26 30 11 18 0 ]
[ 2 25 47 12 1 6 2 21 2 29 ]
[ 22 25 0 5 3 55 6 10 3 18 ]
[ 3 4 5 11 29 5 16 44 24 13 ]
[ 47 34 2 2 13 2 25 26 3 0 ]
[ 24 25 5 8 5 1 20 23 9 36 ]
[ 68 0 9 5 17 6 9 15 10 17 ]
[ 15 1 4 9 21 11 10 4 32 49 ]
[ 16 1 18 2 51 1 2 35 22 10 ]
[ 8 23 30 16 11 34 15 6 2 13 ]
[ 12 8 17 41 3 27 27 8 6 10 ]
[ 3 27 17 26 12 14 21 10 22 7 ]
[ 44 9 34 24 19 0 10 9 11 0 ]
[ 5 10 13 26 9 29 5 3 56 4 ]
[ 16 9 5 2 14 25 6 45 1 38 ]

Timer (generate): 85ms real	80ms user	0ms sys
[ 11 67 26 56 48 62 65 68 81 73 ]
[ 34 9 26 73 24 58 63 25 94 25 ]
[ 46 46 95 22 38 66 56 41 35 41 ]
[ 56 98 60 34 54 60 97 72 29 30 ]
[ 45 63 40 23 36 16 81 99 93 76 ]
[ 76 91 74 24 13 12 90 21 6 78 ]
[ 14 62 28 74 97 35 35 46 59 16 ]
[ 28 4 31 20 27 67 88 61 18 81 ]
[ 37 46 72 63 70 37 75 13 11 33 ]
[ 91 25 96 71 0 45 6 87 91 65 ]
[ 3 71 21 86 92 1 53 80 62 23 ]
[ 14 51 69 38 14 92 76 41 5 87 ]
[ 75 48 12 23 19 64 68 78 3 11 ]
[ 43 58 82 17 44 26 18 49 7 32 ]
[ 24 21 83 46 59 49 38 87 42 43 ]
[ 26 69 91 39 92 62 55 12 40 11 ]
[ 23 36 69 58 53 14 84 23 15 43 ]
[ 55 40 64 90 86 76 91 24 15 33 ]
[ 19 42 3 62 33 47 24 40 60 65 ]
[ 51 35 1 21 93 6 87 78 29 2 ]

Running merge sort algorithm: 
Timer (sort): 117ms real	100ms user	10ms sys
The output is sorted!
[ 3 1 20 15 8 32 9 3 0 7 ]
[ 9 21 9 2 4 14 25 8 1 9 ]
[ 5 17 48 5 3 0 14 23 0 7 ]
[ 4 14 4 22 16 26 13 1 7 23 ]
[ 0 10 1 50 8 8 16 20 17 1 ]
[ 28 0 7 8 12 13 6 16 0 43 ]
[ 1 8 23 3 19 0 7 8 55 10 ]
[ 4 13 18 17 13 8 4 33 21 8 ]
[ 7 3 4 35 0 30 0 8 50 6 ]
[ 12 2 8 19 27 21 1 36 17 4 ]
[ 15 14 8 24 18 8 19 24 1 19 ]
[ 1 0 38 20 4 44 8 19 7 12 ]
[ 20 7 6 2 2 1 2 7 98 8 ]
[ 28 30 15 0 5 21 24 4 26 1 ]
[ 6 24 25 7 19 3 32 7 22 9 ]
[ 10 16 2 15 0 28 8 20 28 30 ]
[ 4 31 5 20 14 22 12 22 9 18 ]
[ 14 18 17 9 39 17 18 1 20 6 ]
[ 36 4 30 19 35 27 4 0 5 2 ]
[ 0 21 21 39 1 2 14 9 51 5 ]

Timer (generate): 84ms real	80ms user	0ms sys
[ 52 86 23 83 53 1 47 85 36 44 ]
[ 13 30 46 65 30 57 30 7 36 21 ]
[ 35 83 49 40 67 29 82 69 19 52 ]
[ 15 72 90 90 55 43 44 54 80 80 ]
[ 98 45 62 96 63 92 54 93 52 42 ]
[ 66 87 25 15 79 93 97 14 14 16 ]
[ 18 81 40 8 71 95 3 15 2 83 ]
[ 48 52 28 10 1 91 55 55 37 59 ]
[ 49 55 98 74 71 29 19 20 95 33 ]
[ 36 13 14 29 21 38 24 24 5 78 ]
[ 59 53 31 40 16 32 31 23 39 20 ]
[ 82 88 76 32 62 99 13 82 71 9 ]
[ 67 7 22 34 36 96 72 13 72 77 ]
[ 91 32 83 22 24 99 6 7 74 45 ]
[ 28 8 33 56 40 96 7 53 30 78 ]
[ 14 49 37 37 83 26 33 7 91 57 ]
[ 85 34 41 20 9 65 19 15 73 45 ]
[ 61 1 53 94 9 93 42 16 98 72 ]
[ 94 13 74 31 2 57 57 87 65 48 ]
[ 44 2 83 86 22 92 51 93 7 24 ]

Running merge sort algorithm: 
Timer (sort): 107ms real	100ms user	10ms sys
The output is sorted!
[ 4 6 3 12 47 24 5 18 0 3 ]
[ 0 13 9 9 15 8 24 4 5 36 ]
[ 6 34 39 3 23 0 7 4 1 15 ]
[ 12 16 3 5 14 14 0 15 5 48 ]
[ 4 49 15 15 19 1 10 0 3 23 ]
[ 39 20 8 6 4 9 26 10 16 5 ]
[ 8 9 0 21 16 20 11 56 1 1 ]
[ 3 18 17 40 0 25 12 12 14 6 ]
[ 1 1 7 36 5 22 27 17 7 26 ]
[ 2 12 30 3 6 35 25 17 5 14 ]
[ 5 40 23 1 32 1 6 21 5 18 ]
[ 7 13 26 4 2 3 16 1 6 76 ]
[ 0 2 77 0 10 8 8 13 12 24 ]
[ 2 13 14 27 32 3 3 31 15 16 ]
[ 1 1 5 22 24 22 26 12 15 28 ]
[ 7 1 6 13 40 13 24 36 7 11 ]
[ 13 47 7 2 24 11 36 9 9 1 ]
[ 49 18 44 2 2 4 22 0 16 4 ]
[ 49 3 7 4 3 2 39 37 11 6 ]
[ 8 12 2 25 43 1 3 1 1 65 ]

Timer (generate): 85ms real	60ms user	10ms sys
[ 37 94 3 12 31 96 9 47 2 13 ]
[ 34 92 1 32 55 98 24 10 88 14 ]
[ 56 88 6 34 56 1 87 43 71 63 ]
[ 60 8 10 64 20 41 12 30 88 66 ]
[ 95 75 58 96 59 14 47 84 76 35 ]
[ 98 32 23 4 18 79 57 5 75 29 ]
[ 68 35 89 30 51 10 71 64 92 60 ]
[ 30 39 87 89 36 46 55 35 30 31 ]
[ 70 80 15 45 36 33 76 94 90 51 ]
[ 75 10 39 64 41 90 26 12 54 70 ]
[ 24 85 10 11 26 98 58 81 33 88 ]
[ 64 55 21 79 52 57 64 28 3 54 ]
[ 80 78 16 71 43 57 61 69 22 16 ]
[ 92 46 53 2 58 79 52 68 12 85 ]
[ 8 76 92 29 55 44 87 19 72 90 ]
[ 25 4 69 41 75 64 51 37 85 73 ]
[ 5 77 71 58 31 29 89 83 49 1 ]
[ 20 58 77 12 87 84 8 74 55 33 ]
[ 17 80 37 38 21 65 2 72 54 87 ]
[ 97 11 65 69 69 96 50 10 32 0 ]

Running merge sort algorithm: 
Timer (sort): 111ms real	90ms user	20ms sys
The output is sorted!
[ 10 12 42 6 7 7 4 2 3 15 ]
[ 5 7 13 13 4 12 5 6 7 39 ]
[ 36 20 3 10 25 3 4 3 3 5 ]
[ 4 25 1 12 7 6 5 3 44 9 ]
[ 2 19 32 7 4 6 4 8 6 32 ]
[ 0 33 27 11 0 10 13 0 19 11 ]
[ 32 11 6 18 10 30 7 9 0 17 ]
[ 12 11 5 1 12 1 14 45 25 16 ]
[ 1 48 35 5 12 11 5 18 3 5 ]
[ 20 13 25 5 21 12 0 17 22 10 ]
[ 15 3 82 9 7 3 12 1 11 4 ]
[ 7 6 19 22 1 14 21 24 38 0 ]
[ 21 2 11 23 28 4 10 7 31 15 ]
[ 5 12 4 1 12 16 8 36 12 51 ]
[ 1 3 35 2 32 0 15 5 10 54 ]
[ 1 31 16 7 20 30 8 25 2 19 ]
[ 47 25 1 4 24 10 22 12 5 9 ]
[ 18 17 29 1 36 17 23 2 3 13 ]
[ 3 27 21 17 31 1 15 38 4 3 ]
[ 3 17 7 39 2 12 12 39 14 15 ]

Timer (generate): 89ms real	70ms user	0ms sys
[ 23 93 86 48 33 12 0 58 83 50 ]
[ 34 96 36 42 64 27 86 70 64 12 ]
[ 50 51 96 88 52 68 45 57 91 2 ]
[ 43 14 95 29 14 80 94 14 38 29 ]
[ 16 24 25 4 67 89 32 5 11 48 ]
[ 17 13 99 13 1 4 33 46 13 76 ]
[ 49 56 42 96 38 9 77 32 75 67 ]
[ 61 92 92 38 96 59 79 80 64 91 ]
[ 28 33 4 28 99 6 84 84 4 97 ]
[ 61 53 6 55 50 44 64 79 28 40 ]
[ 46 41 84 38 79 32 49 10 13 65 ]
[ 1 93 51 58 73 2 16 57 86 20 ]
[ 55 99 74 61 7 76 57 71 7 85 ]
[ 11 53 78 47 44 9 80 45 19 45 ]
[ 63 73 90 66 31 64 68 47 21 6 ]
[ 19 28 58 45 41 65 73 50 88 80 ]
[ 35 52 34 65 99 30 74 31 27 94 ]
[ 76 90 67 67 56 50 83 76 49 56 ]
[ 35 68 85 93 14 78 10 87 29 98 ]
[ 20 16 50 6 82 50 36 56 81 15 ]

Running merge sort algorithm: 
Timer (sort): 112ms real	110ms user	0ms sys
The output is sorted!
[ 8 18 7 1 2 16 29 1 12 6 ]
[ 4 8 1 13 5 18 33 1 2 17 ]
[ 10 1 5 33 16 5 40 7 2 2 ]
[ 16 0 2 18 10 31 26 8 11 4 ]
[ 8 0 13 3 20 14 4 40 19 7 ]
[ 9 7 12 56 1 22 7 5 12 0 ]
[ 1 9 12 1 27 38 13 0 3 28 ]
[ 8 7 2 25 28 0 5 11 5 49 ]
[ 21 31 8 13 11 14 16 13 13 4 ]
[ 8 14 3 18 4 8 10 12 18 50 ]
[ 36 5 5 30 1 3 15 13 3 34 ]
[ 54 2 11 10 4 1 14 26 5 18 ]
[ 9 1 15 3 29 0 12 6 44 29 ]
[ 28 4 17 4 41 6 9 3 1 36 ]
[ 31 6 1 12 35 3 1 17 20 26 ]
[ 20 6 1 5 13 61 8 4 15 21 ]
[ 6 10 15 8 21 31 15 14 31 3 ]
[ 10 6 58 5 14 9 21 8 7 17 ]
[ 6 2 10 20 0 25 19 5 15 53 ]
[ 14 8 5 12 17 8 13 42 32 7 ]

Timer (generate): 77ms real	70ms user	0ms sys
[ 54 72 26 34 13 35 3 92 89 38 ]
[ 28 75 44 10 5 0 24 81 36 17 ]
[ 65 59 13 21 29 32 50 24 96 90 ]
[ 7 2 62 33 89 76 68 92 20 9 ]
[ 30 48 85 74 10 90 75 35 23 63 ]
[ 4 88 74 18 10 3 2 60 80 98 ]
[ 50 87 1 64 72 90 92 93 82 13 ]
[ 2 65 13 39 39 76 81 66 11 4 ]
[ 82 67 45 56 85 7 12 88 19 44 ]
[ 38 69 83 91 85 55 81 78 0 16 ]
[ 91 3 81 56 94 72 32 76 91 95 ]
[ 32 73 63 29 29 0 36 93 40 55 ]
[ 89 79 76 72 70 62 80 4 92 80 ]
[ 72 35 35 5 91 30 29 76 58 20 ]
[ 71 90 93 34 20 75 87 8 20 27 ]
[ 64 10 58 92 82 81 6 62 37 98 ]
[ 43 9 33 30 66 77 60 95 53 70 ]
[ 16 76 13 61 11 85 36 50 93 57 ]
[ 77 9 19 36 2 1 17 8 16 54 ]
[ 59 11 15 92 41 33 21 54 28 74 ]

Running merge sort algorithm: 
Timer (sort): 104ms real	80ms user	30ms sys
The output is sorted!
[ 4 13 6 3 5 35 3 13 33 10 ]
[ 8 10 21 18 46 12 5 4 0 3 ]
[ 1 1 18 7 1 6 12 11 62 11 ]
[ 7 1 10 39 14 29 9 18 9 4 ]
[ 0 9 6 8 1 62 21 3 18 14 ]
[ 11 1 31 8 11 23 8 23 10 17 ]
[ 5 17 10 5 11 29 48 0 12 7 ]
[ 6 31 3 11 54 5 8 3 25 2 ]
[ 1 44 11 8 29 6 3 16 24 6 ]
[ 4 4 0 30 28 3 28 18 24 11 ]
[ 9 12 1 42 0 7 47 16 1 17 ]
[ 16 5 31 12 6 28 4 4 40 6 ]
[ 20 7 0 10 35 21 35 15 0 11 ]
[ 1 11 11 3 13 24 4 12 58 18 ]
[ 4 0 65 9 16 14 19 5 14 9 ]
[ 14 2 19 12 12 29 37 10 20 1 ]
[ 0 12 30 6 29 15 20 40 1 4 ]
[ 21 26 25 0 11 44 1 7 14 9 ]
[ 13 3 7 17 87 3 15 0 14 0 ]
[ 14 17 3 6 2 31 32 46 6 2 ]

Timer (generate): 76ms real	60ms user	0ms sys
[ 20 48 22 98 40 59 51 99 80 26 ]
[ 77 7 36 13 87 44 30 25 30 88 ]
[ 23 17 75 44 12 55 14 98 0 60 ]
[ 80 20 60 54 70 52 65 21 51 45 ]
[ 99 28 4 35 93 43 31 24 21 62 ]
[ 64 44 79 40 89 43 47 3 41 47 ]
[ 15 73 67 75 79 37 27 45 10 31 ]
[ 42 10 11 47 97 5 90 29 81 63 ]
[ 91 45 8 22 85 49 17 33 4 58 ]
[ 32 20 84 0 47 63 89 27 60 52 ]
[ 10 3 62 21 50 11 78 92 40 59 ]
[ 56 31 57 16 5 42 65 22 27 21 ]
[ 33 60 93 17 12 41 32 53 20 93 ]
[ 5 82 96 19 55 98 31 34 42 71 ]
[ 45 50 55 2 66 12 45 83 35 24 ]
[ 5 20 36 98 37 0 91 69 54 11 ]
[ 14 11 45 10 83 1 60 14 35 3 ]
[ 37 80 53 44 83 20 57 80 3 92 ]
[ 56 60 64 93 59 1 45 50 22 51 ]
[ 14 37 63 59 99 98 60 60 12 47 ]

Running merge sort algorithm: 
Timer (sort): 113ms real	100ms user	20ms sys
The output is sorted!
[ 5 23 5 13 13 30 2 12 0 15 ]
[ 1 5 10 1 0 16 23 10 55 4 ]
[ 0 17 15 2 27 20 16 7 1 22 ]
[ 6 7 5 22 24 4 46 7 7 4 ]
[ 1 13 4 13 7 23 9 48 1 16 ]
[ 40 21 15 18 4 4 6 6 22 0 ]
[ 5 40 8 9 19 0 12 26 14 6 ]
[ 0 1 53 13 6 9 34 6 0 17 ]
[ 14 1 4 34 19 9 19 8 31 5 ]
[ 11 50 33 4 1 2 5 19 5 15 ]
[ 32 30 10 3 50 0 1 4 4 13 ]
[ 0 8 2 4 24 27 0 49 26 9 ]
[ 19 8 27 11 6 14 12 19 8 27 ]
[ 38 8 22 6 11 6 18 16 11 19 ]
[ 8 1 1 4 8 23 6 63 37 5 ]
[ 39 5 19 18 8 9 32 15 2 10 ]
[ 1 11 42 12 28 0 9 23 7 25 ]
[ 11 14 0 26 22 8 61 11 4 2 ]
[ 3 12 2 10 43 12 37 12 18 11 ]
[ 20 6 0 19 19 6 38 14 31 7 ]

Timer (generate): 79ms real	70ms user	10ms sys
[ 70 24 6 76 74 59 72 67 72 47 ]
[ 37 54 95 10 42 59 61 28 61 85 ]
[ 86 7 94 10 98 68 14 9 75 42 ]
[ 67 45 19 25 74 93 36 98 12 9 ]
[ 45 2 15 93 12 9 4 25 37 65 ]
[ 11 75 24 57 86 74 26 0 36 53 ]
[ 95 55 50 14 81 76 59 69 26 24 ]
[ 30 72 26 45 17 90 54 21 16 44 ]
[ 38 79 19 62 88 57 36 66 10 72 ]
[ 71 5 28 74 71 61 50 30 82 77 ]
[ 54 13 1 80 10 18 23 17 91 39 ]
[ 61 29 70 32 91 10 90 79 29 52 ]
[ 4 0 57 84 74 28 45 77 10 27 ]
[ 6 65 92 7 97 3 77 20 20 20 ]
[ 11 33 49 33 65 92 44 7 71 25 ]
[ 59 27 25 68 11 0 48 56 29 59 ]
[ 36 35 24 28 94 73 83 71 94 3 ]
[ 43 57 36 92 91 54 84 87 13 7 ]
[ 12 25 35 89 45 46 41 94 55 70 ]
[ 53 43 5 29 23 99 2 7 22 48 ]

Running merge sort algorithm: 
Timer (sort): 102ms real	90ms user	10ms sys
The output is sorted!
[ 5 10 1 11 10 26 0 21 14 17 ]
[ 12 25 10 3 23 11 4 16 6 7 ]
[ 2 19 21 60 0 4 3 0 17 1 ]
[ 13 27 25 5 12 18 20 12 2 2 ]
[ 6 6 18 0 10 0 4 3 15 75 ]
[ 41 7 13 3 15 0 13 8 20 20 ]
[ 5 14 0 2 39 14 44 19 0 4 ]
[ 2 5 9 14 7 1 71 9 18 6 ]
[ 8 21 4 21 39 5 3 20 9 13 ]
[ 26 13 14 15 5 3 9 34 11 16 ]
[ 32 1 2 32 3 15 25 2 7 29 ]
[ 33 5 2 4 0 15 62 1 26 0 ]
[ 6 0 3 5 2 50 5 55 10 13 ]
[ 1 11 7 17 5 28 7 6 11 57 ]
[ 26 9 37 1 33 13 4 16 12 0 ]
[ 18 7 2 23 6 30 2 32 18 14 ]
[ 8 52 1 8 13 9 17 18 21 6 ]
[ 17 1 4 2 0 13 84 4 3 25 ]
[ 2 7 21 20 0 3 7 1 53 41 ]
[ 0 6 0 52 20 2 2 42 17 14 ]

