Timer (generate): 220ms real	210ms user	10ms sys
[ 92 65 83 2 98 34 99 96 29 79 40 7 42 17 88 45 17 67 40 65 59 29 51 20 45 ]
[ 13 99 60 24 56 97 16 73 32 70 71 67 70 20 48 1 60 55 95 29 96 40 98 63 80 ]
[ 64 22 62 15 94 7 28 94 20 4 2 17 21 27 1 43 51 20 65 71 68 66 83 24 61 ]
[ 65 72 54 63 87 34 27 10 48 94 56 56 22 2 28 27 4 97 0 32 98 95 35 19 61 ]
[ 6 39 79 41 15 41 6 87 95 70 75 81 49 37 82 44 45 38 18 48 18 97 4 15 49 ]
[ 36 13 45 23 84 58 81 24 37 23 91 30 81 79 25 3 6 59 53 95 41 49 40 31 19 ]
[ 88 49 69 93 16 18 81 29 15 5 14 73 86 90 11 61 81 41 43 12 19 46 18 30 51 ]
[ 65 23 0 6 6 72 46 7 41 39 23 11 73 4 27 30 70 52 16 60 63 30 94 57 73 ]
[ 6 28 71 77 10 23 42 33 75 0 91 47 47 50 88 38 73 0 11 77 79 41 48 31 10 ]
[ 60 47 40 54 4 65 13 84 36 90 94 11 84 79 87 85 70 86 84 20 27 22 45 79 34 ]
[ 74 58 27 74 41 37 35 88 29 41 44 94 54 28 83 96 22 94 81 53 33 18 23 20 2 ]
[ 95 47 24 92 26 10 67 36 90 41 77 79 28 66 9 70 62 55 24 91 90 21 65 85 54 ]
[ 19 70 72 94 90 26 42 89 2 34 67 65 53 55 55 47 33 34 27 51 95 97 13 3 74 ]
[ 56 93 47 22 30 53 41 1 25 87 43 3 29 33 5 16 52 22 69 8 77 68 93 64 96 ]
[ 44 11 93 9 14 19 66 8 66 40 90 19 81 91 96 68 87 51 50 20 9 66 24 31 87 ]
[ 32 9 56 25 25 52 21 36 97 83 51 69 49 11 35 89 1 7 22 45 55 42 32 7 92 ]
[ 4 68 10 28 99 98 13 60 54 90 85 58 12 74 55 95 77 24 96 88 12 37 41 71 59 ]
[ 86 78 53 70 37 46 74 5 56 55 5 6 68 65 60 58 3 18 22 77 26 17 54 2 65 ]
[ 94 66 2 35 37 13 74 68 67 44 5 65 71 11 73 26 16 80 94 33 92 4 88 11 27 ]
[ 65 89 96 71 91 62 65 10 16 53 47 82 27 67 49 23 73 66 94 84 91 20 52 71 66 ]

Running merge sort algorithm: 
Timer (sort): 141ms real	140ms user	0ms sys
The output is sorted!
[ 45 4 31 36 14 19 5 2 45 74 13 1 27 28 35 8 19 8 1 21 60 3 52 53 0 ]
[ 16 15 42 11 12 92 4 67 25 57 7 4 39 19 28 19 6 5 54 9 10 51 16 11 6 ]
[ 82 12 9 23 18 14 68 24 24 5 6 32 42 9 14 13 1 11 69 28 2 18 4 30 73 ]
[ 24 19 24 11 95 8 19 38 31 2 66 14 13 13 7 47 3 12 66 46 14 15 8 25 17 ]
[ 17 15 34 10 9 38 24 9 47 41 11 2 9 3 22 14 39 34 92 12 22 28 26 86 0 ]
[ 38 14 39 36 8 56 1 8 2 1 52 17 84 5 86 21 12 36 26 31 2 17 41 2 11 ]
[ 39 0 15 8 48 6 6 52 21 48 34 11 2 2 46 26 39 1 44 16 12 78 24 15 56 ]
[ 7 63 6 9 72 78 20 36 14 48 6 1 55 3 26 2 38 3 35 25 24 26 0 39 17 ]
[ 71 14 26 6 2 54 16 39 18 13 0 77 4 5 13 39 13 12 3 49 2 49 41 45 44 ]
[ 20 20 91 33 0 10 20 72 0 4 52 0 13 5 27 11 8 20 48 46 58 18 2 36 46 ]
[ 48 17 1 45 21 6 3 5 6 18 4 32 5 44 29 78 2 7 55 38 19 18 1 89 70 ]
[ 13 3 23 38 19 34 43 54 53 55 4 34 15 2 14 40 37 44 29 7 35 8 31 13 20 ]
[ 44 28 44 5 57 61 9 39 17 7 5 29 2 69 31 29 7 57 3 75 3 24 6 15 3 ]
[ 35 34 13 1 0 45 52 37 74 0 15 54 16 29 74 49 18 3 26 9 13 16 44 2 11 ]
[ 45 70 3 14 8 1 14 29 5 83 95 32 9 7 5 18 17 3 40 13 83 7 16 0 56 ]
[ 29 25 13 4 50 13 21 4 21 4 22 3 17 1 30 3 43 51 74 54 71 63 11 30 18 ]
[ 24 22 8 45 78 27 3 1 5 32 80 13 57 13 66 32 25 21 27 4 29 16 24 15 9 ]
[ 0 10 17 46 33 2 26 57 20 19 21 0 5 22 32 99 40 1 12 75 92 10 10 11 18 ]
[ 91 26 36 3 61 1 22 6 3 2 5 22 66 22 27 48 25 18 86 2 10 28 34 24 13 ]
[ 51 64 16 1 32 23 51 25 29 41 9 70 23 13 38 15 11 20 7 20 69 40 2 8 6 ]

Timer (generate): 226ms real	200ms user	10ms sys
[ 75 65 3 78 48 66 83 76 41 21 72 83 85 39 34 54 19 47 93 20 47 95 96 67 97 ]
[ 76 49 45 76 56 51 52 21 7 82 22 25 66 50 18 39 22 1 24 61 36 30 32 35 76 ]
[ 52 83 71 1 2 68 77 51 66 6 59 69 58 33 28 40 55 53 58 5 72 49 79 25 26 ]
[ 92 61 56 24 97 32 29 32 56 30 34 76 59 85 42 65 96 64 75 29 92 16 36 46 26 ]
[ 41 18 28 72 43 54 64 57 62 89 6 47 18 38 3 0 72 79 59 9 74 77 57 38 52 ]
[ 87 30 20 23 28 47 17 98 27 89 42 81 6 51 43 95 57 90 65 47 45 65 71 77 76 ]
[ 32 51 53 89 41 58 76 23 78 52 4 77 69 2 4 10 96 37 16 47 81 11 56 23 28 ]
[ 3 69 45 74 46 22 6 49 27 96 42 37 24 17 16 76 21 45 97 24 50 8 72 39 24 ]
[ 20 20 88 76 44 16 32 65 62 58 63 36 17 12 15 65 6 53 89 75 21 18 97 66 15 ]
[ 73 68 23 45 8 48 17 28 36 46 24 52 78 41 66 88 4 54 5 68 70 70 26 75 12 ]
[ 2 96 30 99 62 45 24 31 69 69 39 69 39 19 5 85 96 9 15 89 28 3 94 82 9 ]
[ 62 4 31 89 79 43 43 75 73 42 38 71 66 21 92 87 12 61 26 83 18 63 31 79 78 ]
[ 21 7 34 15 42 43 29 46 26 70 26 70 13 53 95 7 43 66 25 64 58 13 28 19 91 ]
[ 12 89 7 95 69 85 16 28 19 83 70 14 13 69 93 35 47 63 1 0 58 8 44 77 34 ]
[ 60 35 99 41 7 42 53 96 49 0 17 87 17 46 58 0 68 73 65 89 66 1 36 81 2 ]
[ 89 91 62 85 68 48 45 4 99 38 63 42 43 59 43 44 29 30 61 27 89 61 95 14 27 ]
[ 85 32 80 73 13 34 62 4 96 47 25 45 45 81 44 83 44 38 27 55 82 23 84 12 84 ]
[ 11 53 97 59 67 76 96 99 56 69 64 90 32 21 39 31 46 84 28 27 80 64 71 19 91 ]
[ 26 53 66 63 65 50 26 71 47 85 38 76 81 90 32 3 54 75 87 75 14 18 21 50 47 ]
[ 48 82 11 71 1 54 50 54 20 13 72 22 39 43 21 77 33 97 58 23 82 61 78 57 48 ]

Running merge sort algorithm: 
Timer (sort): 161ms real	140ms user	20ms sys
The output is sorted!
[ 3 31 23 14 13 67 40 11 14 43 22 36 27 5 7 8 10 20 1 50 4 53 57 5 16 ]
[ 3 33 25 36 41 66 6 18 29 3 38 3 35 22 2 10 36 4 1 31 19 43 46 59 8 ]
[ 28 26 76 14 44 0 44 19 33 1 31 22 11 1 6 3 59 22 0 86 12 10 35 12 24 ]
[ 9 25 65 30 13 31 15 43 64 30 42 29 88 11 17 23 23 9 7 19 12 2 6 2 10 ]
[ 19 38 34 26 1 27 44 24 64 53 53 8 29 21 19 26 5 20 1 25 2 1 1 44 42 ]
[ 26 34 17 87 67 32 5 3 10 7 47 31 15 1 15 6 50 52 1 61 22 12 6 5 16 ]
[ 85 57 9 0 4 7 28 16 27 41 59 35 40 12 12 69 2 4 10 9 17 1 46 10 32 ]
[ 8 73 0 21 22 5 8 3 4 8 4 91 39 3 10 81 3 18 49 11 80 11 50 20 31 ]
[ 20 3 10 66 23 83 9 5 76 16 64 2 40 42 39 1 17 3 13 13 3 4 49 46 10 ]
[ 14 20 29 6 22 17 23 34 14 3 33 74 27 70 3 68 14 17 11 10 19 7 43 55 25 ]
[ 78 36 50 27 2 12 29 25 2 24 2 42 40 32 1 3 42 21 36 8 62 6 47 20 11 ]
[ 6 8 44 18 18 19 19 45 20 23 25 8 1 10 45 34 27 8 53 8 93 65 25 0 37 ]
[ 70 8 28 65 17 3 26 27 24 27 23 34 20 11 8 51 10 15 7 9 48 15 29 17 70 ]
[ 98 24 3 12 22 29 67 0 44 3 25 10 12 47 5 54 1 12 71 0 9 37 9 67 6 ]
[ 87 3 9 13 2 8 75 11 35 2 18 40 21 60 6 50 43 32 17 66 2 15 18 25 11 ]
[ 7 23 20 9 3 5 68 27 42 16 7 23 54 65 21 17 20 18 18 57 48 21 1 20 60 ]
[ 3 1 43 31 0 25 62 4 57 33 13 19 31 62 32 81 47 14 9 22 4 24 6 25 26 ]
[ 64 32 88 4 11 30 21 63 11 7 15 20 61 6 33 24 51 40 4 24 1 0 2 14 51 ]
[ 49 79 22 7 39 5 11 0 2 15 51 2 48 9 0 80 2 13 45 18 39 29 46 64 9 ]
[ 43 17 56 8 3 8 22 7 22 41 13 25 54 5 80 12 0 11 71 6 83 47 0 34 17 ]

Timer (generate): 224ms real	210ms user	10ms sys
[ 31 43 76 60 38 12 64 86 47 27 57 49 88 39 86 87 18 18 91 76 73 79 84 60 33 ]
[ 12 8 72 78 95 39 9 90 15 21 28 79 85 66 27 64 24 76 52 63 14 40 81 84 31 ]
[ 10 9 10 46 69 95 10 29 19 88 76 58 97 66 25 71 94 5 8 13 32 73 89 60 25 ]
[ 52 26 17 85 10 0 47 19 62 94 40 58 4 21 77 93 98 36 42 64 61 13 11 18 74 ]
[ 76 50 47 65 62 24 69 88 42 54 98 42 54 69 57 48 61 15 52 83 44 97 33 32 40 ]
[ 49 94 5 12 64 79 88 15 78 53 29 3 22 18 97 29 68 91 83 90 48 83 51 15 87 ]
[ 86 60 85 19 92 77 69 38 34 81 3 66 70 70 44 75 99 99 50 69 48 31 38 92 66 ]
[ 80 92 49 31 8 88 18 68 25 89 12 2 10 51 89 92 6 55 14 76 51 41 27 3 91 ]
[ 97 3 74 87 95 40 67 88 41 98 48 30 68 68 55 10 80 10 20 83 99 12 89 6 78 ]
[ 65 9 20 45 12 63 42 68 90 81 15 82 48 3 24 98 3 6 19 71 13 29 4 75 49 ]
[ 87 26 14 77 32 44 94 94 64 39 58 80 33 26 22 14 42 4 14 97 28 13 1 86 84 ]
[ 24 0 13 28 75 14 16 54 28 45 86 73 39 32 89 31 91 21 64 17 43 31 11 48 45 ]
[ 9 28 10 62 67 94 86 67 59 67 94 74 83 48 54 28 87 79 19 19 69 50 10 42 67 ]
[ 80 38 98 91 38 95 52 18 6 14 85 0 53 52 60 20 99 86 55 99 40 35 86 20 6 ]
[ 58 41 57 20 83 76 0 73 74 44 11 69 48 30 27 15 15 28 68 20 40 40 19 26 47 ]
[ 70 66 34 9 38 40 67 79 49 39 63 25 92 36 51 36 0 21 36 30 0 51 97 28 19 ]
[ 17 20 11 88 46 10 59 65 44 20 3 37 87 83 86 26 98 12 18 86 15 6 86 88 43 ]
[ 68 89 94 18 17 66 35 90 29 76 88 40 87 53 36 7 9 73 46 44 60 24 42 24 95 ]
[ 80 39 1 19 28 96 39 17 43 57 86 61 93 28 90 21 17 82 8 22 19 67 31 92 13 ]
[ 27 4 37 21 28 32 2 20 86 73 0 82 12 69 77 70 7 38 63 36 29 36 53 63 44 ]

Running merge sort algorithm: 
Timer (sort): 146ms real	120ms user	30ms sys
The output is sorted!
[ 0 24 17 15 63 58 0 46 56 16 0 0 82 12 19 23 20 16 4 33 41 35 31 7 3 ]
[ 23 23 14 1 11 83 28 47 38 0 42 5 48 35 17 27 38 3 1 13 14 33 0 7 71 ]
[ 24 18 34 42 76 12 59 15 22 52 1 26 2 28 3 0 57 26 22 3 30 34 40 0 11 ]
[ 9 33 61 12 9 76 20 11 46 3 29 27 4 17 0 14 13 10 45 15 7 28 12 40 96 ]
[ 13 10 1 0 8 12 37 10 28 21 0 57 93 20 33 45 64 18 26 2 9 85 16 16 26 ]
[ 25 57 4 4 23 68 27 9 12 34 10 10 60 48 59 20 64 17 12 6 9 7 5 44 22 ]
[ 5 9 3 90 44 28 65 2 76 16 66 12 17 5 17 29 13 6 21 10 20 0 13 67 28 ]
[ 20 66 84 4 13 56 15 15 13 27 54 23 99 18 7 18 18 3 22 25 5 3 23 30 5 ]
[ 61 29 40 58 32 9 39 2 50 36 19 0 6 3 20 57 2 39 4 43 50 6 27 12 25 ]
[ 7 13 44 12 41 3 38 9 42 56 39 32 14 15 31 4 6 4 16 47 38 47 2 33 83 ]
[ 9 43 14 2 4 25 30 41 35 69 5 33 2 80 79 9 25 16 9 11 17 13 60 0 48 ]
[ 19 45 12 2 8 22 43 11 37 39 26 64 50 59 12 23 6 6 6 32 36 19 23 33 48 ]
[ 13 2 77 5 20 8 64 45 41 35 39 40 7 14 20 22 17 45 6 41 4 39 11 7 60 ]
[ 1 26 14 4 16 17 2 0 11 20 69 60 5 67 12 51 9 34 2 15 93 75 5 33 42 ]
[ 23 35 55 9 4 12 28 3 48 46 33 6 9 1 81 36 2 3 68 14 66 31 11 57 3 ]
[ 55 60 94 17 42 8 10 5 23 25 7 23 96 29 25 7 21 15 3 2 27 23 9 54 5 ]
[ 46 26 18 8 8 62 67 70 38 14 62 24 42 25 1 25 6 6 10 38 0 30 12 37 13 ]
[ 36 18 9 7 25 60 2 37 12 27 19 10 93 24 33 13 18 16 94 23 26 22 9 22 33 ]
[ 12 2 56 9 55 38 25 78 62 6 25 11 38 30 6 16 53 25 8 10 10 20 13 74 8 ]
[ 11 54 7 39 37 0 11 28 12 19 3 19 0 51 34 19 24 46 22 67 49 56 43 30 10 ]

Timer (generate): 224ms real	210ms user	10ms sys
[ 28 6 18 85 71 8 49 24 62 7 68 58 47 24 93 72 64 67 68 10 91 39 86 21 61 ]
[ 45 23 76 5 14 77 86 72 95 23 43 3 24 19 65 32 88 23 31 12 68 3 28 35 71 ]
[ 39 26 63 77 0 76 74 23 52 31 89 29 17 61 76 93 4 79 17 75 96 1 15 72 84 ]
[ 79 40 88 8 28 11 47 6 26 76 6 3 50 81 55 33 70 37 51 31 13 96 87 45 13 ]
[ 63 41 67 78 13 51 58 6 91 18 86 55 17 92 81 93 51 84 95 32 92 28 3 81 31 ]
[ 86 46 27 74 91 93 89 85 60 19 50 11 29 56 3 47 42 58 64 87 39 9 38 76 4 ]
[ 22 20 85 77 1 16 64 47 96 90 91 89 31 76 1 50 26 12 80 35 15 79 77 25 96 ]
[ 16 17 5 6 45 62 29 65 47 6 18 15 22 17 63 12 8 52 43 36 53 46 63 18 78 ]
[ 98 85 57 27 11 53 96 80 11 2 25 25 83 90 24 90 60 39 12 77 55 77 38 59 72 ]
[ 74 65 18 89 83 96 87 68 6 67 31 11 15 11 74 17 88 99 1 78 23 43 90 15 7 ]
[ 68 70 84 6 29 9 32 94 79 22 29 28 61 50 34 80 81 97 95 45 72 13 33 71 66 ]
[ 64 47 9 54 62 16 74 84 53 80 65 62 65 12 41 87 41 69 48 43 55 29 77 53 24 ]
[ 22 77 89 7 48 55 71 47 64 78 61 81 52 97 86 33 63 48 50 27 41 37 20 63 37 ]
[ 64 18 66 41 23 43 63 0 32 22 1 40 94 48 4 24 62 37 76 59 23 61 22 23 11 ]
[ 1 17 48 22 80 86 86 50 4 79 74 47 94 26 32 16 27 72 62 28 28 86 90 66 63 ]
[ 49 41 24 24 17 36 25 34 36 99 14 74 37 16 79 16 90 78 10 17 62 27 96 34 41 ]
[ 24 63 28 66 81 43 16 74 67 92 91 55 69 77 44 69 43 18 58 60 49 75 50 28 85 ]
[ 19 42 64 16 77 58 92 92 86 59 25 29 27 51 48 71 95 56 92 72 52 13 16 70 72 ]
[ 76 72 47 78 52 84 50 94 1 18 71 59 10 15 45 21 92 26 0 44 26 71 39 82 64 ]
[ 11 34 77 79 57 49 7 29 48 38 33 33 88 27 34 6 51 93 68 66 90 90 11 16 90 ]

Running merge sort algorithm: 
Timer (sort): 145ms real	130ms user	20ms sys
The output is sorted!
[ 94 26 31 32 5 33 14 29 8 15 0 16 20 7 6 54 9 34 6 39 59 15 17 5 0 ]
[ 38 24 3 0 47 22 65 12 34 20 48 28 59 13 15 45 13 5 7 35 14 14 6 4 24 ]
[ 90 27 62 21 8 11 8 17 25 10 39 16 2 11 9 27 36 1 50 3 12 14 14 65 21 ]
[ 5 18 65 6 22 2 23 8 27 38 55 57 5 44 31 20 2 11 0 60 8 34 2 56 3 ]
[ 1 8 26 21 7 43 5 74 15 25 54 2 5 67 45 38 40 4 29 24 15 26 8 30 26 ]
[ 34 36 2 5 1 13 6 48 21 0 63 11 66 66 46 3 8 23 2 17 3 74 15 58 22 ]
[ 13 66 8 30 36 46 12 9 81 12 16 13 32 1 56 5 35 45 3 5 17 4 29 6 69 ]
[ 16 18 3 22 9 1 10 24 88 12 11 31 17 54 62 23 29 60 18 18 25 53 12 34 0 ]
[ 11 4 2 28 96 11 39 86 14 1 11 45 1 33 16 3 0 6 56 29 24 7 6 42 83 ]
[ 70 28 9 11 55 58 16 48 7 24 0 36 20 46 5 24 71 25 18 17 10 18 24 22 0 ]
[ 26 10 16 39 44 3 20 53 3 13 46 6 43 17 47 37 9 3 42 16 33 32 51 46 7 ]
[ 4 17 1 33 36 39 40 33 13 56 17 29 19 32 15 20 20 5 42 82 24 44 5 11 29 ]
[ 0 58 6 8 27 13 19 18 21 42 29 83 21 5 3 12 19 24 89 18 35 14 24 25 53 ]
[ 90 8 13 10 34 13 49 15 4 29 33 7 19 22 16 97 90 16 19 42 30 3 5 0 6 ]
[ 29 9 0 96 19 13 86 18 31 64 20 19 25 23 0 8 28 18 31 61 2 61 3 4 3 ]
[ 10 15 3 23 16 14 21 30 1 3 51 29 24 63 6 52 55 45 11 18 2 59 2 47 71 ]
[ 62 27 44 7 24 35 3 12 19 49 5 6 7 30 47 77 29 4 17 19 52 66 4 18 14 ]
[ 7 11 34 36 10 4 49 22 34 13 15 46 64 60 7 15 26 4 2 26 25 53 9 73 32 ]
[ 38 23 77 7 75 24 23 69 34 8 8 1 2 49 18 20 13 28 27 75 10 9 1 8 31 ]
[ 47 6 42 46 38 5 55 9 30 8 45 39 8 4 43 41 24 4 0 27 17 4 54 70 12 ]

Timer (generate): 218ms real	180ms user	20ms sys
[ 39 26 48 59 76 78 31 83 78 5 18 76 81 75 48 44 1 78 72 93 75 40 84 33 85 ]
[ 94 78 33 78 29 89 70 55 89 29 83 67 12 67 46 17 37 74 51 65 23 47 66 53 20 ]
[ 60 28 60 96 13 97 90 91 83 20 20 72 90 28 62 71 11 29 84 30 27 53 68 2 56 ]
[ 33 77 4 51 30 24 11 10 36 7 23 85 49 66 68 22 39 93 64 19 7 36 30 88 20 ]
[ 13 16 25 33 70 82 18 99 86 69 81 62 33 91 50 92 66 87 42 84 8 16 23 1 80 ]
[ 42 8 16 25 48 88 38 16 14 23 86 96 41 37 34 62 18 96 95 9 98 88 27 85 82 ]
[ 12 93 98 35 46 78 30 54 47 55 55 35 45 71 49 68 58 97 61 95 31 23 14 79 19 ]
[ 75 77 59 3 15 41 67 8 39 54 55 69 84 61 16 39 16 52 84 88 53 4 98 3 65 ]
[ 45 86 89 11 66 60 87 95 19 42 10 60 61 71 51 15 78 20 0 39 37 39 8 41 76 ]
[ 96 46 32 46 49 98 91 36 39 3 54 99 42 1 18 36 64 78 97 35 29 12 13 1 64 ]
[ 4 38 56 12 31 84 60 78 16 6 27 14 98 15 5 53 69 4 47 71 22 83 87 52 32 ]
[ 22 33 96 87 35 61 91 25 69 4 57 53 64 35 69 71 14 36 21 30 41 26 51 98 73 ]
[ 74 72 8 61 25 40 83 10 88 22 45 1 14 23 70 70 80 23 34 67 45 57 33 81 30 ]
[ 63 74 56 15 72 29 41 45 89 3 22 29 38 32 70 61 30 71 27 53 94 97 33 69 83 ]
[ 52 14 41 85 95 23 1 22 80 68 94 61 9 91 51 12 13 32 3 98 54 64 28 78 91 ]
[ 81 72 40 66 41 23 18 56 16 55 3 40 56 25 72 24 72 85 34 63 36 98 29 21 1 ]
[ 27 75 17 55 53 8 88 77 0 54 19 24 24 27 40 79 30 32 88 8 56 12 80 42 98 ]
[ 95 30 97 76 51 50 3 79 68 10 84 28 98 62 29 4 33 53 28 60 45 60 42 30 48 ]
[ 50 86 12 82 28 11 30 59 60 6 62 10 62 41 30 72 78 59 23 40 88 27 73 93 56 ]
[ 85 90 16 27 20 16 30 7 28 64 87 39 94 98 51 53 61 14 15 54 44 87 32 3 62 ]

Running merge sort algorithm: 
Timer (sort): 137ms real	120ms user	30ms sys
The output is sorted!
[ 59 15 31 4 61 30 5 48 17 10 35 8 17 21 2 23 38 35 1 23 36 12 21 7 19 ]
[ 3 7 11 8 8 8 88 45 36 34 10 29 43 24 5 46 1 25 4 19 38 1 18 54 15 ]
[ 64 49 1 70 6 17 15 1 8 80 56 26 9 25 17 51 2 6 0 0 1 51 10 18 23 ]
[ 3 5 12 28 75 54 6 1 79 62 49 9 9 23 12 18 30 8 6 41 26 41 27 29 0 ]
[ 59 27 7 4 9 61 23 57 19 11 42 12 6 25 20 24 36 46 24 15 36 4 13 1 74 ]
[ 25 11 21 28 11 23 10 73 6 19 10 29 35 74 31 52 2 34 27 19 12 17 25 65 1 ]
[ 18 22 41 30 78 1 43 12 11 8 3 26 18 26 20 6 37 14 7 27 5 81 60 60 7 ]
[ 0 10 2 44 34 9 38 70 77 12 23 6 20 23 60 29 4 49 12 24 57 30 15 12 8 ]
[ 15 0 5 35 27 46 7 29 33 67 51 0 1 94 9 69 63 20 7 27 13 14 15 14 10 ]
[ 0 31 16 74 22 9 25 34 3 7 4 0 7 80 36 81 57 73 11 4 47 7 4 16 26 ]
[ 82 26 13 16 35 70 22 13 23 28 12 26 1 29 22 74 9 39 67 15 7 17 5 0 31 ]
[ 11 17 4 17 4 30 19 45 35 24 80 28 46 19 51 34 20 4 61 76 11 25 6 5 10 ]
[ 25 30 32 10 3 16 47 20 16 14 3 2 23 24 52 17 94 7 0 70 13 15 37 91 22 ]
[ 5 25 6 7 28 14 4 4 13 31 10 29 2 39 48 83 7 71 99 5 62 1 42 7 42 ]
[ 49 9 66 32 42 36 3 19 75 68 16 18 17 2 14 30 13 7 53 29 26 4 22 19 17 ]
[ 50 18 7 58 7 64 44 27 1 19 76 11 69 57 37 10 8 2 30 12 30 0 17 10 28 ]
[ 50 30 77 22 3 2 13 56 6 15 25 17 73 64 45 15 18 9 21 30 38 10 8 45 1 ]
[ 28 18 41 31 21 18 36 35 13 5 58 18 56 84 0 49 1 7 0 59 19 35 0 27 34 ]
[ 44 1 21 93 46 1 2 9 17 35 15 9 42 44 57 18 17 25 63 3 2 11 39 34 47 ]
[ 14 2 21 34 13 97 30 18 42 22 39 15 56 33 2 10 15 48 23 6 36 5 83 31 4 ]

Timer (generate): 227ms real	200ms user	20ms sys
[ 37 87 2 13 72 62 12 43 72 24 90 38 94 12 58 83 17 59 67 23 29 82 83 26 70 ]
[ 10 64 19 47 6 70 36 93 72 1 65 86 13 61 58 37 51 48 84 15 58 19 32 17 86 ]
[ 55 99 68 91 25 90 1 42 61 0 48 83 88 41 56 41 58 94 6 19 5 96 23 53 80 ]
[ 38 12 51 71 81 37 78 80 57 69 6 99 23 48 60 75 48 44 64 89 52 57 47 46 64 ]
[ 19 51 60 42 57 92 80 69 43 3 50 32 82 31 41 3 89 40 78 89 0 54 37 96 70 ]
[ 78 48 27 77 47 43 96 98 3 38 55 47 19 76 90 74 79 74 56 10 15 12 51 55 42 ]
[ 40 8 48 77 4 18 7 5 98 84 52 93 81 2 97 19 10 44 90 86 87 65 65 61 73 ]
[ 27 77 37 78 84 80 70 44 28 99 49 99 6 54 49 91 58 42 72 60 39 43 70 36 34 ]
[ 9 75 51 26 36 24 54 65 62 84 2 94 55 46 22 54 47 73 13 53 22 4 11 65 28 ]
[ 72 56 71 94 44 57 3 19 8 30 56 85 36 73 47 20 75 93 27 74 67 34 21 41 47 ]
[ 75 63 3 86 80 31 10 89 2 5 33 60 8 53 20 90 61 5 26 86 4 99 62 97 26 ]
[ 36 65 12 9 58 59 84 73 14 71 54 45 33 43 0 38 28 12 99 81 32 89 94 38 16 ]
[ 81 42 15 95 92 93 31 9 6 92 67 65 77 40 32 0 46 77 33 41 77 72 70 89 71 ]
[ 3 74 60 98 12 28 31 6 95 26 98 89 9 59 95 1 26 12 78 67 44 30 65 22 64 ]
[ 7 51 88 77 93 11 32 67 23 82 31 52 13 89 47 39 40 36 0 99 83 2 26 96 32 ]
[ 45 40 15 10 14 31 69 18 19 98 11 30 31 30 53 13 13 57 79 2 5 70 94 93 71 ]
[ 94 77 25 72 25 9 17 17 24 79 32 55 1 50 26 99 13 56 82 95 62 96 8 71 27 ]
[ 62 28 97 57 22 68 3 51 45 75 76 55 44 93 31 23 77 39 76 79 65 76 44 74 58 ]
[ 39 88 6 99 59 85 14 88 83 23 62 3 26 65 49 1 93 56 45 38 87 20 68 78 97 ]
[ 47 44 25 92 70 35 83 58 94 83 69 79 49 9 14 72 71 18 98 88 67 99 81 23 96 ]

Running merge sort algorithm: 
Timer (sort): 141ms real	120ms user	20ms sys
The output is sorted!
[ 0 23 35 3 24 13 16 12 7 2 42 22 16 78 79 7 15 4 8 40 21 44 4 15 36 ]
[ 5 6 44 8 23 31 7 22 72 4 34 10 95 36 25 3 39 44 16 0 17 17 5 14 8 ]
[ 46 15 24 24 2 5 29 12 11 6 69 0 65 18 4 21 28 51 38 14 17 11 66 15 3 ]
[ 27 3 46 59 18 9 71 1 10 0 11 32 2 11 26 2 68 5 75 9 34 23 13 4 35 ]
[ 8 17 4 0 65 12 6 0 33 35 4 50 17 15 68 5 44 12 17 16 63 38 3 8 55 ]
[ 10 69 20 22 2 20 0 22 21 24 19 32 36 15 48 18 1 68 22 10 8 11 23 65 10 ]
[ 13 21 26 8 12 1 22 61 6 21 10 18 52 14 92 6 0 37 4 16 88 1 33 52 4 ]
[ 16 45 4 14 39 25 24 34 9 34 9 6 3 11 2 84 26 33 73 7 1 61 11 12 47 ]
[ 17 10 7 47 5 32 47 59 0 26 35 1 4 38 5 71 35 44 1 38 3 22 36 47 2 ]
[ 36 1 60 59 28 64 3 16 17 42 26 14 32 33 10 75 20 29 3 14 1 24 29 7 3 ]
[ 24 29 6 35 10 10 0 28 73 10 6 53 26 0 44 23 42 16 51 5 61 32 19 17 29 ]
[ 19 20 16 32 4 31 20 2 44 12 14 3 41 4 62 2 3 35 77 95 27 26 17 2 43 ]
[ 10 11 74 17 33 22 20 8 6 0 92 0 15 20 25 41 9 24 52 21 54 12 54 28 3 ]
[ 6 0 51 15 65 9 72 15 19 42 0 21 3 69 9 41 39 34 33 2 8 18 11 39 34 ]
[ 19 35 25 11 34 41 23 10 14 1 7 33 23 44 19 14 32 14 32 95 50 28 6 35 10 ]
[ 73 6 35 22 44 12 17 30 32 11 25 9 5 39 15 33 16 36 13 8 12 65 21 37 40 ]
[ 13 1 5 19 8 2 3 51 50 41 1 43 9 88 37 55 36 12 59 10 28 14 14 31 27 ]
[ 44 14 1 5 47 27 13 7 54 1 17 23 24 9 93 7 20 61 12 37 16 41 43 12 30 ]
[ 25 21 52 0 74 52 27 14 58 8 1 18 15 0 29 8 7 28 96 10 47 2 23 27 18 ]
[ 20 85 71 3 19 16 61 30 4 8 57 42 5 24 7 32 11 16 54 12 8 10 30 5 30 ]

Timer (generate): 206ms real	190ms user	10ms sys
[ 0 80 32 77 73 85 99 30 18 94 60 39 30 85 54 69 18 56 68 12 64 49 68 75 63 ]
[ 74 48 58 19 47 36 20 28 20 49 53 58 48 35 76 94 48 15 25 33 21 94 51 30 62 ]
[ 15 46 64 35 22 27 9 22 37 81 70 73 53 50 45 2 55 3 2 91 79 97 39 47 22 ]
[ 72 20 16 76 50 31 91 97 47 27 71 26 88 93 63 21 15 88 74 65 33 76 21 89 31 ]
[ 64 20 28 55 67 50 79 88 18 55 90 1 99 39 48 78 10 74 66 4 89 88 19 29 14 ]
[ 37 15 43 10 4 74 74 76 2 29 96 4 8 84 74 16 26 76 15 66 24 93 76 51 11 ]
[ 32 92 51 4 22 66 93 89 9 3 45 83 29 21 37 58 17 93 18 53 67 86 80 43 1 ]
[ 98 20 46 26 71 10 11 63 61 15 37 79 8 26 88 63 23 23 92 45 12 2 14 5 72 ]
[ 20 73 59 52 68 12 50 88 59 76 59 21 39 75 82 54 64 62 14 43 2 77 66 78 69 ]
[ 63 90 23 78 96 96 98 21 55 50 89 67 52 78 78 80 89 99 20 16 34 74 81 96 41 ]
[ 24 50 18 90 28 40 6 19 63 84 67 59 34 88 66 36 29 86 88 7 64 68 49 64 88 ]
[ 65 98 15 98 46 8 22 96 78 65 25 70 71 44 34 7 11 45 41 51 64 77 80 50 17 ]
[ 40 14 37 89 30 78 6 80 45 5 78 53 79 75 31 44 52 2 67 48 88 74 11 85 67 ]
[ 62 49 96 94 99 13 34 66 3 75 48 81 34 81 26 91 59 79 70 86 62 15 38 16 34 ]
[ 38 4 61 49 90 28 63 91 25 10 43 90 44 61 45 72 9 26 58 90 52 49 2 83 19 ]
[ 88 98 86 79 14 21 69 19 82 71 61 62 34 52 39 96 47 82 93 8 27 65 70 54 75 ]
[ 12 58 24 14 94 43 55 92 82 86 6 55 55 25 89 78 38 51 65 43 91 61 90 73 54 ]
[ 51 0 71 21 6 46 33 65 70 0 59 66 7 3 0 93 9 55 0 35 44 79 25 95 44 ]
[ 68 38 5 59 11 60 10 64 83 83 22 30 68 39 0 20 98 18 27 53 18 72 63 73 25 ]
[ 50 69 4 75 65 0 44 55 57 55 19 69 17 83 53 0 5 83 20 97 35 41 47 6 68 ]

Running merge sort algorithm: 
Timer (sort): 139ms real	130ms user	10ms sys
The output is sorted!
[ 26 4 35 2 1 4 4 32 41 29 15 39 7 53 46 84 6 14 13 2 7 32 15 5 12 ]
[ 26 9 1 13 35 1 18 13 23 78 28 16 22 15 17 41 14 63 7 19 34 49 2 13 46 ]
[ 7 11 22 50 44 63 23 44 21 54 22 8 56 12 15 17 22 24 29 7 2 20 13 2 17 ]
[ 30 6 52 36 16 26 37 21 60 50 14 3 16 15 14 23 14 5 7 45 45 28 52 2 4 ]
[ 23 10 91 10 17 8 4 56 28 13 4 1 8 3 11 69 22 74 19 36 21 34 48 23 6 ]
[ 7 13 22 7 3 2 41 14 38 65 73 0 22 30 9 22 59 13 23 55 21 57 36 6 3 ]
[ 94 3 12 55 13 39 4 58 9 18 26 4 8 1 38 7 36 31 43 13 5 25 36 34 30 ]
[ 47 19 15 16 48 14 41 22 1 36 55 85 7 23 40 13 0 3 44 38 25 6 18 29 0 ]
[ 16 39 1 53 75 4 17 3 2 29 67 19 77 4 11 11 63 10 5 84 5 14 8 13 17 ]
[ 1 1 15 48 18 53 6 94 14 28 25 1 9 2 9 32 32 33 66 15 65 65 10 1 4 ]
[ 5 58 35 13 28 7 8 84 6 28 33 45 22 0 79 16 4 7 35 12 92 12 5 2 12 ]
[ 18 11 30 17 17 53 8 58 37 10 81 60 5 3 22 1 61 37 1 7 28 4 9 72 3 ]
[ 57 26 26 48 5 5 54 8 38 8 52 24 7 16 17 39 75 13 77 32 0 7 10 14 1 ]
[ 24 19 3 42 25 29 28 28 70 13 3 69 9 27 26 79 18 5 17 9 16 38 11 19 35 ]
[ 21 0 29 43 16 7 0 66 23 20 8 22 33 70 2 83 4 11 13 36 39 13 7 76 20 ]
[ 6 20 5 3 38 2 18 29 15 23 45 34 10 19 6 49 60 21 36 70 52 7 6 56 36 ]
[ 3 7 64 3 28 5 30 36 15 13 17 20 94 3 50 2 9 0 85 17 30 7 42 26 60 ]
[ 31 27 2 16 38 90 56 5 22 2 31 9 69 25 16 2 33 13 8 21 9 33 49 55 9 ]
[ 41 23 4 20 19 19 0 16 21 79 12 8 2 35 40 56 34 66 2 50 0 21 59 38 7 ]
[ 26 39 27 0 9 68 25 8 50 5 23 59 1 35 1 40 13 7 40 1 17 36 34 22 87 ]

Timer (generate): 220ms real	200ms user	20ms sys
[ 17 6 72 91 1 95 97 6 76 88 93 67 79 21 11 9 7 99 38 66 73 31 32 37 47 ]
[ 36 57 14 22 91 78 91 97 2 34 50 97 31 56 25 71 50 92 2 71 55 11 78 7 49 ]
[ 96 32 80 80 70 79 16 79 93 90 70 23 33 19 25 67 69 22 50 26 99 73 76 44 75 ]
[ 99 99 86 29 6 87 78 39 19 58 61 98 27 40 43 69 63 66 3 82 91 22 52 65 25 ]
[ 30 65 98 6 9 74 57 60 60 86 67 0 16 58 19 27 19 70 54 11 13 75 26 32 30 ]
[ 9 23 53 13 41 78 43 6 28 1 67 2 58 27 15 96 46 15 13 56 86 40 27 8 46 ]
[ 39 74 21 17 6 52 78 29 57 91 22 87 86 80 15 87 47 70 97 27 85 94 25 52 59 ]
[ 82 90 99 9 99 97 48 73 18 18 31 22 96 12 79 88 35 66 26 15 34 14 15 4 63 ]
[ 42 41 9 67 93 68 49 35 19 59 86 16 59 11 87 29 42 9 26 55 89 66 90 7 92 ]
[ 57 41 58 72 97 22 66 38 31 86 83 0 87 19 71 98 5 88 10 17 27 39 59 36 65 ]
[ 66 77 31 56 85 76 66 78 34 38 76 56 57 14 88 43 98 40 30 69 63 81 74 3 91 ]
[ 43 30 30 55 67 48 21 44 31 30 81 7 96 60 42 86 36 50 43 2 90 38 52 82 21 ]
[ 21 46 2 48 49 93 43 80 23 98 99 23 20 95 55 2 77 14 50 37 56 36 25 7 32 ]
[ 27 97 70 32 80 91 5 78 93 53 27 38 97 59 14 47 10 37 19 6 44 21 83 59 71 ]
[ 20 67 60 45 74 92 24 24 14 56 56 6 62 86 51 67 13 42 16 25 56 64 35 45 83 ]
[ 41 90 57 76 49 28 96 68 88 93 43 80 70 19 47 78 27 5 40 13 56 60 78 50 76 ]
[ 55 6 92 43 4 28 36 94 85 13 95 65 61 63 54 7 58 86 77 29 33 55 8 38 48 ]
[ 73 47 60 52 49 88 59 56 81 2 12 61 39 58 46 4 53 11 65 68 17 72 79 56 1 ]
[ 60 89 9 69 80 57 42 79 69 46 28 57 6 36 90 60 48 51 51 6 49 55 11 13 73 ]
[ 32 30 97 11 86 99 71 28 60 40 8 69 35 39 38 81 67 95 39 4 38 52 4 89 3 ]

Running merge sort algorithm: 
Timer (sort): 137ms real	120ms user	10ms sys
The output is sorted!
[ 14 10 20 0 0 16 70 6 8 16 4 20 53 1 8 12 46 15 51 2 12 82 39 17 5 ]
[ 38 40 43 4 26 4 14 8 11 58 53 17 4 23 5 77 8 4 7 10 12 20 19 75 50 ]
[ 0 36 12 7 84 7 47 18 7 22 9 18 7 38 38 77 45 2 21 27 2 47 2 47 18 ]
[ 43 44 14 5 1 1 3 17 24 8 40 32 43 5 7 38 18 51 35 34 99 39 33 5 11 ]
[ 26 36 2 3 38 35 3 5 39 21 56 59 3 31 0 0 4 44 58 24 8 32 19 86 21 ]
[ 42 53 24 10 11 27 13 41 9 34 18 20 48 6 43 19 42 14 42 13 55 19 32 9 10 ]
[ 75 56 26 11 9 47 0 53 75 24 43 2 56 12 24 0 11 5 42 12 15 1 37 12 10 ]
[ 8 74 26 10 40 92 8 25 8 1 4 5 9 48 27 16 26 52 31 18 90 12 4 0 32 ]
[ 0 22 39 28 4 34 59 27 81 38 26 42 30 17 47 1 1 35 20 26 17 5 36 25 8 ]
[ 5 43 66 46 39 28 26 22 11 38 30 12 32 0 23 35 39 2 53 15 44 37 2 0 23 ]
[ 12 31 35 1 11 6 4 47 2 44 9 36 5 56 97 2 7 45 2 88 50 28 14 19 21 ]
[ 18 6 35 97 19 56 42 13 11 16 5 2 55 3 2 27 14 14 85 39 11 59 5 22 18 ]
[ 15 18 16 22 2 23 1 29 56 8 8 34 5 10 16 10 22 1 94 6 67 11 68 58 75 ]
[ 16 38 16 11 14 17 23 39 21 92 7 5 14 90 0 13 0 25 24 54 8 55 30 57 6 ]
[ 22 31 38 78 23 9 8 68 11 34 81 7 0 27 4 7 3 47 55 31 27 5 20 37 4 ]
[ 40 28 63 14 5 77 4 12 7 32 3 23 27 21 47 0 6 28 15 61 32 25 13 6 88 ]
[ 86 6 5 8 28 12 70 6 21 18 27 7 13 84 18 10 29 45 3 25 14 63 41 5 33 ]
[ 4 37 72 81 81 4 11 16 35 26 12 14 11 71 1 37 9 39 6 24 2 7 22 35 22 ]
[ 22 25 67 17 1 5 98 34 6 28 7 14 15 36 55 43 2 2 61 5 21 1 85 6 23 ]
[ 76 19 12 26 12 10 63 34 16 13 71 20 32 21 1 38 48 34 26 19 15 3 22 9 39 ]

Timer (generate): 227ms real	200ms user	10ms sys
[ 39 99 70 54 18 16 28 84 51 23 81 84 1 54 92 49 76 60 26 74 42 94 72 15 75 ]
[ 39 41 38 35 34 13 27 85 36 33 4 52 61 40 4 84 21 40 85 75 85 86 4 97 12 ]
[ 78 91 7 2 7 82 41 0 72 29 87 86 56 72 22 89 28 26 2 68 82 38 89 23 75 ]
[ 17 60 13 73 57 25 51 49 84 5 8 19 46 60 91 27 47 77 35 72 51 76 0 78 30 ]
[ 69 60 68 58 35 95 27 95 8 0 53 34 3 54 70 8 62 89 7 22 81 34 22 10 22 ]
[ 94 62 98 94 92 29 63 52 49 74 88 45 53 35 53 54 40 39 57 94 10 18 8 99 25 ]
[ 83 32 11 5 43 33 51 57 32 45 49 13 61 53 62 87 93 7 40 29 13 94 21 4 4 ]
[ 16 14 74 76 66 99 59 50 10 16 45 44 67 54 28 13 3 41 26 9 3 13 54 63 53 ]
[ 83 28 0 5 32 56 73 99 30 49 17 81 9 67 91 25 65 87 45 19 15 58 75 8 36 ]
[ 84 12 49 38 27 54 74 55 6 31 87 62 56 38 44 5 55 25 66 23 17 44 40 56 89 ]
[ 59 24 99 34 32 35 70 44 36 9 23 42 35 78 49 18 18 63 74 56 8 31 12 85 98 ]
[ 87 2 94 27 11 35 86 35 34 73 67 21 43 64 9 4 87 51 39 66 52 9 36 16 83 ]
[ 92 76 15 56 61 65 43 16 59 22 27 94 61 14 80 34 81 53 29 97 14 34 85 17 25 ]
[ 3 70 35 39 38 18 83 66 85 40 79 50 83 95 61 6 74 55 19 88 87 53 22 92 82 ]
[ 19 6 68 4 76 94 59 98 81 50 36 51 34 54 37 74 33 39 9 81 1 67 55 8 86 ]
[ 96 96 39 18 88 74 37 47 42 94 23 88 5 21 21 56 9 73 90 15 62 16 48 1 25 ]
[ 29 2 93 37 11 79 33 59 71 51 99 45 40 46 39 86 21 80 92 42 1 0 3 26 42 ]
[ 18 88 58 19 42 83 48 96 76 85 59 8 18 18 79 21 70 76 14 16 67 0 90 47 44 ]
[ 84 1 44 88 79 86 58 20 96 77 62 80 78 10 8 63 70 16 34 40 47 7 10 23 21 ]
[ 79 43 74 21 42 18 5 43 15 45 75 53 4 95 50 81 9 82 11 19 90 75 41 59 61 ]

Running merge sort algorithm: 
Timer (sort): 145ms real	100ms user	60ms sys
The output is sorted!
[ 7 1 11 11 0 11 2 99 8 25 16 41 14 26 22 0 7 27 15 8 57 40 38 8 68 ]
[ 13 71 6 23 27 15 6 49 27 3 1 1 33 17 60 13 97 1 13 12 14 29 13 46 12 ]
[ 26 10 9 11 11 50 5 0 31 1 16 31 25 14 0 66 64 9 5 5 6 94 83 15 39 ]
[ 17 37 13 11 23 15 10 32 28 33 45 19 1 27 10 8 48 66 67 63 21 15 13 12 9 ]
[ 21 8 48 28 59 74 37 8 18 15 2 7 8 40 17 9 42 20 51 26 23 35 33 6 13 ]
[ 3 22 18 1 53 53 48 11 37 16 9 19 20 62 26 55 36 29 23 9 22 31 4 25 17 ]
[ 18 4 56 27 51 9 22 48 4 84 0 13 29 6 11 39 16 26 7 27 20 40 47 21 26 ]
[ 17 25 3 22 39 24 1 0 11 53 19 19 33 36 1 39 24 29 58 18 28 32 81 17 23 ]
[ 34 22 4 6 27 65 5 46 14 0 16 30 5 66 3 10 12 75 1 48 42 20 25 23 53 ]
[ 20 94 5 28 68 19 24 3 27 4 13 39 41 4 19 48 0 66 17 39 3 21 33 9 12 ]
[ 75 31 7 29 3 18 13 29 13 52 18 35 29 4 5 21 13 42 5 42 71 10 24 40 35 ]
[ 96 32 6 19 2 7 14 37 44 3 25 54 48 7 2 14 81 39 15 31 73 5 11 2 1 ]
[ 25 30 19 21 56 2 13 2 14 7 16 26 4 76 2 14 0 88 73 33 2 46 30 54 15 ]
[ 13 29 28 34 3 43 12 28 2 33 15 10 2 95 21 68 20 38 2 28 18 59 50 20 1 ]
[ 22 0 46 40 6 38 9 7 74 6 20 17 37 36 48 8 10 6 62 67 42 9 6 6 55 ]
[ 7 12 68 39 24 64 4 12 19 14 8 7 11 22 42 42 25 11 78 36 24 12 23 34 39 ]
[ 10 8 19 3 8 41 13 58 74 44 22 20 52 50 1 38 14 43 12 36 2 19 13 79 3 ]
[ 5 1 7 0 2 8 91 0 93 12 81 0 22 48 41 56 0 28 69 23 25 6 44 19 2 ]
[ 46 42 10 9 24 52 54 16 40 9 18 4 25 4 8 64 40 32 39 2 33 11 82 14 5 ]
[ 9 76 26 14 3 20 6 37 20 15 17 40 6 19 15 14 55 16 20 72 38 0 79 53 15 ]

Timer (generate): 226ms real	200ms user	20ms sys
[ 33 92 31 42 93 23 24 48 19 28 52 78 77 76 4 69 34 49 37 52 69 46 55 28 78 ]
[ 86 67 36 71 23 93 4 67 24 46 13 47 22 61 19 2 66 49 32 94 5 1 80 54 38 ]
[ 84 24 36 39 4 67 77 72 3 49 47 96 5 15 73 4 28 72 26 41 91 81 59 41 13 ]
[ 53 46 14 33 53 5 17 77 41 8 81 8 38 5 63 87 53 12 44 68 85 48 48 57 27 ]
[ 89 1 8 1 42 21 54 40 87 40 93 92 57 22 34 18 56 94 56 61 58 95 14 70 39 ]
[ 34 7 40 82 64 67 24 65 27 25 59 48 31 52 35 71 97 80 81 20 14 51 76 8 7 ]
[ 37 18 54 4 40 93 38 47 85 21 12 52 97 29 31 22 41 79 53 93 67 77 90 47 10 ]
[ 62 13 61 38 73 68 28 92 74 32 32 67 22 32 5 95 44 9 92 25 41 66 66 72 72 ]
[ 11 39 49 2 38 59 64 3 20 55 77 40 35 21 14 67 5 33 41 37 38 37 33 48 29 ]
[ 59 41 48 77 13 20 89 5 21 43 95 80 59 99 52 14 28 44 49 49 58 68 54 43 10 ]
[ 92 34 99 77 82 80 36 23 28 66 88 48 7 93 21 50 89 1 61 88 5 76 16 49 77 ]
[ 17 59 98 71 3 60 15 37 59 45 71 39 81 46 20 99 34 20 6 28 42 8 69 95 70 ]
[ 9 1 98 25 2 75 94 62 73 17 65 85 33 2 44 78 25 36 11 71 56 63 5 28 21 ]
[ 85 70 30 54 18 52 63 19 50 40 21 77 34 83 3 52 0 88 37 54 33 67 79 21 30 ]
[ 50 29 45 8 57 67 93 80 97 0 98 1 15 69 51 56 42 28 42 78 31 46 78 20 35 ]
[ 33 5 54 64 78 37 15 7 82 75 64 49 20 96 98 20 46 99 88 15 2 96 10 31 38 ]
[ 88 14 37 18 86 24 3 43 79 68 21 16 35 28 98 10 45 0 30 93 98 3 40 50 91 ]
[ 7 52 87 17 35 77 57 2 66 76 40 91 31 84 70 99 5 38 34 86 36 96 83 88 79 ]
[ 76 39 34 68 89 25 28 93 64 45 81 93 55 83 60 83 23 3 14 59 73 14 17 11 0 ]
[ 3 99 49 38 88 80 66 27 14 35 68 91 63 13 7 60 94 0 67 29 12 50 53 15 65 ]

Running merge sort algorithm: 
Timer (sort): 154ms real	140ms user	20ms sys
The output is sorted!
[ 29 30 5 6 33 16 16 36 26 30 40 0 17 42 12 18 6 44 4 49 11 90 7 17 15 ]
[ 20 12 80 62 34 8 13 0 32 6 21 5 22 71 65 79 3 1 20 2 3 1 17 25 9 ]
[ 63 4 9 27 31 15 6 1 20 11 33 44 15 77 66 37 10 3 30 11 52 15 11 3 18 ]
[ 14 10 56 81 42 14 71 15 3 15 7 2 2 19 49 12 21 8 13 40 16 50 49 26 23 ]
[ 29 4 24 6 10 58 1 65 1 22 18 2 8 18 69 25 49 61 52 5 40 60 14 3 15 ]
[ 10 7 75 32 9 48 25 84 14 26 67 5 89 54 8 0 0 14 13 3 17 7 22 4 28 ]
[ 13 52 29 59 30 0 25 14 19 21 48 49 32 62 3 20 80 27 0 11 37 0 19 0 12 ]
[ 40 71 3 13 13 52 20 26 12 14 29 9 4 9 12 21 81 42 49 42 3 36 5 39 18 ]
[ 1 7 13 14 34 24 24 47 37 8 3 22 11 82 43 11 46 46 50 1 3 54 40 0 44 ]
[ 2 4 10 4 24 60 66 6 2 58 27 49 15 54 2 9 6 73 14 35 20 11 64 47 3 ]
[ 61 8 4 17 86 27 5 55 3 3 19 0 34 94 39 58 0 14 1 66 26 16 3 13 18 ]
[ 16 11 11 12 24 32 43 63 28 31 46 47 8 12 27 2 19 45 56 17 15 66 32 6 4 ]
[ 8 9 1 10 55 23 59 5 39 42 26 20 2 32 11 83 38 4 40 47 55 45 8 0 12 ]
[ 6 9 3 92 25 15 52 1 15 27 26 0 5 20 56 42 88 42 0 21 4 57 27 0 41 ]
[ 27 12 10 24 30 42 24 9 13 26 91 49 95 14 0 20 0 31 10 34 27 8 55 20 3 ]
[ 33 15 29 2 12 43 5 23 11 13 44 68 33 2 29 23 58 43 25 8 41 20 70 9 17 ]
[ 22 24 60 13 16 6 55 16 9 11 81 2 58 42 4 0 56 54 41 31 13 21 18 8 15 ]
[ 44 26 16 16 35 17 43 75 32 24 35 9 4 16 1 10 7 45 16 12 88 53 29 5 19 ]
[ 32 2 9 7 21 0 48 28 19 30 23 28 11 55 22 67 63 9 7 3 43 27 74 20 30 ]
[ 2 71 53 28 9 6 24 69 4 4 59 5 44 26 7 70 0 64 9 0 2 21 14 3 87 ]

