Timer (generate): 4ms real	0ms user	0ms sys
[ 77 67 24 11 86 36 91 6 92 52 ]
[ 11 65 17 27 45 65 97 90 4 57 ]
[ 63 16 15 68 58 42 24 41 40 73 ]
[ 57 17 92 82 80 78 18 24 37 11 ]
[ 76 48 28 45 28 26 10 25 16 66 ]
[ 34 32 83 49 0 93 91 25 86 83 ]
[ 50 43 52 42 25 85 73 96 9 10 ]
[ 59 37 10 87 82 38 13 44 63 82 ]
[ 62 97 14 45 98 66 90 42 43 76 ]
[ 77 93 72 30 88 49 67 61 45 76 ]
[ 23 4 65 33 44 99 72 57 43 35 ]
[ 39 57 85 5 3 35 72 45 77 15 ]
[ 22 7 61 94 37 49 95 56 10 41 ]
[ 84 85 97 49 18 41 48 90 51 43 ]
[ 78 42 0 15 48 55 50 20 1 28 ]
[ 87 75 35 48 21 24 97 16 80 59 ]
[ 9 16 44 7 65 63 48 65 5 99 ]
[ 8 35 42 60 50 42 16 1 62 69 ]
[ 81 49 44 68 98 65 44 47 33 76 ]
[ 7 43 92 3 50 57 18 50 22 24 ]

Running merge sort algorithm: 
Timer (sort): 4ms real	0ms user	0ms sys
The output is sorted!
[ 27 0 42 1 37 19 5 1 1 6 ]
[ 5 7 4 30 0 9 17 5 38 27 ]
[ 5 86 12 1 22 2 5 14 20 16 ]
[ 4 13 31 10 60 32 8 2 3 22 ]
[ 7 24 26 44 16 50 4 4 1 12 ]
[ 25 8 52 25 4 41 12 7 7 13 ]
[ 12 8 12 30 14 8 7 46 24 35 ]
[ 7 34 11 1 16 62 10 46 5 5 ]
[ 31 6 7 29 7 70 18 6 4 22 ]
[ 26 2 21 31 5 31 1 32 9 44 ]
[ 20 16 54 10 6 20 54 3 12 9 ]
[ 39 4 21 23 30 28 14 40 6 0 ]
[ 3 15 0 8 6 55 62 17 11 29 ]
[ 13 5 1 37 14 3 93 2 19 20 ]
[ 16 19 0 17 28 13 25 6 15 68 ]
[ 22 0 16 51 13 4 13 35 29 24 ]
[ 12 4 22 9 4 30 30 25 11 61 ]
[ 13 19 76 7 29 3 2 3 48 9 ]
[ 29 11 54 5 8 38 23 19 11 11 ]
[ 14 18 51 48 7 2 20 28 18 4 ]

Timer (generate): 4ms real	0ms user	0ms sys
[ 16 58 90 70 62 6 72 65 39 30 ]
[ 18 72 56 63 87 10 41 81 64 56 ]
[ 87 39 18 80 21 95 72 61 86 24 ]
[ 95 55 34 37 25 48 95 49 13 35 ]
[ 80 32 59 88 47 46 98 40 79 62 ]
[ 97 66 54 15 46 75 10 70 36 48 ]
[ 95 83 3 29 72 80 78 68 30 43 ]
[ 55 62 27 14 50 75 13 49 15 92 ]
[ 63 12 59 69 79 57 44 89 28 32 ]
[ 90 75 67 93 56 40 26 86 60 8 ]
[ 30 67 70 9 81 20 84 46 21 52 ]
[ 39 37 16 50 6 96 59 3 37 39 ]
[ 87 27 14 55 73 23 47 51 9 59 ]
[ 59 91 26 29 1 59 1 37 6 75 ]
[ 41 97 12 58 47 70 6 6 25 95 ]
[ 46 13 23 12 20 48 35 19 99 97 ]
[ 78 58 40 56 39 93 15 40 31 73 ]
[ 67 72 70 31 82 17 2 40 76 27 ]
[ 36 74 92 11 86 12 59 74 31 10 ]
[ 23 61 20 63 17 59 9 33 51 40 ]

Running merge sort algorithm: 
Timer (sort): 4ms real	0ms user	0ms sys
The output is sorted!
[ 25 6 29 12 16 23 27 3 20 8 ]
[ 4 56 15 26 15 19 12 3 13 21 ]
[ 48 0 20 11 11 26 9 33 4 25 ]
[ 37 32 1 51 22 7 15 1 8 18 ]
[ 70 10 9 14 31 3 6 27 6 20 ]
[ 22 25 6 31 6 20 19 18 18 36 ]
[ 32 36 0 30 2 2 3 12 7 82 ]
[ 28 34 10 3 40 16 31 8 10 27 ]
[ 13 6 8 37 11 70 7 18 2 38 ]
[ 4 42 9 50 55 8 3 8 25 7 ]
[ 9 18 14 1 8 0 15 76 57 15 ]
[ 38 11 5 7 27 31 21 39 17 18 ]
[ 20 27 58 1 0 14 34 24 31 7 ]
[ 8 4 73 39 24 42 11 5 5 6 ]
[ 10 3 9 48 16 21 6 19 28 58 ]
[ 20 48 6 40 29 11 7 12 30 15 ]
[ 12 10 44 1 5 17 27 25 33 45 ]
[ 0 3 0 14 26 58 25 22 13 59 ]
[ 1 24 23 12 42 3 41 12 30 33 ]
[ 2 54 8 3 47 22 21 33 4 27 ]

Timer (generate): 4ms real	0ms user	0ms sys
[ 87 37 92 25 15 87 98 91 81 33 ]
[ 14 53 80 46 78 95 57 80 51 9 ]
[ 65 80 43 70 85 62 65 30 30 20 ]
[ 7 17 10 51 94 77 39 45 68 72 ]
[ 30 82 25 10 80 3 57 37 84 60 ]
[ 99 1 40 94 72 77 56 89 8 38 ]
[ 62 15 7 72 67 54 1 58 99 69 ]
[ 30 29 3 7 91 35 10 48 25 94 ]
[ 60 24 96 0 70 20 78 78 61 38 ]
[ 17 23 53 24 95 72 78 48 82 29 ]
[ 17 64 10 72 71 1 8 82 1 33 ]
[ 28 61 9 76 14 31 96 44 9 10 ]
[ 34 26 33 39 3 81 12 33 29 94 ]
[ 63 99 11 73 71 82 27 31 64 80 ]
[ 64 45 42 25 21 8 56 70 4 66 ]
[ 80 38 44 13 77 47 94 41 81 76 ]
[ 88 96 75 99 21 46 81 48 78 98 ]
[ 29 94 43 23 72 64 83 28 34 39 ]
[ 46 66 77 43 80 6 90 26 48 23 ]
[ 2 36 71 77 35 93 76 68 93 6 ]

Running merge sort algorithm: 
Timer (sort): 5ms real	0ms user	0ms sys
The output is sorted!
[ 1 13 0 23 26 26 11 5 12 0 ]
[ 35 32 17 6 28 4 24 7 1 0 ]
[ 0 6 8 15 13 88 0 32 7 9 ]
[ 25 7 1 14 40 40 16 20 10 9 ]
[ 4 5 4 19 19 27 20 15 37 35 ]
[ 3 62 28 36 21 9 19 12 3 0 ]
[ 61 25 35 5 19 7 22 4 7 9 ]
[ 32 32 24 1 18 4 7 33 27 16 ]
[ 5 45 8 7 18 19 21 33 20 20 ]
[ 0 13 7 14 6 54 24 33 4 44 ]
[ 10 24 12 77 9 4 6 48 1 10 ]
[ 1 5 46 35 3 56 4 27 23 2 ]
[ 10 27 33 20 3 1 31 26 18 35 ]
[ 29 15 8 7 27 40 21 9 4 45 ]
[ 1 28 22 64 14 9 27 13 14 14 ]
[ 14 2 2 5 21 47 24 19 46 28 ]
[ 34 27 17 27 7 21 0 20 6 49 ]
[ 22 39 54 27 1 6 5 8 48 1 ]
[ 63 9 15 51 20 0 11 7 13 23 ]
[ 19 1 22 11 47 10 17 27 43 19 ]

Timer (generate): 7ms real	0ms user	0ms sys
[ 70 18 3 16 16 6 31 43 18 11 ]
[ 24 71 92 83 29 91 52 39 1 1 ]
[ 34 96 85 6 83 51 46 51 65 5 ]
[ 39 88 23 42 4 92 48 87 35 18 ]
[ 98 59 42 43 94 71 34 46 62 88 ]
[ 99 49 84 37 55 19 88 53 70 6 ]
[ 58 9 94 33 3 98 25 51 86 60 ]
[ 22 36 71 64 79 18 87 66 16 50 ]
[ 54 68 99 90 5 6 9 45 59 79 ]
[ 51 17 41 45 50 44 96 28 48 34 ]
[ 40 70 70 64 34 50 82 21 16 50 ]
[ 23 22 70 22 64 75 80 73 73 91 ]
[ 4 24 60 97 70 63 42 18 91 90 ]
[ 52 31 12 74 95 46 76 29 19 92 ]
[ 80 95 66 50 69 30 78 50 55 51 ]
[ 41 12 27 54 9 49 17 51 67 8 ]
[ 93 71 39 5 46 87 3 22 16 75 ]
[ 67 48 70 85 51 39 16 81 41 23 ]
[ 84 35 35 11 89 45 61 6 96 80 ]
[ 66 42 4 5 47 2 44 3 76 61 ]

Running merge sort algorithm: 
Timer (sort): 5ms real	10ms user	0ms sys
The output is sorted!
[ 45 32 12 15 9 6 11 9 20 1 ]
[ 69 25 3 5 5 10 26 3 14 16 ]
[ 8 21 3 42 5 17 51 23 1 6 ]
[ 19 22 23 6 13 12 3 13 51 15 ]
[ 36 2 3 18 0 4 22 35 53 15 ]
[ 14 1 4 24 15 17 1 35 25 53 ]
[ 1 35 6 11 7 12 49 28 35 11 ]
[ 5 22 46 28 2 0 4 58 15 16 ]
[ 39 3 24 24 42 26 12 0 25 4 ]
[ 23 10 61 30 20 9 5 15 2 25 ]
[ 50 15 13 28 2 3 27 14 2 48 ]
[ 43 5 37 3 30 7 36 15 14 14 ]
[ 5 71 7 39 19 9 0 27 28 4 ]
[ 0 30 23 7 4 7 8 29 11 91 ]
[ 46 18 45 25 38 2 14 11 5 9 ]
[ 5 80 43 8 13 8 19 11 23 5 ]
[ 7 0 17 11 1 70 23 37 41 9 ]
[ 16 39 38 8 12 54 0 7 10 34 ]
[ 0 4 55 30 9 35 1 70 9 5 ]
[ 17 52 13 10 9 44 23 9 31 10 ]

Timer (generate): 4ms real	0ms user	0ms sys
[ 87 47 26 3 44 46 18 63 21 64 ]
[ 70 87 37 67 16 61 18 4 42 48 ]
[ 92 8 39 98 19 57 76 56 74 0 ]
[ 32 61 99 10 16 96 56 86 59 78 ]
[ 51 81 17 40 48 33 1 66 90 96 ]
[ 66 82 4 6 80 24 63 9 80 89 ]
[ 61 64 2 61 75 71 57 83 57 16 ]
[ 13 8 98 31 48 98 16 2 65 58 ]
[ 98 31 92 54 89 25 30 53 34 63 ]
[ 94 95 27 97 56 54 68 65 90 25 ]
[ 82 3 86 32 86 34 30 3 88 47 ]
[ 61 86 31 54 93 20 79 23 25 65 ]
[ 86 20 60 14 69 69 20 37 34 10 ]
[ 14 68 14 52 52 0 87 83 55 27 ]
[ 30 17 66 13 23 59 34 54 82 59 ]
[ 71 69 31 31 35 0 52 7 89 39 ]
[ 18 4 59 84 56 12 84 95 47 40 ]
[ 75 29 9 41 43 84 0 77 90 34 ]
[ 88 61 55 20 44 90 20 49 98 10 ]
[ 88 68 66 47 52 74 11 88 22 58 ]

Running merge sort algorithm: 
Timer (sort): 5ms real	10ms user	0ms sys
The output is sorted!
[ 18 9 5 52 9 7 0 5 30 0 ]
[ 17 14 0 15 5 54 5 9 11 10 ]
[ 66 6 29 6 13 0 5 20 5 13 ]
[ 2 32 13 20 15 20 21 0 46 5 ]
[ 31 0 23 16 0 17 30 0 64 10 ]
[ 13 11 55 5 12 3 11 7 33 45 ]
[ 2 4 22 1 35 82 23 1 0 28 ]
[ 31 38 42 2 1 33 5 7 1 42 ]
[ 4 21 4 1 3 43 12 40 73 5 ]
[ 1 3 17 9 36 26 59 20 7 29 ]
[ 24 57 0 15 84 9 1 4 1 15 ]
[ 18 26 44 17 4 1 15 42 17 26 ]
[ 7 50 27 20 16 14 5 47 0 28 ]
[ 16 1 42 14 50 17 17 12 3 43 ]
[ 14 1 42 4 26 14 15 12 15 73 ]
[ 0 16 47 83 11 41 2 10 4 3 ]
[ 1 19 29 19 14 32 55 8 18 23 ]
[ 13 3 26 47 43 18 14 3 41 12 ]
[ 21 36 18 34 2 11 54 23 18 4 ]
[ 45 5 35 38 6 1 5 5 50 31 ]

Timer (generate): 5ms real	0ms user	0ms sys
[ 51 59 16 30 61 78 63 59 95 21 ]
[ 10 24 60 71 17 19 89 68 49 25 ]
[ 72 50 22 79 29 81 10 10 83 33 ]
[ 98 87 44 14 17 58 44 32 69 39 ]
[ 54 79 64 66 3 33 38 92 1 87 ]
[ 69 73 37 91 4 18 25 66 80 8 ]
[ 51 30 95 48 97 65 6 41 97 75 ]
[ 81 3 7 97 70 10 30 60 2 31 ]
[ 47 23 56 36 15 12 6 40 30 87 ]
[ 0 81 17 96 81 66 61 87 8 10 ]
[ 15 41 14 22 90 36 32 72 96 86 ]
[ 55 43 9 63 79 76 27 85 68 57 ]
[ 24 69 90 94 17 72 60 78 11 20 ]
[ 40 26 13 54 0 3 90 32 27 38 ]
[ 70 82 81 32 97 12 8 24 50 77 ]
[ 81 74 98 72 68 15 96 81 93 7 ]
[ 1 33 86 15 40 86 70 82 19 98 ]
[ 21 41 32 2 73 30 15 34 54 17 ]
[ 11 88 91 61 12 12 76 8 93 21 ]
[ 67 94 6 53 61 46 40 84 29 11 ]

Running merge sort algorithm: 
Timer (sort): 5ms real	10ms user	0ms sys
The output is sorted!
[ 22 4 61 6 2 30 1 2 6 3 ]
[ 22 37 4 9 23 15 10 2 15 16 ]
[ 2 9 27 5 15 29 22 10 41 3 ]
[ 36 4 24 21 2 2 3 27 8 43 ]
[ 21 75 2 6 15 4 26 2 3 25 ]
[ 29 27 56 14 15 10 13 12 0 5 ]
[ 14 4 25 9 12 80 20 13 8 2 ]
[ 57 5 16 26 2 29 9 29 14 4 ]
[ 5 39 3 15 5 16 1 78 30 1 ]
[ 17 21 1 12 16 26 61 10 0 34 ]
[ 55 7 2 12 22 4 4 43 1 50 ]
[ 35 1 2 19 7 4 47 8 12 70 ]
[ 5 2 0 25 11 6 6 88 18 47 ]
[ 14 16 14 23 5 17 24 38 48 9 ]
[ 1 12 27 51 1 8 13 33 63 0 ]
[ 2 33 4 41 30 1 22 54 12 10 ]
[ 17 34 0 25 21 44 9 36 5 19 ]
[ 9 19 5 49 0 2 65 17 12 33 ]
[ 10 21 30 4 5 20 4 75 13 31 ]
[ 11 4 7 3 11 73 37 5 39 23 ]

Timer (generate): 5ms real	0ms user	0ms sys
[ 16 71 18 60 0 21 69 63 35 27 ]
[ 33 80 81 50 47 73 14 53 64 19 ]
[ 71 63 1 46 84 11 42 27 27 26 ]
[ 45 95 98 63 7 50 37 77 65 24 ]
[ 56 98 4 89 1 3 62 67 57 79 ]
[ 87 28 94 88 26 30 51 21 9 30 ]
[ 47 54 26 97 70 85 99 7 14 64 ]
[ 31 70 63 87 11 16 90 26 83 99 ]
[ 5 22 80 51 62 6 81 14 79 42 ]
[ 44 79 96 22 76 18 8 76 77 22 ]
[ 92 60 45 7 47 56 23 90 34 59 ]
[ 41 39 33 21 42 96 28 75 10 7 ]
[ 17 6 38 66 29 15 84 37 43 62 ]
[ 11 87 74 8 95 74 17 70 64 51 ]
[ 29 5 43 63 27 85 11 7 61 21 ]
[ 66 78 27 5 44 8 72 81 45 67 ]
[ 95 9 54 69 17 1 43 34 72 59 ]
[ 38 53 17 81 16 96 18 79 3 31 ]
[ 0 21 10 80 78 6 40 2 39 38 ]
[ 21 34 47 76 4 16 77 99 3 1 ]

Running merge sort algorithm: 
Timer (sort): 4ms real	10ms user	0ms sys
The output is sorted!
[ 6 5 21 33 5 0 26 19 3 56 ]
[ 10 18 20 21 31 10 1 12 52 1 ]
[ 6 14 5 9 21 13 5 54 1 51 ]
[ 16 22 3 6 73 25 6 10 5 16 ]
[ 16 3 94 1 3 19 23 12 10 4 ]
[ 7 5 26 22 23 17 24 47 9 6 ]
[ 7 20 14 14 43 10 36 12 31 3 ]
[ 11 2 46 12 67 1 4 27 11 12 ]
[ 6 34 38 17 8 16 0 10 21 46 ]
[ 21 13 24 8 12 15 37 34 21 12 ]
[ 19 12 24 18 28 0 13 84 4 3 ]
[ 36 10 49 6 14 65 6 13 7 2 ]
[ 17 26 0 45 15 28 13 35 14 17 ]
[ 21 15 54 15 52 0 2 32 19 2 ]
[ 21 10 20 9 11 12 33 23 54 20 ]
[ 2 8 7 31 27 13 29 50 45 1 ]
[ 31 31 0 14 7 0 17 4 98 14 ]
[ 17 33 39 6 18 15 18 67 2 3 ]
[ 8 26 0 52 87 11 5 2 2 26 ]
[ 3 2 27 16 64 9 67 13 8 12 ]

Timer (generate): 5ms real	0ms user	0ms sys
[ 98 32 23 90 57 85 38 87 75 8 ]
[ 77 57 67 90 63 49 22 60 14 15 ]
[ 54 60 68 2 3 67 76 52 66 93 ]
[ 87 64 78 62 54 35 48 92 23 75 ]
[ 52 52 32 71 42 95 20 16 8 86 ]
[ 84 14 46 52 16 49 72 92 54 38 ]
[ 38 93 54 16 55 8 3 55 52 78 ]
[ 30 56 30 62 27 24 10 99 93 18 ]
[ 85 29 32 83 81 1 32 5 93 38 ]
[ 95 31 83 49 99 39 9 3 46 13 ]
[ 81 77 69 64 39 48 88 49 99 81 ]
[ 19 36 10 4 19 44 5 4 1 50 ]
[ 94 97 34 78 98 33 69 8 36 15 ]
[ 73 70 92 43 34 84 43 74 33 43 ]
[ 8 5 79 70 9 51 66 14 7 68 ]
[ 64 1 65 50 79 15 84 0 75 72 ]
[ 16 49 94 60 92 28 44 87 55 30 ]
[ 30 63 35 62 33 96 65 0 10 72 ]
[ 68 26 25 85 77 5 52 13 57 28 ]
[ 85 73 77 80 34 21 60 30 8 15 ]

Running merge sort algorithm: 
Timer (sort): 5ms real	0ms user	0ms sys
The output is sorted!
[ 45 23 0 0 23 2 12 24 2 9 ]
[ 7 32 27 7 10 31 33 25 0 6 ]
[ 11 9 16 30 12 9 23 8 53 11 ]
[ 25 8 6 23 55 3 23 5 18 19 ]
[ 10 6 31 3 34 2 8 21 39 34 ]
[ 0 31 15 0 56 9 9 24 11 36 ]
[ 19 36 10 4 19 44 5 4 1 50 ]
[ 0 44 58 7 28 14 6 13 3 29 ]
[ 22 4 0 47 23 36 22 4 27 17 ]
[ 49 25 17 1 3 0 30 1 6 70 ]
[ 6 38 5 6 7 1 50 0 11 79 ]
[ 14 27 13 32 14 43 19 23 2 18 ]
[ 11 0 58 27 4 25 18 60 5 4 ]
[ 34 0 18 10 28 19 59 17 2 25 ]
[ 43 4 12 40 8 4 41 16 14 34 ]
[ 19 7 64 4 15 2 17 29 58 3 ]
[ 17 4 56 56 28 15 4 19 12 7 ]
[ 14 2 6 8 21 63 24 8 46 28 ]
[ 56 34 2 33 32 16 25 18 1 3 ]
[ 32 82 21 0 3 9 11 29 17 17 ]

Timer (generate): 4ms real	0ms user	0ms sys
[ 73 27 56 58 57 48 29 86 34 41 ]
[ 89 3 2 22 85 75 13 80 70 28 ]
[ 96 95 84 34 31 27 4 72 14 59 ]
[ 79 39 39 88 97 48 36 26 34 22 ]
[ 19 76 25 73 50 11 49 16 43 71 ]
[ 96 91 19 80 26 50 59 30 75 25 ]
[ 41 6 64 80 94 61 28 30 87 15 ]
[ 5 58 91 30 32 93 93 33 9 37 ]
[ 4 6 80 23 38 6 26 50 88 1 ]
[ 75 30 7 40 10 2 1 91 84 41 ]
[ 6 89 51 49 72 83 42 65 68 4 ]
[ 54 73 10 35 48 0 93 26 2 34 ]
[ 27 78 64 87 70 26 41 71 17 77 ]
[ 64 75 67 16 24 91 51 19 56 20 ]
[ 23 63 45 85 50 93 37 43 20 40 ]
[ 77 99 70 93 38 40 72 79 11 89 ]
[ 9 28 17 76 96 93 19 47 12 27 ]
[ 67 87 90 12 24 92 58 62 36 30 ]
[ 54 65 29 24 59 20 64 31 51 27 ]
[ 72 60 55 41 36 3 35 7 51 99 ]

Running merge sort algorithm: 
Timer (sort): 5ms real	10ms user	0ms sys
The output is sorted!
[ 14 21 31 32 21 25 6 8 15 8 ]
[ 43 1 3 51 17 7 38 0 21 0 ]
[ 32 5 31 15 5 68 18 3 19 10 ]
[ 66 11 14 25 15 13 10 4 37 13 ]
[ 30 18 0 10 6 8 55 27 34 20 ]
[ 47 28 11 25 51 18 12 15 0 2 ]
[ 9 17 2 0 19 7 64 41 25 27 ]
[ 34 0 6 2 8 73 74 6 6 4 ]
[ 26 17 52 17 5 5 65 0 8 24 ]
[ 14 32 5 33 5 46 21 40 24 2 ]
[ 6 13 6 4 9 1 19 75 41 49 ]
[ 68 8 33 19 18 17 10 0 15 35 ]
[ 2 41 16 24 10 5 50 24 40 11 ]
[ 31 42 13 4 22 30 13 16 24 29 ]
[ 30 21 11 64 33 6 33 0 25 1 ]
[ 4 3 11 50 10 11 16 3 52 65 ]
[ 2 28 6 11 56 26 16 66 10 4 ]
[ 1 5 22 79 33 37 4 34 6 5 ]
[ 8 19 43 1 76 16 2 23 16 23 ]
[ 29 10 6 39 10 28 7 59 20 19 ]

Timer (generate): 4ms real	0ms user	0ms sys
[ 37 66 12 20 67 77 45 88 73 59 ]
[ 2 25 55 69 35 93 7 43 5 30 ]
[ 54 56 48 54 99 77 5 25 51 73 ]
[ 92 41 92 4 61 11 81 58 99 6 ]
[ 17 54 31 25 75 66 18 35 9 75 ]
[ 17 15 31 66 22 30 43 79 7 95 ]
[ 53 99 88 45 3 1 8 36 60 60 ]
[ 95 29 14 26 54 41 45 24 76 6 ]
[ 99 94 74 31 12 96 13 55 27 73 ]
[ 2 80 72 90 77 28 92 86 16 4 ]
[ 46 11 33 12 38 88 5 35 64 82 ]
[ 41 64 28 15 47 40 63 12 47 91 ]
[ 85 50 23 58 92 53 86 36 91 54 ]
[ 40 89 66 74 1 56 14 6 91 78 ]
[ 40 84 94 20 0 41 60 15 54 8 ]
[ 6 39 10 82 49 54 35 87 91 26 ]
[ 42 31 15 8 57 68 16 23 26 59 ]
[ 54 19 43 0 39 95 42 0 11 48 ]
[ 60 69 39 70 51 89 76 86 76 67 ]
[ 64 18 51 79 78 60 99 46 84 26 ]

Running merge sort algorithm: 
Timer (sort): 4ms real	0ms user	0ms sys
The output is sorted!
[ 12 24 2 29 7 20 28 7 16 24 ]
[ 0 2 16 26 34 39 3 44 19 4 ]
[ 1 5 1 22 4 16 19 82 19 23 ]
[ 12 3 27 10 44 19 9 52 0 23 ]
[ 29 12 2 17 18 4 40 73 8 0 ]
[ 8 19 61 18 15 23 12 11 32 4 ]
[ 32 40 36 35 0 3 28 6 3 21 ]
[ 11 40 11 0 0 23 6 22 55 39 ]
[ 4 53 29 14 5 21 5 3 66 7 ]
[ 6 5 2 1 43 42 76 27 1 5 ]
[ 31 29 16 20 2 14 32 19 24 22 ]
[ 23 28 28 18 33 18 2 6 49 5 ]
[ 29 11 66 22 4 13 15 27 12 11 ]
[ 58 9 0 14 55 6 27 0 12 30 ]
[ 23 38 15 13 11 12 14 47 26 12 ]
[ 14 5 11 16 21 77 23 13 8 24 ]
[ 0 11 29 5 18 16 7 53 59 16 ]
[ 4 7 31 8 36 6 31 27 39 26 ]
[ 40 17 2 5 21 6 37 15 47 27 ]
[ 6 15 12 34 8 3 30 64 14 31 ]

