Timer (generate): 195ms real	190ms user	0ms sys
[ 15 11 10 8 90 29 84 5 35 63 83 83 96 42 65 97 0 14 61 20 10 92 99 95 44 60 11 69 14 71 5 81 82 68 42 24 97 26 29 85 42 64 20 38 6 85 87 59 51 48 ]
[ 31 13 92 30 9 88 43 72 58 9 95 15 91 77 83 85 1 81 63 82 18 5 47 38 44 5 75 31 64 26 32 95 39 24 78 0 13 21 25 23 30 20 38 73 50 22 58 3 55 74 ]
[ 86 73 79 33 63 23 38 38 7 55 16 91 50 7 15 28 60 80 1 85 55 32 57 94 57 7 68 68 63 23 42 49 48 21 34 63 97 24 1 56 79 69 47 30 76 14 10 36 47 12 ]
[ 73 2 96 83 96 5 42 16 25 5 39 67 54 39 41 88 2 90 13 55 46 44 24 45 74 53 59 37 41 58 1 15 61 49 50 9 54 92 26 32 98 17 99 52 57 92 93 11 34 58 ]
[ 19 80 2 43 77 29 48 89 18 90 47 19 57 60 20 7 70 26 99 48 58 97 17 10 2 74 2 47 38 37 5 57 69 59 52 99 40 1 88 58 43 35 29 0 48 49 59 70 28 58 ]
[ 18 86 8 35 96 62 62 51 9 52 40 66 9 9 25 13 8 66 14 48 76 57 84 6 9 84 7 68 54 35 27 72 22 87 59 70 49 21 21 10 73 61 76 34 23 53 48 31 71 14 ]
[ 80 48 24 16 6 33 0 13 2 54 49 81 78 23 68 37 93 69 11 15 79 36 28 55 23 51 60 23 35 32 37 67 32 61 83 38 95 35 3 49 41 52 30 71 75 50 60 69 19 23 ]
[ 36 98 60 64 53 35 68 65 58 3 97 47 70 81 9 5 19 56 92 23 5 33 27 87 56 55 37 16 24 56 40 12 6 52 28 59 39 96 76 97 51 74 44 21 7 5 78 27 13 70 ]
[ 2 70 55 81 57 11 36 46 28 12 54 20 24 60 24 5 71 63 1 48 60 5 22 56 78 29 14 57 8 79 79 62 50 35 96 59 46 32 6 26 45 60 98 21 21 22 26 92 85 80 ]
[ 40 97 85 14 6 63 96 72 72 56 51 52 71 1 87 67 13 85 99 19 64 96 31 14 18 52 37 96 97 74 28 89 24 65 4 30 81 52 2 53 8 5 5 79 7 44 46 20 82 98 ]
[ 91 98 94 22 64 64 27 1 13 76 28 93 65 52 59 21 34 40 73 36 93 34 41 51 65 0 47 64 72 81 62 15 31 8 38 96 25 17 49 90 93 77 83 58 81 42 80 15 82 5 ]
[ 3 28 39 97 31 57 97 30 21 22 12 35 37 95 43 27 91 20 44 93 10 37 22 94 48 4 36 80 71 71 85 75 51 77 72 82 34 21 64 7 95 76 42 33 24 37 12 15 58 57 ]
[ 8 20 46 31 14 46 87 3 26 58 74 64 85 77 41 57 11 27 31 75 34 26 4 28 11 28 65 24 43 75 33 4 96 31 87 62 78 26 65 56 84 91 20 70 68 13 79 79 92 10 ]
[ 7 26 89 11 6 0 39 24 76 34 99 9 38 47 41 77 10 71 3 27 27 40 19 48 62 39 13 41 71 6 4 78 84 45 41 91 97 80 15 74 14 66 83 5 66 76 34 28 47 90 ]
[ 55 27 30 26 75 44 18 40 85 41 46 41 19 83 38 12 74 36 92 41 10 58 59 45 15 77 74 50 5 21 40 13 48 22 91 75 66 9 68 3 50 14 97 21 97 35 33 23 23 77 ]
[ 16 33 36 76 31 3 53 5 53 11 78 45 24 27 67 15 54 85 77 22 89 27 89 86 1 38 73 34 62 97 64 30 82 52 6 13 55 12 70 9 23 49 6 47 28 74 14 82 11 91 ]
[ 57 0 71 46 38 72 36 12 58 50 61 22 81 43 26 87 9 82 51 79 91 74 28 97 73 56 23 40 91 35 31 0 87 54 98 26 26 34 90 37 85 51 11 66 94 38 5 3 20 57 ]
[ 35 63 83 63 12 57 72 88 49 15 75 80 15 62 35 13 40 13 99 30 2 84 33 66 2 80 56 60 35 76 69 70 91 52 86 3 61 10 43 10 25 18 43 92 81 30 57 21 95 56 ]
[ 4 98 93 37 16 47 17 72 7 53 0 76 75 91 81 61 46 42 71 90 5 48 8 48 40 41 30 49 15 25 58 19 75 51 56 91 50 26 63 58 31 63 86 6 54 67 20 53 62 91 ]
[ 95 19 92 3 19 84 97 49 34 12 74 92 31 50 95 39 41 45 17 57 55 48 20 94 7 27 61 27 80 75 70 27 94 62 30 13 47 79 62 33 91 89 25 74 39 72 66 32 69 83 ]

Running merge sort algorithm: 
Timer (sort): 78ms real	50ms user	30ms sys
The output is sorted!
[ 3 44 12 0 41 30 17 25 7 61 29 73 62 11 14 91 25 7 49 1 26 40 74 88 5 4 51 42 58 19 15 61 64 27 13 5 9 30 31 16 43 12 42 57 23 8 0 0 16 50 ]
[ 17 5 53 16 33 9 13 73 14 1 35 14 34 28 27 25 89 38 12 23 20 20 35 28 25 5 55 33 17 51 2 86 57 56 2 42 65 15 15 31 16 2 45 3 31 24 28 72 63 41 ]
[ 53 13 16 23 43 40 27 3 13 63 30 15 34 45 6 42 64 24 18 92 56 35 23 38 48 24 1 22 52 10 52 6 23 69 81 18 61 8 73 74 23 4 42 9 1 0 51 17 24 21 ]
[ 6 7 42 89 18 60 18 87 43 14 3 36 60 79 7 10 25 35 60 11 0 15 15 28 12 64 47 36 14 84 9 20 43 51 9 13 12 27 0 7 94 55 43 6 34 2 16 59 90 28 ]
[ 43 22 94 16 49 40 9 51 38 60 63 8 53 13 29 31 59 0 70 15 42 2 32 11 26 52 0 2 14 29 63 57 3 9 73 5 2 35 56 40 95 19 0 0 84 29 31 44 30 2 ]
[ 79 12 49 6 22 21 92 29 35 27 25 34 3 46 18 52 38 0 34 12 19 43 85 15 75 1 82 12 48 43 5 27 7 6 34 30 27 78 59 15 6 37 49 9 83 19 14 21 19 48 ]
[ 71 0 4 25 57 22 74 22 60 74 11 97 13 4 13 73 54 10 10 39 15 65 9 29 1 33 16 40 81 8 1 5 8 5 30 17 79 56 40 91 30 3 89 44 7 2 17 14 12 79 ]
[ 14 40 57 10 21 1 37 21 46 25 15 15 97 22 89 83 22 42 10 10 15 21 9 14 9 49 53 3 39 75 57 53 67 14 16 88 16 53 61 14 31 29 29 28 3 18 63 25 12 25 ]
[ 0 18 37 42 9 92 47 16 57 7 11 60 51 0 51 7 20 15 16 11 83 44 10 56 4 15 14 84 7 1 82 7 19 71 1 80 15 0 97 73 7 8 33 59 61 36 18 33 3 87 ]
[ 10 15 8 47 20 31 3 10 45 35 15 79 1 37 89 7 48 31 73 33 34 53 4 12 43 87 23 27 53 42 21 15 9 29 14 29 60 18 91 5 5 7 36 6 96 77 65 44 8 38 ]
[ 28 8 4 40 35 18 10 34 65 7 17 38 16 23 54 13 46 0 52 71 3 39 36 22 45 84 94 8 70 25 69 99 33 25 39 20 43 49 7 9 9 24 47 25 0 53 38 46 5 43 ]
[ 82 99 76 51 16 19 19 7 40 47 22 13 6 0 49 54 27 98 6 6 52 7 30 6 5 60 28 24 3 67 3 37 18 80 88 35 51 8 42 44 7 16 57 66 17 6 20 44 4 26 ]
[ 39 4 82 13 31 34 11 22 1 6 30 0 40 55 26 0 3 9 6 17 97 37 45 19 68 34 71 31 8 55 45 47 11 28 12 95 14 76 17 15 82 0 67 22 55 93 23 10 2 81 ]
[ 15 48 5 84 47 4 5 71 0 30 14 13 0 7 12 25 10 64 2 16 52 14 22 3 30 91 90 7 46 68 24 13 69 81 49 16 37 55 87 89 37 2 2 89 9 14 14 71 30 17 ]
[ 99 84 90 8 8 12 19 84 49 18 9 39 63 14 28 17 19 0 20 62 9 2 28 1 78 19 43 14 7 21 10 6 5 52 66 14 64 86 50 13 4 11 4 19 25 84 36 97 84 8 ]
[ 65 47 34 55 9 53 31 0 35 45 53 16 16 52 1 17 77 82 30 48 38 0 68 79 30 9 26 98 39 4 25 5 3 59 12 12 64 43 12 52 40 18 20 56 22 21 25 0 56 8 ]
[ 18 61 28 7 31 3 11 0 45 3 99 8 37 7 84 62 15 6 45 36 36 45 15 50 5 17 6 23 17 11 98 36 25 26 43 8 82 54 8 79 57 60 39 47 67 23 9 34 82 6 ]
[ 47 43 18 2 27 44 73 16 32 42 18 19 3 38 10 11 11 32 0 92 14 96 29 38 76 49 7 9 69 76 37 16 19 7 18 46 3 92 63 35 34 33 6 89 23 68 1 34 0 53 ]
[ 19 6 64 6 22 87 1 16 23 68 54 22 5 39 72 22 16 54 48 6 11 57 36 11 0 95 71 4 97 51 6 17 9 70 23 31 57 76 0 32 44 6 54 1 45 27 24 62 33 24 ]
[ 13 18 22 5 16 82 39 26 43 1 44 6 3 78 84 24 26 3 23 81 70 63 40 39 91 0 88 30 40 44 61 5 14 35 62 31 18 1 9 13 2 5 19 58 83 56 34 9 11 57 ]

Timer (generate): 213ms real	190ms user	20ms sys
[ 58 67 79 72 0 50 35 67 81 33 59 46 3 54 41 68 36 46 21 63 85 28 27 69 9 14 21 94 19 3 28 77 22 59 1 22 62 37 41 43 70 1 42 25 7 83 94 95 30 67 ]
[ 11 67 47 90 88 57 4 9 51 23 12 31 53 86 91 6 60 53 43 2 48 65 55 90 91 14 26 37 10 8 56 21 75 4 11 63 61 67 24 64 42 88 96 47 74 87 54 34 92 49 ]
[ 88 92 15 43 83 58 10 61 47 20 69 3 93 44 59 56 59 20 75 35 85 69 23 33 17 97 20 23 83 64 72 72 56 39 67 91 49 77 52 48 49 73 4 42 17 63 50 28 84 25 ]
[ 63 21 95 86 54 64 35 26 87 71 42 11 43 98 3 62 42 52 92 46 1 41 20 5 36 89 68 86 18 4 64 33 77 59 72 83 75 59 9 14 30 51 25 73 2 80 88 96 33 80 ]
[ 42 86 73 62 43 9 52 63 48 22 20 12 55 97 71 79 81 98 39 42 12 69 46 89 95 48 70 83 44 55 15 38 41 88 1 36 50 5 99 98 27 19 10 34 69 33 14 2 31 53 ]
[ 96 43 74 42 32 69 42 54 4 86 9 19 77 2 60 78 38 10 83 38 60 62 9 70 96 30 3 10 84 86 15 81 29 90 23 13 11 66 68 16 4 77 87 81 80 99 11 70 9 94 ]
[ 60 21 56 70 91 5 52 46 15 37 32 83 18 13 73 93 79 36 59 99 52 16 28 92 97 8 91 9 31 53 55 91 74 64 13 18 69 66 64 36 55 49 19 25 14 44 18 45 81 30 ]
[ 44 85 98 73 77 95 33 69 56 64 74 64 56 48 28 69 66 49 87 83 85 42 84 57 19 50 53 90 96 34 20 40 72 18 13 1 65 99 22 74 63 96 90 19 45 70 41 63 19 80 ]
[ 98 56 23 34 65 94 37 19 84 33 5 56 25 77 26 91 79 44 90 1 70 5 50 60 77 47 30 18 62 1 98 61 9 73 47 75 20 84 94 4 69 99 61 47 29 87 38 8 83 80 ]
[ 61 53 85 11 13 62 58 95 32 21 48 83 34 58 56 33 33 76 70 79 33 39 78 46 38 7 85 28 67 69 8 81 22 46 44 88 60 3 35 93 76 36 28 62 94 36 95 79 13 65 ]
[ 58 98 57 88 44 95 48 29 24 67 98 84 48 73 82 93 13 43 48 48 88 76 84 16 38 30 52 33 9 17 51 19 15 8 60 11 55 60 41 31 27 91 16 28 64 98 73 29 93 73 ]
[ 78 81 49 14 49 87 45 54 72 6 23 75 78 91 35 90 2 91 50 95 22 77 87 38 57 3 89 30 33 82 3 63 16 52 77 17 91 74 23 16 33 47 91 11 38 27 1 40 70 51 ]
[ 36 92 80 75 83 38 78 72 20 63 6 76 26 74 80 4 44 72 30 67 40 63 14 83 26 4 10 27 45 80 30 33 25 63 60 8 53 38 32 73 54 90 49 80 17 82 36 61 6 67 ]
[ 80 46 30 95 29 57 99 92 36 96 72 19 81 49 82 41 57 35 32 41 60 86 32 62 66 49 44 3 62 50 22 42 48 52 89 77 61 41 69 98 37 94 17 71 43 51 12 53 86 44 ]
[ 94 98 30 78 60 49 27 56 4 89 6 26 84 54 78 73 84 92 14 53 42 4 99 11 75 43 62 87 48 0 84 42 98 66 21 59 15 0 15 19 42 74 45 26 28 76 99 12 68 66 ]
[ 18 10 70 17 73 97 12 35 84 60 35 20 55 33 87 28 44 54 28 12 26 22 86 71 48 66 99 0 31 19 18 49 81 88 18 54 85 83 89 21 43 76 94 50 10 81 78 6 87 59 ]
[ 18 13 81 4 37 82 71 36 82 54 56 52 3 89 40 73 44 77 56 85 50 52 62 44 54 24 77 33 30 65 44 49 78 25 53 15 7 76 4 41 30 12 93 85 1 85 11 97 14 67 ]
[ 83 65 71 97 61 26 21 39 11 3 56 55 52 34 32 58 2 92 86 58 85 17 70 31 54 23 16 65 73 83 85 8 0 56 5 61 34 78 52 45 81 8 0 34 95 85 44 49 77 30 ]
[ 7 62 99 29 93 54 4 62 71 77 45 56 85 45 65 42 58 51 20 63 97 2 23 49 88 70 34 84 19 11 14 78 26 66 59 19 20 64 81 43 41 78 52 79 75 69 21 86 20 42 ]
[ 49 17 96 24 19 36 95 5 20 66 17 86 45 95 52 4 14 24 20 48 20 62 78 72 41 6 41 62 92 13 56 93 83 52 17 2 40 64 7 12 31 76 99 28 71 3 32 38 80 53 ]

Running merge sort algorithm: 
Timer (sort): 76ms real	50ms user	10ms sys
The output is sorted!
[ 9 45 63 30 9 2 75 35 21 7 15 8 31 2 96 0 70 61 85 14 2 22 76 16 54 0 31 62 33 41 10 42 38 25 25 0 27 0 35 0 7 2 8 38 4 5 90 27 18 76 ]
[ 41 39 1 9 23 58 38 42 47 11 74 93 88 43 43 10 70 33 59 33 4 17 87 23 41 1 40 1 8 5 1 1 96 3 11 19 13 49 14 60 12 40 5 1 84 0 63 6 34 22 ]
[ 1 40 43 3 65 22 76 4 49 60 9 68 71 28 52 24 1 11 1 10 62 49 12 23 26 10 96 24 22 51 15 23 43 11 78 8 33 7 64 34 67 25 55 39 5 7 15 6 18 68 ]
[ 7 85 53 15 40 18 23 9 61 6 23 36 29 27 69 26 56 8 13 87 37 8 48 10 41 30 68 10 68 25 12 75 10 17 43 2 35 18 11 49 24 34 37 5 13 6 32 70 15 97 ]
[ 1 24 42 23 45 19 46 43 5 24 8 0 17 6 84 22 35 3 87 62 23 19 32 10 82 18 69 33 47 10 92 0 34 34 23 32 53 21 75 10 46 35 10 15 41 46 37 28 49 25 ]
[ 10 28 60 54 29 1 36 1 0 95 33 4 39 46 46 13 9 22 19 43 69 98 22 30 41 8 57 68 2 11 55 13 39 15 19 20 16 55 22 68 2 7 73 41 53 19 55 14 41 26 ]
[ 24 11 12 28 95 62 20 76 37 85 69 18 35 52 2 16 78 63 28 79 6 8 43 35 18 0 7 41 3 19 22 27 30 34 56 77 48 28 53 37 13 23 7 0 27 9 16 6 25 44 ]
[ 4 6 35 43 15 42 29 3 6 22 8 91 34 9 61 1 39 17 53 11 44 50 0 49 6 5 67 19 36 25 40 93 31 28 36 98 70 17 54 29 39 14 20 25 24 33 27 63 51 32 ]
[ 38 26 75 2 18 93 15 0 28 39 1 1 41 12 71 2 49 27 23 90 75 16 29 95 6 35 5 13 27 8 30 17 34 57 19 52 50 86 4 31 26 5 32 67 17 3 21 19 30 96 ]
[ 74 26 83 30 15 79 5 9 30 96 26 44 40 74 26 5 12 30 2 19 50 43 29 38 9 5 43 35 57 23 17 31 1 52 14 16 31 19 25 13 16 3 9 56 77 88 13 89 18 16 ]
[ 70 5 82 56 50 44 18 28 53 13 21 43 4 9 73 4 65 64 45 12 54 53 16 4 24 74 12 11 35 46 30 5 51 12 13 1 8 32 81 61 45 3 5 1 64 30 6 30 94 3 ]
[ 6 90 12 20 2 66 71 31 0 46 16 28 53 23 40 3 63 98 68 47 52 0 62 19 1 16 2 26 10 4 43 16 46 55 88 49 22 11 32 22 57 0 2 10 23 42 14 87 40 34 ]
[ 1 16 47 54 28 2 36 17 37 7 2 25 71 12 75 18 6 97 1 0 38 48 11 80 28 24 70 73 63 10 22 16 26 21 71 54 75 7 23 12 15 25 37 38 90 12 8 48 61 10 ]
[ 35 11 27 62 4 4 19 72 11 79 51 32 4 12 5 44 91 97 2 1 27 29 14 32 10 26 0 93 36 20 76 71 31 4 86 87 8 5 11 19 36 14 3 40 26 8 84 17 57 38 ]
[ 19 19 49 33 37 20 15 19 43 22 53 5 67 49 7 49 48 55 25 36 24 24 8 17 74 92 0 20 51 21 27 22 92 28 8 30 48 23 1 43 45 7 0 65 56 7 14 4 62 91 ]
[ 74 36 61 21 5 25 17 5 17 43 58 28 63 10 18 77 51 10 11 18 7 72 9 30 7 0 50 10 38 8 73 12 97 86 33 54 11 3 11 28 98 21 57 13 31 27 90 34 37 1 ]
[ 38 10 54 6 16 1 17 46 82 73 59 23 0 93 1 21 42 40 37 17 7 53 29 31 34 34 88 26 45 24 51 83 34 5 41 3 58 58 1 40 83 61 15 35 6 16 8 0 8 46 ]
[ 16 2 26 0 29 45 32 36 85 16 33 51 22 85 88 46 8 13 6 76 82 64 14 5 9 4 33 20 34 25 44 50 79 70 2 8 15 34 45 0 3 30 51 77 15 40 23 75 5 29 ]
[ 54 59 33 79 66 0 11 0 36 11 16 79 11 29 38 28 13 43 49 11 35 86 69 17 16 8 28 53 7 59 69 13 70 2 45 36 2 56 37 38 19 53 69 31 35 7 11 0 3 60 ]
[ 1 37 63 5 78 34 6 0 74 7 58 87 35 5 96 61 14 0 31 31 30 53 32 15 34 53 27 39 0 84 0 54 73 15 59 51 1 17 3 75 24 14 62 11 19 11 24 34 11 55 ]

Timer (generate): 169ms real	160ms user	10ms sys
[ 50 83 10 14 22 97 56 94 53 61 57 48 7 14 60 74 82 79 13 36 33 72 82 70 14 9 90 85 35 87 76 37 22 39 3 44 36 59 38 42 21 48 90 80 62 2 6 96 33 72 ]
[ 32 66 44 66 37 58 28 79 95 15 66 72 52 89 11 55 85 99 15 24 41 88 24 31 68 86 85 26 35 19 98 19 85 43 38 74 1 66 53 97 81 72 21 33 13 84 88 98 83 55 ]
[ 74 25 43 98 8 11 37 94 90 72 65 88 43 50 31 81 25 85 47 30 34 80 2 55 13 15 91 54 66 74 9 40 51 53 91 12 16 28 6 6 52 23 47 95 73 78 77 50 15 76 ]
[ 81 49 57 35 56 22 3 47 76 69 22 38 61 25 43 52 37 11 80 95 70 32 18 17 80 44 47 9 94 63 85 27 12 94 15 69 17 18 68 45 87 42 83 0 68 78 53 57 90 85 ]
[ 53 60 18 71 77 50 15 24 59 62 87 96 41 52 91 56 73 60 74 41 57 13 84 93 14 4 71 19 61 61 4 14 73 74 38 50 24 5 27 35 19 66 32 61 70 75 17 43 35 44 ]
[ 37 92 9 73 37 75 77 9 94 38 22 99 5 96 25 95 98 50 0 25 37 20 44 69 33 14 44 2 10 31 46 47 76 8 20 13 83 97 22 30 87 45 81 44 93 6 39 91 8 92 ]
[ 69 46 64 13 15 97 79 12 99 89 43 98 36 71 58 8 37 93 57 59 23 97 56 4 41 49 11 33 93 19 25 62 17 41 75 33 38 54 97 89 96 92 39 32 64 97 93 1 91 50 ]
[ 12 14 47 21 71 41 22 34 74 15 5 51 29 23 92 4 8 82 11 5 71 59 97 63 43 13 60 36 14 3 87 79 70 86 52 41 27 74 27 1 42 32 4 71 55 96 28 63 78 91 ]
[ 68 2 50 18 65 93 31 77 30 98 33 69 77 3 55 81 96 83 55 23 36 49 55 41 21 63 37 1 78 68 92 47 22 94 65 39 87 48 68 69 46 1 38 75 56 94 56 52 29 64 ]
[ 27 65 65 35 6 38 98 96 39 76 16 83 75 38 77 92 29 17 41 97 86 39 99 77 67 55 23 23 60 52 39 87 17 5 22 76 43 72 72 35 1 88 18 28 78 48 21 7 65 14 ]
[ 4 3 5 55 80 72 11 3 48 23 7 87 10 25 44 85 1 40 9 25 75 62 13 93 91 43 93 64 50 58 30 6 14 35 62 46 8 25 50 8 48 9 95 10 34 92 47 87 32 57 ]
[ 12 7 71 77 52 62 72 46 78 74 56 8 81 70 96 95 17 56 72 19 64 72 28 59 82 15 3 82 54 35 91 19 42 62 48 95 25 21 93 55 95 49 64 76 72 60 23 41 68 95 ]
[ 12 32 19 92 43 54 59 47 36 14 82 27 33 25 89 33 72 66 54 65 74 50 66 38 78 90 50 54 83 18 1 95 2 21 40 45 75 99 92 63 65 27 42 50 52 83 84 76 50 38 ]
[ 93 76 40 11 14 19 2 16 73 37 86 74 85 88 47 25 33 22 76 78 37 42 5 79 44 9 63 28 85 65 19 30 41 59 41 7 30 95 23 55 33 9 82 70 49 29 95 82 4 23 ]
[ 12 41 17 17 73 62 78 36 42 15 53 13 45 94 25 39 53 55 34 76 63 19 37 45 89 38 74 36 72 30 60 85 24 77 54 97 91 33 85 34 48 38 47 46 84 24 85 37 80 71 ]
[ 65 43 91 54 40 32 92 66 69 64 97 29 49 21 58 56 70 50 41 55 36 41 93 35 87 77 60 24 66 92 96 31 87 39 85 27 71 77 93 92 93 42 21 95 15 32 51 85 34 92 ]
[ 92 22 33 85 57 73 14 69 97 80 61 93 63 48 84 48 27 56 77 73 48 71 15 22 66 83 6 69 20 40 61 13 62 46 98 71 19 65 41 69 97 54 14 61 55 99 9 82 7 39 ]
[ 55 7 10 23 81 28 58 87 97 78 79 10 91 93 56 42 65 28 7 58 97 4 12 11 65 19 62 27 2 69 66 9 29 76 84 10 56 42 50 53 21 29 63 12 75 71 54 92 99 61 ]
[ 50 48 18 14 60 83 34 74 10 88 44 28 49 73 56 34 35 12 76 85 65 97 67 80 10 42 52 16 34 51 30 36 0 48 2 12 83 88 86 46 76 82 74 26 7 31 60 43 43 88 ]
[ 80 61 86 47 41 48 41 93 16 27 97 46 15 49 94 18 61 30 6 99 76 35 82 50 13 89 33 25 32 29 13 65 90 51 12 83 99 54 77 16 33 26 14 49 75 61 67 36 91 25 ]

Running merge sort algorithm: 
Timer (sort): 69ms real	70ms user	0ms sys
The output is sorted!
[ 7 20 4 49 65 1 2 22 7 21 80 67 0 21 13 18 16 16 52 8 16 11 35 11 15 58 38 29 18 41 57 77 61 13 26 79 66 29 1 26 2 33 93 2 7 6 20 23 75 24 ]
[ 89 87 28 13 72 13 40 32 9 30 45 60 0 9 79 75 13 18 46 6 30 11 26 21 22 72 15 27 28 8 1 18 48 29 83 20 42 23 4 4 5 49 64 5 10 44 32 23 14 30 ]
[ 1 6 90 91 30 15 33 3 32 27 31 33 60 36 20 27 2 7 83 41 19 30 15 34 62 40 16 59 46 12 12 47 18 2 38 0 69 23 3 2 50 86 35 10 23 8 89 25 15 24 ]
[ 6 48 58 31 27 11 60 96 2 11 56 40 1 83 30 6 1 13 37 99 72 7 9 8 16 78 5 27 38 13 45 97 13 55 28 40 19 40 36 21 3 45 14 5 28 44 11 30 57 0 ]
[ 5 38 7 34 22 7 3 76 18 40 29 24 70 20 33 93 24 17 25 21 28 8 7 34 57 67 18 56 71 50 75 28 40 34 14 14 41 17 43 59 10 24 35 32 44 21 26 21 38 3 ]
[ 64 15 72 57 6 12 90 45 30 3 13 16 90 23 34 8 8 54 95 35 12 33 5 20 45 11 96 53 41 1 40 57 16 13 14 22 25 5 19 7 60 33 23 2 56 9 62 65 16 10 ]
[ 53 47 50 95 7 39 41 99 6 4 45 91 82 71 34 31 0 70 38 29 36 43 83 8 7 68 7 14 1 2 67 6 1 17 2 8 56 43 8 14 0 5 5 34 28 39 17 28 62 8 ]
[ 59 1 61 4 35 0 29 46 0 69 4 55 27 42 18 98 72 0 36 11 4 25 16 20 11 21 60 47 5 62 35 65 63 48 21 50 48 2 49 0 23 5 55 50 47 25 49 19 25 37 ]
[ 60 44 14 28 68 81 42 15 90 5 22 30 30 44 26 9 12 21 20 2 52 8 87 61 38 69 46 58 66 9 6 26 53 20 6 22 1 0 37 43 6 11 25 36 7 4 97 71 25 17 ]
[ 97 70 18 71 65 6 55 34 2 37 25 7 3 72 19 12 10 56 4 41 9 21 24 6 41 76 10 24 26 78 44 23 49 62 46 14 20 1 0 23 39 25 82 94 50 1 6 60 9 10 ]
[ 67 6 6 4 15 6 11 3 36 19 57 33 16 99 59 65 77 44 17 71 3 22 5 18 63 8 9 11 50 34 48 17 92 6 22 60 12 85 15 0 4 24 34 73 23 45 90 52 41 7 ]
[ 34 7 30 81 1 38 2 24 1 57 44 19 53 39 78 88 40 48 19 5 3 42 21 86 37 66 1 31 38 89 39 24 48 22 5 49 60 59 26 13 17 22 33 22 13 11 10 53 11 29 ]
[ 10 96 47 28 1 42 45 18 79 11 39 84 5 99 47 37 7 32 78 5 22 59 4 20 17 27 52 2 56 6 52 18 3 0 46 56 94 43 75 25 7 14 9 12 14 56 2 21 40 32 ]
[ 38 54 0 58 38 98 40 31 74 52 60 30 22 16 19 11 13 17 52 22 8 68 5 34 5 5 76 31 24 58 76 62 13 76 21 3 26 13 34 52 17 46 34 39 14 6 50 28 23 3 ]
[ 45 94 41 75 25 40 5 15 29 60 39 4 3 35 40 7 24 68 5 17 19 10 43 33 33 6 2 19 1 76 18 98 23 60 26 0 0 31 15 81 91 55 37 46 42 30 6 18 98 11 ]
[ 40 79 0 82 0 10 15 10 31 35 18 3 20 81 64 2 9 91 29 3 67 89 76 50 56 41 33 45 27 13 7 19 44 59 1 44 21 69 6 4 4 25 8 25 6 72 79 67 15 8 ]
[ 94 42 13 13 40 5 4 47 74 8 6 14 22 65 17 16 63 14 13 22 35 23 38 0 3 29 48 39 3 92 86 49 35 0 14 27 5 70 74 32 79 32 46 1 97 16 17 61 30 30 ]
[ 26 17 23 19 24 6 2 7 28 72 7 34 31 31 53 42 94 6 92 77 5 45 28 24 27 76 72 18 57 60 93 36 29 17 7 5 23 9 13 3 34 72 38 65 3 43 59 49 1 4 ]
[ 91 23 16 69 17 4 31 53 50 31 42 43 7 1 24 54 19 2 18 16 10 12 72 63 60 55 12 27 21 21 26 64 44 43 33 61 99 17 14 1 0 8 44 59 62 20 13 81 22 31 ]
[ 83 15 60 7 32 23 44 99 25 13 67 53 84 7 45 8 36 9 41 8 21 46 41 48 0 38 38 9 18 3 61 1 70 22 60 2 97 4 2 75 69 21 28 5 29 73 13 17 34 6 ]

Timer (generate): 181ms real	160ms user	20ms sys
[ 8 69 74 90 61 57 87 91 69 37 39 97 28 49 3 81 46 7 46 83 4 6 23 79 33 30 50 46 6 93 27 66 62 1 9 75 58 96 66 79 85 6 77 13 55 32 46 53 40 44 ]
[ 37 44 50 12 23 83 42 26 82 0 19 9 19 34 63 28 9 73 76 28 53 62 86 82 27 93 14 74 47 54 18 84 51 69 96 26 4 90 52 38 42 24 0 61 58 63 41 19 36 18 ]
[ 47 89 80 33 71 59 79 86 33 26 92 4 10 43 73 6 70 29 48 22 68 90 46 68 4 56 83 45 28 19 63 75 61 95 61 84 55 40 22 40 18 15 44 28 58 17 86 80 99 86 ]
[ 55 19 76 53 87 80 10 22 26 38 41 41 65 54 89 78 39 44 70 61 36 88 28 81 68 39 50 6 19 49 92 26 68 69 80 7 1 42 29 79 32 23 21 49 77 62 80 68 58 50 ]
[ 82 94 91 10 75 11 49 26 18 21 75 62 47 96 83 79 55 85 21 85 64 5 60 37 55 89 99 35 10 57 37 92 52 28 2 27 92 4 5 10 77 81 24 76 29 8 56 84 45 29 ]
[ 21 61 35 81 99 42 23 50 77 33 60 66 25 64 47 79 43 39 35 49 1 12 82 25 89 11 85 97 47 30 26 69 92 13 2 43 55 25 93 84 10 53 51 87 17 50 67 61 89 54 ]
[ 62 90 67 44 67 8 55 53 5 54 35 83 23 27 97 26 70 4 3 64 41 66 69 44 53 39 94 72 52 83 27 14 25 46 58 92 54 65 97 11 19 33 94 95 60 43 73 83 0 28 ]
[ 99 41 94 68 85 0 59 79 24 11 14 51 25 39 49 35 83 55 52 81 66 72 66 13 67 78 8 40 61 8 68 60 1 15 81 86 15 92 17 39 4 31 43 81 70 44 17 6 0 69 ]
[ 39 18 93 5 31 12 83 92 4 97 52 25 9 54 40 42 92 7 35 10 98 39 93 93 72 16 38 41 22 38 11 61 56 56 66 40 69 1 32 25 50 84 50 60 90 42 54 83 49 89 ]
[ 45 0 80 38 93 5 54 31 46 76 21 9 37 78 66 55 70 87 9 54 12 59 38 63 71 81 5 78 64 7 67 9 7 0 99 0 5 54 84 51 82 5 61 72 83 79 79 5 66 88 ]
[ 59 30 0 50 45 71 31 3 49 95 10 69 56 17 21 55 69 26 61 53 29 44 59 42 68 94 73 47 52 91 36 11 22 36 61 67 59 44 70 61 91 32 30 47 1 51 55 71 29 68 ]
[ 76 10 64 87 5 32 34 30 80 86 22 68 97 96 4 11 63 15 55 86 76 47 70 58 46 72 61 53 95 42 22 23 5 86 11 10 71 45 40 51 83 14 19 32 10 75 43 26 42 51 ]
[ 12 19 50 34 29 48 6 91 2 53 33 76 77 38 14 88 0 37 85 93 88 20 7 59 52 18 86 96 44 81 99 8 52 49 94 81 49 1 72 51 54 58 79 83 48 46 23 49 83 8 ]
[ 94 24 80 1 35 33 71 22 81 67 3 80 75 7 81 70 88 30 23 13 34 29 23 65 13 71 11 36 72 47 97 66 71 77 68 6 10 91 80 43 59 35 23 34 42 56 56 31 87 31 ]
[ 96 73 61 19 38 26 90 2 62 15 49 11 81 72 89 1 30 51 93 11 95 52 46 70 38 41 79 47 24 18 30 20 91 91 39 81 17 81 83 32 96 84 43 30 56 84 83 87 88 76 ]
[ 98 83 80 96 5 71 89 36 70 13 54 0 33 45 92 24 27 61 58 62 45 6 47 41 36 3 25 20 90 13 48 40 48 81 89 6 52 78 42 22 44 97 74 29 94 18 54 21 80 64 ]
[ 84 77 70 31 18 7 86 96 79 77 9 79 69 10 60 10 16 64 89 58 38 85 7 13 14 2 31 68 75 63 84 11 93 55 42 11 14 81 7 45 58 69 24 79 79 37 90 47 1 31 ]
[ 57 92 16 65 57 30 19 88 51 94 4 35 6 97 42 0 60 56 81 20 1 91 89 26 23 20 15 13 67 16 96 76 60 12 93 17 94 12 58 97 59 14 33 65 11 75 17 23 84 51 ]
[ 43 85 42 84 63 17 4 78 30 23 47 78 0 7 42 93 77 37 58 35 86 17 49 71 34 12 99 51 35 83 54 31 20 97 67 84 14 72 14 97 47 61 27 99 21 70 45 98 59 3 ]
[ 33 45 72 34 17 6 46 16 9 33 99 64 16 71 13 84 55 79 8 22 28 55 83 56 7 56 26 4 54 37 59 39 82 31 73 99 89 71 67 50 5 18 66 21 90 31 57 97 11 65 ]

Running merge sort algorithm: 
Timer (sort): 71ms real	50ms user	20ms sys
The output is sorted!
[ 0 87 52 21 23 7 84 2 6 65 1 38 30 46 11 99 37 0 24 37 20 77 13 24 13 43 1 76 46 0 5 46 39 57 19 62 17 4 16 23 21 69 14 3 15 25 2 5 25 27 ]
[ 16 25 4 10 24 24 3 93 19 24 1 3 98 1 42 58 28 59 38 42 76 31 65 16 31 18 49 54 49 3 3 18 80 7 28 4 31 83 49 2 7 2 57 6 55 0 16 83 11 6 ]
[ 12 30 16 65 5 5 1 58 11 48 0 13 94 62 29 19 1 42 12 32 22 13 22 86 21 3 88 72 25 4 58 89 35 27 7 40 32 8 50 96 9 2 9 3 64 38 22 17 32 35 ]
[ 2 48 20 13 52 85 63 35 8 18 51 21 5 25 60 6 21 23 16 9 90 71 2 31 3 80 22 41 53 16 7 8 16 27 21 20 12 36 55 21 6 7 42 11 32 54 69 5 78 86 ]
[ 50 17 18 53 14 38 16 49 63 66 31 2 15 37 4 1 84 52 97 40 35 16 49 25 4 4 59 83 1 18 91 51 36 61 4 2 0 72 3 15 38 34 17 5 24 22 6 8 26 55 ]
[ 96 8 38 11 21 0 42 37 10 4 69 5 4 19 45 1 74 29 0 58 7 36 14 44 50 7 41 57 52 95 0 0 3 38 11 24 91 53 13 1 57 83 58 14 54 3 15 28 85 15 ]
[ 26 10 11 2 22 43 35 81 14 37 5 14 1 76 29 40 44 6 20 48 4 15 18 0 21 5 4 48 71 88 15 49 51 26 3 73 21 38 6 36 75 63 2 28 40 31 20 84 90 40 ]
[ 85 27 41 38 6 80 46 94 36 11 55 88 6 75 18 13 79 5 30 64 10 18 46 27 70 7 2 36 24 20 39 9 0 33 47 6 13 45 0 1 8 7 42 14 83 60 28 14 17 10 ]
[ 32 54 6 44 4 5 90 37 44 11 42 64 45 7 18 75 22 44 41 24 16 20 3 31 45 14 68 72 86 1 44 18 7 2 14 63 7 5 1 3 16 43 19 14 2 90 41 25 86 82 ]
[ 3 54 10 5 3 11 38 39 38 74 3 7 27 54 37 47 66 79 6 49 15 59 3 50 95 30 3 14 76 3 40 31 57 50 36 13 13 26 4 52 1 7 11 28 14 0 75 80 32 81 ]
[ 1 35 80 52 28 29 23 19 26 11 12 33 48 63 31 23 87 11 34 0 25 66 46 33 6 11 50 38 20 87 73 73 22 5 25 2 34 0 21 12 11 85 45 12 1 76 35 40 39 22 ]
[ 6 69 8 19 78 39 0 41 57 0 27 41 18 66 2 42 37 10 34 21 7 37 7 37 34 0 2 5 94 70 5 0 91 13 72 69 4 24 63 13 24 42 55 42 8 57 37 98 20 23 ]
[ 26 3 14 32 26 94 3 40 58 27 10 94 9 64 0 66 83 16 6 8 23 6 21 3 89 41 80 27 7 6 44 33 61 11 17 39 5 72 80 15 0 42 9 9 6 62 27 41 30 86 ]
[ 94 4 16 54 9 21 6 46 10 29 38 69 3 61 6 18 92 31 35 17 58 67 41 78 64 21 35 28 8 15 14 2 20 82 9 29 3 15 27 13 44 17 35 99 30 93 17 22 24 5 ]
[ 22 63 44 13 20 3 57 3 2 10 27 9 79 21 24 18 12 3 66 33 28 82 48 38 34 74 28 16 70 76 21 44 39 65 9 60 20 67 15 22 29 42 31 8 16 8 26 28 63 44 ]
[ 8 5 64 33 6 58 76 46 11 10 14 1 79 45 57 16 50 46 8 16 52 16 15 37 22 23 28 30 79 47 4 87 52 20 20 10 30 48 9 42 58 75 43 37 20 0 5 22 46 66 ]
[ 31 83 3 26 71 15 4 4 64 28 12 37 18 13 14 29 54 22 20 34 44 35 24 79 9 26 38 11 62 20 41 45 56 97 23 27 12 27 31 76 8 95 13 26 60 27 55 15 1 28 ]
[ 47 10 25 32 18 43 15 43 19 5 94 8 55 8 32 82 10 37 21 43 0 24 72 27 6 59 90 18 5 3 26 52 66 3 36 36 46 3 79 17 60 25 25 15 33 9 49 96 46 23 ]
[ 21 24 45 40 32 90 3 53 61 41 59 60 3 19 32 25 0 8 38 0 18 2 41 1 54 69 3 37 36 32 29 9 56 27 50 40 17 5 94 78 47 5 90 2 24 23 28 25 83 18 ]
[ 12 52 81 90 39 42 37 53 75 57 89 46 42 20 11 33 53 45 25 7 90 75 0 12 8 59 34 39 56 4 0 68 9 33 11 0 76 0 5 3 9 46 2 3 66 13 36 20 10 13 ]

Timer (generate): 193ms real	170ms user	10ms sys
[ 4 34 18 65 32 69 79 47 56 20 80 67 40 79 30 78 77 35 47 10 90 72 41 77 70 25 84 48 44 12 9 48 47 27 65 31 48 44 30 56 65 10 24 57 41 6 36 70 41 35 ]
[ 81 83 59 22 60 30 48 96 30 44 9 91 92 8 18 9 91 18 5 21 75 22 84 51 80 25 57 68 96 50 55 29 33 67 51 45 97 51 42 79 95 3 71 39 11 41 48 2 60 6 ]
[ 75 87 28 59 38 60 37 95 80 33 97 36 14 30 3 65 75 52 69 69 83 64 72 54 56 83 48 56 37 8 62 65 47 43 24 85 3 13 32 84 98 29 72 12 11 75 30 38 79 99 ]
[ 8 62 15 80 17 71 16 17 80 5 25 94 70 24 37 47 61 41 60 93 77 59 74 49 71 37 76 1 75 55 52 83 69 68 16 38 91 32 55 23 37 32 18 8 56 7 55 17 48 67 ]
[ 62 77 26 88 78 50 25 54 3 1 61 56 36 31 76 52 69 19 84 25 43 74 57 13 82 14 20 89 83 21 56 46 98 35 34 77 85 12 83 88 65 45 96 1 76 24 6 97 96 42 ]
[ 22 91 16 32 4 50 98 76 39 81 97 48 79 48 83 66 77 20 78 12 60 95 57 9 96 85 33 54 35 29 97 57 72 65 41 76 16 39 5 7 21 2 7 0 2 90 18 79 10 96 ]
[ 44 23 91 1 32 40 39 65 46 74 47 43 83 19 61 25 48 29 64 53 36 37 7 44 90 10 86 8 41 49 57 85 72 48 39 4 40 78 21 87 4 68 82 87 40 43 64 40 72 81 ]
[ 93 61 70 52 57 60 62 43 21 56 92 78 93 64 78 32 20 71 62 42 58 66 62 92 6 54 88 70 94 12 3 39 73 74 92 82 86 6 26 7 14 70 37 8 35 68 40 7 39 3 ]
[ 49 49 21 64 41 27 18 81 50 65 94 5 4 19 79 48 2 18 7 28 77 21 98 67 29 85 35 22 93 74 25 94 23 98 58 16 78 29 98 28 94 92 85 50 63 65 99 65 35 58 ]
[ 45 12 79 96 79 61 33 66 83 78 40 60 73 15 58 83 32 36 12 30 16 58 74 2 9 37 19 60 3 6 18 0 18 97 96 50 10 30 16 93 8 9 5 33 24 16 69 56 52 33 ]
[ 38 21 92 64 75 53 2 94 13 57 0 31 9 70 80 6 72 91 88 41 36 48 50 42 82 26 10 51 35 14 36 73 35 28 38 62 81 92 56 94 1 8 77 10 31 10 16 55 53 56 ]
[ 96 89 5 98 83 39 25 45 42 60 60 78 85 95 7 75 58 40 19 66 87 20 27 64 31 10 26 99 65 79 56 14 21 13 12 56 52 89 2 94 49 62 72 87 9 31 62 19 72 34 ]
[ 38 59 54 65 75 37 27 2 37 92 81 45 6 54 58 71 11 62 60 13 56 62 27 80 49 88 12 63 8 36 97 46 95 4 63 70 41 90 24 30 34 6 75 93 60 85 64 23 99 76 ]
[ 88 7 38 15 88 39 56 52 3 64 88 52 62 35 56 77 57 50 67 82 80 53 40 8 46 52 45 62 76 97 91 64 4 29 32 92 69 88 96 24 4 84 28 18 71 37 95 29 39 14 ]
[ 11 19 67 51 79 66 3 77 80 79 74 71 96 78 53 80 23 74 20 19 50 76 56 78 94 27 67 89 8 6 3 19 78 22 70 9 40 26 86 21 57 60 44 5 91 97 85 14 71 57 ]
[ 85 21 33 93 52 79 73 19 68 81 78 23 1 8 46 23 17 86 49 4 59 59 16 4 64 7 1 2 21 73 59 59 46 45 52 98 24 25 70 45 7 0 68 60 8 66 83 25 53 85 ]
[ 29 12 96 46 16 60 5 70 62 79 95 74 38 41 71 90 92 47 68 14 92 27 14 13 87 22 79 22 99 32 59 81 97 55 79 65 16 84 35 30 63 82 4 1 24 27 44 68 75 12 ]
[ 82 19 39 48 32 78 22 12 0 21 96 12 54 45 67 33 11 83 18 98 66 33 81 22 35 57 50 31 25 77 95 59 96 86 59 29 64 81 93 16 54 89 28 9 35 96 42 98 31 12 ]
[ 96 49 46 29 72 33 86 22 64 63 51 59 74 47 45 33 76 61 66 21 77 73 11 6 82 98 54 76 96 37 41 44 87 87 74 59 20 12 33 36 28 36 95 54 83 92 40 12 53 58 ]
[ 33 30 31 96 88 65 94 94 94 42 84 35 87 71 22 13 82 94 77 67 30 57 3 77 12 86 69 4 50 22 62 84 4 94 80 45 11 27 39 5 69 75 40 56 46 14 21 80 60 99 ]

Running merge sort algorithm: 
Timer (sort): 70ms real	50ms user	20ms sys
The output is sorted!
[ 53 17 13 23 50 6 9 12 15 57 89 19 40 66 1 12 0 60 41 33 5 40 23 2 41 10 78 20 58 38 95 11 8 8 34 58 14 95 22 29 4 11 0 44 30 1 8 82 13 49 ]
[ 27 65 31 42 30 54 13 4 71 22 26 0 78 33 14 21 48 17 36 20 1 23 26 48 24 68 0 61 0 4 26 27 21 57 22 3 63 35 7 35 10 33 35 88 18 1 9 66 18 98 ]
[ 58 92 23 5 4 21 3 44 60 8 21 36 22 83 15 89 34 72 3 0 11 88 18 3 70 45 24 70 7 6 7 17 50 30 23 6 3 78 50 64 38 24 0 12 7 16 1 42 40 57 ]
[ 88 8 18 33 32 44 5 38 9 8 21 17 26 16 19 45 16 66 31 20 35 71 80 48 5 73 38 67 49 41 38 37 1 8 22 33 4 28 24 14 36 45 31 14 13 2 12 81 69 43 ]
[ 28 49 24 5 58 12 25 0 47 37 4 50 13 85 46 31 69 68 2 0 5 50 42 46 64 0 4 7 54 38 37 34 39 13 39 49 78 16 1 25 53 5 27 19 42 25 50 11 93 4 ]
[ 56 38 74 21 87 15 67 5 7 2 52 84 25 74 36 15 13 14 72 3 70 35 2 28 95 3 29 33 34 22 8 42 13 34 15 0 1 35 6 8 89 10 44 14 36 32 29 1 46 54 ]
[ 78 17 6 56 0 29 36 83 15 27 21 10 25 23 48 65 37 96 52 1 52 49 5 6 67 1 8 9 26 41 24 4 11 30 12 11 12 0 46 27 28 67 37 53 91 37 70 28 33 22 ]
[ 50 18 89 12 48 0 52 14 51 53 11 13 69 5 85 10 17 50 34 25 63 5 46 45 62 13 6 79 63 20 70 13 38 11 25 38 11 29 5 14 82 16 27 4 21 12 14 90 14 0 ]
[ 70 0 22 31 51 61 11 12 11 56 38 12 46 26 73 69 74 15 65 33 23 23 26 11 6 8 7 21 42 53 21 13 6 43 44 9 56 7 21 67 63 12 31 9 38 5 31 13 72 96 ]
[ 31 28 36 43 22 47 59 64 50 99 3 18 21 76 25 34 67 28 13 3 11 98 31 69 9 1 34 4 29 50 19 12 30 7 7 4 6 66 68 8 18 23 26 91 0 3 25 19 31 90 ]
[ 37 40 55 42 7 50 0 11 27 7 39 1 68 3 71 0 33 42 20 51 10 12 29 20 18 33 30 96 88 45 19 25 38 26 19 45 76 20 9 56 27 48 57 47 3 29 48 36 23 20 ]
[ 7 7 59 49 38 64 45 72 15 66 30 34 51 15 39 86 44 0 68 15 8 36 28 58 3 18 28 1 5 3 38 12 63 49 61 53 13 6 26 28 24 8 15 28 23 54 14 68 6 83 ]
[ 15 52 20 1 61 29 25 72 77 11 17 62 38 13 17 53 78 5 66 15 23 78 68 16 38 49 11 31 8 11 12 23 15 33 77 28 14 2 0 44 65 18 58 3 31 28 56 61 33 22 ]
[ 80 36 4 13 27 73 44 33 6 93 22 35 83 26 10 26 14 19 11 0 22 12 9 20 46 0 35 44 11 92 22 91 80 78 5 8 4 1 41 62 46 15 97 29 94 7 8 8 26 19 ]
[ 16 48 20 10 11 57 42 17 62 6 70 65 87 9 6 46 98 4 86 26 19 15 43 25 22 47 60 30 7 2 21 23 3 41 34 14 51 28 83 13 34 53 31 74 15 37 20 13 41 7 ]
[ 0 6 0 18 23 25 57 67 3 71 19 16 54 23 43 23 13 12 33 4 3 52 51 0 40 41 53 19 65 50 69 17 8 21 36 31 47 45 99 2 16 70 18 70 94 13 93 7 25 27 ]
[ 1 8 1 36 24 22 73 12 8 14 64 65 50 15 1 6 37 60 82 71 23 12 2 41 10 4 46 21 33 13 4 35 73 57 23 98 80 96 10 40 11 74 5 13 42 58 20 31 18 54 ]
[ 54 12 96 21 18 28 65 1 7 23 1 15 95 1 30 34 70 64 29 39 4 14 17 70 8 10 43 3 63 29 19 17 93 15 90 12 44 8 13 3 31 14 70 26 67 52 12 38 16 93 ]
[ 69 65 64 73 13 74 65 10 58 1 73 35 31 13 9 4 9 90 15 35 17 58 27 26 45 1 4 21 13 38 16 34 56 33 7 21 7 72 31 65 25 56 52 8 69 14 13 30 4 28 ]
[ 77 2 5 49 6 16 0 58 1 5 90 4 32 39 70 75 32 64 12 39 63 79 15 47 4 68 50 12 21 7 29 99 9 34 0 15 3 1 25 4 58 15 8 90 6 30 17 91 94 29 ]

Timer (generate): 181ms real	170ms user	10ms sys
[ 5 12 83 3 47 53 17 74 10 40 33 86 82 34 33 55 5 43 26 46 54 98 19 28 14 7 25 64 84 10 46 89 75 29 44 22 34 61 96 96 53 82 82 36 68 67 43 74 10 21 ]
[ 20 16 19 91 44 33 99 21 49 83 31 95 24 58 76 68 80 62 82 29 58 35 63 92 23 31 59 66 5 69 87 25 85 58 69 81 43 68 2 44 3 85 91 27 96 67 47 28 81 29 ]
[ 57 91 17 72 83 40 4 94 59 9 63 98 87 0 9 56 33 52 76 87 97 31 73 40 58 21 60 5 49 41 87 59 85 4 31 20 96 35 15 7 97 30 6 36 31 15 44 16 19 72 ]
[ 4 68 3 29 9 61 50 69 18 99 62 57 58 47 61 42 68 10 77 35 17 26 65 75 62 48 90 58 65 62 30 21 30 33 50 91 46 0 60 17 51 75 74 62 22 88 4 42 98 33 ]
[ 29 67 12 95 43 26 95 85 85 60 99 15 33 30 1 83 21 99 35 34 16 39 9 43 1 83 31 57 78 81 90 7 0 2 54 95 29 50 81 66 62 80 33 96 62 34 79 36 86 67 ]
[ 22 54 6 83 97 59 66 80 16 96 61 58 56 14 13 10 9 94 12 42 60 75 75 93 71 37 80 2 25 18 69 47 72 27 30 70 86 49 50 54 45 64 13 53 78 78 16 39 72 28 ]
[ 82 84 3 57 29 26 46 9 29 72 27 50 19 52 30 50 22 68 99 24 23 96 88 88 50 18 66 66 58 90 46 92 74 50 49 3 28 47 65 9 19 44 12 39 96 42 41 70 10 40 ]
[ 95 85 88 83 73 90 54 91 56 64 33 55 56 7 57 57 63 85 4 80 95 24 24 7 15 73 1 8 43 11 0 38 49 88 74 22 79 80 66 87 44 99 42 52 59 99 9 74 37 65 ]
[ 54 32 41 30 91 56 55 44 16 99 7 16 89 56 5 15 31 36 95 97 23 91 48 18 43 59 69 4 33 6 70 39 90 11 22 33 20 77 77 36 76 85 53 18 93 10 85 24 46 81 ]
[ 73 21 24 22 39 68 33 61 24 67 67 94 58 10 6 80 43 78 58 73 14 86 58 19 56 3 29 42 28 27 75 1 49 99 75 40 19 61 1 44 80 21 38 38 31 96 19 74 26 29 ]
[ 47 41 67 57 12 24 61 94 66 41 21 41 94 70 40 22 63 12 83 64 56 63 37 46 1 68 95 72 95 21 53 94 14 21 4 27 45 65 21 11 58 42 4 52 65 44 74 28 8 57 ]
[ 44 64 20 82 63 74 50 58 98 97 79 52 92 94 73 96 73 18 13 94 81 71 88 85 75 53 81 2 33 90 59 30 6 32 12 69 58 14 79 56 12 11 8 56 57 81 52 30 51 17 ]
[ 76 32 40 64 17 15 70 99 17 55 41 29 85 47 61 97 69 19 64 48 27 28 59 36 84 16 17 88 98 21 5 74 53 45 91 23 60 13 74 30 68 15 59 6 62 72 3 31 43 19 ]
[ 32 70 47 91 6 31 60 76 19 58 97 76 85 2 21 28 25 34 41 99 64 61 14 23 67 29 95 23 60 90 42 92 60 90 36 67 73 48 95 45 6 92 21 43 46 43 71 72 77 12 ]
[ 71 41 26 38 16 93 67 63 16 79 53 59 24 13 1 60 32 26 8 79 71 66 23 93 62 70 88 33 42 65 98 65 58 24 3 26 69 70 89 86 50 94 97 74 59 98 86 92 76 46 ]
[ 23 48 64 47 93 26 17 81 12 11 98 62 76 56 38 32 34 7 2 23 93 4 17 42 30 76 92 16 20 69 14 44 17 31 43 10 57 12 43 21 23 41 83 51 49 21 83 83 29 38 ]
[ 58 74 42 27 17 73 3 9 41 76 78 8 72 47 39 15 9 96 27 52 70 2 93 53 53 42 27 89 77 56 27 35 82 69 62 99 94 18 61 88 46 91 96 18 39 35 85 48 83 64 ]
[ 1 53 18 46 7 23 41 86 12 18 42 39 6 76 61 20 28 7 90 89 95 36 80 91 6 71 26 91 20 10 7 73 15 25 19 74 49 12 60 61 83 54 53 89 31 66 61 59 73 52 ]
[ 48 69 40 80 60 47 52 39 90 24 1 98 49 16 75 20 43 24 33 3 38 16 58 91 57 89 57 70 0 30 22 48 51 15 80 64 14 84 3 4 60 56 54 9 24 30 82 67 6 15 ]
[ 71 44 83 81 35 92 22 44 62 22 27 37 22 78 52 2 42 18 39 97 74 99 53 29 61 78 11 43 45 17 10 68 62 93 1 49 37 23 94 99 45 73 36 19 51 40 22 46 58 13 ]

Running merge sort algorithm: 
Timer (sort): 68ms real	70ms user	0ms sys
The output is sorted!
[ 3 35 19 97 85 19 9 8 17 31 41 22 4 8 9 26 29 23 13 25 19 26 37 56 53 67 12 12 15 4 40 70 39 12 20 76 31 29 84 0 12 77 23 16 37 32 42 18 56 7 ]
[ 54 30 35 23 8 53 2 58 5 0 22 51 71 31 17 22 18 27 45 28 51 66 43 75 0 40 56 20 26 33 17 32 15 5 7 23 58 10 33 15 62 55 18 33 39 87 7 9 14 5 ]
[ 4 0 58 4 81 21 89 77 41 4 43 35 46 89 7 11 2 65 0 67 30 25 2 15 10 14 60 42 57 11 40 13 11 98 18 44 19 7 22 12 63 17 0 9 6 7 72 60 25 25 ]
[ 40 33 81 71 5 55 5 3 5 4 31 6 63 26 0 60 94 22 19 30 70 28 10 27 34 9 23 42 16 25 16 8 11 49 31 16 5 88 19 62 45 51 68 8 29 20 20 24 43 40 ]
[ 56 16 23 4 54 10 5 43 31 35 23 5 22 38 80 63 1 21 73 23 45 72 10 18 39 28 7 8 5 13 41 13 29 16 17 36 26 75 79 10 10 54 15 32 92 47 47 46 21 20 ]
[ 12 67 57 67 47 97 18 22 40 42 1 82 11 6 24 14 1 27 30 16 34 7 45 32 54 12 65 32 81 6 2 45 26 59 12 25 8 30 47 0 25 48 34 36 6 58 2 60 37 32 ]
[ 42 96 98 41 25 39 0 32 11 19 91 40 0 94 4 2 10 23 0 40 41 3 50 0 36 13 61 41 42 5 13 36 1 11 30 78 3 30 10 14 49 1 6 1 96 62 4 58 86 56 ]
[ 80 34 21 17 33 7 10 90 18 17 68 8 37 5 32 10 63 22 34 44 58 19 7 8 5 32 61 6 92 3 16 25 89 38 42 22 45 4 13 64 21 33 24 10 91 8 21 54 83 7 ]
[ 25 48 2 12 36 6 91 3 21 0 16 17 5 58 98 68 5 27 43 37 37 18 15 19 13 2 20 14 51 20 1 29 21 4 41 9 10 84 12 83 85 80 0 42 38 98 10 95 78 5 ]
[ 82 14 45 76 45 62 38 4 28 50 3 26 0 10 94 27 32 36 20 86 38 40 19 25 25 25 4 44 4 46 7 38 13 4 15 58 66 53 62 47 3 18 25 4 28 19 83 61 8 3 ]
[ 43 12 13 16 13 28 25 45 30 40 16 18 20 33 31 64 2 27 51 78 96 49 64 0 62 15 18 80 75 39 61 18 4 26 86 17 7 11 14 37 4 30 7 24 16 39 88 18 18 39 ]
[ 32 11 10 5 68 17 18 41 46 5 32 16 14 25 5 8 97 22 20 19 4 32 34 39 81 88 29 45 33 42 22 18 5 32 23 26 1 41 19 48 99 51 16 13 76 22 22 25 96 94 ]
[ 18 16 3 46 51 71 39 12 64 3 10 1 25 24 22 28 42 10 80 18 26 27 74 3 60 7 36 44 8 81 9 79 49 12 25 0 35 16 65 52 71 27 5 48 51 27 29 93 38 9 ]
[ 6 26 17 27 16 28 3 0 87 6 71 27 95 42 14 13 85 29 40 4 90 80 53 34 13 3 63 6 23 7 22 29 85 91 8 2 19 63 2 7 70 25 34 65 19 1 31 57 30 23 ]
[ 0 3 53 6 47 58 29 48 43 17 7 73 37 10 36 8 35 8 42 87 42 48 76 58 14 4 97 21 17 77 72 17 33 25 23 32 36 4 80 31 21 39 5 11 1 93 19 36 1 13 ]
[ 0 68 1 28 73 7 11 66 39 76 39 49 5 85 1 0 31 48 98 7 79 7 73 63 12 33 0 25 39 45 3 91 14 4 20 39 64 83 5 3 11 96 4 17 82 5 17 13 5 15 ]
[ 3 13 3 24 70 28 10 12 52 43 81 18 18 51 1 57 10 13 0 57 18 16 4 91 17 13 26 6 26 71 47 29 85 2 5 7 30 68 19 82 11 53 52 81 4 54 91 66 19 43 ]
[ 45 49 54 40 17 2 15 38 8 14 43 26 23 45 22 24 23 21 8 15 44 14 81 54 37 41 3 5 11 4 34 9 5 89 49 74 43 16 13 52 31 8 78 6 53 53 30 76 74 90 ]
[ 50 75 22 51 6 3 59 2 72 11 25 24 1 13 22 8 87 7 47 19 5 32 8 34 16 73 1 71 13 61 50 15 36 24 19 42 79 30 44 3 41 22 28 43 87 50 3 74 57 51 ]
[ 23 34 55 21 14 61 11 86 4 5 17 31 94 36 14 7 59 80 3 77 41 5 5 76 51 36 67 48 30 14 61 5 0 16 26 15 77 89 1 34 47 18 65 41 55 31 1 14 12 4 ]

Timer (generate): 172ms real	150ms user	10ms sys
[ 93 31 9 81 50 98 3 60 30 87 80 6 83 93 50 44 65 82 40 66 24 7 69 74 76 38 81 68 98 37 34 43 20 43 24 71 94 28 83 24 67 63 82 50 9 84 46 26 18 87 ]
[ 92 43 46 61 17 22 51 50 91 49 40 25 92 60 21 69 31 15 97 66 91 16 82 73 18 91 9 65 69 28 4 61 71 2 74 40 24 25 91 15 27 31 93 71 43 14 40 27 81 89 ]
[ 93 72 5 75 97 76 18 6 93 87 34 49 0 57 51 26 98 75 52 89 43 31 72 36 2 67 2 95 94 83 84 40 7 42 15 56 18 86 62 11 25 49 60 26 6 63 52 4 38 56 ]
[ 45 81 39 69 69 42 37 71 37 83 6 73 23 65 67 39 21 37 77 36 48 2 85 60 28 43 23 33 48 14 41 45 95 33 15 17 27 52 40 16 35 47 89 11 64 57 2 86 94 79 ]
[ 74 95 81 59 7 62 2 83 47 2 49 40 48 96 73 15 13 0 19 54 16 6 53 58 17 17 67 19 55 13 98 29 60 32 40 68 94 95 3 93 97 52 85 97 48 59 12 14 11 31 ]
[ 68 80 90 21 90 7 38 57 27 94 22 77 75 83 9 16 3 55 11 6 0 8 10 86 58 10 97 70 24 60 54 92 40 44 65 82 3 56 91 30 50 14 60 25 97 21 93 0 77 4 ]
[ 58 29 13 68 15 23 30 12 45 55 73 51 99 65 95 65 0 51 73 91 33 23 5 93 0 2 15 94 2 44 98 60 73 63 80 89 86 11 53 84 18 78 35 17 44 83 34 96 34 7 ]
[ 87 67 82 93 61 35 95 28 81 50 72 31 62 45 95 43 86 33 6 40 69 24 18 5 93 14 88 28 10 22 87 98 89 22 43 2 57 38 30 38 40 54 69 3 52 16 46 38 2 4 ]
[ 30 71 28 49 76 73 15 64 53 78 38 41 28 80 63 71 82 72 61 65 62 2 19 31 5 71 0 3 62 2 7 92 25 87 93 2 60 9 18 66 39 9 7 67 89 22 90 71 46 3 ]
[ 88 8 5 60 39 62 31 91 65 45 45 24 38 71 63 31 25 76 92 95 42 83 4 1 2 93 23 92 17 21 96 5 29 53 65 20 16 49 12 81 46 57 58 84 28 21 68 5 97 60 ]
[ 1 91 44 5 92 46 99 67 91 68 88 39 73 17 92 91 90 8 92 2 42 38 11 0 75 92 73 43 97 23 55 50 14 99 56 59 98 7 26 41 75 67 80 0 36 24 91 26 33 35 ]
[ 80 27 26 92 79 1 36 52 44 85 27 99 36 94 51 92 53 1 99 31 42 74 98 74 26 87 98 18 13 83 5 46 62 31 38 41 32 26 46 28 11 73 28 47 19 31 39 72 32 90 ]
[ 56 26 16 6 52 43 93 2 13 7 38 18 53 0 2 43 42 34 69 40 63 32 65 43 80 85 26 71 9 58 62 17 36 30 24 40 73 17 42 38 76 80 9 81 33 11 76 27 45 97 ]
[ 67 60 30 32 55 62 69 81 33 31 91 47 48 27 78 72 19 3 90 62 42 18 94 3 52 79 14 28 6 11 26 25 72 8 58 27 70 79 9 3 10 0 3 59 80 81 83 99 36 25 ]
[ 13 30 44 60 33 96 39 47 76 46 59 2 71 83 62 81 10 32 13 71 88 23 24 91 34 56 72 18 7 60 43 21 91 39 33 24 87 72 72 64 70 83 66 94 66 81 27 28 13 40 ]
[ 0 1 16 76 44 2 32 68 72 91 29 68 12 20 7 97 96 95 22 20 11 92 3 29 38 21 10 66 50 24 58 2 77 26 30 74 81 62 42 53 5 71 21 70 43 81 67 92 28 89 ]
[ 12 39 34 68 68 72 89 79 90 91 55 1 93 84 27 23 58 8 37 53 14 95 24 87 65 20 68 32 12 48 22 76 87 56 44 8 80 86 39 23 77 94 24 23 30 3 98 89 64 88 ]
[ 42 78 83 18 65 48 90 86 80 54 34 54 31 74 62 27 82 43 13 21 66 91 67 42 66 97 45 64 38 61 52 32 91 87 51 9 35 93 95 68 48 81 22 31 55 85 58 89 80 72 ]
[ 10 98 15 77 40 81 27 37 97 65 51 2 98 42 89 1 51 25 46 98 93 46 80 67 77 87 4 88 77 84 12 39 82 27 69 74 60 96 64 9 61 15 11 11 9 1 64 61 78 11 ]
[ 59 23 57 91 90 35 79 95 75 8 31 87 47 66 14 16 40 26 64 56 35 78 23 47 89 33 0 54 46 78 17 57 53 74 49 43 61 80 90 36 88 22 23 87 88 89 4 80 67 20 ]

Running merge sort algorithm: 
Timer (sort): 63ms real	60ms user	0ms sys
The output is sorted!
[ 47 14 48 25 13 38 13 96 0 53 1 4 10 2 42 15 35 14 28 6 6 95 1 9 1 31 14 61 18 91 69 17 57 70 94 22 8 8 18 60 61 20 17 23 74 11 39 9 25 19 ]
[ 51 3 29 70 8 52 17 40 52 19 37 13 9 1 52 33 41 50 21 37 76 10 6 76 20 20 39 47 29 54 24 32 9 5 2 18 9 19 10 61 39 47 75 48 48 27 33 42 29 54 ]
[ 29 5 60 84 6 14 9 36 43 31 8 22 94 0 6 0 19 6 44 36 11 35 45 5 68 70 73 70 72 54 7 1 11 19 38 17 34 47 5 77 30 13 0 25 14 58 77 33 16 73 ]
[ 13 55 32 47 8 7 49 50 23 66 7 46 62 18 21 83 13 84 17 17 30 47 14 9 12 19 64 34 6 54 18 19 9 2 19 17 10 20 67 33 38 26 31 0 96 52 36 9 88 53 ]
[ 20 0 33 21 57 7 79 4 34 74 36 63 22 47 26 14 67 67 38 63 7 42 49 17 14 25 51 41 11 7 19 31 7 4 4 16 63 83 21 97 57 9 13 31 8 39 45 27 7 36 ]
[ 58 91 4 5 70 6 1 24 36 42 10 8 9 77 80 45 8 63 25 24 13 77 1 3 16 36 14 46 0 12 2 58 55 59 63 25 17 17 2 53 59 12 61 20 41 94 17 1 57 42 ]
[ 63 81 64 44 39 2 47 26 5 1 2 77 58 46 64 86 37 35 32 12 97 8 66 6 35 47 17 0 13 31 53 28 12 17 24 3 19 24 29 24 25 31 53 35 29 18 21 67 5 6 ]
[ 35 96 22 12 9 60 33 51 52 64 23 74 48 16 31 24 66 9 9 88 49 34 93 16 16 39 17 12 21 8 22 8 56 45 20 17 5 53 20 9 18 43 35 18 12 19 42 78 28 3 ]
[ 87 24 32 46 80 2 43 0 59 21 47 62 51 12 26 15 16 3 31 20 20 98 91 3 31 60 5 11 19 62 17 6 86 1 4 19 4 0 19 15 21 66 77 25 30 55 40 46 58 23 ]
[ 11 3 40 13 40 11 26 35 9 19 67 60 25 43 9 26 56 39 72 1 66 81 20 30 33 5 32 3 46 15 60 9 19 0 74 11 11 1 46 73 72 14 33 49 9 94 76 18 85 0 ]
[ 8 88 51 27 2 0 23 5 28 27 52 16 26 51 36 14 1 38 28 83 11 41 43 6 87 3 71 14 57 86 58 17 74 10 44 28 10 20 33 39 47 38 7 25 41 44 40 42 34 20 ]
[ 28 37 5 14 14 22 52 43 14 0 87 74 18 81 17 32 75 62 17 16 30 82 22 3 21 1 74 11 17 17 28 97 6 33 11 21 8 16 16 22 16 3 48 86 37 65 18 12 79 87 ]
[ 87 44 35 14 10 6 22 86 31 14 69 23 33 6 0 79 30 8 49 36 45 77 36 11 16 42 15 34 31 8 71 18 4 7 85 14 65 7 0 96 21 21 71 7 27 23 86 9 31 35 ]
[ 53 9 35 11 15 14 12 12 29 14 17 12 20 18 60 50 22 0 48 35 68 47 75 14 28 88 63 20 50 42 5 3 3 41 66 18 7 78 83 36 45 0 0 65 71 60 15 93 12 15 ]
[ 1 35 56 85 93 16 27 12 35 11 9 49 10 8 66 5 8 69 2 36 1 74 21 71 41 2 44 57 15 53 1 68 40 10 5 33 78 32 97 13 95 7 15 5 15 81 11 23 50 13 ]
[ 2 17 88 40 81 54 19 50 35 71 4 7 76 61 71 4 45 91 42 53 45 97 13 30 45 52 18 1 8 37 21 10 6 9 3 39 15 22 41 3 45 45 10 21 6 33 25 52 24 19 ]
[ 80 31 29 24 17 33 28 34 33 31 64 10 1 3 25 74 68 22 95 49 8 4 70 20 33 47 66 0 44 4 40 25 35 21 49 4 55 29 38 40 13 2 2 14 58 79 40 78 2 36 ]
[ 30 32 4 66 3 36 74 23 9 11 24 39 43 42 98 47 68 5 5 20 63 0 24 2 31 88 11 2 30 23 51 12 55 55 30 10 91 4 33 53 67 58 92 10 0 42 9 20 47 15 ]
[ 14 19 42 82 36 27 64 35 26 25 82 6 24 26 50 35 60 28 15 17 78 12 30 26 21 19 38 4 4 79 20 19 50 15 53 87 42 17 74 68 42 8 26 19 35 28 6 47 8 21 ]
[ 69 13 26 28 31 19 23 25 18 39 16 2 26 50 47 25 85 36 78 79 36 47 65 2 6 52 24 46 71 90 31 40 3 10 20 87 29 44 12 47 35 28 1 13 30 0 38 15 36 16 ]

Timer (generate): 192ms real	170ms user	20ms sys
[ 53 22 30 10 29 48 60 6 62 85 73 47 62 21 19 38 97 1 78 55 28 91 88 90 59 31 66 98 65 93 46 70 67 28 80 96 28 92 3 90 77 76 89 91 50 8 30 99 9 8 ]
[ 54 37 51 42 79 62 73 98 61 90 43 59 60 10 87 93 6 67 85 61 57 15 90 98 58 92 6 40 91 67 0 45 56 3 40 35 66 65 33 27 56 76 38 68 86 25 13 45 44 51 ]
[ 58 1 18 48 99 76 40 57 69 83 76 69 29 32 73 69 19 91 34 53 18 42 29 56 63 68 33 76 65 77 79 23 30 97 24 81 26 16 90 95 0 66 16 29 50 89 50 69 32 84 ]
[ 22 50 79 4 58 42 24 43 70 89 72 50 64 2 99 88 83 25 5 73 72 57 91 89 86 41 30 36 11 63 72 33 65 3 89 76 45 13 19 68 54 92 18 19 94 69 59 30 47 16 ]
[ 55 19 73 99 60 59 40 43 47 51 58 72 37 23 75 78 51 73 92 71 41 98 15 11 69 9 80 29 91 79 45 99 99 19 98 11 30 38 6 30 42 64 54 31 40 29 9 91 54 53 ]
[ 14 47 52 29 58 21 91 91 2 82 70 0 33 21 19 83 85 1 22 91 83 16 56 37 47 48 67 8 39 73 62 6 21 66 35 79 39 26 22 42 61 45 42 46 66 13 30 3 66 52 ]
[ 95 50 20 3 87 19 51 6 27 42 80 41 48 1 7 36 32 99 62 55 93 75 52 35 22 18 0 52 74 66 56 69 68 76 24 56 47 75 14 74 69 94 16 70 47 75 58 80 74 72 ]
[ 87 19 48 39 54 70 9 6 74 83 25 30 4 93 58 28 1 5 55 16 31 77 62 99 47 10 75 57 42 1 29 81 21 77 20 27 99 81 86 73 17 11 55 73 56 65 2 10 70 57 ]
[ 26 54 86 88 53 85 50 80 42 92 82 72 73 55 49 45 34 1 79 20 26 96 83 82 21 92 47 23 2 70 33 80 76 19 20 29 5 71 10 47 15 44 71 41 51 21 86 85 74 65 ]
[ 58 0 13 93 82 87 85 82 10 39 4 95 19 80 15 92 9 72 63 71 71 30 15 43 71 18 16 10 4 90 27 14 90 93 7 25 80 93 7 90 32 63 86 4 43 53 96 4 77 11 ]
[ 28 48 41 95 91 65 14 7 75 70 49 2 84 40 95 91 65 75 84 24 18 69 87 56 73 82 61 69 86 38 32 66 86 73 62 30 90 76 89 65 46 39 68 30 79 15 73 44 43 10 ]
[ 20 61 79 7 69 4 89 30 25 27 68 57 94 6 82 8 36 73 36 78 90 82 17 10 64 96 26 89 92 69 99 64 82 30 71 51 34 12 33 59 91 53 68 37 59 3 45 48 76 81 ]
[ 26 66 15 43 77 31 91 55 21 35 76 20 99 58 51 22 61 37 86 46 49 77 99 17 15 58 20 60 58 48 94 84 67 9 79 96 41 22 51 14 9 27 34 60 37 37 34 50 75 20 ]
[ 96 24 98 95 93 13 5 66 25 64 66 71 48 33 81 80 29 74 2 32 88 64 11 74 24 0 12 59 50 39 79 98 15 29 93 8 94 51 26 20 15 93 91 15 26 24 95 8 50 50 ]
[ 40 90 14 4 65 90 4 29 1 7 68 33 5 83 62 51 43 57 2 70 29 17 15 72 84 93 97 80 1 99 82 94 90 48 98 55 38 2 84 92 9 4 25 15 87 87 18 82 96 20 ]
[ 4 25 89 19 98 73 13 47 5 66 46 87 60 88 35 58 43 26 13 79 18 22 83 95 89 22 34 59 57 31 79 61 8 68 33 58 94 98 57 99 64 56 87 25 44 74 35 40 52 48 ]
[ 71 22 23 55 17 64 29 4 24 38 87 55 0 95 76 85 6 70 83 63 69 99 71 8 76 16 35 64 8 87 12 79 62 87 86 79 4 16 35 28 54 22 35 6 70 11 43 76 81 78 ]
[ 91 3 78 63 63 6 31 98 70 39 38 35 18 52 74 5 83 78 73 19 58 79 41 94 86 11 5 81 39 39 60 31 42 90 46 57 96 77 8 19 16 98 54 34 50 28 91 33 7 64 ]
[ 52 17 44 46 11 82 57 17 63 49 8 23 80 2 65 26 59 62 55 67 81 71 65 87 57 15 15 49 1 74 65 53 92 9 99 55 43 9 24 7 58 32 82 90 34 48 68 94 62 23 ]
[ 13 95 46 79 82 3 46 49 4 47 76 70 53 68 31 52 23 75 13 0 34 23 32 68 13 67 68 33 13 30 8 26 25 54 57 59 10 4 9 66 3 85 36 56 5 20 61 80 47 26 ]

Running merge sort algorithm: 
Timer (sort): 73ms real	50ms user	10ms sys
The output is sorted!
[ 54 75 88 2 25 19 33 28 8 14 18 1 47 66 11 40 44 62 21 15 30 22 5 49 23 19 85 11 58 49 44 12 24 84 67 1 3 0 30 63 14 0 17 13 18 28 5 62 42 26 ]
[ 30 13 39 61 16 24 11 29 0 48 32 16 70 5 3 59 16 65 10 43 48 46 20 79 4 3 25 42 14 38 19 96 4 10 10 20 34 21 50 86 69 34 2 40 40 5 51 8 22 61 ]
[ 36 73 7 81 3 6 9 40 14 16 19 5 48 47 2 27 32 20 7 26 8 30 67 22 29 44 13 97 25 15 26 61 40 34 43 43 40 52 36 6 20 55 64 20 3 18 47 35 38 55 ]
[ 13 13 21 67 63 57 36 6 30 74 50 27 22 0 11 60 21 70 31 2 16 30 37 11 12 14 22 16 38 92 31 3 57 4 23 20 13 59 78 44 33 29 23 8 29 87 68 2 57 0 ]
[ 29 48 27 39 32 28 53 88 21 9 23 3 12 15 56 2 31 34 62 12 1 92 18 14 10 9 0 57 4 70 42 85 18 21 24 2 49 29 90 23 38 65 26 3 32 35 5 63 69 19 ]
[ 21 25 37 1 44 17 98 4 98 49 16 63 31 44 29 17 28 12 42 18 19 7 91 24 0 65 9 41 31 2 7 4 80 44 5 24 13 3 80 11 4 96 74 36 92 3 5 21 15 47 ]
[ 29 14 10 22 7 61 51 60 80 7 8 85 5 39 20 44 57 30 5 3 25 14 2 42 8 55 73 48 43 32 11 25 47 21 47 6 34 50 66 67 9 26 4 66 18 24 10 75 54 15 ]
[ 83 25 18 98 0 49 3 1 30 27 27 60 23 14 83 65 65 29 62 7 18 50 0 49 19 53 91 17 1 42 3 36 20 74 34 20 23 37 22 5 65 49 18 40 15 1 6 32 31 20 ]
[ 2 65 68 82 56 22 64 24 1 50 19 74 24 26 0 4 2 99 15 9 19 3 2 77 31 91 31 4 72 5 44 26 22 13 60 79 87 24 3 40 26 22 14 2 0 66 6 2 18 74 ]
[ 36 22 29 28 36 37 68 16 18 29 22 65 7 20 1 27 54 86 14 20 84 33 11 31 69 0 28 25 96 28 13 84 2 94 12 38 31 33 54 1 14 28 66 21 49 19 0 3 58 15 ]
[ 29 39 83 56 35 1 76 24 37 19 14 63 44 38 13 2 84 37 11 85 26 33 25 58 1 92 15 40 29 36 18 10 28 2 18 15 3 95 40 41 14 54 4 10 45 17 64 29 6 28 ]
[ 18 39 2 31 50 15 72 4 27 64 31 13 65 84 9 48 4 14 64 2 12 9 11 70 20 59 32 40 4 7 8 75 46 10 6 48 25 30 5 53 94 36 18 11 72 27 59 29 42 75 ]
[ 74 47 5 16 48 11 17 8 29 30 28 17 11 71 34 59 25 53 68 7 5 15 81 24 63 3 30 16 62 26 61 36 25 19 4 74 30 21 34 11 3 62 28 15 33 62 26 11 68 94 ]
[ 39 2 26 3 6 19 33 36 33 5 8 26 48 84 72 32 24 12 81 67 42 10 9 30 33 20 71 49 33 65 41 72 19 19 27 25 90 13 13 23 70 22 1 19 6 73 51 30 37 33 ]
[ 20 65 6 3 49 10 55 80 29 40 21 39 23 30 8 74 14 1 0 40 8 37 5 25 64 61 53 37 34 70 61 54 35 19 10 36 29 65 16 10 57 38 1 81 68 10 7 34 63 7 ]
[ 10 59 47 34 70 40 19 24 81 43 32 7 96 16 97 41 7 55 22 78 35 75 26 2 29 6 2 20 12 25 33 23 36 32 9 7 24 28 31 5 71 15 13 19 83 10 13 42 65 35 ]
[ 6 24 2 30 2 35 19 45 82 84 10 8 20 28 63 33 56 36 28 52 90 18 28 11 90 25 1 51 14 39 46 21 15 0 3 17 36 22 14 70 7 24 30 79 4 93 13 60 29 93 ]
[ 78 31 80 18 49 92 19 43 56 22 0 42 29 5 13 4 49 13 99 30 2 55 49 84 31 2 58 16 43 28 0 21 59 32 40 8 25 11 3 33 33 4 27 63 61 41 19 10 6 70 ]
[ 17 75 2 21 17 66 67 34 69 14 0 6 75 42 7 9 62 53 3 11 42 62 23 69 14 9 8 75 35 22 99 5 49 2 26 19 20 45 5 41 12 57 47 39 51 7 49 13 60 52 ]
[ 32 60 7 59 52 14 19 23 91 22 8 35 30 89 8 12 59 47 8 33 32 27 25 6 69 13 6 21 20 6 27 4 18 35 16 23 1 35 98 92 9 6 79 91 47 87 3 6 86 11 ]

Timer (generate): 187ms real	160ms user	10ms sys
[ 82 46 25 77 68 12 8 16 15 4 41 38 31 33 42 58 39 9 62 51 85 92 9 62 36 64 25 15 84 85 62 18 31 87 47 99 51 8 68 19 12 61 57 95 94 51 53 85 60 67 ]
[ 36 98 59 97 60 48 61 37 63 97 22 25 15 53 64 63 5 68 23 25 39 35 86 48 31 33 0 36 18 12 4 7 10 15 4 22 63 66 59 79 15 33 56 31 39 73 46 44 41 69 ]
[ 21 32 56 7 80 87 40 80 76 11 93 32 18 3 47 22 78 63 40 37 94 56 23 50 39 62 23 85 6 16 6 79 48 62 86 29 2 79 9 78 90 54 10 60 58 9 82 36 24 75 ]
[ 25 18 83 48 21 22 62 44 59 20 13 17 99 61 79 86 42 33 17 4 11 59 58 73 19 68 35 1 56 59 28 34 78 63 34 99 37 97 95 96 17 8 65 17 22 45 55 16 78 24 ]
[ 20 42 83 31 67 2 99 2 55 8 62 84 42 40 99 76 91 37 73 38 85 43 47 51 12 21 96 19 37 26 43 10 20 26 41 88 28 92 90 35 0 52 71 42 44 71 71 87 8 96 ]
[ 26 93 39 25 44 3 98 92 22 35 19 17 97 91 43 38 79 23 83 70 59 83 74 30 78 71 53 1 58 61 97 36 55 89 61 51 44 59 44 67 47 15 36 44 6 80 35 86 55 70 ]
[ 8 66 5 82 49 35 5 2 36 64 64 86 52 71 75 14 22 71 25 66 90 24 81 27 21 40 59 8 26 14 78 86 81 83 20 30 19 26 84 7 42 48 93 94 19 20 60 94 92 38 ]
[ 12 82 62 94 9 35 86 68 43 12 35 73 50 68 57 70 50 28 96 34 35 38 83 81 33 54 1 93 0 45 31 13 28 46 59 89 81 45 10 25 9 97 50 59 65 7 29 15 87 26 ]
[ 49 75 16 84 56 1 91 9 95 91 55 78 56 35 76 15 76 58 60 86 35 69 83 85 28 0 45 10 15 84 36 17 59 4 53 67 6 96 77 53 40 84 83 96 19 60 12 95 70 24 ]
[ 34 57 94 69 94 74 70 91 84 37 76 72 6 87 77 12 55 83 60 84 88 0 68 71 49 87 83 13 34 53 37 20 10 31 90 57 58 12 48 42 1 76 67 8 64 96 72 71 31 32 ]
[ 7 19 33 75 90 34 14 74 47 0 79 84 21 42 68 11 99 26 75 99 20 76 76 87 36 92 83 8 63 14 41 70 85 26 97 76 60 11 2 7 63 81 91 84 75 11 47 74 89 22 ]
[ 74 10 99 2 49 35 94 85 96 9 51 37 31 37 63 28 65 75 91 19 82 54 52 25 39 28 89 86 54 78 61 28 88 12 82 90 99 76 75 95 85 78 32 16 15 47 96 32 22 87 ]
[ 51 56 42 56 82 33 84 71 71 38 49 32 19 90 96 53 80 96 30 7 91 67 85 24 36 53 23 32 85 46 20 89 2 14 45 36 47 81 59 70 71 9 55 42 51 51 96 31 47 78 ]
[ 90 91 45 75 15 81 28 38 14 66 36 86 7 91 0 4 27 99 85 87 21 8 48 76 3 99 28 99 82 27 77 24 18 74 99 85 8 80 76 22 98 64 60 5 55 12 9 83 11 46 ]
[ 70 32 6 70 61 9 21 41 60 3 68 89 79 39 64 78 24 72 10 52 46 8 17 6 13 72 18 74 55 81 20 77 65 27 99 26 88 20 67 49 75 88 38 54 27 54 33 3 26 95 ]
[ 8 24 4 25 82 17 49 52 44 5 33 64 34 51 43 34 29 84 54 97 33 82 37 23 36 64 78 21 19 56 17 27 81 21 4 63 90 54 16 34 11 1 51 45 52 46 31 82 30 38 ]
[ 31 63 20 68 39 56 84 17 78 55 73 47 35 54 68 39 70 10 93 38 45 4 39 96 2 44 42 85 78 25 75 61 88 95 81 79 4 17 96 34 72 70 81 7 76 1 99 98 11 92 ]
[ 36 56 49 28 4 3 24 99 40 54 24 16 67 12 63 48 44 67 17 40 1 41 62 34 49 91 35 48 89 47 92 78 55 93 58 60 48 82 59 89 88 83 57 55 47 20 55 91 88 24 ]
[ 84 41 65 46 76 66 89 63 66 31 62 59 9 70 4 19 30 53 53 41 94 41 76 51 48 75 71 55 67 59 79 3 53 96 1 81 63 91 96 29 74 59 40 83 29 45 2 11 50 7 ]
[ 52 44 48 80 95 48 55 18 3 74 30 34 77 83 30 31 64 93 22 12 75 48 71 15 31 52 12 85 63 62 44 67 58 92 47 53 92 55 72 95 29 2 81 59 37 63 90 53 57 64 ]

Running merge sort algorithm: 
Timer (sort): 64ms real	50ms user	30ms sys
The output is sorted!
[ 15 18 42 29 60 56 72 1 17 13 27 22 26 41 0 34 12 39 43 84 8 22 78 31 15 8 16 24 12 34 9 27 4 3 8 16 59 32 18 28 46 97 50 24 90 3 10 55 42 5 ]
[ 11 53 84 16 53 39 15 12 25 83 3 35 53 31 2 41 94 57 8 0 32 34 3 61 5 9 28 93 30 11 6 41 16 42 57 69 34 25 34 11 8 37 46 13 20 1 6 15 58 14 ]
[ 15 0 95 3 49 32 21 27 28 33 12 58 1 56 81 60 34 18 71 72 66 0 24 6 7 3 11 7 38 25 35 6 25 82 9 26 14 30 54 94 16 18 52 17 26 33 29 61 4 0 ]
[ 14 37 57 19 61 15 8 25 16 37 27 18 5 88 0 4 23 19 65 0 28 54 33 1 29 26 23 41 14 23 47 80 60 4 99 74 20 8 51 36 45 30 7 2 18 7 6 41 78 72 ]
[ 10 26 8 61 14 59 20 44 28 16 37 16 4 2 73 84 27 93 2 0 58 29 83 83 1 9 5 37 8 80 11 18 6 19 31 20 78 4 17 6 20 6 75 24 8 48 8 88 93 11 ]
[ 74 39 79 16 34 55 54 27 2 27 6 37 55 29 64 8 8 36 1 30 16 30 55 43 22 6 16 56 2 11 23 29 3 2 97 37 10 3 16 64 30 23 1 85 52 17 46 60 54 47 ]
[ 35 4 52 56 66 38 54 51 3 94 96 48 24 43 45 7 17 53 0 15 28 30 36 1 28 66 95 10 39 1 7 74 5 11 30 23 1 36 27 5 30 23 53 7 18 51 14 88 4 15 ]
[ 16 24 33 26 45 29 36 5 0 37 28 90 25 23 8 2 10 10 16 48 9 14 54 26 10 53 44 28 11 36 96 27 12 81 5 58 10 93 63 62 31 43 53 8 18 61 11 80 23 27 ]
[ 9 3 32 74 66 31 32 37 50 0 12 41 45 89 11 36 42 66 30 15 67 78 21 15 42 21 23 1 17 1 4 27 4 36 53 23 19 37 12 22 90 24 63 35 65 74 23 7 40 5 ]
[ 19 12 29 25 79 9 17 11 50 31 60 2 39 12 54 6 10 57 12 60 43 83 50 57 75 67 21 7 13 59 10 84 71 91 10 2 0 79 66 2 11 26 5 50 38 11 8 0 21 20 ]
[ 47 8 80 6 27 14 17 40 3 47 7 16 20 34 50 85 40 37 32 7 15 40 11 34 0 53 25 9 48 68 12 48 28 44 6 56 58 24 48 13 71 8 30 43 94 32 28 34 21 60 ]
[ 56 2 78 6 46 9 66 0 87 21 49 40 99 42 11 12 0 16 44 7 9 8 46 51 6 6 52 94 21 15 2 78 17 32 36 15 42 2 15 29 24 17 22 75 59 33 87 12 1 84 ]
[ 9 8 40 13 43 78 69 10 14 26 21 62 37 31 29 22 58 91 56 53 16 78 0 54 12 35 49 40 0 9 32 10 17 24 75 12 2 45 22 17 23 96 31 60 27 12 35 37 3 43 ]
[ 5 23 5 48 55 0 42 6 6 81 52 9 13 47 2 54 37 80 12 39 19 30 24 43 22 92 15 56 55 25 26 12 1 84 12 56 36 54 14 42 88 18 3 53 17 58 7 55 38 19 ]
[ 29 28 58 34 44 8 22 42 7 1 85 44 98 7 16 9 45 38 21 4 28 11 54 12 15 18 67 20 11 93 15 92 73 25 26 17 33 0 11 40 2 49 85 0 8 53 61 54 43 34 ]
[ 15 45 28 49 54 21 64 9 26 63 68 25 75 32 23 3 27 17 4 4 91 8 90 44 9 33 2 49 2 11 35 17 8 15 18 14 37 82 23 15 45 44 40 73 76 15 28 55 33 32 ]
[ 61 13 50 35 2 30 71 54 67 36 73 36 26 15 1 92 20 98 45 33 27 31 5 40 0 81 50 24 0 39 20 61 4 70 49 6 1 20 12 20 56 37 8 34 4 9 27 25 59 24 ]
[ 32 14 6 62 39 28 59 16 1 12 39 11 21 4 63 94 0 2 32 31 30 4 96 38 9 57 11 88 5 40 33 37 7 91 51 46 19 62 62 21 74 1 84 48 6 48 42 6 2 26 ]
[ 17 55 27 45 44 37 3 5 31 65 10 0 6 26 38 96 16 36 41 4 80 5 84 99 18 3 21 13 43 67 58 12 23 38 57 19 27 13 24 59 78 86 11 36 12 2 32 28 38 25 ]
[ 27 39 11 9 24 30 54 36 4 12 45 31 38 0 24 36 43 93 21 26 36 7 75 65 5 32 56 53 7 60 14 86 52 25 47 28 7 1 64 11 14 10 95 4 62 19 40 58 64 14 ]

Timer (generate): 178ms real	150ms user	10ms sys
[ 66 79 4 11 60 10 56 68 80 67 29 35 21 60 39 92 15 41 96 33 81 46 79 73 0 71 57 40 82 99 57 48 30 62 11 90 24 19 10 4 86 40 92 59 0 83 52 67 24 48 ]
[ 1 57 46 32 30 98 4 40 91 86 39 0 87 22 62 98 12 87 70 75 43 56 15 87 68 67 70 20 35 47 20 88 4 18 20 87 17 76 27 60 63 66 60 2 88 75 0 53 62 70 ]
[ 28 57 79 95 45 47 62 67 19 49 14 39 89 19 57 62 58 26 38 85 86 1 51 47 3 92 22 56 97 36 78 77 45 9 72 42 56 86 10 75 88 76 66 77 47 24 39 5 2 78 ]
[ 90 89 31 94 88 87 86 62 95 35 98 25 12 43 35 36 38 43 74 48 71 62 24 37 92 24 13 83 29 16 13 20 57 97 14 45 36 52 7 31 87 57 8 99 52 43 87 90 39 61 ]
[ 90 10 76 67 99 20 91 13 3 20 81 17 40 38 66 6 35 2 58 42 85 97 99 93 48 3 89 35 94 28 97 84 90 25 51 89 45 42 54 0 15 87 69 7 77 35 14 12 37 24 ]
[ 6 22 22 57 16 70 61 57 58 55 85 55 91 27 32 43 16 29 37 23 29 4 62 99 12 40 34 78 52 24 2 11 46 76 68 14 99 29 71 57 36 8 64 28 35 96 23 4 25 60 ]
[ 79 54 65 41 5 29 33 92 7 38 16 61 49 14 38 17 81 37 99 4 46 35 13 10 63 0 58 86 56 83 99 35 89 16 29 47 45 62 39 4 0 55 65 49 69 55 19 50 44 18 ]
[ 55 90 53 20 0 69 72 58 7 29 93 6 64 35 74 45 82 71 8 73 75 60 28 93 10 49 48 81 0 93 99 7 83 4 79 36 73 51 46 81 80 92 39 97 79 66 42 13 37 2 ]
[ 86 65 63 14 58 25 63 58 6 15 3 57 74 87 61 53 75 87 5 73 68 37 65 59 34 96 25 29 9 63 31 95 80 46 9 90 71 25 48 29 40 52 86 67 91 48 20 18 35 77 ]
[ 91 55 15 9 14 1 5 92 82 15 7 14 62 87 12 72 77 84 49 77 13 41 29 0 8 20 0 81 90 87 58 82 42 25 43 8 79 0 52 61 67 59 27 30 46 40 54 75 24 3 ]
[ 53 89 44 34 41 5 55 93 86 45 80 96 79 74 22 22 35 53 75 87 14 42 47 42 72 45 82 26 73 58 29 26 47 26 60 41 31 67 34 17 65 15 13 96 41 87 71 76 40 46 ]
[ 16 55 88 63 49 61 60 31 87 33 41 69 11 88 95 24 81 26 43 16 43 8 83 8 57 24 96 28 53 36 74 69 43 14 84 92 75 44 75 15 30 16 36 41 57 31 65 38 57 9 ]
[ 54 52 69 37 60 26 14 8 6 67 45 32 36 88 47 20 33 74 16 8 41 46 25 77 40 82 8 5 20 17 66 27 21 88 16 34 66 30 42 73 49 39 57 85 80 4 57 13 31 26 ]
[ 21 72 72 98 2 12 32 62 70 5 32 88 32 5 76 48 39 95 31 34 68 80 73 25 18 5 82 27 70 13 53 92 37 78 42 91 42 75 54 64 80 38 53 64 43 81 12 83 76 95 ]
[ 69 96 76 42 74 46 0 56 73 70 21 79 14 10 57 57 2 51 84 8 16 16 46 21 80 89 54 92 24 31 40 93 79 16 88 53 14 88 9 39 58 82 18 25 93 27 82 47 79 18 ]
[ 55 47 34 53 20 14 42 74 58 67 57 98 12 37 66 0 90 80 88 52 72 99 86 90 24 31 18 58 78 49 76 85 48 62 38 68 76 33 42 34 52 0 85 64 89 3 65 31 36 5 ]
[ 35 8 4 22 98 28 53 68 38 84 69 14 69 17 76 60 37 4 45 80 91 97 32 76 13 73 79 30 4 67 36 40 75 40 14 74 21 67 94 59 3 64 26 73 33 54 85 71 59 30 ]
[ 3 50 79 87 78 44 60 9 75 16 77 11 8 52 3 74 78 76 42 25 36 97 89 14 70 74 68 7 45 79 89 0 29 68 39 59 65 99 69 40 68 98 3 28 2 58 3 81 35 97 ]
[ 6 23 94 47 37 17 21 57 24 19 37 14 71 18 34 11 78 99 62 99 39 82 97 94 11 99 53 14 32 88 63 38 63 57 37 52 74 11 9 51 82 46 65 53 17 51 64 95 51 79 ]
[ 94 42 61 43 37 72 42 42 38 75 82 1 65 45 11 55 97 37 66 58 88 48 57 5 1 74 57 18 69 8 97 15 50 10 58 39 83 52 81 73 79 15 75 45 60 38 52 9 75 18 ]

Running merge sort algorithm: 
Timer (sort): 62ms real	50ms user	10ms sys
The output is sorted!
[ 6 96 44 5 4 17 42 35 49 9 30 22 8 21 39 35 61 5 36 5 29 45 58 7 0 7 48 25 37 17 3 43 13 47 0 17 16 42 4 65 51 86 39 11 8 78 47 21 35 35 ]
[ 8 11 10 31 12 10 32 52 55 43 0 5 77 32 46 1 21 16 21 47 9 26 2 15 3 10 9 5 4 53 83 12 65 45 44 29 55 28 81 11 71 81 16 0 13 62 2 86 31 23 ]
[ 30 21 3 30 20 4 3 26 41 24 18 57 26 9 42 70 21 2 56 21 15 46 11 35 26 63 57 22 1 58 48 31 32 51 62 4 7 17 82 0 93 0 57 19 9 51 41 30 5 97 ]
[ 36 5 25 49 82 63 38 22 9 60 50 1 55 17 8 4 61 4 40 40 44 30 20 18 31 26 72 1 14 27 7 2 84 33 3 19 48 41 41 57 1 43 10 9 12 18 13 74 74 53 ]
[ 60 29 5 4 68 27 6 24 6 67 70 54 49 18 39 5 36 3 34 45 62 27 33 42 81 17 18 17 14 4 19 74 33 24 31 1 4 37 78 62 4 48 17 54 19 8 59 7 11 46 ]
[ 47 2 47 72 4 44 7 75 5 47 65 10 6 85 33 6 29 70 75 34 41 9 70 1 2 41 10 1 18 8 17 17 11 16 41 67 61 0 42 18 47 7 28 53 93 14 12 22 36 39 ]
[ 57 5 21 37 70 34 9 8 61 24 0 66 21 4 54 15 14 79 6 5 90 11 36 1 56 7 33 12 96 17 40 54 23 61 43 45 47 52 53 8 29 6 27 2 10 81 17 25 13 24 ]
[ 31 19 40 32 11 15 11 49 12 53 12 2 2 25 63 23 71 15 10 4 4 94 48 24 53 7 12 1 0 7 84 31 26 24 15 89 92 26 39 4 80 3 6 82 28 22 57 51 37 67 ]
[ 15 60 35 95 53 30 0 39 1 28 49 15 79 32 38 43 19 15 5 9 77 9 46 45 61 40 15 2 38 73 36 6 33 71 1 39 1 53 78 2 81 27 17 12 12 7 7 31 23 12 ]
[ 37 31 3 67 28 50 10 24 26 61 33 1 42 56 12 84 99 0 24 32 54 15 14 29 4 13 6 5 25 34 2 15 65 57 34 45 8 44 22 86 58 7 87 0 64 0 37 15 52 13 ]
[ 50 96 25 4 50 35 0 46 26 70 38 50 13 11 22 7 13 48 85 14 56 50 17 85 23 33 5 21 9 7 38 11 55 15 15 5 50 68 52 76 38 42 26 3 5 1 10 19 49 47 ]
[ 89 59 77 24 28 5 5 23 55 43 59 50 1 14 9 21 70 15 6 43 68 28 37 13 50 3 66 7 10 17 59 51 28 88 27 8 45 33 31 0 76 43 3 29 57 12 3 28 28 9 ]
[ 32 8 6 96 68 87 0 15 58 95 12 60 32 47 34 0 12 37 40 42 5 6 16 1 4 20 59 55 48 62 1 32 22 7 28 91 46 80 6 57 27 70 17 12 17 3 12 30 40 4 ]
[ 7 82 36 37 73 11 19 53 52 67 22 15 70 96 56 27 44 27 9 9 9 4 26 66 3 78 4 5 39 56 5 46 38 41 35 11 4 7 64 8 26 39 23 48 35 31 27 31 10 36 ]
[ 38 44 72 2 9 50 8 1 42 46 91 14 17 19 54 90 10 99 8 45 9 98 1 39 18 14 4 6 10 7 64 48 4 37 3 13 39 11 14 33 9 5 48 26 76 54 68 86 5 76 ]
[ 56 87 75 4 26 4 7 82 31 74 75 81 52 5 71 53 49 93 3 2 3 18 0 38 1 1 58 2 54 68 44 11 8 20 15 34 24 22 17 7 49 44 89 1 1 60 6 50 5 9 ]
[ 11 19 89 6 8 13 18 64 86 46 64 1 87 24 19 40 20 4 46 59 27 91 35 20 0 1 29 5 0 48 17 11 20 6 17 80 71 36 97 58 82 13 11 69 38 30 9 10 34 7 ]
[ 95 4 32 58 33 11 78 9 15 92 60 6 13 9 14 84 17 30 48 9 31 88 39 22 52 27 48 10 81 14 97 28 71 81 39 4 44 17 13 11 9 25 17 22 34 32 6 3 14 6 ]
[ 34 64 40 0 25 16 63 38 25 79 61 72 12 8 12 34 10 79 89 10 6 2 59 64 0 31 16 27 22 9 65 56 73 5 8 50 21 24 88 98 3 1 22 15 9 34 2 19 13 91 ]
[ 79 16 22 53 2 22 96 6 4 3 3 11 39 8 36 62 11 2 75 31 42 48 72 64 0 38 3 18 26 55 0 5 23 75 10 26 97 7 84 2 10 88 13 1 48 1 64 59 55 91 ]

