Timer (generate): 179ms real	150ms user	20ms sys
[ 62 46 24 86 21 36 67 4 9 0 ]
[ 45 18 99 19 73 26 68 34 11 63 ]
[ 71 7 76 35 73 60 40 80 9 56 ]
[ 98 71 2 75 9 24 11 28 80 72 ]
[ 28 25 91 79 96 64 6 64 50 69 ]
[ 27 21 76 56 57 1 68 97 33 78 ]
[ 5 32 1 8 59 11 32 22 39 12 ]
[ 95 20 89 86 51 85 2 57 1 52 ]
[ 78 81 74 7 37 83 8 5 80 42 ]
[ 83 38 26 85 46 85 48 30 7 39 ]
[ 94 2 59 83 40 63 20 42 20 21 ]
[ 47 51 2 73 58 39 56 66 97 88 ]
[ 60 80 26 86 17 72 71 65 2 31 ]
[ 5 48 85 16 83 26 79 3 20 52 ]
[ 25 67 3 79 40 61 71 96 79 68 ]
[ 85 40 48 63 78 18 36 2 83 90 ]
[ 33 88 39 18 57 74 96 36 78 17 ]
[ 40 55 36 43 34 29 56 57 77 36 ]
[ 25 14 76 26 78 54 44 66 56 79 ]
[ 56 41 68 47 12 77 22 8 13 52 ]

Running merge sort algorithm: 
Timer (sort): 279ms real	210ms user	70ms sys
The output is sorted!
[ 10 11 16 19 4 17 3 8 2 8 ]
[ 1 1 53 8 2 6 17 0 3 10 ]
[ 26 6 34 8 2 6 5 10 8 7 ]
[ 11 23 13 6 8 17 19 12 0 6 ]
[ 18 2 13 2 10 4 37 1 9 27 ]
[ 9 0 18 12 2 16 19 11 3 39 ]
[ 3 9 34 0 7 14 9 23 2 28 ]
[ 2 23 18 6 21 19 5 0 11 27 ]
[ 29 6 34 25 8 0 21 2 12 3 ]
[ 13 8 0 30 12 26 0 4 8 41 ]
[ 29 1 22 59 3 2 3 10 6 7 ]
[ 18 4 14 5 16 19 4 27 24 11 ]
[ 16 3 5 10 1 1 5 11 41 50 ]
[ 6 5 13 14 8 39 4 27 7 20 ]
[ 4 13 18 16 26 35 4 18 9 2 ]
[ 4 33 0 7 1 0 27 23 22 28 ]
[ 1 24 1 22 46 19 5 2 3 23 ]
[ 14 5 17 43 1 1 5 23 24 14 ]
[ 0 14 4 18 14 16 45 31 4 1 ]
[ 6 38 5 3 30 20 1 22 17 5 ]

Timer (generate): 177ms real	140ms user	20ms sys
[ 64 62 97 90 89 30 84 75 43 76 ]
[ 10 41 30 88 83 7 15 17 66 32 ]
[ 12 92 97 14 38 87 21 76 53 32 ]
[ 36 17 94 86 59 35 16 96 62 59 ]
[ 72 73 52 54 13 88 61 28 5 27 ]
[ 60 69 71 58 83 9 97 57 86 3 ]
[ 89 74 20 35 60 32 71 29 80 85 ]
[ 40 52 10 93 58 23 81 19 52 38 ]
[ 99 64 7 70 74 42 32 24 99 18 ]
[ 27 40 44 99 76 5 31 47 86 11 ]
[ 32 26 15 43 19 73 18 52 45 22 ]
[ 90 44 39 49 66 13 92 98 89 43 ]
[ 68 16 84 13 16 60 70 99 59 56 ]
[ 11 43 34 78 38 54 52 57 58 97 ]
[ 79 49 41 70 98 59 84 42 10 25 ]
[ 86 78 42 22 43 58 34 13 57 93 ]
[ 21 20 88 56 99 27 62 3 36 20 ]
[ 0 67 21 93 38 20 52 74 14 62 ]
[ 99 0 93 41 22 36 51 56 2 61 ]
[ 1 23 33 90 79 84 69 93 87 57 ]

Running merge sort algorithm: 
Timer (sort): 220ms real	200ms user	40ms sys
The output is sorted!
[ 23 0 24 0 39 2 0 2 0 14 ]
[ 12 8 14 8 3 8 1 11 14 31 ]
[ 14 5 0 15 15 2 24 2 2 46 ]
[ 0 37 13 28 0 10 23 1 23 0 ]
[ 22 13 13 27 6 4 26 10 2 13 ]
[ 10 18 31 2 3 13 35 15 4 5 ]
[ 0 4 13 2 20 18 8 21 1 52 ]
[ 5 10 5 2 31 6 16 1 50 15 ]
[ 7 28 21 8 4 18 30 8 12 7 ]
[ 4 8 5 25 2 13 12 31 22 24 ]
[ 1 8 32 8 28 5 6 9 26 24 ]
[ 13 7 14 10 33 0 6 11 19 35 ]
[ 20 10 14 12 4 12 6 49 16 5 ]
[ 5 20 8 41 38 1 27 4 3 2 ]
[ 6 1 12 11 54 24 24 8 5 5 ]
[ 7 0 5 0 1 9 27 59 21 21 ]
[ 28 11 9 1 0 9 38 30 3 24 ]
[ 17 11 17 9 33 3 48 2 11 2 ]
[ 12 5 7 6 8 67 8 25 16 0 ]
[ 6 8 47 12 18 23 2 0 2 36 ]

Timer (generate): 159ms real	130ms user	10ms sys
[ 12 68 30 66 12 53 74 0 26 35 ]
[ 70 43 32 43 47 76 75 43 61 70 ]
[ 27 82 85 88 8 85 13 85 44 11 ]
[ 62 9 79 45 27 43 50 1 44 28 ]
[ 88 66 71 20 9 18 96 36 13 9 ]
[ 58 41 43 96 81 51 81 47 88 77 ]
[ 58 3 86 89 0 65 32 50 18 28 ]
[ 78 6 94 2 26 56 20 74 92 86 ]
[ 35 3 27 78 99 8 81 32 55 22 ]
[ 9 65 25 48 54 77 13 87 79 32 ]
[ 67 9 90 62 11 69 18 84 43 62 ]
[ 70 31 65 97 9 16 57 43 48 65 ]
[ 65 10 30 42 58 37 19 23 24 50 ]
[ 7 91 59 98 5 71 67 75 55 62 ]
[ 90 25 93 55 74 55 24 83 98 24 ]
[ 48 15 34 31 57 44 68 28 68 44 ]
[ 78 27 87 89 77 93 60 44 20 67 ]
[ 59 10 92 52 18 18 59 42 2 57 ]
[ 66 2 72 53 33 81 97 1 61 17 ]
[ 45 91 45 85 81 22 78 41 19 98 ]

Running merge sort algorithm: 
Timer (sort): 215ms real	180ms user	30ms sys
The output is sorted!
[ 1 30 37 6 1 5 2 0 6 13 ]
[ 6 3 0 3 18 34 24 11 2 9 ]
[ 15 10 2 1 54 5 13 10 15 7 ]
[ 2 17 0 0 14 16 14 48 12 9 ]
[ 4 10 11 2 48 0 3 21 15 18 ]
[ 24 7 3 23 5 41 7 5 0 17 ]
[ 14 21 8 17 2 0 39 1 1 30 ]
[ 15 24 0 14 13 10 29 8 8 13 ]
[ 1 40 6 7 19 18 22 12 11 1 ]
[ 40 3 5 21 0 1 24 1 40 4 ]
[ 11 13 12 4 34 9 43 10 1 4 ]
[ 30 6 12 1 49 21 1 1 3 18 ]
[ 2 27 12 18 13 8 30 3 8 22 ]
[ 3 6 1 46 0 34 4 20 3 27 ]
[ 23 16 16 21 14 1 0 5 10 39 ]
[ 15 35 11 2 4 4 8 16 20 31 ]
[ 6 0 0 7 20 0 38 31 37 7 ]
[ 20 10 0 30 10 44 7 11 6 9 ]
[ 4 19 23 35 8 0 6 4 45 3 ]
[ 40 23 3 10 0 28 11 16 9 8 ]

Timer (generate): 169ms real	160ms user	10ms sys
[ 37 69 2 73 3 73 7 12 92 35 ]
[ 36 6 4 94 51 44 87 4 91 62 ]
[ 16 32 89 4 76 43 76 38 13 21 ]
[ 12 3 43 66 28 46 39 35 58 83 ]
[ 71 46 89 27 41 92 71 28 96 14 ]
[ 42 65 46 32 21 75 75 97 65 41 ]
[ 18 29 96 61 95 24 60 87 12 18 ]
[ 22 83 65 64 62 6 56 33 86 53 ]
[ 48 28 70 46 12 91 21 40 40 39 ]
[ 81 58 68 29 72 64 53 32 3 65 ]
[ 2 25 0 67 41 62 25 98 48 63 ]
[ 3 96 44 73 94 56 16 16 96 56 ]
[ 55 29 66 75 58 38 39 64 22 94 ]
[ 81 25 72 82 44 13 96 22 11 44 ]
[ 85 66 92 29 39 87 38 7 55 86 ]
[ 15 62 16 82 37 26 72 29 90 95 ]
[ 23 24 72 95 6 16 61 54 90 72 ]
[ 51 76 39 43 57 30 82 95 90 37 ]
[ 82 5 51 50 87 89 76 12 18 19 ]
[ 7 93 43 31 41 1 99 2 7 90 ]

Running merge sort algorithm: 
Timer (sort): 220ms real	210ms user	10ms sys
The output is sorted!
[ 0 1 12 9 28 15 15 1 5 14 ]
[ 38 31 8 2 6 10 0 10 5 4 ]
[ 13 0 6 1 36 7 27 9 15 10 ]
[ 9 2 17 7 10 17 19 9 17 17 ]
[ 4 15 4 3 2 18 8 32 23 18 ]
[ 3 2 17 7 8 12 0 77 0 1 ]
[ 6 5 11 21 21 1 12 11 14 29 ]
[ 7 14 19 7 7 12 45 1 6 15 ]
[ 7 22 23 27 29 13 0 0 0 13 ]
[ 23 0 15 0 8 0 36 4 15 34 ]
[ 10 18 37 4 22 2 2 37 3 1 ]
[ 3 1 39 11 46 8 4 11 14 3 ]
[ 32 7 8 26 12 37 3 7 3 5 ]
[ 24 22 6 0 55 4 0 10 3 17 ]
[ 20 4 14 14 1 23 19 8 6 32 ]
[ 12 24 1 37 1 9 1 37 12 8 ]
[ 0 32 16 18 22 15 3 6 31 1 ]
[ 33 9 7 7 14 2 11 32 16 13 ]
[ 38 10 9 0 23 5 37 11 4 9 ]
[ 3 1 6 63 11 3 3 5 29 25 ]

Timer (generate): 159ms real	140ms user	0ms sys
[ 12 23 6 15 23 47 99 3 88 60 ]
[ 64 88 66 42 16 74 22 31 51 36 ]
[ 46 44 4 78 25 93 74 54 38 91 ]
[ 64 50 66 22 17 89 70 69 45 10 ]
[ 81 9 98 47 3 67 22 77 98 25 ]
[ 65 96 21 69 26 47 62 53 53 1 ]
[ 44 70 3 63 92 73 4 62 94 49 ]
[ 72 75 10 23 75 65 42 97 42 40 ]
[ 74 7 89 96 77 67 95 91 20 48 ]
[ 92 65 18 48 28 11 73 84 73 67 ]
[ 34 98 94 96 73 69 62 15 18 4 ]
[ 7 93 12 96 41 89 16 36 32 36 ]
[ 36 25 53 55 25 33 66 50 18 91 ]
[ 17 52 41 63 48 14 33 10 81 51 ]
[ 15 89 96 79 37 37 20 53 25 52 ]
[ 90 62 29 43 69 54 77 87 56 95 ]
[ 78 73 99 72 89 99 38 22 10 20 ]
[ 73 77 61 22 56 98 59 76 52 37 ]
[ 80 94 99 10 37 68 16 66 55 73 ]
[ 13 85 98 12 9 87 12 48 9 74 ]

Running merge sort algorithm: 
Timer (sort): 220ms real	170ms user	50ms sys
The output is sorted!
[ 1 1 37 1 11 4 18 5 14 11 ]
[ 10 8 14 2 13 5 18 4 16 22 ]
[ 13 13 26 0 12 7 7 9 7 26 ]
[ 9 3 29 2 11 0 56 8 1 1 ]
[ 3 4 21 14 7 1 2 3 31 37 ]
[ 6 32 6 13 21 5 0 0 23 25 ]
[ 15 10 8 6 15 9 30 8 21 13 ]
[ 35 3 11 0 11 50 8 5 14 2 ]
[ 5 33 3 4 9 3 8 25 42 8 ]
[ 20 3 13 16 20 13 2 9 10 37 ]
[ 0 4 6 34 19 13 2 4 26 36 ]
[ 27 9 11 0 2 24 18 7 15 31 ]
[ 24 15 28 0 23 22 16 0 2 15 ]
[ 0 20 8 22 11 11 11 33 22 7 ]
[ 13 0 17 35 14 9 7 4 18 28 ]
[ 5 7 10 52 27 24 2 1 6 13 ]
[ 18 12 43 21 1 5 19 23 7 0 ]
[ 3 39 17 1 68 4 2 1 5 9 ]
[ 31 2 13 13 37 4 6 10 16 19 ]
[ 30 19 16 14 0 14 0 24 28 7 ]

Timer (generate): 170ms real	160ms user	10ms sys
[ 53 38 24 83 46 73 30 76 33 11 ]
[ 76 3 83 11 31 91 37 13 3 38 ]
[ 48 66 46 95 60 35 92 50 55 9 ]
[ 34 60 99 59 96 46 84 26 74 17 ]
[ 90 50 72 73 13 3 16 3 68 72 ]
[ 41 16 90 87 63 51 22 56 1 29 ]
[ 17 36 41 17 47 37 15 31 16 41 ]
[ 1 6 43 73 31 56 29 47 59 97 ]
[ 71 0 66 62 39 29 13 13 85 14 ]
[ 94 55 2 36 24 1 25 39 33 93 ]
[ 80 34 99 23 59 82 31 88 82 43 ]
[ 86 53 43 4 15 35 33 80 0 71 ]
[ 95 95 26 49 83 50 51 8 41 84 ]
[ 54 73 70 5 48 29 88 31 70 70 ]
[ 74 8 75 18 12 91 5 45 71 5 ]
[ 16 18 0 94 68 35 96 71 96 37 ]
[ 7 50 62 77 55 62 58 43 94 80 ]
[ 65 68 88 41 38 0 84 43 98 7 ]
[ 1 14 78 1 61 98 37 57 69 33 ]
[ 47 76 35 9 5 90 72 15 86 66 ]

Running merge sort algorithm: 
Timer (sort): 216ms real	200ms user	10ms sys
The output is sorted!
[ 3 3 6 3 9 5 45 3 5 21 ]
[ 17 4 18 5 12 6 0 35 16 7 ]
[ 13 41 25 7 4 12 6 9 2 2 ]
[ 3 2 4 7 4 70 5 10 13 6 ]
[ 5 6 6 9 0 50 7 9 32 1 ]
[ 64 16 2 5 1 20 8 0 8 3 ]
[ 15 5 3 8 6 2 15 55 15 3 ]
[ 10 26 6 4 26 8 5 0 25 21 ]
[ 10 6 13 22 23 29 18 7 1 4 ]
[ 9 7 1 24 23 9 15 1 17 27 ]
[ 6 51 5 0 17 0 11 9 11 25 ]
[ 2 0 6 7 12 50 5 7 19 31 ]
[ 10 12 3 4 14 40 25 9 15 9 ]
[ 25 7 57 7 11 7 9 13 2 3 ]
[ 4 61 19 12 16 1 9 2 2 18 ]
[ 13 7 6 41 8 3 7 8 45 9 ]
[ 20 19 63 6 12 1 20 1 3 2 ]
[ 26 16 14 8 21 17 9 19 3 15 ]
[ 9 4 40 7 15 4 19 2 5 44 ]
[ 9 14 8 21 7 9 47 19 0 16 ]

Timer (generate): 166ms real	160ms user	0ms sys
[ 65 71 22 59 34 92 25 26 57 71 ]
[ 35 89 80 66 46 79 65 58 57 63 ]
[ 71 94 69 92 69 77 70 54 49 1 ]
[ 0 15 24 74 74 10 18 51 36 27 ]
[ 74 23 16 54 89 63 85 54 21 42 ]
[ 69 44 88 91 37 9 68 59 64 18 ]
[ 60 16 33 84 42 59 46 60 63 82 ]
[ 40 37 5 56 44 46 71 29 0 44 ]
[ 24 22 89 64 13 26 74 81 37 90 ]
[ 51 49 6 84 85 48 96 31 60 11 ]
[ 65 0 0 70 9 44 68 80 26 20 ]
[ 77 2 42 66 66 55 44 92 37 81 ]
[ 82 88 30 40 25 15 40 73 98 53 ]
[ 84 63 5 84 85 14 29 53 47 7 ]
[ 73 24 9 16 42 27 71 86 72 60 ]
[ 19 54 49 1 47 26 68 87 99 66 ]
[ 40 35 29 46 19 14 12 0 67 11 ]
[ 7 92 87 68 8 29 96 32 67 68 ]
[ 92 86 74 93 39 73 19 7 61 70 ]
[ 25 53 5 6 51 25 20 16 77 39 ]

Running merge sort algorithm: 
Timer (sort): 223ms real	210ms user	10ms sys
The output is sorted!
[ 2 4 23 3 12 6 21 19 10 7 ]
[ 4 42 11 7 3 6 19 7 22 1 ]
[ 8 15 17 6 36 9 17 11 0 6 ]
[ 24 4 30 2 3 28 6 4 0 29 ]
[ 9 16 5 3 21 28 1 32 4 11 ]
[ 6 24 4 4 25 17 6 8 13 24 ]
[ 2 12 12 10 20 48 17 4 6 3 ]
[ 11 0 20 5 19 6 18 7 1 47 ]
[ 34 6 16 6 7 5 4 5 18 34 ]
[ 2 1 10 9 25 19 1 15 39 15 ]
[ 6 6 23 1 6 9 18 31 3 34 ]
[ 22 12 12 2 14 21 2 6 42 9 ]
[ 27 5 22 10 46 13 0 5 8 6 ]
[ 10 17 30 4 12 2 28 2 3 34 ]
[ 1 54 4 4 10 6 11 5 40 7 ]
[ 2 10 10 6 9 14 17 42 14 19 ]
[ 2 21 2 25 8 20 9 6 8 42 ]
[ 18 4 11 1 6 11 3 16 67 8 ]
[ 1 27 12 8 4 3 22 53 13 3 ]
[ 14 25 6 10 5 31 12 18 24 2 ]

Timer (generate): 219ms real	220ms user	0ms sys
[ 88 58 49 91 52 44 29 52 40 76 ]
[ 45 57 71 59 10 75 52 61 99 62 ]
[ 66 91 25 7 24 42 51 78 71 76 ]
[ 11 59 35 12 3 39 56 84 43 49 ]
[ 60 88 58 83 48 68 58 52 81 9 ]
[ 66 0 1 91 7 77 33 10 55 57 ]
[ 38 19 68 73 31 71 64 40 55 7 ]
[ 41 68 48 99 51 96 19 62 0 52 ]
[ 23 67 52 24 58 59 1 44 21 9 ]
[ 1 60 80 69 85 11 41 50 3 48 ]
[ 9 44 16 57 95 20 5 66 34 6 ]
[ 19 57 73 71 34 83 83 87 27 4 ]
[ 96 28 64 28 98 50 40 91 52 95 ]
[ 39 61 92 8 19 87 80 24 54 14 ]
[ 30 25 23 3 96 57 87 79 45 66 ]
[ 36 93 95 52 22 45 54 14 36 6 ]
[ 9 27 68 1 87 39 41 67 63 47 ]
[ 33 46 72 57 49 20 14 88 52 59 ]
[ 7 40 53 2 92 27 99 47 41 87 ]
[ 5 50 14 25 4 54 64 97 21 28 ]

Running merge sort algorithm: 
Timer (sort): 276ms real	240ms user	20ms sys
The output is sorted!
[ 7 5 0 8 10 31 34 5 4 3 ]
[ 1 18 0 12 12 0 21 2 42 4 ]
[ 12 31 14 9 12 8 2 10 14 3 ]
[ 14 21 31 9 7 4 13 13 0 8 ]
[ 1 17 27 9 2 4 29 9 13 10 ]
[ 7 0 5 4 22 14 35 4 20 14 ]
[ 1 18 1 27 0 39 14 18 0 7 ]
[ 9 2 13 2 12 34 5 33 13 4 ]
[ 1 28 2 30 10 9 18 21 6 3 ]
[ 4 12 17 21 9 14 6 15 29 3 ]
[ 44 2 0 25 15 7 9 2 23 3 ]
[ 39 7 19 0 8 26 9 7 10 8 ]
[ 9 0 19 1 21 6 16 5 12 44 ]
[ 6 46 2 3 29 15 0 14 8 11 ]
[ 26 9 0 1 21 13 20 2 0 42 ]
[ 4 35 19 13 5 17 10 5 25 2 ]
[ 1 2 16 26 17 38 7 18 0 10 ]
[ 9 12 35 13 1 5 17 13 7 24 ]
[ 2 0 35 25 5 38 3 14 9 5 ]
[ 10 5 60 6 3 5 21 16 10 1 ]

Timer (generate): 166ms real	160ms user	0ms sys
[ 97 55 56 20 86 65 16 25 48 84 ]
[ 0 63 42 49 66 7 63 29 41 74 ]
[ 74 51 11 32 5 14 10 93 6 78 ]
[ 76 55 85 32 75 71 97 43 97 98 ]
[ 80 49 61 22 98 79 29 61 8 22 ]
[ 35 83 26 47 15 31 61 77 24 20 ]
[ 7 52 27 92 85 3 64 82 98 13 ]
[ 80 78 62 93 52 12 73 34 73 81 ]
[ 56 61 16 82 8 83 13 21 60 90 ]
[ 93 19 42 21 12 79 76 28 62 26 ]
[ 93 94 57 55 88 9 19 61 43 92 ]
[ 94 0 53 11 34 13 46 0 87 7 ]
[ 42 32 26 84 5 90 16 33 70 78 ]
[ 60 63 72 69 70 60 78 89 73 22 ]
[ 34 68 74 87 31 8 53 77 60 92 ]
[ 36 2 76 15 39 34 5 55 67 76 ]
[ 33 79 39 57 48 62 70 27 51 43 ]
[ 1 85 63 75 25 94 35 30 24 96 ]
[ 74 60 50 50 27 89 84 33 44 4 ]
[ 61 29 35 52 39 84 14 9 63 66 ]

Running merge sort algorithm: 
Timer (sort): 257ms real	200ms user	60ms sys
The output is sorted!
[ 8 30 5 6 1 4 2 23 12 5 ]
[ 5 14 3 6 5 19 7 13 9 28 ]
[ 0 15 11 2 37 0 6 2 32 5 ]
[ 4 3 11 1 18 27 2 19 13 25 ]
[ 25 10 25 1 4 0 6 43 8 1 ]
[ 13 2 11 18 31 9 1 6 7 25 ]
[ 20 3 8 12 6 10 16 21 27 1 ]
[ 45 2 13 11 35 3 3 1 6 7 ]
[ 16 7 11 2 1 7 19 4 3 56 ]
[ 12 22 2 5 9 3 2 34 1 38 ]
[ 8 19 15 19 6 24 1 19 4 18 ]
[ 11 0 24 31 16 0 11 31 3 10 ]
[ 8 4 5 7 33 15 25 22 19 0 ]
[ 3 31 6 13 0 15 41 16 10 3 ]
[ 14 2 4 25 5 6 3 10 16 55 ]
[ 5 21 16 19 13 13 11 6 5 31 ]
[ 29 5 7 10 8 9 15 11 43 4 ]
[ 12 39 9 21 14 23 6 7 10 2 ]
[ 38 9 27 3 11 9 10 16 1 20 ]
[ 8 9 5 23 6 12 6 28 38 10 ]

Timer (generate): 182ms real	180ms user	0ms sys
[ 28 92 92 93 40 55 12 75 88 73 ]
[ 40 31 32 55 34 87 24 26 83 67 ]
[ 4 27 28 11 73 40 48 41 91 30 ]
[ 19 72 22 63 17 62 18 30 89 6 ]
[ 3 81 90 87 88 76 75 12 2 10 ]
[ 32 7 89 12 18 62 52 18 55 96 ]
[ 48 75 68 22 38 37 37 9 67 78 ]
[ 67 22 60 57 10 48 33 37 61 88 ]
[ 47 45 47 37 57 65 51 61 36 59 ]
[ 9 36 86 77 11 76 67 48 85 34 ]
[ 26 53 57 86 62 19 87 96 56 48 ]
[ 36 55 45 83 44 54 0 96 67 36 ]
[ 7 77 25 93 6 36 69 73 84 55 ]
[ 8 62 8 17 1 70 88 88 18 96 ]
[ 88 6 51 33 89 96 87 90 44 6 ]
[ 78 51 83 3 96 90 91 65 63 75 ]
[ 20 23 90 80 92 91 3 80 79 73 ]
[ 76 67 32 80 0 21 76 39 63 72 ]
[ 45 94 75 29 49 71 71 41 88 34 ]
[ 68 61 10 58 93 2 49 48 83 80 ]

Running merge sort algorithm: 
Timer (sort): 239ms real	200ms user	40ms sys
The output is sorted!
[ 2 0 18 10 38 3 3 8 2 4 ]
[ 5 20 24 6 4 7 3 15 1 20 ]
[ 2 17 2 4 21 41 6 8 3 14 ]
[ 6 25 35 3 0 6 6 27 4 10 ]
[ 18 20 0 7 0 6 20 16 21 15 ]
[ 21 6 17 31 8 15 12 4 4 8 ]
[ 1 2 5 7 14 14 7 16 16 44 ]
[ 8 11 9 15 7 18 38 12 11 0 ]
[ 2 40 18 4 0 8 26 16 11 5 ]
[ 11 6 4 0 20 8 4 7 28 44 ]
[ 17 2 33 6 2 1 11 3 20 37 ]
[ 26 22 0 2 6 19 0 18 22 17 ]
[ 0 1 10 30 0 32 3 2 24 32 ]
[ 2 33 1 13 8 8 26 16 25 2 ]
[ 2 16 30 30 21 0 3 10 20 3 ]
[ 32 15 1 7 8 6 13 19 32 2 ]
[ 2 10 12 15 32 19 7 31 0 7 ]
[ 0 5 22 23 2 26 15 4 27 12 ]
[ 1 41 17 7 21 3 25 8 0 15 ]
[ 11 8 12 9 4 4 1 40 20 30 ]

