Timer (generate): 5ms real	0ms user	0ms sys
[ 47 35 64 37 82 17 33 31 55 19 94 62 36 57 37 54 70 98 19 91 75 5 19 32 47 ]
[ 85 97 69 31 58 92 30 45 56 67 79 73 53 10 28 72 5 42 60 62 31 67 85 29 86 ]
[ 28 57 91 47 89 90 32 86 11 63 96 4 45 41 60 12 72 86 65 83 66 89 40 61 50 ]
[ 2 92 17 39 22 55 67 31 46 14 72 88 46 10 0 61 6 4 6 99 64 71 71 2 88 ]
[ 6 69 30 46 30 80 49 22 49 88 96 4 8 27 2 22 51 90 21 61 90 34 67 46 93 ]
[ 18 63 16 90 65 4 96 34 34 95 16 66 96 39 15 36 87 71 44 67 73 19 18 64 40 ]
[ 80 6 26 47 5 19 66 68 35 8 33 92 56 20 78 51 36 97 47 27 12 84 15 36 28 ]
[ 82 9 99 0 25 39 32 84 18 32 89 37 98 57 25 58 42 17 66 62 47 18 51 44 17 ]
[ 78 9 53 45 45 34 79 6 33 32 32 25 64 68 43 96 57 80 46 66 5 4 60 74 71 ]
[ 75 22 41 26 18 10 56 27 64 2 24 98 33 31 31 65 15 56 30 83 51 26 92 32 73 ]
[ 10 89 29 70 16 52 45 90 45 23 8 56 80 88 20 34 12 70 67 43 53 33 10 62 15 ]
[ 93 13 41 37 45 66 47 87 48 18 3 0 15 93 46 39 53 2 19 41 74 5 6 44 72 ]
[ 49 97 57 12 59 24 57 73 66 95 70 84 42 57 32 12 12 85 28 57 31 67 11 85 38 ]
[ 4 11 43 10 55 67 12 4 77 24 16 1 81 41 19 28 11 4 71 21 88 35 85 73 63 ]
[ 43 56 82 6 93 20 62 4 15 73 11 83 37 16 12 61 84 13 94 25 85 23 88 41 46 ]
[ 61 29 81 47 55 97 42 63 79 0 57 52 62 61 67 87 73 2 24 41 66 85 25 32 80 ]
[ 2 17 55 90 58 1 4 39 82 51 46 79 45 10 11 45 67 63 7 80 82 95 53 37 19 ]
[ 46 3 57 23 35 89 77 4 44 68 62 97 24 54 79 75 0 11 72 10 74 17 29 89 76 ]
[ 10 71 23 15 60 95 62 16 52 37 51 93 15 8 89 35 22 86 59 76 17 86 29 28 58 ]
[ 91 54 75 21 43 3 31 67 27 46 27 22 60 43 26 98 47 19 65 7 60 0 29 46 11 ]

Running merge sort algorithm: 
Timer (sort): 2ms real	0ms user	0ms sys
The output is sorted!
[ 2 7 44 8 8 67 18 11 82 9 14 57 0 3 49 7 63 5 52 10 30 12 13 43 74 ]
[ 5 6 58 15 81 5 51 14 25 64 18 8 26 10 11 39 28 12 7 48 29 31 15 21 88 ]
[ 17 1 25 41 74 31 3 8 94 21 4 97 55 2 11 49 2 19 12 54 28 7 61 39 2 ]
[ 9 9 41 60 60 56 13 67 9 11 15 2 31 36 63 46 4 32 45 29 29 6 20 66 1 ]
[ 16 89 14 55 37 31 57 33 9 36 52 55 5 7 26 0 6 21 12 70 19 51 0 12 62 ]
[ 70 12 18 50 86 35 27 9 12 22 13 10 17 83 7 81 3 1 24 69 15 30 31 12 38 ]
[ 23 31 42 11 16 20 35 0 0 0 55 43 19 86 88 18 82 39 46 5 22 9 38 22 27 ]
[ 60 36 4 67 14 64 30 0 26 38 21 66 16 66 32 32 1 58 31 21 33 8 17 33 5 ]
[ 27 31 80 5 20 5 73 48 1 44 0 32 38 30 3 50 7 5 59 74 31 34 30 40 19 ]
[ 38 57 47 4 48 38 74 20 57 64 11 50 23 3 7 41 91 0 0 21 14 42 8 13 30 ]
[ 8 32 10 24 25 61 37 52 12 16 6 7 13 44 58 71 3 9 24 25 31 80 48 69 37 ]
[ 6 4 80 0 17 63 6 75 51 16 96 17 2 12 17 63 7 5 9 3 73 90 13 53 25 ]
[ 20 77 12 19 9 69 67 8 38 37 30 0 14 31 86 32 5 12 15 35 75 49 28 2 34 ]
[ 21 3 46 34 23 28 88 29 50 22 1 35 8 60 24 56 49 18 18 16 3 98 36 7 34 ]
[ 10 23 26 20 34 2 31 64 4 24 60 94 26 5 5 36 22 41 4 65 25 85 15 6 80 ]
[ 17 25 8 8 23 84 28 52 49 48 13 18 67 22 8 4 52 9 18 36 47 2 41 59 70 ]
[ 67 4 10 76 11 56 13 24 41 43 68 25 6 46 51 85 21 6 53 28 5 13 46 1 9 ]
[ 5 11 96 25 78 72 5 68 19 54 40 5 20 64 36 9 1 6 29 19 9 64 34 3 45 ]
[ 5 29 41 68 20 25 66 39 63 23 7 9 25 0 43 20 19 87 42 45 28 10 84 10 10 ]
[ 94 20 47 18 38 47 16 8 0 12 21 20 73 11 74 17 1 51 24 13 90 44 35 12 37 ]

Timer (generate): 5ms real	0ms user	0ms sys
[ 61 40 88 14 8 0 79 68 80 90 72 55 33 33 27 6 53 87 96 29 61 34 87 21 70 ]
[ 46 82 52 19 22 62 80 15 2 47 75 2 26 43 83 68 16 90 1 1 69 59 54 56 55 ]
[ 35 17 90 74 38 60 20 20 65 91 95 27 24 10 82 71 85 84 49 81 19 18 49 61 71 ]
[ 50 30 31 57 86 38 92 4 28 67 94 41 39 15 6 83 10 85 7 20 67 78 57 4 27 ]
[ 90 75 45 39 37 69 42 67 0 99 6 38 43 62 19 10 56 60 2 71 18 85 33 55 92 ]
[ 5 75 22 63 31 49 53 6 47 45 43 16 87 63 68 38 69 58 81 31 77 44 87 89 46 ]
[ 11 59 31 44 67 75 50 42 97 65 25 98 70 31 45 67 27 13 6 90 33 44 11 92 78 ]
[ 94 21 22 81 63 20 44 22 51 41 89 78 43 83 75 60 8 73 30 92 71 50 19 36 56 ]
[ 9 22 53 72 14 31 66 87 5 99 50 25 44 25 28 37 66 6 80 50 33 40 10 6 22 ]
[ 2 29 72 73 66 81 34 88 34 6 54 65 72 93 22 72 44 47 16 69 27 5 35 85 85 ]
[ 37 18 77 0 76 99 54 6 24 28 72 5 62 12 91 69 18 8 93 11 30 65 55 29 33 ]
[ 76 56 38 64 93 75 53 11 52 53 87 52 8 93 28 88 17 85 2 81 76 23 99 84 17 ]
[ 11 66 34 18 95 68 47 3 58 11 96 34 64 59 86 70 46 90 30 92 18 70 61 55 72 ]
[ 43 83 96 42 19 65 5 85 99 24 32 19 23 87 78 34 35 12 50 94 98 72 93 41 2 ]
[ 37 11 72 98 67 97 93 2 93 36 22 10 93 7 61 69 92 81 92 79 59 26 67 23 29 ]
[ 61 73 1 6 14 4 95 26 28 94 45 25 87 47 70 75 69 80 21 29 42 90 73 75 83 ]
[ 4 34 9 71 9 90 85 82 92 91 97 48 87 75 76 33 20 54 72 67 24 0 89 57 21 ]
[ 70 51 11 43 26 94 47 12 56 19 21 46 4 3 90 47 52 38 86 27 67 19 47 21 44 ]
[ 67 97 44 8 54 17 78 57 28 73 35 75 20 47 83 91 20 81 47 76 72 95 28 62 33 ]
[ 56 29 53 55 2 49 74 0 93 82 6 10 12 16 90 85 51 65 58 51 0 49 71 82 49 ]

Running merge sort algorithm: 
Timer (sort): 2ms real	0ms user	0ms sys
The output is sorted!
[ 29 11 66 34 2 11 24 28 0 14 7 11 32 33 20 9 93 60 28 21 19 39 8 67 1 ]
[ 2 7 4 15 11 16 3 4 48 65 4 12 10 31 58 29 7 13 41 42 51 76 35 48 39 ]
[ 9 95 5 7 53 0 15 1 17 23 31 71 92 60 23 28 21 15 14 15 22 72 4 10 21 ]
[ 55 55 11 11 3 0 30 13 56 7 99 75 20 13 16 15 13 25 19 1 1 94 34 49 26 ]
[ 63 36 37 49 5 64 28 27 3 1 17 1 69 23 16 72 30 26 86 32 16 5 17 32 11 ]
[ 22 3 48 14 4 4 32 7 51 66 4 33 12 4 64 88 42 71 13 11 61 16 10 25 62 ]
[ 26 52 9 36 2 49 22 23 16 46 7 7 7 30 99 21 15 32 30 33 26 33 79 32 36 ]
[ 4 4 19 41 13 4 36 17 65 36 23 73 26 78 30 48 24 3 28 19 37 57 17 42 39 ]
[ 99 0 10 70 9 63 96 24 0 30 12 38 9 51 6 20 31 8 12 14 63 20 31 55 13 ]
[ 32 0 85 61 0 63 28 65 3 14 47 39 51 31 18 44 22 7 40 51 3 37 2 45 4 ]
[ 32 0 58 18 5 43 31 5 12 25 40 90 86 39 4 45 20 39 67 0 7 16 66 33 12 ]
[ 35 3 92 5 32 32 46 95 6 17 10 31 36 80 11 16 79 80 0 12 28 9 23 8 12 ]
[ 51 49 15 9 17 14 50 93 28 0 9 98 9 10 0 16 89 19 62 6 19 14 61 34 32 ]
[ 82 77 9 30 2 18 93 22 28 9 20 1 17 90 27 27 51 54 15 57 9 4 46 14 10 ]
[ 5 9 25 20 20 59 63 28 19 26 22 9 63 54 47 12 12 37 2 53 88 70 17 48 10 ]
[ 45 60 24 17 12 48 24 0 3 61 25 42 53 3 32 69 51 7 40 1 11 4 43 62 85 ]
[ 13 34 2 61 13 32 41 22 42 35 13 9 0 61 22 8 13 75 36 42 10 86 42 93 17 ]
[ 30 63 26 41 58 11 93 11 2 2 76 21 64 27 96 15 12 35 16 29 1 77 4 6 7 ]
[ 80 83 12 26 15 44 17 83 25 10 31 52 28 4 16 79 14 4 18 94 50 18 20 4 0 ]
[ 41 11 8 23 64 0 47 48 50 67 24 69 28 10 47 86 41 9 14 46 20 37 11 22 7 ]

Timer (generate): 4ms real	0ms user	0ms sys
[ 76 23 29 32 55 19 52 57 51 61 81 29 1 87 84 68 1 67 75 56 75 33 42 9 24 ]
[ 96 45 0 78 73 73 54 49 55 38 56 74 91 14 77 4 95 6 5 82 42 25 35 10 0 ]
[ 44 37 85 86 98 9 35 44 61 13 69 87 19 70 42 58 27 68 1 41 45 5 88 3 11 ]
[ 22 46 36 57 8 89 53 45 74 40 43 36 27 39 49 92 9 36 11 79 78 69 58 46 70 ]
[ 51 43 28 39 47 39 61 93 27 71 1 68 24 98 43 16 41 31 95 33 80 87 42 17 99 ]
[ 73 95 20 84 94 43 35 37 71 75 84 10 88 29 89 11 30 58 88 28 53 56 22 36 52 ]
[ 55 16 91 49 33 90 74 81 63 58 27 6 94 64 77 21 1 39 61 30 28 73 13 38 13 ]
[ 93 43 69 15 79 73 22 96 65 23 81 7 98 14 70 56 41 76 2 6 5 75 59 44 37 ]
[ 89 25 62 2 63 75 48 59 96 15 38 70 38 86 35 61 20 94 11 34 65 20 28 93 74 ]
[ 86 99 50 45 43 39 34 68 1 89 84 28 89 43 24 4 33 46 94 20 33 8 40 28 19 ]
[ 26 45 39 54 38 66 40 37 16 85 81 55 72 1 8 13 85 88 2 28 64 6 62 11 1 ]
[ 34 96 61 26 24 80 52 21 72 59 60 38 51 97 6 89 30 13 61 32 73 26 17 61 28 ]
[ 98 77 86 12 88 39 46 37 0 24 13 81 28 35 5 87 95 95 91 44 1 80 75 66 93 ]
[ 7 39 19 76 52 99 74 29 85 38 70 77 36 7 77 60 72 10 89 7 67 76 2 62 19 ]
[ 99 15 99 74 33 44 33 72 63 9 76 14 36 6 52 74 76 29 11 35 58 23 7 21 12 ]
[ 67 88 41 21 51 60 20 18 12 94 52 56 27 76 72 89 53 86 25 11 38 51 39 19 14 ]
[ 74 30 38 33 51 2 0 39 43 22 42 56 42 61 68 89 65 24 16 41 48 5 46 35 82 ]
[ 57 25 34 96 97 0 22 27 90 56 78 93 8 17 36 30 12 44 25 73 12 14 90 89 82 ]
[ 83 37 40 30 24 22 87 2 8 36 99 9 58 26 99 66 56 44 75 73 33 57 85 77 82 ]
[ 10 42 96 0 83 79 36 72 19 66 97 93 5 99 2 41 50 63 52 28 14 18 84 59 45 ]

Running merge sort algorithm: 
Timer (sort): 3ms real	0ms user	0ms sys
The output is sorted!
[ 0 12 44 0 86 48 70 3 1 11 2 30 83 64 36 21 42 17 14 6 26 14 70 1 26 ]
[ 39 73 92 18 48 33 43 19 1 5 59 9 16 49 33 56 3 4 6 17 19 10 21 0 66 ]
[ 34 28 55 4 86 7 2 26 43 36 18 68 10 3 9 12 6 13 27 18 33 63 41 87 25 ]
[ 45 6 7 3 94 8 16 66 56 24 21 15 94 8 44 54 13 40 96 1 25 11 0 8 25 ]
[ 65 21 39 27 3 61 42 33 27 35 6 3 29 15 64 4 1 3 60 9 63 12 39 94 29 ]
[ 43 98 30 8 14 13 11 9 37 57 46 64 25 78 18 8 26 24 61 46 3 10 14 9 36 ]
[ 37 24 54 1 11 99 23 12 3 35 46 21 36 10 15 53 78 11 16 52 13 14 1 43 92 ]
[ 39 0 2 6 14 58 46 4 13 31 42 12 23 27 87 38 30 41 65 49 34 31 60 6 48 ]
[ 35 97 12 2 44 61 16 62 35 13 28 26 24 28 2 10 21 40 15 48 11 29 30 40 80 ]
[ 33 29 42 32 77 16 3 14 7 41 40 21 69 0 13 25 17 15 88 7 46 79 52 19 24 ]
[ 38 21 48 0 2 16 81 11 9 22 92 43 11 16 77 31 39 50 28 54 7 0 86 13 16 ]
[ 56 14 79 3 20 62 33 87 22 2 27 4 39 21 2 95 9 20 40 17 28 47 40 49 1 ]
[ 27 7 58 57 0 0 32 30 29 37 14 27 14 0 1 98 28 27 86 51 35 68 43 12 37 ]
[ 71 12 8 2 20 70 28 33 47 49 0 19 9 11 20 13 56 24 91 35 85 27 27 14 48 ]
[ 12 85 22 4 92 30 1 62 64 35 4 2 58 32 84 4 36 3 11 51 12 2 24 51 42 ]
[ 99 10 0 24 5 1 74 39 16 55 63 63 8 5 83 4 55 9 9 2 81 14 34 8 67 ]
[ 94 44 20 3 15 13 2 41 56 77 11 6 4 37 25 31 23 50 9 1 17 16 46 98 90 ]
[ 87 27 47 15 19 46 6 31 9 21 77 22 31 17 72 76 12 49 2 2 72 23 8 36 22 ]
[ 4 33 32 35 20 0 35 6 70 71 49 36 53 15 72 59 51 14 18 52 5 26 35 38 1 ]
[ 32 39 18 63 53 79 5 2 24 24 49 61 4 88 19 8 13 33 32 54 61 17 24 22 6 ]

Timer (generate): 6ms real	0ms user	0ms sys
[ 85 65 68 78 74 47 98 25 35 76 95 68 18 57 18 26 32 26 91 48 14 84 5 26 0 ]
[ 59 25 46 23 66 49 60 83 69 39 57 69 89 82 56 66 78 76 36 87 95 63 20 73 6 ]
[ 20 88 90 25 66 42 36 92 40 60 58 41 72 42 11 11 51 32 53 86 88 19 64 65 55 ]
[ 3 12 70 75 85 77 47 25 19 25 92 14 61 36 54 73 94 96 98 88 59 9 92 91 14 ]
[ 78 31 33 94 48 89 97 60 11 25 46 88 72 71 60 49 15 74 63 51 80 36 98 28 34 ]
[ 38 39 96 30 82 10 8 14 96 2 62 37 0 23 48 77 21 89 1 44 1 51 60 27 14 ]
[ 63 7 2 61 88 89 0 27 37 30 10 99 91 24 95 93 38 84 45 13 33 22 34 74 24 ]
[ 31 75 27 91 2 41 54 61 95 68 49 84 20 77 73 2 87 73 93 63 20 87 1 5 32 ]
[ 67 90 7 1 16 83 32 91 10 75 93 3 82 6 98 2 56 35 22 33 60 24 72 33 18 ]
[ 35 6 57 88 63 41 55 5 48 9 21 83 41 12 93 69 57 48 3 63 99 5 19 86 27 ]
[ 4 46 3 76 32 73 11 38 30 52 1 24 7 6 24 16 27 8 10 91 53 31 0 2 34 ]
[ 63 53 39 35 39 18 39 85 21 68 17 95 31 7 77 83 8 1 91 66 26 59 45 86 69 ]
[ 36 39 52 36 41 86 52 46 25 39 85 95 78 71 17 98 40 64 30 48 93 13 8 95 56 ]
[ 75 73 16 20 59 37 9 98 90 97 92 76 49 38 54 88 76 49 19 47 18 69 39 34 99 ]
[ 39 28 65 48 75 21 75 48 89 47 59 27 56 9 17 6 1 45 7 92 51 96 68 53 67 ]
[ 67 23 88 6 58 88 46 86 53 46 13 26 21 61 16 68 72 43 77 81 12 83 83 9 90 ]
[ 27 61 38 95 14 57 62 37 46 20 47 86 18 33 91 16 46 17 89 59 33 10 31 28 87 ]
[ 13 40 22 48 50 64 75 63 55 22 77 64 36 66 62 8 14 48 79 99 91 95 98 9 85 ]
[ 9 42 95 93 71 34 6 63 8 6 13 72 33 76 79 7 5 96 43 24 58 51 38 59 30 ]
[ 89 50 78 87 59 63 49 54 10 42 77 44 0 40 52 6 6 76 91 34 8 98 92 4 93 ]

Running merge sort algorithm: 
Timer (sort): 2ms real	0ms user	0ms sys
The output is sorted!
[ 67 6 42 54 10 29 0 20 6 0 0 14 40 12 91 41 66 29 15 45 3 20 24 33 20 ]
[ 4 46 3 76 32 73 11 38 30 52 1 24 7 6 24 16 27 8 10 91 53 31 0 2 34 ]
[ 47 12 5 25 20 9 0 36 28 4 51 8 8 43 0 8 6 27 61 19 31 85 64 95 28 ]
[ 11 3 35 12 89 20 13 99 24 33 60 9 58 0 24 9 42 69 9 12 6 8 7 37 36 ]
[ 76 34 21 59 44 1 62 21 15 2 4 13 30 64 33 35 25 27 7 35 33 5 80 3 12 ]
[ 75 54 40 15 39 44 8 4 39 38 37 31 16 20 6 0 6 72 25 22 36 13 3 34 85 ]
[ 3 68 8 53 21 21 41 32 61 50 25 50 1 74 2 3 12 44 18 15 77 0 9 32 59 ]
[ 87 30 6 60 12 43 6 5 28 58 12 30 47 6 96 43 20 19 33 10 2 21 76 17 15 ]
[ 3 1 5 4 1 22 7 22 60 72 99 67 53 33 13 67 36 28 66 55 26 1 0 42 11 ]
[ 11 30 75 21 9 42 28 63 4 84 72 15 7 5 7 11 52 20 43 10 68 40 54 21 5 ]
[ 42 35 6 38 41 77 54 1 44 8 81 44 26 23 35 2 7 9 57 16 11 68 36 38 4 ]
[ 2 88 7 0 46 44 3 58 59 32 21 6 50 43 12 89 25 46 3 5 63 18 69 13 5 ]
[ 54 47 11 44 55 75 89 4 49 20 2 42 49 35 2 21 6 14 10 61 5 0 22 79 11 ]
[ 51 4 26 49 34 0 15 13 20 47 84 71 10 2 89 8 72 13 2 65 13 45 27 24 25 ]
[ 41 0 7 10 66 15 64 85 50 19 24 35 27 18 16 6 37 92 10 32 26 27 9 13 81 ]
[ 2 88 6 1 9 20 67 21 21 83 69 16 42 3 21 4 35 27 17 48 20 42 13 88 47 ]
[ 0 81 9 31 6 33 8 47 10 0 4 98 26 62 2 38 80 68 51 89 1 40 2 0 25 ]
[ 7 90 16 77 56 17 47 33 29 9 18 62 29 13 33 27 0 54 11 51 44 30 15 25 19 ]
[ 40 55 9 32 14 54 5 46 0 16 22 96 8 5 95 12 15 54 16 61 19 20 4 66 49 ]
[ 2 58 93 95 5 50 34 16 50 98 3 2 11 16 4 20 20 16 91 28 15 30 43 3 10 ]

Timer (generate): 4ms real	0ms user	0ms sys
[ 41 48 49 27 84 5 35 7 16 81 85 88 30 6 83 21 17 39 37 72 53 81 19 51 13 ]
[ 68 9 22 71 70 47 12 18 96 92 54 53 27 61 69 60 98 10 90 4 93 63 74 33 0 ]
[ 46 86 82 66 37 47 34 99 70 57 21 69 21 92 65 13 46 70 40 8 92 0 6 2 90 ]
[ 63 95 53 89 80 6 35 18 88 53 8 35 87 7 57 96 80 26 18 72 43 31 19 66 72 ]
[ 79 58 24 37 60 15 52 7 20 41 88 78 77 6 66 30 14 54 70 73 63 66 54 42 36 ]
[ 26 37 68 97 3 40 76 61 16 66 73 31 18 81 4 60 21 82 89 27 1 71 94 7 41 ]
[ 19 22 60 73 64 96 52 54 16 49 57 8 78 71 25 44 96 8 14 77 12 74 50 47 15 ]
[ 30 0 87 24 7 80 43 29 92 69 46 89 73 0 57 74 9 66 4 32 91 48 29 99 63 ]
[ 58 64 89 9 63 5 39 63 44 15 70 24 10 51 17 31 97 58 4 49 15 31 11 33 35 ]
[ 43 76 36 24 76 51 35 92 40 96 55 97 35 70 41 2 92 18 64 43 87 96 93 45 52 ]
[ 42 12 83 5 98 19 49 74 55 25 2 6 60 94 98 56 1 48 43 23 41 97 15 59 62 ]
[ 59 46 58 4 43 62 98 8 46 4 6 65 5 80 72 30 35 30 43 29 80 51 83 28 95 ]
[ 6 70 44 22 81 6 33 28 16 37 23 79 35 31 25 39 89 42 96 22 66 27 57 96 22 ]
[ 38 76 73 73 57 20 80 27 65 54 8 71 39 88 40 76 64 19 63 47 44 55 37 38 51 ]
[ 11 4 30 68 52 4 58 80 78 32 37 98 64 16 15 18 77 39 9 65 79 85 81 98 0 ]
[ 29 94 55 66 84 59 29 88 41 49 92 46 7 72 76 39 62 26 3 78 42 73 7 81 82 ]
[ 73 12 19 6 10 72 35 56 79 53 40 90 82 80 32 31 72 78 39 96 6 30 58 32 86 ]
[ 89 74 59 96 7 94 21 19 65 28 81 37 15 37 69 69 29 59 51 9 91 35 33 21 26 ]
[ 82 27 56 92 60 42 33 86 54 30 94 0 3 13 17 83 95 7 99 84 76 68 14 35 71 ]
[ 75 79 58 61 52 84 95 80 93 39 92 87 73 78 93 55 24 93 58 90 63 94 85 70 93 ]

Running merge sort algorithm: 
Timer (sort): 2ms real	0ms user	0ms sys
The output is sorted!
[ 56 23 16 74 25 6 32 27 18 24 22 69 40 56 18 51 0 6 32 19 37 23 34 29 10 ]
[ 22 16 40 18 66 32 58 31 48 26 29 69 8 17 89 28 14 21 25 44 8 4 2 13 20 ]
[ 19 44 46 1 34 59 24 30 49 4 27 51 34 12 86 15 46 10 6 11 94 2 12 37 17 ]
[ 52 11 50 13 26 16 32 99 9 19 24 20 7 88 41 84 10 6 62 36 0 6 54 0 5 ]
[ 34 10 62 25 28 50 15 5 19 51 20 54 20 45 5 39 29 36 38 22 64 2 32 33 39 ]
[ 37 60 92 56 14 0 20 28 2 78 37 22 59 0 19 37 21 22 33 39 21 7 36 43 1 ]
[ 4 56 33 67 37 34 16 27 49 18 47 99 9 29 44 9 42 24 7 21 35 5 28 0 46 ]
[ 13 87 9 66 27 8 20 4 99 25 53 18 19 98 12 11 4 11 3 85 11 24 25 43 14 ]
[ 40 39 9 31 64 0 17 83 27 25 68 13 18 17 13 25 9 95 12 42 39 18 45 14 27 ]
[ 31 66 6 11 40 35 57 24 15 13 6 73 47 25 34 21 3 39 6 81 23 87 2 18 28 ]
[ 30 43 9 96 62 16 32 41 28 15 43 68 26 3 7 77 0 22 0 0 17 14 44 55 49 ]
[ 11 43 73 77 65 23 10 9 99 10 28 71 30 17 35 27 7 7 1 3 27 1 38 61 28 ]
[ 60 0 87 29 37 25 82 0 28 47 26 44 31 25 53 2 1 26 9 42 19 46 52 25 8 ]
[ 7 14 25 12 88 51 4 22 41 2 30 12 13 78 10 47 47 27 3 98 17 69 4 44 41 ]
[ 64 3 23 8 12 95 68 29 1 13 35 25 34 12 22 19 77 0 61 11 1 47 72 59 16 ]
[ 2 81 2 16 24 77 40 42 80 9 50 8 28 81 14 67 57 22 15 24 3 7 31 7 24 ]
[ 32 6 30 51 46 36 20 5 18 47 39 50 24 60 39 32 2 16 10 48 60 4 36 49 57 ]
[ 14 70 13 69 21 6 0 25 3 3 69 99 22 49 42 44 2 30 1 12 60 22 1 47 94 ]
[ 27 2 35 12 27 5 85 34 19 13 52 56 51 93 30 16 11 18 7 83 16 44 3 6 76 ]
[ 32 43 32 12 12 5 59 50 45 96 37 64 3 17 54 13 4 38 95 3 21 21 28 19 26 ]

Timer (generate): 3ms real	0ms user	0ms sys
[ 88 87 75 11 71 63 36 64 88 12 58 40 85 33 87 24 21 83 29 27 24 49 70 46 40 ]
[ 55 39 90 23 34 10 11 21 86 74 92 49 11 57 90 75 67 30 12 52 69 36 25 52 65 ]
[ 52 28 66 23 75 58 30 14 48 53 48 59 16 22 97 91 14 98 54 71 88 29 90 71 41 ]
[ 42 40 77 19 45 94 72 73 60 47 0 71 77 67 19 82 67 30 50 89 79 93 56 78 47 ]
[ 79 18 76 70 89 69 64 30 98 84 27 44 8 0 5 55 53 28 84 72 47 66 91 30 68 ]
[ 33 9 62 89 39 61 68 58 90 90 47 59 7 29 10 91 56 54 99 9 11 6 14 39 90 ]
[ 86 39 8 29 69 28 62 30 90 3 70 52 24 28 94 14 27 53 21 9 63 64 65 18 15 ]
[ 74 81 21 40 21 63 78 60 23 8 81 52 22 11 94 26 33 98 2 13 92 68 41 46 42 ]
[ 50 61 6 67 31 74 94 13 47 34 34 11 13 46 34 73 27 38 95 90 33 73 24 31 75 ]
[ 37 24 44 30 22 86 32 83 44 52 67 18 46 80 66 32 66 29 97 12 15 70 91 54 66 ]
[ 81 39 39 57 70 67 47 46 11 77 68 97 62 4 93 14 71 12 12 51 30 96 69 59 94 ]
[ 81 74 64 24 80 82 5 19 74 15 90 41 62 36 52 91 57 1 53 61 94 19 32 58 83 ]
[ 35 88 80 4 47 74 37 22 38 61 54 73 18 74 47 85 16 40 47 4 92 39 61 45 44 ]
[ 22 91 16 6 50 99 93 38 79 97 38 53 86 12 44 99 66 17 70 40 16 55 56 56 3 ]
[ 61 0 94 22 97 90 97 88 6 55 38 6 49 29 85 98 67 91 85 79 35 36 45 4 6 ]
[ 86 72 62 42 28 17 55 80 63 78 77 53 27 65 60 82 56 66 31 85 3 30 52 94 67 ]
[ 31 29 55 76 85 62 14 57 76 9 37 45 64 17 8 94 94 13 21 12 73 56 68 91 87 ]
[ 53 95 69 5 41 88 88 23 44 16 8 58 31 18 86 40 55 31 4 25 91 51 19 56 72 ]
[ 83 30 28 51 73 68 56 20 89 13 62 30 53 85 74 70 45 84 1 63 70 93 19 53 49 ]
[ 44 96 0 15 52 73 51 34 53 54 8 73 11 80 63 76 42 45 30 79 19 0 25 55 53 ]

Running merge sort algorithm: 
Timer (sort): 2ms real	0ms user	0ms sys
The output is sorted!
[ 0 8 36 4 20 30 10 81 1 9 98 3 42 5 37 0 16 22 16 49 14 14 9 17 99 ]
[ 7 15 39 24 2 27 59 65 29 15 65 44 24 34 21 28 80 4 6 11 22 8 8 16 54 ]
[ 7 20 36 5 2 8 13 18 54 13 27 39 23 26 53 49 73 31 21 8 56 61 16 16 47 ]
[ 20 5 98 3 5 33 70 0 61 18 0 2 18 25 33 22 62 13 22 0 27 97 7 18 67 ]
[ 34 20 60 13 96 5 2 76 4 63 16 4 14 0 18 10 7 3 43 23 44 70 34 69 11 ]
[ 19 15 30 26 15 68 36 43 40 8 7 0 91 49 39 43 31 35 22 63 44 4 12 12 14 ]
[ 39 1 23 13 6 2 18 47 45 73 7 25 29 0 31 95 44 50 65 36 9 71 3 20 18 ]
[ 12 23 91 15 8 87 10 73 1 47 68 9 16 45 20 5 52 23 5 1 56 1 85 25 4 ]
[ 2 6 10 11 12 37 28 7 22 12 56 37 51 43 2 50 35 82 20 13 30 4 98 51 71 ]
[ 34 59 66 12 34 4 20 61 7 4 66 46 2 2 8 38 30 0 98 13 51 16 54 41 30 ]
[ 27 68 1 17 21 87 30 20 35 29 71 24 35 25 5 39 37 50 4 23 2 24 41 17 66 ]
[ 10 19 72 1 29 89 60 61 63 12 19 2 16 9 2 33 36 90 28 11 22 89 13 6 19 ]
[ 11 88 86 46 50 7 73 20 6 46 22 57 26 26 61 0 6 55 0 18 5 60 4 32 9 ]
[ 99 24 23 70 26 56 1 22 7 10 0 94 79 3 39 22 45 15 35 64 0 4 17 5 59 ]
[ 26 76 21 17 33 82 5 36 34 22 13 26 27 14 43 6 56 68 6 29 42 18 27 62 30 ]
[ 91 9 12 98 21 60 92 49 7 1 2 18 31 36 37 1 2 40 0 14 4 29 50 98 21 ]
[ 72 85 6 28 4 28 42 33 78 38 9 98 2 1 78 27 11 50 7 22 19 3 44 15 26 ]
[ 25 30 27 7 21 87 89 36 96 55 12 38 18 39 23 52 29 37 25 6 44 9 11 11 1 ]
[ 3 20 12 5 6 24 17 55 52 6 11 3 25 78 19 53 19 67 6 32 13 74 71 75 83 ]
[ 37 48 41 10 30 45 24 52 8 13 24 87 95 20 14 73 16 15 30 9 41 2 16 70 11 ]

Timer (generate): 4ms real	0ms user	0ms sys
[ 35 75 82 11 75 64 66 44 86 71 39 28 35 8 85 0 8 54 20 63 46 36 89 56 86 ]
[ 6 90 78 53 12 81 88 87 15 51 14 31 17 58 17 40 50 98 75 10 83 75 18 37 96 ]
[ 82 36 32 23 44 70 29 86 49 82 98 30 70 86 98 73 52 29 43 11 47 83 13 97 59 ]
[ 23 32 86 93 22 82 27 58 66 50 54 37 79 40 86 61 91 68 83 29 66 57 81 48 0 ]
[ 44 47 35 57 44 94 80 76 81 26 98 15 53 8 34 4 62 23 35 55 9 97 46 29 32 ]
[ 75 48 41 56 96 41 1 43 77 10 39 23 43 15 56 69 66 24 22 74 58 78 89 81 14 ]
[ 44 42 63 90 23 95 65 23 37 73 19 30 74 14 59 37 53 35 80 21 91 49 39 67 23 ]
[ 13 25 2 2 58 68 98 52 31 88 28 78 5 51 67 79 23 98 5 37 9 42 43 44 22 ]
[ 16 88 23 55 55 47 20 33 1 75 43 69 73 48 52 62 76 30 67 27 98 98 50 48 4 ]
[ 40 57 46 35 54 21 3 42 44 10 49 91 30 34 44 57 78 13 31 26 65 45 2 48 64 ]
[ 81 98 63 84 46 19 76 55 65 63 61 86 66 55 83 76 5 74 58 39 19 16 69 84 47 ]
[ 47 2 44 1 50 60 83 0 23 19 46 94 95 53 60 58 67 98 24 22 81 52 79 8 10 ]
[ 71 79 78 40 63 77 40 65 21 41 67 82 76 67 57 95 65 52 42 71 64 0 38 62 76 ]
[ 12 96 80 92 56 91 63 35 21 55 50 99 47 68 20 89 35 54 65 55 12 13 72 16 55 ]
[ 43 80 8 33 94 84 46 42 17 90 98 60 5 33 81 60 84 80 8 52 1 49 39 7 66 ]
[ 94 71 79 67 87 87 62 19 95 96 14 31 94 8 48 84 7 8 89 92 42 1 28 22 61 ]
[ 32 75 10 72 83 77 18 54 8 37 94 95 0 13 42 48 79 26 94 88 74 78 95 35 19 ]
[ 39 77 20 68 51 82 0 27 44 24 62 73 43 68 34 32 62 81 32 76 24 32 55 2 26 ]
[ 43 76 56 90 63 75 30 92 48 98 44 82 50 23 26 75 85 52 18 53 86 50 68 67 35 ]
[ 44 43 19 99 45 98 95 74 54 85 89 30 67 82 78 17 78 60 68 53 38 43 90 90 13 ]

Running merge sort algorithm: 
Timer (sort): 2ms real	0ms user	0ms sys
The output is sorted!
[ 62 42 88 50 6 24 33 7 43 15 58 2 10 51 9 20 16 27 28 24 5 35 4 3 18 ]
[ 27 22 1 4 4 10 35 21 8 20 22 11 45 33 81 38 6 47 42 44 48 12 50 13 40 ]
[ 4 6 20 14 23 11 22 31 6 42 3 54 19 28 12 83 55 83 55 10 42 67 3 18 6 ]
[ 46 11 67 24 1 17 88 49 40 88 15 3 45 23 17 42 0 14 1 10 32 8 35 8 65 ]
[ 43 23 3 12 14 21 31 3 19 14 4 33 3 38 38 79 95 80 30 20 37 61 10 1 43 ]
[ 40 67 44 9 32 21 90 6 0 30 37 14 11 15 45 32 16 12 28 83 14 34 9 6 63 ]
[ 0 24 3 69 56 31 18 45 42 7 19 15 13 5 1 24 28 42 77 44 94 24 3 42 34 ]
[ 86 21 51 27 12 48 47 99 4 43 35 38 21 45 6 6 10 26 1 22 47 27 46 3 1 ]
[ 1 25 56 7 30 24 8 2 15 81 5 57 87 27 61 13 84 10 6 19 19 37 41 33 27 ]
[ 33 7 34 12 90 51 47 18 27 22 88 38 15 6 17 13 37 14 67 20 17 24 5 76 2 ]
[ 93 75 68 1 16 17 2 8 14 53 5 14 15 7 97 0 51 7 3 54 7 54 27 5 92 ]
[ 29 35 44 50 25 39 28 10 41 29 10 35 52 36 11 6 67 5 33 52 35 0 66 15 33 ]
[ 94 60 39 21 20 34 15 4 13 98 2 14 69 29 32 81 10 4 8 50 31 4 28 21 7 ]
[ 31 59 17 4 0 27 5 87 0 8 92 18 6 40 40 52 54 6 9 1 26 57 59 7 86 ]
[ 30 31 0 2 16 17 69 23 92 72 29 19 21 17 82 2 38 36 43 0 55 3 59 39 7 ]
[ 56 14 24 13 50 34 99 3 14 11 4 4 59 8 96 28 82 12 5 41 94 6 21 29 8 ]
[ 20 86 78 26 31 22 2 86 4 1 4 32 8 15 23 24 4 7 92 49 16 53 57 2 74 ]
[ 39 9 3 70 10 2 54 86 7 65 28 25 70 35 17 16 65 6 19 21 16 36 53 7 60 ]
[ 2 71 1 16 2 3 22 96 81 32 71 55 1 71 56 35 39 30 14 4 37 69 0 4 11 ]
[ 54 18 3 42 0 5 3 3 53 52 18 8 56 3 60 47 54 21 82 95 17 9 8 35 79 ]

Timer (generate): 4ms real	0ms user	0ms sys
[ 42 76 87 34 52 88 67 6 78 78 79 58 76 21 13 38 51 0 61 15 74 5 19 62 14 ]
[ 39 39 53 41 0 34 35 28 21 70 32 61 37 39 39 67 70 50 43 91 15 34 95 15 47 ]
[ 10 41 52 81 4 66 20 43 19 62 95 5 97 76 26 19 8 88 57 99 79 76 69 81 20 ]
[ 13 97 54 8 12 1 70 6 5 51 10 72 72 5 43 86 52 1 83 28 27 3 37 67 12 ]
[ 36 47 88 58 80 60 71 77 66 31 42 19 1 48 25 52 10 49 76 15 44 62 19 45 98 ]
[ 48 25 53 37 92 65 25 91 5 83 72 18 6 49 84 37 43 56 90 91 81 43 53 82 19 ]
[ 20 78 34 40 24 32 40 1 85 77 93 2 2 85 59 86 9 77 44 10 14 82 54 70 72 ]
[ 97 3 67 51 37 39 23 15 73 63 91 5 3 92 42 32 86 96 35 23 55 73 32 85 17 ]
[ 94 99 99 48 69 24 98 24 91 49 61 30 24 76 55 88 68 12 43 12 54 76 98 50 11 ]
[ 73 58 84 57 43 1 52 42 53 52 63 29 50 87 20 99 48 3 24 24 10 64 44 23 59 ]
[ 57 77 35 7 80 98 33 90 34 90 33 88 94 27 41 47 90 70 97 77 42 49 77 97 25 ]
[ 53 8 89 50 83 48 7 60 36 66 92 34 51 82 69 94 67 57 88 94 50 35 84 72 85 ]
[ 13 66 34 90 64 59 44 24 0 94 7 0 53 19 88 71 64 75 23 98 44 17 66 53 57 ]
[ 60 55 93 97 27 30 10 93 64 53 9 75 49 85 27 95 92 79 0 64 68 23 80 43 46 ]
[ 78 39 15 44 44 73 5 99 18 54 26 0 64 71 64 69 33 91 18 18 70 65 63 49 65 ]
[ 27 69 89 7 64 87 37 55 55 82 99 80 39 50 50 93 28 50 9 0 66 79 33 57 49 ]
[ 51 27 67 66 28 84 93 50 25 52 66 13 90 22 20 24 73 0 63 24 50 8 52 0 17 ]
[ 4 66 48 89 75 50 93 54 69 59 34 53 5 84 79 9 51 44 51 73 16 75 98 16 90 ]
[ 22 18 98 27 70 68 31 88 16 21 63 18 66 69 87 25 3 93 30 88 24 40 91 68 91 ]
[ 16 84 19 14 52 9 89 70 8 16 92 76 99 80 44 72 95 63 38 64 2 64 67 95 46 ]

Running merge sort algorithm: 
Timer (sort): 2ms real	0ms user	0ms sys
The output is sorted!
[ 4 34 22 23 1 64 22 19 10 68 9 0 61 40 15 19 28 6 23 10 17 76 12 34 85 ]
[ 16 21 1 48 0 5 13 45 1 37 36 51 44 60 87 2 90 56 4 0 78 6 8 12 0 ]
[ 7 92 60 25 35 13 0 23 57 21 13 6 6 43 58 14 72 7 24 2 21 27 72 4 34 ]
[ 24 41 15 23 35 10 71 85 18 20 39 6 30 13 9 5 21 16 1 95 53 3 52 48 14 ]
[ 24 97 31 15 23 23 2 17 39 96 49 13 25 10 80 65 28 15 29 18 4 22 1 18 23 ]
[ 75 22 5 10 4 23 87 14 44 51 4 25 5 13 51 37 37 10 33 87 3 27 87 5 19 ]
[ 40 70 87 11 28 6 8 62 24 63 29 30 27 17 28 57 36 1 20 7 35 9 0 9 90 ]
[ 19 22 23 4 1 96 66 33 24 4 75 57 3 10 50 0 12 11 37 86 2 24 76 53 6 ]
[ 64 67 43 3 40 5 28 6 9 84 74 2 23 45 26 51 20 17 83 13 3 14 1 71 11 ]
[ 18 23 59 56 21 48 5 21 67 22 40 19 25 6 69 9 9 51 1 87 74 27 25 20 9 ]
[ 6 36 41 31 7 50 3 0 50 60 63 66 4 40 85 23 59 2 14 49 10 35 7 28 47 ]
[ 40 25 43 11 11 31 6 19 86 72 9 30 6 2 31 34 69 31 50 25 40 7 23 69 47 ]
[ 33 41 1 9 50 4 35 18 18 10 83 37 90 83 2 3 45 65 86 5 25 14 0 38 24 ]
[ 2 52 51 46 3 84 5 49 39 51 5 64 9 6 32 9 0 15 55 58 16 28 56 42 45 ]
[ 35 29 1 7 33 14 7 54 36 63 8 36 66 14 14 45 69 87 46 0 7 1 54 21 78 ]
[ 3 4 62 35 74 2 1 28 11 70 99 2 68 78 35 17 40 38 20 9 20 18 65 14 14 ]
[ 34 81 5 45 0 25 40 14 15 63 31 95 38 97 61 3 0 28 17 9 51 7 45 18 6 ]
[ 49 36 22 14 39 96 21 44 48 64 67 14 14 26 26 34 28 8 25 16 3 10 3 24 98 ]
[ 12 27 41 88 31 31 10 17 81 8 67 12 45 16 4 8 12 95 40 43 1 69 42 25 5 ]
[ 25 18 74 0 84 75 1 16 5 97 1 12 0 37 68 24 8 19 37 37 48 0 54 4 87 ]

Timer (generate): 5ms real	0ms user	0ms sys
[ 35 47 73 42 45 32 24 72 83 55 97 64 18 52 88 63 57 53 68 56 85 59 22 66 96 ]
[ 70 19 38 84 84 9 71 83 34 14 80 66 90 52 2 45 2 66 15 54 6 78 63 60 46 ]
[ 19 45 57 93 63 54 15 82 44 99 18 53 71 2 39 37 34 58 27 39 60 24 41 78 39 ]
[ 95 85 17 10 45 16 29 42 25 75 6 31 90 40 75 42 59 80 65 13 20 2 47 78 29 ]
[ 86 90 53 27 20 92 74 5 61 36 2 29 18 97 55 93 55 86 35 95 62 77 54 42 42 ]
[ 19 14 44 67 44 25 5 86 30 85 7 74 11 12 36 48 67 17 66 64 72 11 71 59 46 ]
[ 66 73 24 73 67 66 92 82 63 59 78 88 65 65 71 2 72 45 13 36 33 61 3 51 79 ]
[ 19 23 90 90 34 37 9 59 61 82 27 79 74 61 94 86 39 83 3 56 6 5 28 51 18 ]
[ 65 85 80 20 36 11 92 11 2 82 98 39 91 57 52 25 84 83 0 97 78 86 89 13 89 ]
[ 45 19 46 74 70 64 91 7 96 63 95 8 55 7 10 90 5 1 33 14 5 59 99 88 59 ]
[ 48 66 97 37 79 38 83 98 84 9 21 48 0 80 45 63 76 5 71 35 67 61 92 68 94 ]
[ 6 25 53 57 13 64 6 80 61 43 11 99 78 62 83 87 83 32 39 63 29 55 91 86 26 ]
[ 26 53 87 18 73 33 25 98 87 34 11 3 40 43 65 36 55 64 14 69 0 54 52 84 93 ]
[ 67 65 48 59 51 26 37 4 65 56 77 99 33 27 38 67 38 41 60 34 58 48 41 75 62 ]
[ 10 75 68 14 11 62 81 76 62 92 27 41 82 31 6 38 60 57 23 87 47 42 77 41 54 ]
[ 11 99 2 4 26 65 14 53 85 28 64 47 62 40 62 6 67 3 88 50 61 78 10 19 1 ]
[ 49 66 96 79 7 50 42 59 53 47 85 70 61 39 55 42 55 55 4 96 17 10 63 72 51 ]
[ 66 33 29 28 52 83 78 71 79 9 30 81 51 41 86 98 79 56 12 70 64 6 25 19 10 ]
[ 21 88 72 37 12 75 3 45 5 31 50 40 61 73 19 70 3 52 22 97 39 72 76 47 84 ]
[ 46 11 90 71 82 52 45 22 77 82 34 52 85 32 9 68 34 49 30 7 20 0 62 73 74 ]

Running merge sort algorithm: 
Timer (sort): 2ms real	0ms user	0ms sys
The output is sorted!
[ 9 51 9 10 1 41 10 97 19 48 30 7 75 45 7 2 11 4 31 71 22 90 23 25 4 ]
[ 3 46 52 34 13 1 45 9 14 41 16 21 57 84 41 2 21 12 11 67 76 22 28 4 29 ]
[ 14 23 5 0 0 27 58 3 47 60 15 1 7 1 87 81 24 70 37 35 42 17 85 10 3 ]
[ 14 13 93 43 4 15 81 81 10 2 53 40 6 8 27 3 7 38 1 72 3 37 19 13 99 ]
[ 13 94 16 5 4 42 0 70 29 55 72 35 13 3 13 5 42 2 11 32 17 95 54 47 23 ]
[ 55 2 61 6 15 22 90 71 4 32 2 15 53 15 30 41 29 8 7 26 43 37 98 11 33 ]
[ 72 9 39 64 59 8 9 42 15 8 9 51 6 8 66 33 63 86 10 0 14 39 2 32 64 ]
[ 4 31 83 1 55 9 47 14 93 80 0 11 23 23 14 8 35 61 30 9 4 15 68 9 81 ]
[ 59 82 4 0 89 1 23 54 82 9 2 32 71 18 68 25 44 0 0 20 20 21 45 19 29 ]
[ 17 50 1 11 27 34 55 78 22 54 1 81 30 7 33 6 58 21 8 27 20 70 74 38 0 ]
[ 1 1 88 14 50 42 51 1 1 0 6 28 21 8 70 47 58 22 30 7 41 56 86 45 49 ]
[ 29 63 19 49 94 16 12 71 24 32 42 14 59 12 78 12 20 7 14 63 8 1 55 9 22 ]
[ 22 16 7 4 10 12 43 77 73 5 3 28 26 21 50 73 31 20 34 63 0 91 5 22 89 ]
[ 7 6 14 25 91 49 64 8 11 46 45 41 1 1 5 46 44 1 34 11 89 41 2 72 73 ]
[ 19 2 4 94 42 55 44 37 65 6 37 82 47 33 1 31 79 19 14 20 6 57 34 0 1 ]
[ 44 73 7 58 34 29 27 6 51 49 5 27 1 42 1 21 24 77 32 0 65 49 30 64 14 ]
[ 78 84 1 28 50 12 1 75 74 13 40 56 6 1 1 49 88 5 15 4 23 50 33 45 1 ]
[ 39 10 52 39 27 6 1 29 48 4 56 53 5 73 47 4 32 86 3 36 0 52 34 84 13 ]
[ 15 16 92 34 37 98 60 22 11 25 9 83 33 30 20 36 33 24 10 20 1 24 23 70 9 ]
[ 22 17 23 37 82 43 5 7 27 9 5 35 38 38 6 5 66 47 54 7 99 64 11 25 63 ]

Timer (generate): 5ms real	0ms user	0ms sys
[ 34 34 81 84 5 28 13 50 24 25 25 9 75 9 66 90 92 88 37 75 60 82 85 95 69 ]
[ 53 46 80 55 10 94 42 44 28 78 1 56 92 51 32 69 77 41 44 38 59 35 30 0 24 ]
[ 58 60 6 95 8 28 1 6 60 56 16 54 50 12 34 29 66 90 73 17 23 42 46 16 38 ]
[ 37 76 25 19 28 50 77 88 8 25 48 88 26 55 48 34 23 55 37 36 41 66 2 32 91 ]
[ 71 7 33 70 23 71 7 51 97 26 79 99 4 20 59 81 20 0 59 75 0 93 51 7 30 ]
[ 87 49 48 41 81 39 64 40 24 34 63 48 41 67 97 68 98 48 24 18 59 57 91 59 16 ]
[ 66 60 9 17 67 92 56 16 92 49 49 84 66 89 8 0 5 8 94 24 5 14 22 5 90 ]
[ 93 65 47 84 24 63 2 36 24 72 56 68 80 24 61 82 74 45 48 15 5 48 72 14 94 ]
[ 96 71 8 71 77 98 64 42 45 0 18 60 2 7 85 26 63 5 7 87 66 89 13 11 89 ]
[ 81 69 89 53 83 84 2 6 92 25 83 43 89 77 40 41 48 1 95 55 38 22 18 43 81 ]
[ 57 10 22 71 73 11 4 94 0 9 29 84 11 36 29 36 71 72 77 49 12 70 49 13 66 ]
[ 4 3 88 74 47 21 31 9 43 54 34 54 58 29 54 68 58 91 31 94 20 20 66 92 49 ]
[ 67 56 20 16 70 86 72 25 26 46 72 47 77 81 90 32 16 96 90 97 50 10 55 41 42 ]
[ 50 13 62 68 5 11 87 62 83 55 84 21 27 9 47 73 34 46 2 67 88 86 83 84 77 ]
[ 32 87 87 88 80 81 90 94 95 58 99 7 45 13 42 52 49 64 79 59 63 4 45 10 58 ]
[ 12 50 45 48 35 22 80 74 61 68 54 95 58 48 90 68 0 49 13 65 92 17 15 56 96 ]
[ 26 19 52 71 81 11 35 32 56 83 19 30 64 93 43 32 47 38 43 48 29 11 48 78 77 ]
[ 65 70 94 80 78 43 58 98 95 81 31 58 17 63 14 0 82 44 64 27 88 49 75 26 44 ]
[ 75 7 55 23 38 84 40 8 79 21 39 74 31 89 69 13 20 80 30 36 94 82 70 91 47 ]
[ 98 31 48 25 57 92 0 17 99 75 55 84 15 15 63 88 54 89 20 95 58 33 16 38 15 ]

Running merge sort algorithm: 
Timer (sort): 2ms real	0ms user	0ms sys
The output is sorted!
[ 47 0 15 18 65 44 4 47 14 9 1 22 2 21 19 17 54 66 6 0 41 38 45 57 18 ]
[ 20 56 2 14 33 16 56 29 19 50 6 24 28 25 54 97 26 46 13 1 20 9 11 76 15 ]
[ 23 66 33 30 43 48 44 40 54 13 3 10 5 51 26 23 10 15 46 24 35 12 46 50 2 ]
[ 14 4 24 29 17 1 67 29 71 42 1 47 14 48 42 72 33 25 54 5 23 17 13 69 1 ]
[ 3 20 15 80 25 19 6 75 37 15 13 39 84 27 24 10 16 46 54 57 24 15 8 48 19 ]
[ 10 52 16 9 1 10 28 20 23 24 23 34 11 16 58 56 4 72 83 11 9 42 5 77 92 ]
[ 31 30 30 1 20 55 65 51 35 6 78 34 49 9 18 19 20 21 18 6 77 3 33 10 75 ]
[ 34 39 30 2 37 4 58 66 49 80 2 4 47 14 35 15 18 18 17 16 72 25 23 41 49 ]
[ 4 2 41 27 18 69 6 81 96 38 0 38 26 23 12 14 17 68 49 54 29 1 11 64 13 ]
[ 20 0 28 13 2 88 8 57 84 38 7 32 62 22 36 25 73 18 6 1 31 52 44 53 3 ]
[ 26 32 28 24 83 59 32 10 13 76 82 27 19 3 14 33 92 27 5 16 18 49 15 9 11 ]
[ 12 94 47 77 4 2 42 34 59 18 29 77 85 0 15 5 34 29 9 2 30 15 22 3 63 ]
[ 54 22 32 0 31 68 12 28 37 0 27 32 79 38 12 49 50 0 22 30 35 18 51 20 61 ]
[ 11 11 35 11 2 4 27 83 18 32 18 52 8 73 4 3 1 54 23 21 75 77 12 92 61 ]
[ 9 75 37 30 55 20 1 37 52 8 29 75 6 24 8 16 1 19 84 4 85 68 44 8 14 ]
[ 79 9 32 3 39 37 69 7 23 15 6 99 65 19 1 23 17 66 6 32 15 27 34 56 36 ]
[ 10 77 3 88 36 11 4 43 53 6 18 61 29 59 28 14 96 30 40 2 6 73 17 8 3 ]
[ 6 62 17 31 25 69 29 38 28 52 27 22 16 55 10 44 4 11 38 35 43 27 1 45 80 ]
[ 35 81 7 11 29 51 42 25 6 76 53 18 43 39 0 25 2 13 52 4 71 22 6 47 60 ]
[ 3 15 60 79 59 1 33 7 38 81 1 24 30 33 58 94 16 29 24 21 20 65 0 23 6 ]

