Timer (generate): 21ms real	20ms user	0ms sys
[ 18 97 90 71 58 79 60 35 29 82 84 97 5 61 51 62 16 55 73 16 84 19 0 92 99 ]
[ 23 24 23 70 13 45 89 62 88 12 72 19 24 7 48 6 92 98 64 53 49 26 70 5 99 ]
[ 38 41 70 39 33 69 62 58 44 32 23 89 73 85 77 37 58 96 61 17 97 68 9 95 32 ]
[ 15 96 10 37 1 61 75 43 31 66 28 52 28 38 96 13 61 37 38 99 15 76 9 63 37 ]
[ 26 60 57 88 7 41 3 4 51 40 5 64 67 0 95 34 81 99 14 19 95 79 33 33 18 ]
[ 84 0 94 93 63 83 19 76 93 7 83 34 62 87 38 54 45 2 22 97 50 8 78 49 22 ]
[ 50 97 54 35 30 72 19 82 18 64 45 53 35 21 46 43 5 33 57 44 71 12 41 25 34 ]
[ 39 75 94 69 77 16 71 74 22 6 56 46 77 38 16 41 35 70 77 57 68 72 14 53 29 ]
[ 10 76 93 52 2 79 91 29 73 12 6 42 84 80 64 42 36 11 72 26 79 13 62 49 42 ]
[ 19 70 66 85 75 48 95 52 41 99 6 21 90 35 94 55 94 88 39 74 53 33 63 16 5 ]
[ 89 95 71 51 97 13 22 19 32 7 94 80 55 98 73 54 4 94 97 92 41 4 86 29 95 ]
[ 12 34 28 75 50 34 17 46 57 20 95 70 43 14 2 2 8 34 9 7 8 16 63 54 65 ]
[ 55 95 69 41 77 64 6 11 92 81 14 78 50 12 35 71 7 58 14 21 12 68 81 47 78 ]
[ 40 7 46 4 61 11 11 9 80 5 86 44 11 49 88 44 15 19 95 27 54 66 86 64 32 ]
[ 59 77 52 41 76 82 33 83 28 89 96 39 1 5 19 6 43 15 17 93 4 61 60 23 56 ]
[ 88 29 74 74 94 58 34 23 11 27 99 45 12 34 74 2 30 13 3 36 33 9 79 48 26 ]
[ 24 4 39 85 27 48 73 57 74 99 3 33 85 26 96 64 77 41 77 11 15 79 41 81 82 ]
[ 29 66 43 9 66 21 85 71 60 70 50 60 95 59 35 47 62 68 32 40 16 49 17 9 26 ]
[ 28 77 57 22 58 91 51 76 34 12 42 7 98 65 67 68 16 80 16 75 15 63 90 35 47 ]
[ 30 51 96 48 60 74 28 89 83 50 47 74 2 23 60 14 18 67 64 83 87 33 51 67 1 ]

Running merge sort algorithm: 
Timer (sort): 12ms real	10ms user	0ms sys
The output is sorted!
[ 39 4 38 0 3 12 0 78 16 11 5 62 18 26 26 15 82 32 65 4 34 6 20 17 47 ]
[ 14 57 31 40 61 46 17 40 4 5 1 0 0 21 46 19 88 29 6 44 12 13 17 37 16 ]
[ 9 54 4 27 60 16 16 90 8 4 46 56 11 32 16 3 42 16 46 41 16 4 18 9 39 ]
[ 28 51 5 77 21 15 16 37 9 66 24 72 7 52 15 61 2 3 0 31 8 5 80 11 2 ]
[ 43 19 28 21 55 31 55 11 24 29 3 10 45 55 54 45 16 22 5 25 36 16 6 7 48 ]
[ 41 37 59 17 11 14 14 41 0 45 1 75 55 36 25 38 31 15 36 2 5 4 68 19 35 ]
[ 15 15 65 41 8 1 30 39 13 91 20 36 0 25 12 3 29 51 21 29 64 55 18 16 32 ]
[ 26 51 17 15 26 16 23 60 32 6 37 89 43 5 12 75 16 13 1 1 19 31 96 22 1 ]
[ 54 14 18 27 1 6 48 63 20 16 67 7 23 13 60 35 39 78 3 10 7 10 10 77 30 ]
[ 52 67 76 10 18 3 1 20 0 1 1 22 34 14 59 4 9 46 27 91 13 5 73 56 34 ]
[ 62 53 15 17 3 25 17 86 15 7 0 4 13 32 40 58 66 20 1 32 9 11 94 55 5 ]
[ 25 20 2 16 73 29 76 42 40 57 12 39 42 3 18 51 4 10 24 23 34 15 1 73 16 ]
[ 18 48 38 50 35 14 79 68 0 15 17 14 43 13 6 14 25 31 48 60 53 7 9 21 19 ]
[ 19 6 19 76 1 11 23 1 41 43 43 51 62 84 32 53 3 20 67 2 3 25 19 3 42 ]
[ 92 3 11 47 15 1 36 53 12 0 57 37 3 71 3 58 43 23 92 0 21 19 3 2 49 ]
[ 45 20 14 13 6 68 33 19 49 15 11 3 5 18 85 50 89 56 7 9 43 10 64 14 7 ]
[ 26 66 18 3 7 38 72 35 53 15 7 13 27 34 22 22 78 68 21 9 0 25 16 48 33 ]
[ 24 81 47 37 6 34 86 32 2 20 24 36 76 25 4 28 7 16 0 21 77 24 15 3 34 ]
[ 39 49 23 23 37 74 21 83 40 3 76 2 3 59 3 12 10 44 9 46 17 5 25 1 58 ]
[ 30 7 53 37 6 66 12 4 2 31 67 13 20 25 18 75 0 5 29 74 35 64 36 24 29 ]

Timer (generate): 20ms real	10ms user	0ms sys
[ 28 13 91 47 3 49 72 7 27 64 27 21 98 29 80 81 82 84 71 6 96 35 51 72 85 ]
[ 13 15 68 16 77 38 45 90 82 92 45 31 64 53 10 80 80 31 30 61 63 11 95 47 35 ]
[ 53 96 70 5 68 8 18 83 28 35 12 67 32 54 49 24 0 32 40 5 42 73 37 25 3 ]
[ 98 88 67 46 87 2 99 83 24 4 51 84 75 87 13 10 51 32 94 58 33 18 58 65 10 ]
[ 15 59 35 52 84 39 2 24 58 48 11 12 48 47 88 4 50 73 79 37 38 41 41 70 35 ]
[ 99 3 5 9 20 16 24 79 51 76 15 42 78 39 0 27 2 64 27 1 53 31 52 78 11 ]
[ 41 16 4 82 86 40 33 89 45 42 9 13 66 40 65 94 55 59 25 46 12 4 0 76 31 ]
[ 2 81 14 54 59 77 95 75 82 30 13 22 63 54 19 6 15 33 24 55 50 71 62 9 96 ]
[ 8 21 0 9 50 83 11 31 97 17 91 75 64 18 57 46 32 31 10 38 50 68 54 35 44 ]
[ 61 85 15 24 47 63 84 20 15 93 70 98 56 54 96 25 97 23 90 67 80 88 51 63 98 ]
[ 90 13 18 44 1 63 5 86 30 81 85 46 66 6 61 11 28 60 20 34 8 45 31 31 87 ]
[ 99 63 76 2 26 26 92 91 45 88 92 60 46 31 42 27 16 88 93 74 50 57 55 10 77 ]
[ 89 18 22 73 1 62 24 64 38 26 90 64 19 81 61 59 74 21 5 5 64 33 73 52 78 ]
[ 48 54 35 55 64 12 44 34 87 69 35 49 45 99 87 72 89 3 43 71 65 2 97 38 8 ]
[ 2 2 93 75 7 71 75 61 59 30 78 71 27 12 10 96 0 59 42 99 98 66 41 54 61 ]
[ 64 19 63 61 9 23 15 64 16 42 71 88 70 84 99 0 14 22 79 79 33 28 79 44 22 ]
[ 30 43 88 23 49 49 87 68 64 0 29 88 15 93 4 10 16 44 80 1 95 32 67 18 12 ]
[ 46 51 40 25 95 62 8 90 2 31 39 3 71 59 67 71 89 7 39 34 12 1 51 8 81 ]
[ 4 4 65 71 74 77 18 25 69 95 72 83 55 15 37 87 6 40 58 66 8 81 7 15 72 ]
[ 93 79 73 44 40 54 48 96 72 72 70 49 42 47 71 89 19 6 45 86 44 84 93 84 94 ]

Running merge sort algorithm: 
Timer (sort): 11ms real	10ms user	0ms sys
The output is sorted!
[ 70 42 41 44 3 63 0 11 1 0 14 59 9 4 28 2 20 28 6 60 60 20 11 9 5 ]
[ 7 57 4 26 28 11 14 8 26 17 2 23 38 13 76 2 70 22 8 5 48 14 74 40 36 ]
[ 60 3 34 30 65 13 63 2 4 37 41 14 36 46 46 53 22 6 0 14 24 27 28 4 17 ]
[ 10 21 2 9 78 19 7 1 28 11 77 86 9 19 2 3 56 12 49 3 14 12 78 11 90 ]
[ 42 31 12 39 30 10 42 1 65 4 11 26 20 41 41 6 45 7 6 16 57 33 24 93 21 ]
[ 76 10 3 32 7 49 82 8 11 9 39 10 52 2 19 12 31 95 28 14 2 80 34 9 17 ]
[ 4 49 41 52 56 62 27 7 5 33 12 1 2 42 75 31 7 23 51 5 39 47 18 17 25 ]
[ 39 18 34 35 1 52 21 7 12 34 1 54 11 28 64 17 38 30 45 6 10 15 78 67 16 ]
[ 83 23 2 74 0 8 51 19 26 3 29 22 34 23 0 35 58 60 42 1 13 48 21 20 38 ]
[ 63 26 28 65 7 20 6 17 15 4 92 28 14 32 33 30 61 4 54 4 23 50 25 31 1 ]
[ 5 77 27 48 88 5 95 51 0 4 9 66 6 14 49 16 42 16 1 12 6 12 64 10 11 ]
[ 37 45 12 93 43 48 33 2 7 62 6 43 15 27 28 10 35 9 50 38 16 28 9 40 1 ]
[ 4 11 20 39 21 30 52 79 16 5 23 20 29 39 28 2 8 41 15 88 77 44 1 15 30 ]
[ 0 48 31 4 9 21 44 72 21 66 18 2 34 36 92 40 98 6 5 59 0 5 9 18 2 ]
[ 4 14 65 3 6 30 5 59 32 44 4 29 64 11 48 2 1 3 2 91 66 92 41 13 18 ]
[ 7 5 79 13 17 28 9 4 50 13 26 14 75 12 36 28 0 77 45 14 21 52 23 5 95 ]
[ 96 13 43 36 3 16 11 8 4 41 9 39 6 1 31 51 42 0 0 53 89 77 35 39 7 ]
[ 38 87 4 22 6 25 1 60 95 24 16 57 47 0 5 9 50 28 70 24 15 12 18 36 5 ]
[ 25 52 17 10 1 16 7 13 8 3 33 49 27 52 63 17 97 25 76 76 31 1 15 3 40 ]
[ 82 7 45 12 32 1 33 1 29 44 16 89 55 66 24 12 60 1 3 5 31 80 12 3 16 ]

Timer (generate): 22ms real	20ms user	0ms sys
[ 61 37 99 38 38 2 84 99 59 71 55 56 21 57 46 63 17 16 67 31 91 29 87 6 75 ]
[ 47 10 33 47 20 23 8 57 74 99 47 76 83 99 35 6 6 43 79 64 89 94 81 57 61 ]
[ 64 48 90 51 6 17 98 68 50 97 89 25 6 98 99 57 98 27 92 97 62 99 3 58 30 ]
[ 19 47 25 53 5 86 17 5 29 21 64 98 71 84 1 69 73 26 27 24 26 36 22 53 28 ]
[ 19 68 79 74 26 10 46 25 35 99 82 73 68 40 54 41 4 53 13 40 54 34 14 80 13 ]
[ 90 58 1 12 64 29 83 84 9 9 62 71 55 39 58 6 22 83 27 14 38 68 70 91 33 ]
[ 10 45 19 76 77 84 66 88 85 78 52 67 61 36 28 71 50 99 78 89 9 85 63 92 12 ]
[ 77 30 32 47 21 18 58 18 89 34 48 74 1 36 11 31 88 78 45 76 6 68 26 57 46 ]
[ 67 66 31 31 59 95 8 89 80 56 63 98 66 33 87 52 81 13 5 17 25 37 57 3 34 ]
[ 85 62 2 11 19 48 31 86 32 62 97 79 70 86 59 78 49 9 96 83 49 49 16 62 54 ]
[ 34 39 43 91 95 77 77 57 79 40 28 28 23 14 12 85 11 91 8 50 51 38 51 12 35 ]
[ 86 61 84 3 76 90 37 15 34 80 10 11 9 19 43 2 48 23 25 62 35 63 26 26 71 ]
[ 76 29 9 79 42 44 66 55 80 69 31 71 58 99 5 90 61 68 0 81 63 54 29 86 79 ]
[ 43 73 94 21 52 65 49 81 27 29 75 71 95 83 4 64 66 75 74 65 32 64 79 52 16 ]
[ 60 16 70 41 54 2 84 80 96 6 32 14 55 65 41 36 93 64 31 76 68 47 42 43 21 ]
[ 60 75 86 39 80 2 51 48 25 92 2 27 76 34 23 34 66 89 42 32 30 78 77 95 62 ]
[ 53 63 9 47 7 83 59 34 69 50 66 23 1 14 0 93 69 27 22 3 3 8 22 92 50 ]
[ 54 23 81 83 70 43 36 33 52 35 92 87 95 79 56 45 45 32 99 60 32 92 81 12 66 ]
[ 84 67 27 6 11 77 12 86 10 95 56 53 83 42 58 71 34 97 66 65 54 63 11 38 14 ]
[ 23 22 59 4 86 25 40 53 52 99 65 82 11 51 44 59 60 50 94 2 60 65 88 57 83 ]

Running merge sort algorithm: 
Timer (sort): 11ms real	10ms user	0ms sys
The output is sorted!
[ 5 7 22 92 59 18 16 5 13 16 11 4 30 9 22 4 8 43 36 9 9 62 15 52 87 ]
[ 43 60 3 91 26 50 18 10 2 43 12 7 0 38 27 1 2 72 47 35 4 11 35 31 8 ]
[ 30 20 38 53 38 12 72 22 47 52 18 12 8 4 10 50 0 12 59 3 13 52 27 6 26 ]
[ 25 23 25 31 84 11 19 2 32 18 4 21 8 8 0 33 14 16 94 14 90 51 43 26 10 ]
[ 43 22 1 10 14 60 70 1 45 6 36 19 20 35 10 53 30 43 47 10 57 41 11 18 9 ]
[ 54 1 16 12 83 12 39 35 13 1 34 12 4 55 0 51 81 45 45 41 10 25 7 24 15 ]
[ 26 34 2 52 45 52 3 55 60 25 11 31 37 15 7 23 13 20 71 47 16 49 9 22 0 ]
[ 56 16 27 47 1 2 59 30 53 56 0 77 48 41 0 29 15 2 43 32 33 22 18 18 0 ]
[ 1 23 42 33 8 39 10 10 8 64 57 7 9 60 59 6 16 1 26 49 60 88 10 41 2 ]
[ 51 51 6 20 6 3 62 27 13 25 1 73 45 27 6 57 8 38 48 26 41 24 0 41 36 ]
[ 73 37 18 31 1 84 4 30 29 21 0 75 76 4 1 6 54 0 14 12 31 52 44 19 21 ]
[ 58 1 55 16 3 26 26 3 11 12 67 11 38 17 40 2 77 50 10 11 39 65 7 7 94 ]
[ 82 12 23 6 28 26 53 20 9 7 71 19 2 46 8 4 1 61 23 9 61 46 12 86 39 ]
[ 17 1 10 95 5 47 25 32 16 76 2 53 6 10 4 7 90 26 44 1 7 62 28 36 56 ]
[ 29 39 50 12 36 49 18 98 9 43 10 7 2 96 43 0 25 7 43 4 42 4 43 47 2 ]
[ 19 28 20 26 79 56 2 50 36 24 68 8 0 44 1 9 45 78 18 0 53 22 9 20 43 ]
[ 9 20 6 15 91 6 18 53 3 21 50 49 3 18 31 60 14 26 12 73 96 6 26 27 27 ]
[ 64 25 28 30 62 16 25 1 47 5 22 1 28 31 27 27 3 69 55 21 48 0 30 39 58 ]
[ 14 23 24 8 28 40 12 63 83 61 27 64 16 4 37 7 1 40 18 23 81 8 9 54 19 ]
[ 39 27 3 39 13 33 53 23 60 0 34 21 41 44 40 43 43 48 8 11 31 68 5 18 21 ]

Timer (generate): 22ms real	20ms user	0ms sys
[ 2 99 54 17 36 27 64 37 5 94 46 61 94 4 63 65 2 63 42 65 28 57 58 84 14 ]
[ 29 13 13 77 48 16 31 99 22 1 35 50 65 25 7 59 71 68 5 28 31 71 30 46 13 ]
[ 47 74 22 5 10 89 86 76 2 15 24 70 47 23 92 0 10 42 65 35 1 76 59 21 33 ]
[ 87 4 4 69 51 69 69 77 44 74 88 33 13 64 87 28 40 57 27 15 1 27 25 96 44 ]
[ 13 97 72 72 19 6 11 23 62 32 74 84 1 52 28 28 92 13 41 56 0 21 96 9 49 ]
[ 63 62 76 88 58 73 53 56 45 25 27 51 88 50 14 21 77 98 22 81 78 2 73 91 43 ]
[ 81 43 65 29 52 66 92 66 42 32 25 67 86 33 13 11 60 64 52 62 30 73 39 28 47 ]
[ 20 58 2 45 49 45 26 92 62 55 96 28 99 63 23 32 88 42 18 21 55 81 33 72 33 ]
[ 95 2 58 35 83 58 7 41 60 5 91 57 83 35 20 91 32 0 90 47 75 22 87 18 92 ]
[ 8 25 74 93 97 7 88 0 18 75 35 76 35 76 36 40 19 45 23 55 17 14 39 70 5 ]
[ 86 45 79 73 15 72 33 41 46 26 90 5 66 90 75 42 25 51 77 54 39 17 73 85 92 ]
[ 80 54 7 19 24 64 57 22 43 82 37 67 15 30 65 93 21 23 60 63 98 2 41 2 31 ]
[ 95 41 48 20 78 40 53 85 99 24 9 63 82 31 59 64 69 78 32 51 44 77 24 19 89 ]
[ 88 17 43 29 19 74 76 13 22 48 43 15 1 28 66 26 38 82 60 69 93 76 90 71 60 ]
[ 94 67 38 18 86 27 6 4 23 87 75 97 63 88 72 64 84 39 65 12 5 43 50 87 55 ]
[ 72 80 32 14 4 44 8 71 34 27 58 14 85 14 37 73 89 34 88 30 6 52 14 45 70 ]
[ 78 51 13 81 90 21 53 23 5 19 27 49 28 98 84 7 8 98 92 74 35 65 16 21 6 ]
[ 46 28 58 12 25 28 90 28 94 71 71 67 76 94 72 96 21 21 76 71 57 83 32 55 27 ]
[ 6 42 45 74 16 51 20 96 61 84 21 90 75 2 36 98 73 3 75 67 75 23 40 48 99 ]
[ 63 6 34 95 13 61 54 8 6 28 24 9 1 20 71 85 93 13 12 95 1 11 68 4 86 ]

Running merge sort algorithm: 
Timer (sort): 11ms real	10ms user	0ms sys
The output is sorted!
[ 3 13 10 7 27 4 10 4 7 7 42 42 19 50 49 44 9 94 2 5 58 2 49 83 37 ]
[ 40 0 9 7 61 48 12 13 11 6 39 30 39 50 14 32 58 55 16 16 7 34 26 28 29 ]
[ 32 10 15 37 53 18 10 57 3 16 21 13 49 9 43 15 65 17 56 39 3 3 64 43 14 ]
[ 46 2 0 79 38 32 16 49 3 24 10 19 97 6 41 34 12 37 0 6 26 93 22 3 13 ]
[ 22 1 6 50 28 5 5 12 32 83 97 30 1 84 56 11 23 13 46 21 0 7 47 10 24 ]
[ 28 21 41 38 22 10 13 25 77 36 28 21 28 16 40 64 33 31 18 3 11 8 24 25 62 ]
[ 4 58 0 31 21 1 19 15 14 30 9 8 15 7 29 80 11 67 71 78 17 50 74 3 19 ]
[ 9 18 45 31 8 4 17 0 8 33 92 58 22 5 9 68 34 34 4 36 29 74 36 12 47 ]
[ 27 40 28 39 8 3 2 56 36 43 14 87 2 5 5 31 72 84 10 3 19 2 16 99 6 ]
[ 22 36 4 60 0 52 8 15 25 23 14 48 81 5 29 71 47 18 7 63 11 12 2 33 51 ]
[ 75 35 13 8 7 31 8 42 20 25 1 64 35 49 24 3 56 4 0 38 26 10 48 59 59 ]
[ 19 18 24 67 11 40 3 16 10 32 73 11 62 32 16 57 49 48 28 18 49 16 10 27 6 ]
[ 10 74 46 7 16 46 24 22 4 17 8 37 12 25 71 12 31 14 5 50 13 39 18 80 68 ]
[ 41 80 2 62 24 22 8 51 4 53 51 76 10 74 9 17 15 40 7 42 21 13 3 10 16 ]
[ 39 18 29 47 42 13 1 91 38 24 32 75 42 5 42 84 7 14 5 7 23 46 5 25 0 ]
[ 49 61 38 10 12 54 62 16 42 0 1 16 12 2 54 12 30 1 5 45 38 36 37 33 88 ]
[ 27 14 57 19 5 61 41 1 88 51 38 12 63 12 72 42 12 29 4 31 24 6 8 4 35 ]
[ 34 0 0 98 8 0 41 26 31 80 25 48 20 70 20 65 49 37 18 58 8 7 0 6 7 ]
[ 4 19 8 79 93 38 1 21 15 56 13 3 66 15 4 40 15 1 32 57 43 38 63 14 20 ]
[ 61 56 39 15 69 36 68 35 17 18 10 4 2 78 33 9 77 30 16 28 0 35 1 13 9 ]

Timer (generate): 23ms real	20ms user	0ms sys
[ 20 76 80 88 13 79 74 21 9 17 81 12 84 88 97 4 4 27 84 61 8 87 18 8 99 ]
[ 59 17 36 66 30 94 38 6 75 78 71 6 4 44 16 21 26 80 57 66 30 62 70 9 98 ]
[ 83 17 38 1 77 37 60 94 25 78 25 20 16 83 47 94 7 53 98 51 21 72 29 54 29 ]
[ 48 36 43 70 45 94 54 15 32 7 92 21 68 39 47 98 16 19 15 51 18 61 58 23 12 ]
[ 62 97 36 43 3 17 91 39 61 14 36 55 20 51 39 27 44 60 47 35 59 46 51 30 13 ]
[ 2 48 26 13 72 38 75 21 26 70 24 44 14 63 57 28 99 64 0 51 3 27 47 15 75 ]
[ 34 27 73 85 57 86 39 6 64 4 30 55 31 51 81 2 75 77 16 90 34 96 89 50 96 ]
[ 92 5 75 91 21 2 25 48 75 62 57 13 54 63 78 58 45 33 90 96 66 44 23 44 12 ]
[ 13 30 8 3 81 56 47 86 31 39 59 86 16 7 61 79 17 27 85 80 57 43 26 42 33 ]
[ 74 8 29 98 4 41 11 35 1 66 16 57 66 54 41 57 14 27 73 73 40 4 90 19 89 ]
[ 23 76 85 1 18 70 75 79 0 25 83 41 89 70 43 7 38 52 73 93 93 82 59 72 8 ]
[ 32 65 12 75 84 54 98 13 91 51 31 61 78 62 13 4 98 55 45 20 50 52 59 2 78 ]
[ 4 48 12 15 72 20 99 37 33 74 22 39 24 35 82 75 18 43 54 33 57 10 31 64 55 ]
[ 51 66 59 62 20 89 18 68 2 33 93 22 33 30 7 7 4 98 84 39 80 59 10 76 65 ]
[ 43 85 75 26 1 82 29 67 94 44 87 35 62 8 89 96 1 64 81 31 23 40 36 74 24 ]
[ 27 54 84 89 82 1 84 67 77 10 68 11 92 35 57 36 75 45 50 83 34 98 36 98 79 ]
[ 19 74 20 55 48 44 35 54 80 24 37 82 9 56 11 71 25 22 63 12 32 51 39 77 2 ]
[ 74 11 0 10 62 32 30 88 52 37 36 96 72 42 77 49 79 11 10 36 22 81 13 44 97 ]
[ 77 28 0 17 5 54 43 69 7 54 83 39 84 71 91 73 7 39 46 49 68 47 81 79 9 ]
[ 69 1 42 34 98 39 63 26 92 80 32 46 76 1 5 30 84 44 66 7 87 39 14 27 37 ]

Running merge sort algorithm: 
Timer (sort): 14ms real	0ms user	10ms sys
The output is sorted!
[ 5 29 19 4 40 2 19 12 42 41 30 10 15 64 34 26 2 30 58 9 2 15 82 54 19 ]
[ 8 6 40 38 38 81 27 45 4 7 13 7 1 15 59 59 35 1 13 74 17 24 3 57 22 ]
[ 9 25 16 81 37 11 57 11 34 33 48 5 32 14 45 10 5 13 1 32 41 33 50 2 50 ]
[ 20 5 9 89 40 79 22 15 46 5 32 11 39 35 10 4 61 21 3 6 25 13 88 0 18 ]
[ 17 50 46 23 20 42 10 87 10 45 2 44 6 57 15 14 18 19 14 54 56 29 12 4 6 ]
[ 21 41 21 24 16 93 7 12 15 12 81 24 7 36 18 42 69 6 23 9 52 14 6 9 45 ]
[ 31 0 26 5 7 95 9 47 29 9 1 24 70 53 3 2 24 42 14 2 42 65 91 5 12 ]
[ 31 45 1 57 39 1 18 14 5 10 3 99 17 32 33 34 21 44 42 29 15 34 20 57 8 ]
[ 12 50 61 18 51 41 36 88 16 12 4 3 2 52 20 1 23 8 59 44 20 3 27 43 22 ]
[ 98 2 11 18 4 12 11 94 24 32 8 29 57 22 7 9 23 25 6 90 11 20 18 44 51 ]
[ 23 70 5 37 35 69 33 2 42 58 4 42 10 17 6 46 7 79 25 1 77 7 18 29 4 ]
[ 9 3 62 50 73 48 14 60 75 4 4 27 45 20 2 1 3 38 29 37 13 59 30 11 30 ]
[ 43 41 61 82 47 17 31 3 3 37 3 17 70 67 3 4 5 44 33 5 38 20 28 3 44 ]
[ 25 50 5 10 1 78 43 22 28 18 61 84 12 20 1 48 51 43 60 6 2 3 23 18 39 ]
[ 69 83 10 3 11 13 45 36 63 35 89 14 22 36 19 9 43 2 14 29 10 36 9 37 16 ]
[ 15 47 4 20 25 21 33 49 98 5 18 40 0 36 12 37 93 22 20 64 23 3 33 0 48 ]
[ 58 76 36 8 5 4 50 57 73 34 60 17 20 2 15 46 30 5 19 30 6 12 9 68 29 ]
[ 6 74 25 37 4 51 0 88 13 4 44 17 51 11 47 9 10 58 33 46 37 6 7 2 90 ]
[ 0 11 43 3 37 53 29 60 86 49 4 11 30 67 79 21 29 2 10 11 30 17 35 11 42 ]
[ 81 6 62 34 26 18 63 32 14 11 46 66 23 7 22 64 64 1 3 10 1 49 28 1 39 ]

Timer (generate): 26ms real	20ms user	0ms sys
[ 87 58 25 59 8 69 58 29 78 39 33 11 63 25 59 48 14 8 46 93 71 41 0 40 88 ]
[ 99 86 94 17 55 59 4 13 37 15 22 58 25 3 36 17 36 99 32 13 59 80 27 67 79 ]
[ 73 90 72 73 83 60 24 69 7 41 24 18 97 90 7 64 12 65 90 67 1 59 3 53 91 ]
[ 68 12 23 96 31 2 21 22 74 46 57 87 71 26 94 12 3 64 10 93 72 74 57 89 16 ]
[ 24 91 27 79 96 18 99 8 42 47 91 44 68 13 71 15 70 58 86 49 4 50 4 20 12 ]
[ 49 92 39 58 34 55 82 77 83 13 73 53 12 33 95 12 24 92 80 90 15 47 12 73 33 ]
[ 13 29 36 17 49 48 18 94 87 76 28 43 10 5 78 23 30 83 88 63 31 0 39 23 32 ]
[ 29 38 80 94 63 65 7 92 1 77 93 50 95 87 37 72 15 32 82 72 62 58 2 46 98 ]
[ 65 77 50 5 52 34 86 42 14 80 5 32 40 49 33 17 42 35 64 82 73 36 49 57 71 ]
[ 22 20 81 76 18 79 94 95 81 99 99 15 37 41 30 70 98 62 62 99 47 79 93 83 95 ]
[ 75 8 84 25 17 55 47 37 88 75 7 67 69 54 48 20 53 63 58 46 45 80 96 59 42 ]
[ 95 59 73 89 94 68 64 2 52 41 19 59 40 9 47 16 68 66 85 23 14 6 28 30 16 ]
[ 75 27 96 71 39 38 19 98 63 8 92 31 24 46 36 66 17 95 58 78 43 74 47 9 60 ]
[ 70 76 18 98 58 34 25 37 30 97 76 20 16 26 83 76 18 66 52 16 2 18 34 98 29 ]
[ 12 93 3 11 54 15 81 82 33 32 92 67 57 30 49 6 6 21 74 33 4 50 3 23 3 ]
[ 72 25 73 6 75 2 70 20 58 82 75 73 15 9 59 99 2 26 57 32 28 15 38 49 90 ]
[ 23 6 92 79 29 47 51 6 73 9 82 27 31 2 85 65 29 11 81 39 70 80 41 96 89 ]
[ 73 76 5 63 26 95 39 84 39 70 65 87 21 71 60 82 5 87 13 8 73 79 89 36 12 ]
[ 28 6 44 69 54 34 94 31 91 10 9 38 49 45 77 19 10 64 92 81 24 74 39 64 87 ]
[ 47 89 18 36 25 82 17 31 27 38 85 13 33 68 4 43 29 94 44 74 71 15 84 88 7 ]

Running merge sort algorithm: 
Timer (sort): 13ms real	10ms user	0ms sys
The output is sorted!
[ 23 3 43 32 2 42 44 36 86 47 7 31 44 5 9 10 29 7 3 47 32 42 32 6 4 ]
[ 21 89 23 69 50 30 23 52 5 25 10 13 12 28 47 19 26 13 8 19 30 23 16 16 7 ]
[ 9 32 22 1 2 18 46 59 0 4 20 49 42 40 11 33 1 36 47 4 15 66 98 22 9 ]
[ 28 42 34 28 32 7 1 54 96 1 3 37 51 7 38 62 36 0 3 13 9 45 0 9 55 ]
[ 50 7 23 73 8 45 15 8 85 6 5 17 44 10 0 6 60 2 40 27 28 16 32 84 4 ]
[ 14 46 10 39 19 11 44 20 2 2 52 29 63 7 54 19 0 41 10 79 17 58 7 51 3 ]
[ 27 71 3 7 1 35 94 3 23 8 7 58 10 47 49 25 14 23 11 8 12 51 41 48 28 ]
[ 0 1 57 34 5 12 92 6 71 48 55 2 54 49 19 48 21 4 18 24 55 4 0 39 7 ]
[ 10 6 66 6 81 1 55 34 3 61 23 13 68 4 41 25 45 20 23 28 27 7 62 17 12 ]
[ 62 11 26 8 26 16 23 9 0 59 58 20 28 7 43 41 23 30 31 40 44 1 59 52 23 ]
[ 27 43 13 19 0 18 5 85 38 4 19 85 28 19 39 7 72 43 37 11 11 20 17 28 52 ]
[ 2 17 32 45 36 0 35 14 13 8 25 18 33 56 44 0 36 19 48 0 66 61 83 15 37 ]
[ 0 14 13 3 34 9 71 12 24 64 4 78 20 68 28 30 37 59 18 11 62 18 57 7 5 ]
[ 0 11 33 27 4 83 0 88 19 14 8 76 15 34 22 94 41 35 7 7 1 2 35 1 89 ]
[ 0 57 54 1 17 7 19 1 75 8 20 16 26 25 70 61 19 27 14 52 30 19 62 22 48 ]
[ 29 28 3 39 21 22 24 50 85 23 22 32 29 3 19 83 2 17 46 0 14 11 28 38 89 ]
[ 42 85 5 13 34 21 59 55 26 53 14 2 14 7 33 15 0 7 16 32 63 1 84 36 46 ]
[ 14 7 38 49 13 28 64 77 6 24 3 23 47 12 23 6 22 43 87 29 38 28 4 20 59 ]
[ 14 4 11 66 5 34 10 3 52 12 7 69 17 99 24 38 63 82 2 20 16 70 10 31 5 ]
[ 5 20 68 48 33 1 28 12 55 51 8 30 3 26 8 37 39 38 22 22 11 99 58 36 6 ]

Timer (generate): 19ms real	20ms user	0ms sys
[ 58 85 77 3 51 80 83 93 78 75 94 35 33 79 74 67 59 37 82 26 34 48 46 27 10 ]
[ 69 80 36 68 52 71 78 89 0 33 40 80 68 85 10 96 31 45 29 10 71 96 69 9 79 ]
[ 48 95 79 94 22 41 15 54 77 83 6 0 14 48 52 47 40 33 16 26 95 12 57 93 41 ]
[ 68 64 89 37 73 20 85 69 0 31 43 93 46 98 71 82 56 71 96 4 24 43 45 9 59 ]
[ 23 4 23 80 97 16 48 14 6 38 87 26 75 8 26 7 52 72 53 2 43 35 58 66 83 ]
[ 63 42 27 60 51 38 83 8 14 15 57 30 64 71 36 54 11 63 29 19 41 88 23 13 94 ]
[ 25 8 81 36 75 65 51 17 92 11 21 82 46 81 96 61 38 27 77 62 63 83 73 78 65 ]
[ 44 72 53 20 85 99 97 94 81 33 21 46 84 38 90 47 11 72 93 92 69 7 83 48 36 ]
[ 45 63 20 70 42 85 66 14 90 86 51 90 36 97 71 69 18 69 6 9 59 5 20 31 99 ]
[ 13 52 58 96 0 94 93 64 14 63 58 51 81 72 42 68 75 84 56 73 55 77 91 24 83 ]
[ 0 35 89 73 18 40 86 71 50 34 23 44 79 39 11 42 97 14 23 21 56 43 97 40 51 ]
[ 70 47 29 13 23 64 66 58 5 39 77 97 77 0 47 63 23 44 42 15 7 36 12 21 11 ]
[ 86 30 7 35 22 58 57 22 87 70 45 4 88 4 9 27 33 7 56 33 6 19 8 50 61 ]
[ 23 57 97 88 31 9 74 61 16 9 35 74 66 57 14 88 3 18 77 59 79 56 44 38 13 ]
[ 77 45 32 37 47 94 61 57 91 1 88 52 75 1 68 36 36 95 54 94 9 94 97 79 71 ]
[ 8 10 28 52 1 93 81 46 25 18 45 71 31 2 15 32 90 67 59 91 88 47 28 83 53 ]
[ 22 44 48 71 75 19 31 85 99 83 38 44 64 84 70 34 82 93 18 84 8 50 75 76 62 ]
[ 18 64 61 46 99 15 20 43 63 43 18 34 74 55 86 9 94 30 25 30 52 60 12 46 78 ]
[ 49 6 80 24 82 94 42 98 8 41 97 23 13 40 38 57 10 24 83 18 62 93 64 45 70 ]
[ 46 97 82 59 95 12 8 2 93 84 36 39 78 35 47 71 32 22 85 25 60 94 87 37 77 ]

Running merge sort algorithm: 
Timer (sort): 12ms real	10ms user	0ms sys
The output is sorted!
[ 16 32 10 55 12 12 14 9 43 27 14 10 65 17 31 55 20 20 7 2 19 21 57 9 45 ]
[ 15 18 30 86 2 32 6 17 40 25 27 38 6 10 13 19 82 1 1 1 22 7 51 11 95 ]
[ 3 0 36 44 30 2 8 69 30 39 7 52 17 60 14 29 3 32 82 8 11 50 22 29 11 ]
[ 14 93 12 18 23 39 20 1 48 1 20 86 17 26 7 25 34 44 12 14 12 0 30 67 39 ]
[ 12 35 48 27 34 99 22 24 5 53 30 16 20 10 15 6 14 29 3 0 37 38 60 32 36 ]
[ 38 7 24 14 71 3 50 23 27 7 3 0 65 25 6 60 11 18 23 7 90 6 26 6 99 ]
[ 18 8 68 52 48 52 16 5 0 15 36 95 15 15 1 26 39 10 9 4 6 76 72 11 16 ]
[ 27 47 22 23 47 61 43 2 6 69 32 1 15 45 4 17 9 37 55 24 6 16 35 73 8 ]
[ 12 1 36 31 32 42 93 22 7 14 29 3 36 7 12 48 0 18 40 33 66 67 12 63 1 ]
[ 7 41 39 23 31 8 8 2 8 40 17 45 57 64 5 67 28 1 38 61 21 30 3 2 80 ]
[ 2 7 16 66 1 32 37 12 70 21 1 0 60 30 14 35 68 20 20 21 72 11 20 41 51 ]
[ 27 48 17 33 50 25 24 43 22 3 11 84 15 20 10 29 49 5 35 40 25 44 24 8 43 ]
[ 12 44 60 5 12 14 37 18 41 75 14 0 49 16 19 41 37 12 25 63 28 27 11 27 48 ]
[ 17 6 10 1 3 4 67 1 67 69 39 47 91 92 21 28 15 9 12 18 7 13 42 20 39 ]
[ 16 0 79 9 2 8 34 60 5 16 49 13 12 1 87 22 6 96 32 33 70 0 25 64 1 ]
[ 91 17 30 31 32 3 2 4 24 33 30 4 38 14 75 10 38 13 47 47 8 16 30 16 91 ]
[ 54 32 15 19 36 10 56 7 71 88 32 15 8 44 79 24 21 8 3 15 60 6 17 9 19 ]
[ 28 6 5 19 98 30 26 52 10 65 26 33 21 2 1 33 76 7 64 31 31 9 51 17 7 ]
[ 17 12 18 78 54 0 19 34 13 15 7 75 0 33 56 63 16 7 99 6 90 10 3 1 26 ]
[ 3 26 3 29 10 35 7 47 20 44 50 26 81 12 36 26 32 67 12 15 12 70 17 3 69 ]

Timer (generate): 20ms real	20ms user	0ms sys
[ 35 44 65 94 80 3 24 53 56 25 43 55 54 97 36 63 11 66 90 8 28 96 64 82 47 ]
[ 26 93 36 2 40 9 89 84 26 84 16 29 60 69 38 85 65 45 92 62 33 7 25 99 50 ]
[ 85 79 46 50 61 45 28 6 34 31 46 43 20 82 22 56 51 3 17 20 41 54 37 38 46 ]
[ 0 71 54 77 23 56 63 2 2 65 16 0 93 22 34 24 21 29 97 3 3 53 54 7 22 ]
[ 27 48 77 64 87 75 16 10 81 94 33 37 57 88 40 22 4 92 15 26 78 92 47 7 41 ]
[ 3 11 94 57 18 69 36 18 46 53 57 21 69 20 3 15 53 40 72 41 32 46 45 76 14 ]
[ 24 54 58 71 62 99 74 25 45 84 95 14 20 65 60 73 75 34 95 95 89 10 48 81 35 ]
[ 42 66 81 39 42 47 63 97 5 35 11 56 61 88 2 45 35 16 18 0 29 43 75 15 38 ]
[ 70 56 1 71 37 36 13 55 69 4 98 69 68 47 26 3 10 83 16 50 85 62 85 53 32 ]
[ 37 82 75 13 49 66 35 5 67 6 43 55 71 50 76 76 48 45 44 47 72 99 9 55 67 ]
[ 59 92 29 96 45 13 34 80 89 99 29 55 34 35 74 93 30 29 16 80 57 44 81 3 40 ]
[ 80 27 91 42 82 59 53 26 40 50 71 54 36 51 43 35 33 50 21 20 24 66 50 5 83 ]
[ 82 14 27 15 17 20 48 44 11 90 78 70 43 4 11 45 28 17 81 31 60 16 64 62 90 ]
[ 84 38 56 86 95 39 21 9 19 88 27 39 88 23 2 78 54 73 74 10 36 19 38 53 1 ]
[ 22 65 69 86 27 59 23 65 68 61 60 59 34 21 78 23 0 69 11 24 72 42 30 97 16 ]
[ 40 33 87 31 38 40 53 3 10 91 30 21 14 47 89 28 59 49 62 80 79 85 81 1 49 ]
[ 57 73 91 87 22 59 79 7 98 10 45 39 15 48 1 7 30 22 73 77 64 1 88 13 16 ]
[ 68 44 1 49 45 2 58 70 45 45 92 56 77 99 55 87 96 94 55 44 47 62 74 69 87 ]
[ 3 85 89 91 50 5 12 95 58 13 92 13 72 63 58 69 7 15 46 7 22 86 55 68 41 ]
[ 0 15 55 26 36 42 82 22 31 25 72 88 37 19 99 51 12 12 75 75 22 44 34 89 43 ]

Running merge sort algorithm: 
Timer (sort): 12ms real	0ms user	0ms sys
The output is sorted!
[ 8 18 22 6 82 6 48 44 67 40 16 1 0 20 49 79 16 5 5 4 0 8 11 19 71 ]
[ 36 20 7 13 15 16 2 25 3 2 23 46 94 34 41 46 3 42 27 5 27 9 27 52 53 ]
[ 39 8 6 48 86 44 7 21 25 48 22 56 68 0 56 33 2 15 7 3 15 17 0 5 44 ]
[ 13 5 28 1 0 13 35 16 47 72 8 58 18 18 27 42 30 70 54 3 7 4 6 86 19 ]
[ 1 7 54 5 19 11 16 42 49 44 14 38 74 35 0 10 29 30 16 40 20 64 4 37 25 ]
[ 0 14 45 11 47 3 63 14 42 24 4 7 49 2 1 23 77 36 27 19 26 84 3 63 5 ]
[ 24 64 8 31 13 7 29 10 16 21 25 4 19 29 50 18 34 20 3 65 59 82 8 19 38 ]
[ 26 39 99 41 45 36 12 28 22 85 40 24 16 22 23 18 2 6 5 13 72 15 6 0 7 ]
[ 40 10 16 5 15 15 27 1 12 23 58 82 64 41 41 21 55 4 5 18 8 9 90 20 25 ]
[ 16 75 8 21 6 38 71 21 9 32 11 0 18 8 58 4 51 22 46 8 42 20 52 9 84 ]
[ 73 6 45 7 16 16 84 76 11 43 0 43 30 13 0 7 25 17 18 60 9 4 77 37 13 ]
[ 32 74 6 35 3 3 56 7 14 9 73 22 10 36 52 75 52 7 23 24 1 20 57 29 10 ]
[ 4 62 0 50 17 19 17 20 45 33 12 93 43 85 13 16 52 21 22 43 29 17 5 16 2 ]
[ 18 39 3 23 3 2 11 39 0 66 9 5 69 13 59 43 69 53 11 16 39 94 19 17 18 ]
[ 42 16 71 75 28 84 82 7 62 4 11 0 0 4 52 30 4 33 7 30 28 14 20 35 3 ]
[ 45 12 3 87 20 32 36 6 77 24 2 6 37 91 2 18 52 8 2 26 80 10 34 17 20 ]
[ 32 32 0 93 23 3 30 20 2 82 12 25 39 24 47 28 82 13 20 35 2 4 71 11 18 ]
[ 5 4 32 5 25 80 55 6 94 1 23 19 24 10 81 4 7 0 82 29 54 27 22 52 7 ]
[ 20 25 7 8 42 60 34 24 50 11 60 59 4 13 30 33 6 15 43 59 74 52 14 4 6 ]
[ 17 18 94 2 0 94 9 22 95 59 32 37 12 36 30 1 36 3 2 19 75 3 19 5 33 ]

Timer (generate): 22ms real	20ms user	0ms sys
[ 41 45 85 69 27 82 77 50 13 57 45 7 66 68 72 13 5 8 27 30 25 64 57 55 39 ]
[ 17 50 10 5 41 93 46 38 31 67 66 13 44 68 27 2 14 86 20 34 58 85 39 67 13 ]
[ 21 44 77 31 0 69 48 2 79 5 95 24 52 34 55 19 52 21 16 20 48 70 86 86 90 ]
[ 21 97 76 12 64 41 34 60 70 17 12 39 17 15 70 22 10 95 74 96 2 46 48 23 14 ]
[ 69 23 84 55 10 26 28 59 2 41 23 95 27 35 66 44 48 57 61 15 80 83 77 27 10 ]
[ 74 29 8 22 5 22 43 28 6 99 90 84 79 49 87 20 24 34 47 60 0 91 60 10 4 ]
[ 75 90 88 52 17 98 26 98 58 1 3 80 44 84 38 95 74 22 75 76 61 95 0 96 95 ]
[ 12 48 38 24 58 43 99 48 31 4 17 81 82 16 91 83 71 71 80 55 9 75 30 83 50 ]
[ 6 45 46 58 41 41 23 41 79 47 0 74 99 0 57 55 18 90 37 86 81 73 57 52 53 ]
[ 13 13 28 95 97 31 53 94 29 63 87 22 86 28 53 86 28 28 37 81 85 92 51 76 81 ]
[ 37 9 6 46 62 11 11 27 92 6 76 23 11 70 52 75 9 74 13 38 27 51 18 7 40 ]
[ 99 93 84 50 21 18 39 30 24 86 44 36 97 24 80 56 0 3 19 23 7 46 32 81 12 ]
[ 70 60 15 89 68 56 40 13 40 91 86 58 30 68 35 68 13 23 18 89 3 74 89 58 45 ]
[ 12 65 92 97 98 4 67 58 19 8 78 27 49 91 68 92 77 78 74 46 65 43 11 88 61 ]
[ 0 43 87 41 1 32 6 18 76 3 16 32 22 75 4 83 53 31 32 97 51 76 74 30 50 ]
[ 72 47 45 35 36 58 87 31 45 29 85 30 87 3 58 42 20 91 64 95 95 99 0 26 31 ]
[ 49 78 59 76 60 10 48 7 55 36 95 14 23 27 11 4 64 93 91 67 52 85 87 43 2 ]
[ 34 90 1 87 68 85 36 98 44 12 10 54 13 18 62 49 65 28 72 44 39 77 8 33 20 ]
[ 76 37 58 15 32 60 50 22 61 37 42 98 25 41 43 38 51 97 51 21 11 52 87 39 24 ]
[ 83 79 53 92 64 26 20 1 84 35 33 96 37 7 9 74 49 8 0 42 51 90 94 0 93 ]

Running merge sort algorithm: 
Timer (sort): 13ms real	0ms user	0ms sys
The output is sorted!
[ 29 25 25 22 34 47 11 23 0 4 7 71 9 27 61 13 71 23 13 7 0 18 39 11 4 ]
[ 8 76 10 11 52 12 30 4 20 42 96 22 7 36 50 12 26 43 6 11 6 2 26 38 6 ]
[ 12 21 31 26 49 35 11 7 36 14 28 63 13 61 4 32 56 1 10 4 9 38 23 72 41 ]
[ 6 1 88 13 21 0 30 32 33 14 49 1 8 53 11 34 33 13 8 19 37 56 50 38 56 ]
[ 3 25 7 4 9 47 2 18 41 30 11 35 28 89 43 20 4 98 3 0 76 13 85 2 21 ]
[ 4 27 75 23 95 73 74 48 25 15 15 5 19 3 6 29 6 9 24 17 16 16 35 31 27 ]
[ 15 3 96 44 34 5 33 0 2 16 19 17 63 2 82 7 24 49 66 47 23 26 58 2 1 ]
[ 56 86 33 4 95 1 26 2 13 19 20 14 82 12 48 14 26 3 10 14 10 35 15 82 18 ]
[ 23 80 25 3 0 74 28 9 10 27 0 4 15 26 24 78 40 80 20 50 83 7 22 0 16 ]
[ 29 39 33 19 70 4 9 14 41 15 17 60 83 5 6 38 27 25 12 35 52 33 47 2 32 ]
[ 40 17 22 57 7 46 16 46 28 24 8 73 52 57 10 10 33 26 74 10 0 2 78 5 9 ]
[ 22 1 1 2 59 16 95 8 33 21 7 57 27 32 43 12 11 18 5 37 94 30 19 75 28 ]
[ 18 79 70 9 30 5 68 4 12 33 45 1 4 60 9 39 1 37 1 5 33 36 23 44 87 ]
[ 15 66 50 59 53 9 58 54 6 60 44 12 47 3 10 6 10 54 3 19 60 21 15 16 5 ]
[ 65 12 38 8 57 29 23 1 0 87 17 38 29 26 11 38 59 51 24 12 39 41 7 11 34 ]
[ 10 8 36 49 4 78 3 30 7 6 56 52 5 34 15 52 72 0 5 3 45 75 20 38 55 ]
[ 33 19 3 73 7 14 11 0 26 74 97 90 19 14 14 21 43 9 1 30 59 12 35 35 21 ]
[ 0 28 67 17 0 85 16 2 29 10 14 36 47 23 6 22 0 35 36 23 31 80 58 27 73 ]
[ 9 35 46 52 70 24 40 37 32 16 28 15 13 32 34 17 45 6 34 38 26 29 45 38 5 ]
[ 4 48 94 45 13 28 50 40 6 2 0 85 6 5 1 0 71 4 28 56 33 25 12 75 38 ]

Timer (generate): 20ms real	20ms user	0ms sys
[ 25 16 45 71 67 98 18 41 32 36 47 54 10 38 21 53 41 14 21 1 37 58 46 97 86 ]
[ 83 75 54 15 33 91 40 1 88 64 68 86 82 62 18 70 61 25 32 99 46 85 40 12 7 ]
[ 94 49 17 40 46 3 75 74 57 90 7 48 31 60 88 95 80 75 29 42 45 99 4 70 31 ]
[ 3 68 17 96 33 76 90 82 93 82 81 48 57 7 6 48 66 6 31 26 95 26 6 22 7 ]
[ 1 67 6 5 90 89 60 10 58 56 43 86 98 78 31 80 11 80 90 18 86 38 84 44 69 ]
[ 62 91 47 68 13 54 69 33 12 26 75 53 87 85 64 43 29 50 42 59 82 74 70 62 64 ]
[ 88 0 54 24 96 75 86 40 22 6 5 28 28 38 92 54 13 46 41 51 62 37 32 12 31 ]
[ 91 94 5 13 8 22 1 60 28 77 57 4 15 97 26 21 2 7 49 93 99 56 58 97 49 ]
[ 9 59 86 41 24 69 84 70 27 97 79 49 50 39 77 27 48 33 42 45 60 16 48 19 17 ]
[ 93 70 73 51 20 75 61 31 61 54 55 83 39 26 10 88 57 11 39 48 88 18 97 22 13 ]
[ 42 34 81 42 5 98 35 75 24 39 47 99 0 79 12 6 86 95 97 12 5 86 21 16 77 ]
[ 70 57 95 19 31 60 61 17 41 56 74 40 43 49 16 82 49 15 34 28 79 41 14 75 38 ]
[ 79 32 76 52 1 53 22 10 49 93 93 61 7 10 3 63 84 43 58 85 59 93 34 26 27 ]
[ 14 5 20 29 32 11 60 65 87 12 18 41 87 28 42 80 21 3 87 83 6 2 67 1 13 ]
[ 4 12 6 91 38 33 5 96 6 86 28 17 98 93 4 63 11 97 50 91 91 82 12 95 22 ]
[ 95 53 24 14 7 89 71 19 95 62 10 81 19 6 87 58 34 56 8 80 60 71 43 10 73 ]
[ 35 1 56 47 96 30 95 2 54 9 9 96 32 28 91 94 38 72 66 96 11 76 31 67 84 ]
[ 11 80 56 54 90 29 89 91 37 89 40 67 84 94 74 45 3 70 78 83 61 24 74 86 42 ]
[ 70 97 18 1 17 55 64 97 63 71 87 92 12 30 82 1 70 1 37 64 75 35 19 97 65 ]
[ 3 11 41 29 97 84 99 46 54 53 63 9 69 60 24 40 99 17 53 30 51 6 52 52 44 ]

Running merge sort algorithm: 
Timer (sort): 12ms real	10ms user	0ms sys
The output is sorted!
[ 43 54 6 2 41 3 25 17 1 0 3 23 54 21 4 0 12 48 1 83 71 46 35 20 29 ]
[ 40 25 28 19 32 19 48 47 27 21 17 13 21 30 78 5 10 14 23 88 29 11 10 2 48 ]
[ 16 9 16 43 30 16 14 36 24 31 1 5 97 74 55 26 19 32 11 33 2 19 41 21 56 ]
[ 42 18 34 44 79 27 56 12 14 0 18 73 0 63 63 45 24 24 29 6 35 1 0 3 20 ]
[ 17 51 40 11 2 9 24 4 42 20 21 35 30 0 33 79 10 85 72 7 4 14 46 68 6 ]
[ 58 75 13 13 23 68 66 10 13 36 19 21 25 29 81 19 2 25 22 7 29 23 28 10 17 ]
[ 4 15 27 29 32 0 50 12 31 66 3 63 0 59 7 94 7 48 42 24 19 26 17 55 8 ]
[ 1 10 60 20 47 0 60 18 66 0 22 35 12 30 65 12 41 3 29 12 20 31 54 82 14 ]
[ 71 16 4 40 82 15 50 55 12 13 8 23 22 25 32 7 21 33 38 48 64 4 24 15 24 ]
[ 14 42 19 51 15 0 45 83 58 64 28 37 33 19 7 24 5 5 9 81 8 44 38 1 17 ]
[ 19 16 5 0 13 9 37 34 28 11 32 34 72 6 40 38 75 26 4 59 60 97 0 34 0 ]
[ 5 7 23 23 67 2 11 18 79 42 26 16 9 78 76 30 14 21 9 57 8 50 25 45 13 ]
[ 4 28 17 22 26 43 21 40 54 4 49 31 52 11 7 3 11 6 14 52 67 81 53 4 56 ]
[ 13 25 24 51 36 26 15 33 14 6 73 38 86 12 6 17 12 38 7 43 13 26 46 79 19 ]
[ 15 19 2 16 33 4 6 27 23 25 18 5 66 48 17 25 40 57 99 50 34 15 50 60 6 ]
[ 24 54 55 77 7 25 35 90 17 47 92 1 22 13 48 15 16 2 64 11 8 1 0 32 7 ]
[ 1 94 6 42 47 8 12 55 6 30 36 58 15 31 19 55 5 7 23 5 42 67 64 21 14 ]
[ 21 89 46 32 1 15 15 35 2 8 9 26 22 98 32 28 35 65 0 13 38 10 8 72 50 ]
[ 20 13 66 45 39 32 63 14 6 40 24 32 45 50 61 8 52 1 18 50 44 12 20 11 5 ]
[ 7 26 40 0 12 46 25 12 25 17 21 91 30 78 3 55 15 36 75 36 48 15 5 18 36 ]

