Timer (generate): 75ms real	60ms user	0ms sys
[ 47 11 6 16 43 64 19 50 25 56 49 11 67 5 25 32 6 42 69 62 14 75 35 64 2 69 58 61 25 55 59 72 66 18 88 62 82 59 12 60 16 13 71 35 18 48 67 24 91 88 ]
[ 38 57 64 74 21 18 95 31 79 21 87 91 93 53 9 34 67 91 93 31 51 9 44 75 96 62 23 63 39 14 52 77 71 68 3 44 86 99 76 17 20 63 8 65 68 17 99 36 61 93 ]
[ 67 12 54 64 39 51 78 63 66 17 77 70 47 1 90 2 45 76 53 73 46 25 88 54 91 57 24 42 45 85 87 64 49 42 28 89 45 7 4 63 76 33 34 75 34 24 78 32 53 83 ]
[ 5 51 9 94 5 0 3 81 94 48 18 82 64 20 76 93 61 73 52 65 36 28 98 22 56 85 99 86 17 52 69 74 3 78 20 60 30 23 94 77 23 12 59 88 32 87 33 93 60 85 ]
[ 10 48 65 9 71 73 94 22 59 11 26 81 37 29 11 58 41 94 33 87 71 57 0 82 97 84 69 82 30 81 19 40 81 84 49 4 10 95 26 21 58 52 2 96 33 14 54 27 60 39 ]
[ 14 31 96 66 65 45 51 86 27 81 19 46 73 0 83 23 5 93 70 83 14 29 36 69 77 21 35 83 48 95 22 63 78 19 81 43 16 32 81 44 65 0 42 39 0 25 14 57 70 84 ]
[ 93 37 65 81 6 42 2 41 25 51 88 48 66 66 19 47 61 35 32 42 31 97 42 26 88 94 51 2 4 74 39 97 63 4 78 69 99 80 62 24 83 2 24 1 68 43 1 81 31 33 ]
[ 23 62 82 17 88 23 11 92 25 67 18 16 64 81 73 94 2 72 75 64 48 10 66 73 12 86 68 65 67 99 98 42 14 32 59 54 55 22 98 33 42 16 49 6 49 74 1 51 98 28 ]
[ 67 99 38 85 24 2 23 92 67 90 44 17 84 10 50 95 64 57 70 63 90 12 31 92 70 81 66 71 84 17 51 4 16 90 89 40 44 13 32 64 55 28 81 92 38 83 87 55 41 57 ]
[ 18 31 21 1 75 92 34 94 15 71 11 67 75 27 9 64 19 5 29 3 69 85 32 51 29 70 34 16 77 27 26 95 11 47 49 86 91 35 80 7 6 43 26 81 22 35 98 41 40 27 ]
[ 45 10 64 29 13 93 51 47 62 29 27 88 76 38 87 77 24 79 13 57 38 19 52 64 53 75 51 51 68 91 30 65 53 47 94 66 40 98 66 54 27 93 42 55 31 82 33 7 13 46 ]
[ 16 3 65 69 67 70 44 18 21 64 61 4 30 67 51 76 85 43 74 3 98 1 96 92 9 79 74 42 87 39 88 55 42 5 24 9 76 20 79 49 85 93 53 15 12 56 91 97 0 66 ]
[ 1 98 19 49 90 28 29 17 22 68 56 10 23 99 68 0 8 96 20 40 45 5 85 51 72 97 7 64 94 7 82 47 57 53 97 48 34 78 65 56 46 21 67 21 20 87 21 81 83 42 ]
[ 21 28 99 58 31 72 55 91 88 49 50 70 49 8 23 46 8 57 24 73 14 22 46 33 95 19 20 17 0 3 11 73 83 10 31 67 34 38 58 22 39 8 92 88 16 68 34 24 77 10 ]
[ 49 43 84 96 76 80 67 48 49 67 3 60 92 87 22 75 6 57 13 64 31 52 72 76 41 41 44 27 65 21 90 67 65 74 63 93 54 30 42 3 49 97 15 93 36 90 68 42 99 33 ]
[ 6 30 37 31 6 78 72 50 58 89 24 48 56 41 74 71 34 81 53 28 36 2 26 52 47 62 94 67 57 93 0 63 23 38 94 82 68 18 84 78 8 8 26 16 1 53 88 88 34 41 ]
[ 16 70 96 94 74 43 9 68 11 66 13 63 81 37 53 28 19 74 46 55 52 6 64 79 23 65 84 63 53 18 4 22 40 0 68 15 96 29 35 59 95 49 74 29 38 28 57 9 2 55 ]
[ 64 54 14 28 85 37 46 69 0 51 87 56 25 80 9 46 95 5 75 30 16 71 31 90 52 69 18 9 78 72 16 43 79 30 23 64 19 21 86 19 25 25 28 50 5 37 96 0 42 24 ]
[ 83 58 47 14 0 99 36 19 60 14 43 76 9 22 7 85 87 26 6 25 98 31 50 26 34 56 15 82 8 9 6 91 67 53 58 67 4 46 38 64 60 82 41 22 56 0 7 43 78 65 ]
[ 20 28 97 71 54 83 27 21 65 87 30 24 31 49 29 89 69 34 87 7 98 99 41 91 21 98 91 80 93 22 46 14 50 95 85 57 78 64 78 43 51 9 19 82 58 49 23 27 83 10 ]

Running merge sort algorithm: 
Timer (sort): 29ms real	30ms user	0ms sys
The output is sorted!
[ 0 30 77 10 10 2 40 7 40 4 80 16 3 46 10 18 59 5 51 3 72 38 20 7 10 26 26 36 73 21 14 26 51 91 36 14 45 28 73 85 33 53 54 36 51 16 7 11 21 10 ]
[ 9 24 31 23 92 49 35 62 15 7 51 18 0 17 77 39 18 0 4 1 7 1 92 6 80 4 35 74 32 50 53 41 26 37 16 18 86 3 32 53 62 35 72 62 4 1 54 23 2 10 ]
[ 2 41 5 22 29 7 29 57 63 39 4 21 1 8 80 89 89 20 4 35 56 94 15 69 17 24 10 40 20 30 23 22 23 28 44 4 35 25 61 50 64 18 23 65 26 4 7 67 24 11 ]
[ 69 19 51 15 15 60 35 36 14 3 22 5 31 12 3 4 5 5 29 5 94 57 15 43 9 6 30 83 60 43 51 29 14 3 45 29 63 32 17 77 87 40 34 18 4 90 74 9 47 4 ]
[ 11 64 56 53 77 41 12 19 7 9 78 2 87 51 37 6 13 60 72 62 15 89 16 54 10 35 16 21 70 11 0 34 27 8 39 4 1 52 75 9 61 53 11 1 4 0 59 18 12 31 ]
[ 46 18 10 21 26 26 92 32 21 19 40 32 63 43 19 21 61 51 5 74 54 11 40 86 0 8 5 36 28 34 40 74 4 51 48 31 77 40 15 50 11 7 34 26 50 6 48 12 57 5 ]
[ 69 50 31 79 89 32 17 4 10 29 24 43 2 26 46 49 99 30 64 20 39 16 12 12 26 32 8 69 2 20 0 23 70 31 2 12 15 19 16 25 48 92 21 3 70 19 4 70 50 69 ]
[ 25 23 37 85 14 14 92 52 62 21 18 3 54 23 58 32 51 22 16 18 13 71 49 9 67 3 20 3 77 80 24 54 55 14 39 70 28 31 22 42 4 40 46 11 16 4 43 19 27 11 ]
[ 24 14 46 63 2 16 11 64 26 3 56 9 4 5 39 15 85 15 23 51 89 27 59 25 72 66 11 84 1 8 10 77 75 9 40 29 25 51 45 3 7 1 13 11 58 4 79 95 19 54 ]
[ 16 9 82 9 39 1 32 15 30 7 61 44 11 89 6 9 15 98 22 15 59 83 26 36 88 54 4 54 47 58 67 15 19 2 24 10 3 56 25 34 15 38 30 27 28 36 36 43 34 59 ]
[ 0 17 17 41 54 46 30 52 57 39 96 75 7 37 43 16 52 75 38 94 58 0 12 20 28 17 0 9 27 0 9 27 17 78 68 24 24 51 76 34 42 24 9 1 62 52 18 14 28 8 ]
[ 17 20 13 74 12 7 53 77 99 3 48 50 4 68 67 42 3 29 1 76 4 11 27 26 58 9 39 61 62 83 80 31 3 93 5 67 0 10 44 51 14 45 1 70 13 20 12 17 1 14 ]
[ 83 96 3 1 98 27 3 8 15 0 39 20 30 37 17 11 75 32 27 33 9 58 81 7 31 0 40 50 31 9 52 66 57 7 67 55 34 23 15 2 23 54 22 5 43 91 16 18 75 43 ]
[ 38 13 73 20 9 40 8 21 26 95 72 3 24 29 12 8 55 26 63 43 43 20 81 22 22 13 86 12 34 3 28 25 16 1 97 25 41 5 46 20 52 71 75 28 52 87 37 8 14 0 ]
[ 45 64 51 14 76 43 23 65 25 28 13 20 23 24 72 25 8 68 40 53 14 44 43 17 33 54 11 95 88 11 13 33 28 65 0 4 8 23 22 33 3 35 5 26 11 78 4 20 98 44 ]
[ 19 0 73 80 7 70 77 2 18 9 4 32 32 87 71 23 37 66 38 18 12 15 7 14 83 26 11 9 11 64 7 30 64 32 62 23 2 92 25 20 1 82 4 85 69 27 9 6 45 47 ]
[ 68 77 15 24 29 33 11 71 5 36 5 31 24 93 21 32 69 29 16 48 16 29 57 88 78 9 60 43 5 2 2 25 31 17 2 61 51 13 84 8 1 89 39 25 34 12 9 55 42 25 ]
[ 44 30 14 25 59 51 39 40 56 20 9 31 57 83 0 27 70 18 24 35 9 34 46 4 92 35 12 39 11 79 9 56 9 23 33 20 27 72 12 35 44 73 19 1 56 19 81 27 37 5 ]
[ 16 23 16 24 38 66 15 61 54 45 10 99 45 46 42 41 19 3 13 34 23 57 30 87 88 8 9 54 11 48 25 79 24 41 4 14 8 71 28 14 16 38 13 13 85 8 6 56 63 20 ]
[ 30 11 23 61 0 29 6 1 21 16 71 53 20 29 86 42 35 20 25 12 68 63 27 92 17 11 90 32 19 12 88 49 23 11 63 23 92 21 77 66 37 0 19 9 29 6 51 17 26 29 ]

Timer (generate): 75ms real	70ms user	0ms sys
[ 48 8 31 62 69 80 32 15 1 17 24 96 67 51 32 52 62 15 65 40 78 9 87 5 2 50 40 70 73 11 52 74 71 35 36 41 16 21 8 69 90 84 65 57 87 49 9 1 64 26 ]
[ 42 95 36 81 0 38 31 92 60 57 3 12 31 27 99 19 20 15 92 28 85 82 12 50 39 51 52 1 53 16 27 47 63 63 28 63 53 11 8 13 68 11 77 99 38 77 71 10 44 63 ]
[ 38 81 46 2 32 85 54 36 38 7 4 66 6 68 81 34 83 35 45 91 0 14 3 78 65 93 7 88 4 3 52 94 85 98 49 69 35 3 5 26 62 9 92 68 77 73 54 61 60 99 ]
[ 52 61 65 7 91 83 53 50 71 9 53 23 3 38 73 52 7 61 7 64 87 21 74 31 89 3 56 43 64 17 95 69 78 60 76 69 95 81 19 67 90 24 42 46 15 68 98 22 81 58 ]
[ 39 20 79 13 51 69 16 7 64 33 76 59 54 54 72 82 75 67 64 46 34 54 23 29 52 38 97 51 12 30 9 51 50 88 16 53 9 85 12 26 18 89 85 24 95 9 6 23 77 22 ]
[ 69 63 77 92 92 29 82 41 32 95 71 93 46 73 34 63 26 43 48 39 69 18 80 7 42 75 16 0 98 93 23 20 9 52 64 53 33 47 95 66 42 18 11 40 44 45 3 70 41 3 ]
[ 61 62 73 93 69 67 69 86 68 19 31 91 39 92 95 56 46 28 3 93 46 97 63 58 37 7 55 93 30 96 96 43 59 22 37 80 89 58 18 57 77 2 0 69 94 47 25 40 76 80 ]
[ 85 74 77 49 84 14 56 40 7 38 88 56 82 99 78 71 80 67 29 98 77 6 0 29 27 95 77 4 87 53 84 73 79 13 74 64 28 82 4 87 21 44 43 55 44 73 26 24 93 55 ]
[ 74 70 13 75 99 41 22 28 97 61 33 82 86 13 95 60 77 75 95 33 15 16 77 10 23 21 84 49 97 77 4 72 99 69 99 50 62 73 79 60 34 12 42 73 25 89 33 2 17 80 ]
[ 35 32 96 65 94 19 86 78 20 84 7 24 56 58 46 55 9 8 28 88 68 14 52 62 87 78 4 73 32 21 53 20 5 2 85 51 73 23 30 94 7 89 70 15 48 16 22 9 77 2 ]
[ 97 45 69 1 60 8 31 64 81 64 37 87 36 94 41 73 45 14 48 27 60 8 17 31 23 17 99 98 26 76 52 75 74 21 76 34 30 8 50 63 24 87 2 12 81 43 37 78 58 85 ]
[ 6 70 93 75 1 69 92 53 19 70 81 71 97 55 45 73 41 75 33 91 90 9 78 93 73 11 36 10 90 46 48 48 17 93 23 70 14 67 23 33 37 5 57 34 12 2 59 54 29 45 ]
[ 45 71 6 76 64 80 87 53 42 29 99 90 77 16 36 52 39 50 19 62 36 8 19 93 94 84 47 6 38 28 51 35 99 57 11 16 89 51 69 32 32 68 74 62 37 10 14 76 13 86 ]
[ 90 49 94 62 94 41 46 93 47 84 73 50 19 72 59 83 88 49 86 57 33 18 78 7 80 15 70 47 43 83 33 33 84 27 95 30 68 41 23 67 77 96 17 49 20 77 32 61 26 70 ]
[ 70 59 88 48 18 21 15 40 68 58 23 1 92 59 80 39 89 1 81 64 68 10 12 86 59 85 63 43 46 41 13 16 52 2 17 22 75 32 63 43 91 38 44 35 98 76 74 39 77 7 ]
[ 56 98 70 68 84 29 53 99 73 51 92 38 68 44 92 37 18 67 69 81 10 12 20 6 47 70 83 74 9 12 33 17 10 3 86 46 85 91 45 58 43 89 48 63 85 41 0 4 8 69 ]
[ 85 19 34 57 77 33 79 60 7 89 25 93 6 35 96 44 34 81 88 79 91 31 21 40 46 6 81 46 10 41 67 48 60 1 57 38 35 37 50 94 78 75 87 36 63 36 33 97 69 21 ]
[ 28 13 52 49 53 50 8 86 96 70 79 15 70 40 17 28 30 4 17 32 50 47 60 90 35 23 26 68 72 95 89 52 60 93 2 13 43 62 51 91 32 31 7 55 23 76 35 5 32 52 ]
[ 37 82 51 49 72 86 24 50 55 96 98 96 49 58 90 3 24 85 17 27 77 49 58 36 56 33 12 91 38 96 95 28 78 46 77 3 33 54 5 40 50 3 36 51 62 78 54 38 64 71 ]
[ 65 93 73 76 81 29 9 45 73 0 41 68 80 71 15 9 26 0 63 32 40 14 35 76 65 49 55 72 87 71 95 53 16 20 29 49 2 90 94 75 90 35 43 22 58 10 32 85 10 95 ]

Running merge sort algorithm: 
Timer (sort): 26ms real	30ms user	0ms sys
The output is sorted!
[ 64 4 11 60 25 36 3 65 1 32 47 24 22 48 67 7 9 18 88 27 32 66 63 27 12 39 60 13 3 3 7 19 7 18 31 85 7 34 2 8 67 1 32 41 50 51 48 59 70 36 ]
[ 57 32 2 7 30 90 62 95 16 8 44 38 7 38 64 4 4 8 3 69 83 21 35 2 18 6 10 50 8 3 66 17 87 68 25 17 10 39 13 78 48 9 16 55 47 80 11 3 40 15 ]
[ 31 1 46 15 13 12 71 57 23 0 26 45 20 63 6 19 2 79 9 24 65 25 8 28 33 24 35 93 69 60 21 0 13 19 67 26 31 39 83 7 91 10 4 64 25 10 35 28 42 44 ]
[ 48 13 13 49 19 7 55 0 22 56 5 3 69 42 3 30 8 22 39 32 14 58 26 1 0 91 2 20 63 40 25 64 5 38 13 77 45 21 77 19 77 82 22 47 24 26 77 84 0 16 ]
[ 29 10 3 73 43 71 52 69 25 19 14 2 90 83 10 61 75 5 7 26 4 54 71 19 33 47 60 44 24 20 0 5 82 3 30 25 26 35 46 3 54 12 6 45 47 16 58 22 21 17 ]
[ 42 56 43 12 0 21 15 5 18 34 40 64 3 17 32 1 3 61 60 17 67 34 23 23 41 81 15 89 32 93 17 74 49 12 39 2 34 6 7 4 40 0 68 43 17 52 97 72 13 9 ]
[ 19 10 5 2 37 38 6 47 19 6 60 47 48 53 5 76 32 25 0 25 48 81 55 28 6 61 58 61 27 42 49 46 52 6 48 41 96 6 41 15 12 1 14 12 54 19 40 39 44 40 ]
[ 30 35 86 25 14 5 39 43 84 2 12 11 34 39 35 8 6 4 33 83 7 83 67 30 51 36 7 21 8 27 32 90 62 70 15 76 28 54 71 12 8 35 23 42 27 10 2 33 15 35 ]
[ 17 18 38 19 54 41 14 17 68 40 29 50 16 16 5 67 12 99 28 24 57 74 55 82 32 47 15 55 15 40 52 33 10 42 4 16 35 18 34 4 10 15 54 26 31 11 46 95 10 26 ]
[ 31 36 44 30 69 39 87 34 47 2 8 20 35 28 21 50 94 83 96 46 5 48 24 70 6 13 27 18 10 20 25 42 56 69 24 25 8 11 11 7 14 71 27 1 0 0 3 46 84 51 ]
[ 82 57 8 72 13 39 1 41 33 22 14 4 50 0 18 32 34 80 67 22 31 9 1 46 48 97 4 61 66 19 14 0 28 22 24 41 13 26 82 98 0 49 3 2 49 73 35 35 53 2 ]
[ 25 15 70 0 32 6 43 16 45 64 4 17 6 4 24 16 94 59 5 3 11 57 84 14 16 7 77 1 18 93 56 43 8 26 44 92 32 87 9 29 3 13 46 62 69 70 30 16 30 35 ]
[ 19 20 30 33 96 17 33 4 35 26 3 48 30 16 78 25 34 46 15 24 11 37 10 23 19 51 73 5 6 55 7 77 28 90 10 24 7 43 28 94 22 84 42 52 0 73 29 35 19 44 ]
[ 50 8 48 14 22 75 51 15 9 27 16 4 22 2 75 17 17 1 28 46 79 22 49 13 11 0 63 5 47 22 33 49 82 82 64 56 57 67 71 19 46 39 75 20 42 2 37 11 4 18 ]
[ 68 0 14 56 2 20 6 30 26 64 22 27 28 27 93 93 66 26 26 81 45 31 23 52 42 27 23 1 54 71 13 74 24 27 31 26 0 89 8 78 6 30 5 34 9 50 27 28 28 5 ]
[ 15 12 37 86 12 84 12 32 3 9 82 50 8 45 53 28 61 66 24 52 3 36 43 3 52 31 71 13 75 11 32 43 76 69 29 40 6 93 24 9 2 7 12 11 4 17 39 17 83 15 ]
[ 1 73 53 45 68 33 2 12 21 61 8 49 49 51 5 4 37 6 83 75 22 49 29 32 9 3 53 30 1 7 43 2 32 97 99 0 82 2 64 3 15 73 52 16 24 57 21 13 15 56 ]
[ 24 62 25 57 7 99 3 36 63 87 66 0 35 37 54 27 15 9 39 7 5 34 6 5 16 8 72 12 78 25 82 3 39 7 12 47 58 15 35 22 3 2 22 90 91 28 17 58 37 57 ]
[ 20 4 58 30 20 36 41 35 6 5 24 0 14 50 38 30 9 88 12 5 35 6 17 34 1 50 42 91 68 89 14 41 45 25 71 66 61 64 1 19 21 78 19 36 28 9 18 37 49 82 ]
[ 25 67 32 33 50 8 21 16 19 55 32 7 20 75 24 25 2 71 38 34 16 47 53 74 75 10 91 7 16 7 93 42 27 25 27 29 33 49 45 4 4 77 12 24 5 88 2 7 59 40 ]

Timer (generate): 83ms real	70ms user	0ms sys
[ 53 10 57 39 67 8 75 5 50 53 67 67 43 5 44 63 24 2 97 62 33 6 17 68 99 50 6 78 14 31 5 68 93 62 7 12 22 82 17 72 87 36 91 30 93 87 46 17 42 43 ]
[ 32 75 1 1 95 1 52 2 31 66 85 36 34 78 50 94 90 72 28 59 96 16 48 87 46 41 75 92 11 17 87 95 44 89 96 40 42 0 42 73 67 27 62 53 57 12 47 99 37 76 ]
[ 10 33 44 10 21 42 52 48 87 15 17 74 10 13 15 58 53 57 11 47 31 78 26 93 83 35 57 83 86 94 59 49 28 55 59 1 97 63 1 84 78 70 59 40 83 26 51 37 84 62 ]
[ 36 67 92 63 12 75 50 69 58 37 16 69 86 44 24 45 97 22 9 98 58 39 68 69 80 3 96 31 92 32 93 29 99 37 44 63 12 94 32 71 31 48 92 17 44 69 15 93 43 24 ]
[ 91 1 63 11 71 95 67 19 26 59 51 71 88 2 8 32 65 73 27 97 96 10 98 88 28 94 57 95 88 0 19 31 54 34 95 25 30 62 44 8 21 95 32 62 97 92 94 62 65 73 ]
[ 11 61 84 61 2 64 56 11 59 96 12 30 27 66 16 22 43 46 84 39 7 58 34 91 20 83 83 66 97 49 40 60 62 76 22 64 92 30 28 3 26 40 33 53 58 1 28 53 0 64 ]
[ 92 7 22 78 98 94 61 33 61 10 82 53 22 97 29 44 13 21 26 41 76 4 33 61 58 91 62 38 44 62 2 88 21 77 66 19 71 27 5 84 89 87 37 12 36 18 8 50 39 35 ]
[ 43 67 39 77 28 49 20 91 39 17 53 94 5 75 71 72 46 94 51 3 79 41 91 68 53 79 87 13 81 78 48 25 46 40 2 74 41 22 65 81 39 71 75 45 98 98 69 96 44 20 ]
[ 0 75 61 43 44 66 74 31 80 56 61 80 81 7 72 83 34 66 57 51 47 49 22 74 94 72 24 63 21 68 35 73 44 97 68 40 15 42 23 47 98 84 80 31 92 52 66 26 18 24 ]
[ 77 17 73 52 43 19 76 19 34 49 88 69 22 84 18 90 76 34 33 99 33 83 83 13 15 27 18 81 5 88 5 35 6 30 39 1 49 15 21 83 65 61 5 39 45 23 30 21 9 15 ]
[ 72 95 98 55 8 65 35 26 47 40 15 4 75 73 35 66 74 36 82 47 72 99 8 29 38 53 52 20 26 14 35 50 9 86 6 69 3 93 96 50 33 63 7 61 88 94 27 14 30 61 ]
[ 62 54 12 70 83 3 76 88 75 54 2 63 5 63 49 63 32 52 56 80 55 41 43 62 54 83 56 34 98 38 47 12 45 12 34 80 15 62 68 90 69 22 53 26 85 54 41 18 59 49 ]
[ 98 14 90 94 28 97 77 36 83 27 26 30 91 71 42 78 52 9 40 72 52 61 95 5 87 80 12 28 98 71 77 97 37 20 43 17 17 20 53 52 0 79 82 91 3 77 69 7 38 62 ]
[ 79 90 23 74 48 63 55 60 91 5 83 69 54 20 41 97 37 10 70 42 62 70 73 96 13 76 25 35 35 64 97 15 6 72 41 54 35 48 66 27 54 49 48 60 21 41 58 10 51 28 ]
[ 52 13 50 26 9 15 54 87 50 90 51 47 57 57 72 98 64 7 99 30 86 53 80 34 65 1 75 23 64 78 3 16 91 5 94 53 21 49 40 71 91 43 71 48 0 43 98 64 2 97 ]
[ 47 89 2 27 75 68 80 3 43 44 81 99 13 25 4 7 78 77 56 70 49 99 13 72 99 65 67 50 82 69 99 29 58 54 8 86 22 40 89 17 85 70 68 98 95 73 57 25 2 66 ]
[ 95 3 65 60 75 17 78 94 67 60 64 66 41 74 20 1 60 94 41 1 64 78 72 32 28 19 57 86 45 60 52 92 63 69 5 91 86 83 85 53 95 1 72 36 28 92 89 40 39 30 ]
[ 42 3 9 14 35 37 85 93 23 82 5 27 75 20 97 80 11 83 15 49 89 10 2 61 98 30 53 87 71 44 69 13 47 78 79 83 16 16 28 91 99 33 19 74 5 68 6 69 51 73 ]
[ 18 92 35 72 53 85 3 59 72 26 3 93 91 51 72 22 86 40 38 66 83 37 51 54 63 56 22 69 25 26 94 95 18 29 68 72 14 23 83 38 1 86 32 92 89 56 66 75 96 4 ]
[ 93 79 42 44 86 5 1 8 27 26 86 73 74 5 3 42 29 69 17 12 8 18 50 40 10 40 96 76 67 44 32 61 75 74 5 61 32 58 22 11 37 8 84 11 13 39 5 94 9 22 ]

Running merge sort algorithm: 
Timer (sort): 35ms real	30ms user	10ms sys
The output is sorted!
[ 61 20 24 22 44 10 8 8 55 12 55 53 70 15 41 27 70 29 5 38 29 52 67 19 2 4 61 4 7 3 23 21 23 47 43 19 10 3 80 65 16 35 19 38 2 12 17 25 41 22 ]
[ 0 34 2 50 13 16 52 94 8 1 29 52 14 27 54 29 85 18 10 68 85 91 18 13 10 19 32 17 99 16 38 99 2 40 1 15 9 6 62 17 7 43 21 21 70 27 3 7 45 13 ]
[ 31 49 17 14 21 0 38 55 10 1 81 19 18 5 42 20 45 13 76 30 26 9 84 76 39 11 96 13 29 11 0 60 12 69 26 34 22 17 89 32 18 22 52 36 27 46 9 25 11 85 ]
[ 70 31 38 16 14 20 7 3 26 0 57 9 38 90 1 16 34 16 65 67 45 91 54 4 39 3 66 49 12 41 63 34 24 1 51 38 74 10 94 0 11 3 9 1 93 10 17 28 79 34 ]
[ 36 10 48 36 14 13 36 12 63 90 39 68 47 12 0 10 36 81 92 78 3 31 65 63 31 11 1 6 4 10 25 41 20 25 29 35 38 17 99 1 7 90 69 6 2 22 69 39 3 13 ]
[ 51 16 15 27 99 19 23 8 87 32 29 51 3 40 13 7 51 57 12 24 13 47 31 95 60 18 41 48 48 37 33 52 54 0 31 5 20 6 13 59 38 95 10 42 35 23 1 38 32 13 ]
[ 6 35 61 43 9 47 5 10 11 12 73 50 34 91 12 67 21 39 37 48 70 90 31 22 69 2 7 9 6 17 39 13 53 52 8 14 99 14 24 63 26 49 13 13 41 25 80 14 16 17 ]
[ 34 52 62 13 43 39 9 12 24 32 31 23 70 36 14 80 16 3 10 65 9 6 18 12 28 7 12 4 89 17 12 23 21 75 37 16 66 46 28 91 31 12 14 53 0 80 86 16 35 96 ]
[ 11 4 36 19 23 76 92 36 39 2 29 24 87 54 28 54 72 2 9 86 8 46 3 2 32 11 10 29 30 23 85 41 27 73 12 50 2 5 38 41 7 67 17 46 74 46 1 46 48 10 ]
[ 18 62 4 13 71 17 40 70 22 5 94 18 42 29 19 5 32 39 79 21 93 87 57 55 58 36 1 7 31 28 34 2 43 90 15 14 7 7 85 30 12 31 0 6 13 71 12 45 10 43 ]
[ 52 61 6 85 6 64 26 57 33 16 13 82 8 61 30 11 52 37 2 5 41 52 30 71 12 2 21 72 16 5 7 20 18 13 5 24 30 31 33 63 48 46 97 56 60 27 19 12 65 21 ]
[ 3 33 28 3 80 31 25 35 41 33 97 10 49 15 66 59 67 25 57 41 29 4 5 20 29 44 15 52 40 35 12 43 20 40 46 0 24 23 35 17 57 85 80 6 0 46 17 20 72 26 ]
[ 30 12 2 88 26 81 57 38 54 30 24 31 10 63 24 8 35 20 4 62 99 13 17 21 15 8 82 21 0 45 28 82 10 31 71 36 12 28 26 18 11 2 49 21 65 26 29 52 98 34 ]
[ 15 50 42 36 8 24 10 24 50 95 92 17 4 29 64 15 98 7 56 38 71 17 85 31 72 4 19 24 4 0 37 19 50 32 7 10 56 17 86 6 65 31 24 21 12 40 36 11 0 93 ]
[ 27 42 3 27 14 71 20 18 47 10 1 16 7 55 56 83 60 7 58 14 18 49 10 3 45 42 62 18 1 33 1 80 27 5 7 42 28 79 12 27 90 65 44 49 20 0 32 80 59 91 ]
[ 53 4 70 43 41 47 34 34 29 51 25 26 69 44 42 13 1 18 13 42 1 81 28 23 20 42 2 0 82 2 32 35 58 54 31 99 2 65 86 31 68 11 10 37 7 4 50 60 23 15 ]
[ 23 69 28 21 82 46 2 41 22 7 91 52 46 33 74 57 13 25 33 46 0 61 6 85 2 48 97 27 57 11 4 33 33 33 6 15 31 8 56 54 67 0 6 14 33 32 23 46 9 56 ]
[ 79 90 22 28 54 66 10 48 34 49 77 68 75 11 0 54 33 14 17 49 6 10 34 52 34 27 39 24 56 21 9 35 11 31 16 18 50 26 18 84 27 48 4 2 59 4 8 44 70 25 ]
[ 58 8 15 83 51 10 21 8 7 36 0 44 59 97 1 90 99 50 5 10 41 19 4 58 78 1 80 89 56 44 22 66 4 38 49 7 0 22 15 7 11 67 3 70 65 4 13 16 54 18 ]
[ 7 10 12 59 3 3 52 76 4 6 29 17 34 25 47 42 71 40 8 22 84 6 82 13 13 30 96 35 79 47 85 86 9 49 98 12 4 2 89 9 8 18 26 43 44 25 37 15 17 46 ]

Timer (generate): 78ms real	60ms user	0ms sys
[ 26 27 20 2 94 88 22 53 39 1 55 17 6 81 64 13 38 63 24 27 97 87 93 55 86 99 46 37 94 77 15 20 56 35 22 3 75 96 56 66 50 11 83 56 92 0 22 82 63 98 ]
[ 9 60 85 2 67 23 54 65 12 48 95 27 20 51 15 94 54 90 91 10 57 93 73 40 49 66 92 23 48 55 21 10 68 58 64 35 33 70 53 45 18 48 25 38 51 40 33 6 30 76 ]
[ 68 39 69 42 32 70 60 24 46 60 80 19 22 0 30 39 87 63 9 40 9 80 40 86 70 92 26 3 98 56 31 18 48 52 12 80 75 72 4 21 85 36 40 59 36 70 98 76 34 60 ]
[ 16 95 40 57 81 10 49 59 66 99 67 49 69 15 2 82 95 77 6 52 98 43 40 38 3 77 61 53 5 47 13 21 42 53 30 75 16 31 34 82 30 1 31 52 69 85 34 64 62 40 ]
[ 68 60 84 9 51 39 38 64 92 43 11 6 16 5 11 47 80 27 78 66 61 61 19 45 13 88 30 47 5 93 39 25 5 75 34 8 14 72 24 7 67 35 65 84 40 76 31 72 56 61 ]
[ 90 69 22 10 14 35 50 45 34 7 90 26 33 47 1 67 8 68 92 32 27 11 68 92 95 60 20 78 33 28 40 75 98 62 85 12 50 88 9 36 95 51 62 28 51 16 48 59 36 92 ]
[ 91 63 3 11 7 99 24 79 29 9 8 69 84 58 84 22 22 34 10 32 22 57 35 37 38 86 5 86 97 41 30 41 56 33 52 63 84 28 42 14 37 2 35 22 60 19 44 83 5 6 ]
[ 67 28 63 54 65 1 41 70 39 38 63 69 31 19 55 84 82 91 12 76 57 2 31 93 24 91 12 68 26 70 26 93 98 89 48 15 91 41 85 82 31 0 4 63 19 11 99 1 2 63 ]
[ 29 60 65 60 5 89 52 69 9 30 39 35 24 37 77 24 52 20 17 89 2 0 89 6 63 8 69 14 61 72 78 43 84 43 3 89 85 7 58 46 38 98 34 14 87 11 90 92 83 7 ]
[ 33 85 7 75 44 23 35 13 37 97 37 67 92 21 63 95 62 0 55 73 46 93 23 32 59 10 95 1 54 78 8 88 16 67 63 12 42 98 25 32 47 63 99 39 36 62 87 51 62 42 ]
[ 24 61 87 47 45 98 9 93 99 64 71 59 4 39 78 67 51 21 17 29 53 65 92 4 56 80 19 43 31 33 85 7 46 24 54 92 22 16 85 21 80 8 80 84 48 59 3 51 32 20 ]
[ 80 37 85 24 41 42 5 12 37 88 46 75 96 92 99 2 84 22 18 21 95 50 82 76 86 30 87 41 33 71 62 14 8 99 38 1 93 95 14 31 84 12 6 32 4 57 34 41 79 5 ]
[ 14 75 7 96 3 46 26 42 87 12 13 1 26 73 1 64 74 46 12 40 77 96 52 35 80 57 93 66 50 24 71 64 51 31 61 54 77 39 48 64 51 61 66 77 34 19 94 61 65 6 ]
[ 1 95 54 54 82 86 63 75 52 65 52 76 29 3 7 90 10 36 30 58 0 33 72 18 63 58 89 57 19 55 15 73 50 21 79 32 7 94 60 11 59 12 87 88 15 46 31 77 82 13 ]
[ 36 35 46 8 5 9 18 95 18 38 50 33 63 52 6 42 36 65 36 48 77 95 12 16 35 28 15 66 5 97 79 93 84 26 53 90 87 72 85 6 62 87 91 25 39 98 19 27 15 55 ]
[ 76 44 2 88 13 89 68 28 56 26 77 87 19 62 65 25 52 53 97 89 11 59 76 2 36 67 52 55 94 20 62 22 64 16 11 77 5 31 57 13 9 35 1 81 97 18 6 1 71 3 ]
[ 42 34 14 18 37 50 37 41 5 31 61 19 6 26 35 69 55 40 0 13 54 10 48 7 91 97 25 97 50 49 52 92 83 18 62 72 68 99 14 25 82 75 96 88 53 31 57 9 71 10 ]
[ 22 77 72 22 84 63 71 62 12 21 11 16 65 94 34 27 19 54 78 33 31 12 60 27 1 14 58 10 23 81 20 97 11 92 71 47 7 42 9 71 15 72 87 80 19 73 59 38 27 89 ]
[ 71 10 1 31 37 54 45 47 65 20 81 37 69 92 82 92 39 89 34 1 61 49 73 0 81 92 74 92 30 53 81 53 64 83 37 53 37 82 53 54 55 34 92 76 78 26 69 17 15 55 ]
[ 70 28 57 44 29 38 88 55 31 71 8 12 24 24 47 61 78 37 96 31 91 3 17 35 31 95 61 0 64 29 8 35 9 65 31 90 3 19 45 86 42 6 51 67 30 98 80 60 87 28 ]

Running merge sort algorithm: 
Timer (sort): 28ms real	20ms user	20ms sys
The output is sorted!
[ 18 39 9 6 46 53 11 4 5 29 10 38 12 10 72 11 85 17 32 2 19 1 40 26 3 39 35 29 41 38 50 59 77 11 17 23 65 29 27 22 58 89 12 22 51 36 33 36 53 65 ]
[ 14 76 46 6 30 23 13 36 6 4 20 83 11 26 11 68 16 14 41 7 63 63 25 26 5 15 16 58 37 45 34 3 22 81 10 4 56 75 40 14 32 13 97 43 39 9 63 56 23 5 ]
[ 28 44 36 36 3 22 60 12 5 38 51 6 97 2 19 13 72 10 67 77 24 2 15 42 0 6 66 7 25 35 59 5 31 48 41 34 22 1 98 28 40 1 34 89 3 53 54 28 15 21 ]
[ 17 70 56 40 82 2 58 50 44 21 27 35 11 21 11 27 78 21 18 18 14 53 31 30 10 43 10 2 17 29 29 34 51 37 26 33 40 37 84 36 10 63 71 21 36 35 0 14 8 18 ]
[ 18 42 6 0 76 61 20 79 4 27 17 19 11 3 55 33 23 14 51 62 15 10 17 37 23 39 14 4 45 48 8 63 43 66 63 19 27 35 99 31 63 16 2 74 71 9 7 47 23 10 ]
[ 88 48 31 8 9 12 17 40 13 99 50 31 68 14 85 28 43 28 26 10 52 11 29 78 10 58 58 63 2 57 13 42 6 96 50 15 8 20 8 21 19 10 4 39 24 41 19 19 21 45 ]
[ 30 68 31 36 62 14 51 94 54 0 43 19 46 33 28 63 14 16 10 20 58 0 28 6 15 2 3 40 50 55 4 81 24 87 69 38 1 20 32 7 21 28 26 19 61 7 34 28 23 96 ]
[ 17 90 55 37 72 39 85 34 44 4 16 38 34 28 10 57 1 67 12 20 32 14 23 66 39 7 9 17 44 3 74 61 45 29 51 18 21 36 52 17 92 20 7 27 49 17 36 2 36 0 ]
[ 7 21 77 62 31 32 25 16 32 77 15 62 44 46 23 7 59 71 50 57 41 30 46 43 44 43 24 33 28 65 0 87 38 29 2 21 14 27 89 46 4 4 60 0 2 35 8 13 6 10 ]
[ 19 40 14 4 52 20 53 37 31 41 38 13 60 52 48 53 15 70 3 31 1 32 1 45 63 1 9 17 57 21 67 28 61 33 85 14 5 90 3 36 32 41 2 44 94 2 97 9 24 0 ]
[ 44 0 82 35 50 41 16 2 43 1 80 43 38 15 0 34 59 86 21 49 19 28 52 87 87 0 28 14 10 64 52 6 17 35 42 19 76 10 21 20 12 1 15 2 69 15 88 28 54 9 ]
[ 4 34 0 36 28 22 96 67 68 39 59 72 1 5 66 47 22 3 96 63 4 18 20 17 54 4 47 21 72 26 32 28 60 33 17 40 7 13 59 75 5 19 0 6 24 18 54 47 21 50 ]
[ 62 36 72 29 59 19 10 53 80 23 38 57 43 30 11 25 34 25 21 16 60 6 32 32 48 42 30 3 20 0 6 34 36 30 15 47 50 25 0 30 49 91 39 44 21 50 69 7 27 42 ]
[ 50 35 83 39 31 59 74 12 76 15 1 25 91 32 99 44 7 95 16 0 15 88 81 23 32 9 20 41 29 35 12 80 22 47 19 53 7 45 18 35 60 19 12 3 3 11 0 10 6 16 ]
[ 6 13 7 10 90 28 17 12 29 7 4 48 6 41 43 15 20 13 72 70 14 48 57 93 13 34 91 30 27 52 42 33 17 49 95 8 77 12 20 6 71 76 6 29 18 1 44 90 14 17 ]
[ 8 69 19 68 56 5 9 82 3 42 52 24 73 37 43 36 19 89 10 53 6 86 31 66 20 10 16 5 12 54 2 20 23 21 41 31 26 50 14 30 44 66 6 17 55 1 6 75 91 16 ]
[ 8 14 6 13 32 10 10 18 71 38 9 13 4 5 24 15 6 3 78 76 7 44 6 25 0 17 68 22 6 17 29 15 83 36 80 67 98 90 37 69 81 46 34 37 3 58 52 62 13 83 ]
[ 63 8 8 69 31 37 43 22 42 71 15 46 6 35 35 93 21 14 30 14 29 43 12 99 0 66 77 74 81 27 11 44 35 71 13 18 9 9 41 3 32 8 1 38 44 36 84 17 3 14 ]
[ 56 2 14 76 43 8 49 44 23 12 35 79 33 44 4 6 71 18 25 44 36 18 35 50 42 58 17 51 24 80 32 33 35 98 9 30 6 59 74 29 23 9 61 8 5 17 15 28 35 40 ]
[ 77 75 19 13 0 28 73 1 15 37 81 35 43 24 72 85 16 5 6 47 14 76 92 51 62 40 36 2 16 23 31 46 51 50 11 3 31 84 4 46 21 38 33 64 14 5 1 30 11 7 ]

Timer (generate): 76ms real	70ms user	0ms sys
[ 46 20 62 0 40 77 84 37 18 92 69 37 72 81 35 35 37 79 67 16 10 77 24 42 98 40 43 16 34 69 41 33 41 55 85 81 32 69 70 50 61 40 39 85 21 75 20 11 6 39 ]
[ 79 69 69 55 11 67 96 7 35 82 76 77 15 17 32 0 50 17 22 21 19 35 61 59 73 34 86 93 45 92 85 77 13 6 32 77 73 28 84 60 63 60 89 78 29 74 31 79 91 5 ]
[ 0 10 40 13 21 13 48 7 59 45 52 96 22 17 2 7 94 27 87 30 39 50 42 29 81 71 3 12 51 46 69 3 8 9 69 30 75 69 37 86 14 41 82 89 59 36 96 53 15 83 ]
[ 36 54 86 78 83 67 50 38 31 53 36 0 8 45 9 29 27 36 98 16 22 65 58 4 54 17 92 2 22 7 37 58 62 23 89 97 90 91 88 73 96 24 73 4 21 35 34 48 71 84 ]
[ 65 94 49 23 50 55 92 43 57 66 50 95 77 64 70 66 62 13 57 2 86 53 26 60 9 0 95 95 48 18 80 13 64 81 88 15 37 32 10 94 99 12 41 76 77 12 42 91 77 51 ]
[ 93 63 56 71 75 65 71 22 13 20 41 45 85 5 26 74 72 63 58 82 10 57 95 51 33 72 15 27 15 92 30 8 8 86 79 35 4 51 58 17 23 51 14 8 56 40 34 81 56 93 ]
[ 63 66 50 10 69 36 34 37 15 49 81 46 57 41 84 89 77 88 92 35 57 15 86 71 75 94 64 10 75 20 55 91 38 57 53 59 45 88 96 61 37 30 59 47 71 95 88 48 84 80 ]
[ 83 93 47 21 17 22 16 33 84 43 5 91 86 43 1 40 54 46 28 3 59 17 33 18 16 4 14 4 5 50 36 88 95 35 62 64 10 30 97 46 73 2 38 12 97 39 52 52 85 32 ]
[ 7 97 1 40 15 70 96 81 74 1 83 63 90 31 50 4 95 60 34 93 7 59 47 45 71 97 36 75 49 73 59 8 70 61 48 38 31 44 71 57 46 7 72 88 38 23 44 33 83 78 ]
[ 78 42 37 78 39 9 75 75 36 76 1 96 84 71 9 32 61 40 28 33 49 26 92 22 66 30 97 10 15 32 88 46 75 78 24 14 39 99 42 75 75 43 23 11 66 32 43 28 24 23 ]
[ 13 74 2 5 48 68 87 45 31 54 77 71 0 4 49 24 71 88 75 13 16 2 8 39 13 74 24 56 54 48 32 19 22 34 76 22 2 63 19 85 18 97 57 70 53 6 47 24 47 22 ]
[ 89 15 25 97 6 38 24 30 47 30 79 79 50 53 13 26 76 67 42 95 53 12 44 62 34 50 68 81 74 67 4 64 82 29 13 89 19 37 19 66 68 50 97 70 4 62 48 32 82 90 ]
[ 79 87 54 24 49 89 74 69 22 0 37 26 16 71 7 30 12 27 19 84 45 87 34 43 57 90 5 6 22 87 48 2 74 55 78 23 96 4 45 18 56 82 97 73 5 56 3 18 35 74 ]
[ 2 81 62 36 76 71 79 81 29 53 21 30 7 47 37 85 23 85 41 68 55 98 50 52 23 55 61 78 25 96 52 27 77 66 16 53 38 95 87 19 0 8 1 8 55 38 45 78 23 87 ]
[ 98 79 37 48 83 60 56 44 90 81 41 42 61 70 9 77 76 99 24 63 18 24 23 20 84 30 10 30 61 34 69 59 65 58 60 0 70 16 45 60 49 38 2 62 8 63 91 84 62 67 ]
[ 99 33 44 74 5 28 5 15 10 66 1 79 77 18 37 37 19 7 5 64 19 7 54 74 69 14 37 61 99 0 80 50 85 24 25 90 53 30 5 63 48 59 95 77 77 84 15 96 44 72 ]
[ 12 63 79 66 37 1 81 75 14 32 27 94 34 12 19 59 2 24 41 59 87 41 18 34 19 48 19 86 44 63 58 9 26 90 27 64 91 60 91 5 44 70 99 79 82 70 90 36 94 84 ]
[ 95 82 25 66 16 96 14 87 34 10 50 93 19 29 35 99 93 26 59 36 83 4 6 82 35 40 53 25 76 47 61 23 81 87 89 50 35 55 37 70 18 40 15 37 69 50 88 14 28 48 ]
[ 2 11 4 8 45 91 48 50 68 76 50 30 99 83 69 41 85 4 48 75 26 66 15 93 56 84 95 44 50 23 44 52 86 48 12 84 91 60 34 60 36 36 90 87 20 59 80 5 15 29 ]
[ 80 94 95 47 87 51 83 83 96 33 58 92 37 45 93 49 81 84 61 67 44 97 4 86 37 76 97 17 33 65 46 14 59 94 13 46 45 97 29 93 82 88 86 20 85 79 69 66 15 31 ]

Running merge sort algorithm: 
Timer (sort): 27ms real	30ms user	0ms sys
The output is sorted!
[ 62 16 1 2 15 18 36 37 14 39 57 10 4 47 18 40 29 19 19 9 60 10 20 90 20 23 3 92 67 47 44 29 16 45 31 31 16 20 68 30 11 77 40 15 24 11 7 6 82 79 ]
[ 2 14 16 24 4 49 10 28 4 49 0 86 12 50 9 58 52 56 42 72 28 9 2 78 61 39 22 84 12 0 94 14 15 10 38 71 11 1 99 16 2 0 54 14 2 63 72 6 72 14 ]
[ 25 52 53 17 19 14 35 36 67 35 21 46 17 29 8 62 15 40 12 25 52 11 61 3 29 45 16 0 74 3 26 0 8 31 17 79 45 4 15 65 39 36 63 57 17 23 19 32 63 83 ]
[ 45 24 28 56 4 22 3 60 57 14 57 58 4 39 24 59 45 16 92 10 52 15 40 21 37 21 3 10 18 13 40 15 38 21 71 94 43 74 6 52 41 15 11 45 6 35 4 52 4 48 ]
[ 16 51 88 23 13 63 36 11 30 13 19 41 15 62 6 70 39 39 21 29 43 56 0 19 8 13 16 18 20 60 36 89 63 76 12 28 39 0 39 21 66 10 62 33 24 21 3 15 12 77 ]
[ 1 46 38 85 61 43 43 79 85 11 9 0 18 61 14 27 76 0 15 45 22 1 14 46 2 40 74 42 10 54 43 63 0 33 0 61 29 43 93 14 7 2 67 25 15 33 5 44 34 20 ]
[ 1 2 7 66 42 37 75 86 23 27 36 62 1 20 5 35 28 3 48 5 59 40 99 34 21 53 69 33 11 16 14 13 18 21 31 12 10 6 98 33 33 34 48 87 7 53 22 35 56 22 ]
[ 0 0 37 98 29 13 5 34 72 32 3 87 7 53 20 93 16 10 3 17 79 23 8 51 50 91 55 55 7 3 55 59 3 44 10 84 9 15 18 34 0 73 21 7 27 93 1 43 55 4 ]
[ 0 10 17 69 0 14 5 28 77 56 85 22 8 4 65 43 39 81 43 45 24 5 74 23 10 31 17 13 44 86 20 44 48 37 13 48 3 18 28 81 26 65 3 87 70 20 30 9 2 26 ]
[ 53 20 1 9 65 10 25 9 0 20 1 43 46 34 15 45 21 96 21 59 1 49 62 99 82 45 69 59 97 22 39 3 42 40 12 60 3 89 21 3 9 22 47 8 9 14 53 30 10 26 ]
[ 81 4 15 51 8 89 37 1 44 53 22 46 45 11 17 5 7 31 48 60 45 24 34 4 52 29 45 21 30 11 14 64 67 30 15 76 71 4 29 15 57 51 13 2 62 30 59 69 13 8 ]
[ 65 62 80 7 8 44 40 57 28 38 2 89 54 37 4 20 0 36 0 18 17 21 25 76 5 27 38 13 29 44 64 46 6 44 5 15 40 46 72 20 84 26 62 38 15 66 10 15 2 63 ]
[ 4 13 32 54 1 39 6 27 21 40 72 11 37 65 15 79 76 34 62 24 0 69 12 37 26 25 84 3 0 40 55 5 53 39 59 6 31 18 33 52 58 57 15 47 22 31 27 51 17 41 ]
[ 41 17 50 15 15 36 49 75 1 14 7 15 40 42 17 40 19 55 20 65 58 76 20 24 52 16 10 59 22 34 62 15 3 65 82 19 1 32 46 54 98 6 21 38 48 38 31 19 45 3 ]
[ 29 87 70 56 19 44 24 55 21 26 30 60 41 37 6 8 2 17 27 26 38 32 37 96 48 81 11 48 30 16 35 11 3 6 19 74 2 43 29 75 21 12 35 63 1 41 23 55 11 50 ]
[ 61 11 15 11 54 38 39 68 69 25 72 20 26 34 53 49 8 1 51 1 30 43 46 0 3 16 2 43 39 59 81 0 70 48 11 76 39 50 44 8 27 17 28 53 3 34 54 12 87 5 ]
[ 21 10 26 22 39 2 19 77 9 24 12 37 28 17 82 23 3 30 1 65 20 63 64 50 6 53 1 44 6 28 83 27 38 9 1 29 12 21 58 21 97 23 58 77 40 93 0 95 23 53 ]
[ 89 37 12 14 0 94 34 31 4 87 66 84 38 13 28 8 79 42 26 5 90 1 0 1 38 48 23 2 54 16 2 43 6 14 9 58 8 96 41 65 35 7 1 74 20 29 34 52 24 60 ]
[ 0 23 35 13 32 4 48 60 58 4 14 10 44 73 83 6 42 4 10 98 89 4 21 74 15 40 17 17 5 60 27 6 35 14 71 19 19 20 80 29 76 46 39 20 20 22 78 14 79 41 ]
[ 46 24 1 1 7 1 69 19 39 75 92 6 41 2 89 8 43 22 47 30 16 92 14 67 14 38 10 39 14 32 32 60 8 33 61 15 34 83 86 25 10 31 31 3 33 21 63 28 95 10 ]

Timer (generate): 80ms real	70ms user	10ms sys
[ 2 3 74 72 53 95 78 2 61 11 78 39 72 3 80 79 15 65 68 65 86 51 62 83 20 24 45 52 64 34 25 66 89 99 38 42 47 16 44 8 79 74 47 51 77 79 30 92 44 51 ]
[ 57 30 2 71 13 22 95 10 27 59 96 52 77 85 4 16 27 51 84 23 11 64 97 10 67 74 89 50 18 33 1 27 15 3 98 80 77 46 91 56 5 87 9 83 25 13 51 4 16 35 ]
[ 28 27 51 77 37 19 4 26 69 22 11 70 50 26 25 0 6 54 46 49 11 52 37 20 87 62 85 38 66 53 25 46 32 77 24 69 48 28 47 17 2 10 39 52 88 16 53 46 22 99 ]
[ 96 33 3 85 5 42 47 42 80 65 95 58 64 27 87 88 48 35 68 47 4 70 57 95 75 45 63 80 92 85 31 40 71 87 25 76 29 24 19 62 89 66 20 53 46 59 93 94 94 13 ]
[ 42 50 84 51 45 11 49 60 91 93 45 74 33 16 61 10 45 91 34 64 53 75 82 25 81 28 84 74 75 78 88 69 80 24 20 77 87 21 37 30 66 82 4 51 51 18 61 96 9 95 ]
[ 12 14 23 94 39 4 75 23 30 50 53 70 19 33 46 91 62 33 65 99 63 31 33 20 83 84 38 96 80 99 44 92 13 67 39 52 71 14 27 1 64 80 72 35 65 18 78 27 4 43 ]
[ 26 19 27 11 39 10 96 29 6 76 28 50 21 93 69 60 45 40 74 24 94 90 4 18 77 21 88 55 0 92 51 78 12 78 90 3 88 86 85 46 14 65 49 35 59 18 95 56 11 21 ]
[ 33 5 63 37 23 92 11 11 48 11 56 99 90 20 77 32 75 17 18 60 15 32 78 16 20 89 35 67 45 98 41 78 3 4 68 78 49 31 41 97 94 49 48 36 69 77 68 45 46 86 ]
[ 57 61 71 35 78 43 76 65 10 22 63 51 52 18 8 72 48 57 55 89 6 50 39 6 86 60 35 7 5 81 45 15 94 16 2 24 59 79 41 22 53 4 73 57 74 33 30 22 90 37 ]
[ 64 48 39 55 54 78 15 41 85 73 22 30 88 69 99 90 93 10 69 35 32 22 91 58 80 18 91 62 40 34 51 56 82 91 11 89 69 79 30 54 52 5 84 40 74 35 82 67 46 52 ]
[ 54 30 26 46 88 58 16 80 72 56 66 24 65 48 15 76 89 84 55 72 90 59 29 26 99 3 62 82 22 60 86 29 90 64 27 79 23 43 11 47 99 77 71 16 77 38 45 19 22 52 ]
[ 91 12 12 20 91 11 75 53 45 97 13 83 78 3 48 5 34 23 48 45 70 0 74 94 16 52 32 61 71 7 14 14 71 26 86 62 89 61 15 87 10 80 22 89 36 22 94 70 45 43 ]
[ 16 68 43 90 62 11 94 46 73 17 53 39 31 25 17 17 87 58 30 55 97 41 35 20 30 71 42 76 94 88 71 10 8 14 52 22 78 99 68 51 16 74 42 48 99 59 17 38 69 48 ]
[ 93 67 89 81 87 71 52 29 47 46 69 71 8 29 37 13 51 15 12 72 18 80 46 60 28 97 71 46 35 41 94 81 60 35 62 47 6 66 28 5 65 50 28 25 79 66 38 83 81 2 ]
[ 7 0 83 5 60 63 2 84 9 89 77 55 70 37 42 32 36 0 51 64 58 16 66 86 41 98 52 32 33 34 34 92 34 69 97 46 33 51 30 94 40 7 2 63 96 44 47 32 45 98 ]
[ 49 3 14 15 89 56 65 42 88 98 28 74 90 14 44 39 60 77 90 43 23 83 2 25 46 99 70 93 83 67 44 32 70 58 0 11 66 65 5 6 16 33 33 58 99 77 98 60 6 88 ]
[ 55 29 23 57 7 21 8 77 67 92 44 11 76 66 69 76 29 88 94 87 46 10 72 79 20 72 56 18 32 14 59 39 96 82 96 3 4 5 32 23 49 28 34 25 46 55 54 75 43 48 ]
[ 62 42 10 35 21 30 7 30 49 91 44 60 30 92 94 78 95 50 35 27 73 84 7 7 62 53 63 16 29 58 64 43 0 26 30 22 56 89 4 57 32 0 17 62 93 12 93 40 62 28 ]
[ 20 36 65 27 95 27 81 58 95 10 17 11 5 69 37 36 43 93 25 47 3 58 48 20 72 93 84 65 33 99 46 53 35 63 81 30 42 62 41 37 24 10 48 29 79 85 65 75 30 43 ]
[ 22 33 1 22 6 25 67 42 91 1 41 89 6 28 52 39 11 46 53 52 83 77 14 83 59 93 20 76 20 50 19 95 36 72 69 94 98 37 36 41 90 30 82 96 58 86 88 69 32 41 ]

Running merge sort algorithm: 
Timer (sort): 25ms real	10ms user	10ms sys
The output is sorted!
[ 17 15 12 0 59 42 36 1 30 41 2 16 33 7 79 15 4 23 62 24 4 16 6 19 30 19 62 58 61 72 21 30 39 34 30 50 28 18 52 58 60 6 26 93 13 6 8 18 81 23 ]
[ 14 47 42 4 44 68 26 3 1 2 65 0 94 3 19 81 22 6 13 65 28 62 58 70 0 2 37 4 57 8 48 71 7 90 27 51 58 6 6 11 8 23 11 54 27 30 88 1 37 1 ]
[ 37 6 26 54 95 29 17 21 1 1 1 29 11 15 35 42 28 14 78 1 66 48 2 89 18 26 44 35 65 41 18 2 0 96 56 47 25 25 20 26 26 22 7 37 89 94 32 18 9 10 ]
[ 22 5 55 31 22 11 80 19 31 7 34 31 1 64 57 53 16 62 61 13 82 28 23 27 64 69 14 12 1 22 22 23 79 29 6 1 40 86 20 72 46 7 3 47 23 12 1 39 27 62 ]
[ 39 24 16 42 68 25 27 6 81 61 14 27 97 67 9 5 20 6 46 49 53 41 1 0 0 8 3 16 79 36 99 70 12 15 12 33 40 39 39 74 52 6 1 1 73 11 58 45 17 4 ]
[ 3 14 28 8 60 60 2 95 9 73 86 27 59 9 19 57 52 1 8 31 15 2 60 63 59 28 8 23 89 86 8 44 1 36 5 13 48 7 60 58 32 46 37 44 7 8 1 12 9 61 ]
[ 19 4 29 18 28 5 0 10 17 76 49 12 86 12 12 56 17 72 22 5 82 22 11 20 25 16 46 19 82 83 56 2 39 37 72 67 42 24 30 59 0 31 24 38 43 36 46 12 8 69 ]
[ 96 52 51 21 45 18 22 40 15 19 23 35 2 77 1 30 68 41 16 84 13 31 30 49 64 45 2 1 1 58 83 49 10 34 23 7 5 45 48 72 16 23 8 18 1 61 0 69 54 16 ]
[ 26 41 16 35 9 74 36 88 59 24 53 64 12 69 35 29 14 17 66 4 10 84 8 5 52 11 95 11 86 7 1 12 0 69 0 61 43 36 1 2 13 54 19 25 23 54 7 89 24 25 ]
[ 30 3 47 9 48 15 34 51 10 82 52 45 54 28 14 92 77 16 3 0 43 58 27 34 63 11 6 24 10 2 1 41 58 48 2 58 15 36 9 25 70 13 23 24 93 37 17 71 5 72 ]
[ 13 4 17 21 17 66 40 4 7 25 30 75 36 24 22 7 18 34 12 24 35 29 14 25 24 50 37 32 58 66 66 71 23 35 93 40 53 33 45 60 10 27 88 46 52 10 6 22 44 18 ]
[ 4 0 23 84 43 42 1 88 13 24 8 43 38 23 41 12 45 36 31 15 6 17 15 55 12 17 54 34 86 6 41 43 6 64 79 1 58 32 42 71 56 2 14 94 25 7 6 22 43 89 ]
[ 64 9 2 19 1 90 30 5 53 47 23 74 6 51 23 10 4 37 96 9 16 52 34 21 14 26 54 63 91 61 73 8 70 27 27 23 70 9 28 23 9 3 49 15 6 25 78 10 14 74 ]
[ 10 41 17 35 49 72 37 46 61 37 29 99 50 31 17 0 77 1 3 0 33 16 56 39 51 43 9 38 31 80 29 41 21 46 29 22 70 66 68 32 3 49 31 5 32 0 5 9 53 9 ]
[ 43 8 61 99 24 19 8 37 43 32 10 26 7 39 20 82 0 23 19 75 23 18 4 12 10 1 16 38 78 77 3 21 37 64 73 13 83 33 50 78 18 60 5 25 51 25 7 52 1 78 ]
[ 79 2 57 38 1 23 18 25 9 96 22 62 14 4 7 27 16 26 6 11 18 19 33 65 82 90 50 20 30 3 77 61 5 34 99 6 9 70 32 19 18 6 81 85 10 40 12 78 18 18 ]
[ 45 12 18 11 1 29 2 13 43 50 71 68 60 61 8 54 53 59 56 17 27 4 16 12 43 28 35 56 92 1 56 89 13 26 0 67 7 3 32 50 53 55 19 13 68 27 20 21 39 28 ]
[ 70 36 22 79 84 1 23 75 42 28 10 10 0 40 77 95 87 0 1 17 65 36 12 15 15 65 6 26 52 11 95 22 99 17 53 84 19 28 59 13 8 21 23 61 13 0 8 0 1 9 ]
[ 21 11 12 44 20 7 45 72 8 93 34 4 20 47 8 0 15 64 27 19 71 75 57 7 10 37 39 35 4 52 79 25 63 43 22 35 51 19 7 11 64 41 15 37 41 23 89 56 39 17 ]
[ 7 10 12 77 23 58 95 25 82 14 46 14 7 37 2 47 2 7 56 76 78 55 8 36 57 36 34 13 17 17 28 24 27 40 53 2 99 49 27 33 15 26 0 74 63 2 73 17 10 30 ]

Timer (generate): 81ms real	80ms user	0ms sys
[ 29 34 18 30 45 10 78 2 17 71 20 68 15 92 95 15 28 67 1 66 1 82 10 8 43 95 11 16 9 4 17 90 38 87 20 83 49 98 85 66 21 57 35 36 50 30 4 78 49 57 ]
[ 96 51 92 59 11 35 6 22 4 15 27 21 6 65 60 78 49 9 77 86 76 50 44 63 39 46 45 43 24 94 52 72 97 96 31 9 84 90 83 88 5 10 61 63 76 21 42 77 30 71 ]
[ 15 58 21 59 21 60 57 18 55 33 65 60 6 62 56 89 23 40 79 7 80 37 17 41 0 45 62 42 74 45 65 90 3 87 1 77 99 59 95 55 92 60 15 50 75 23 40 98 16 71 ]
[ 57 96 8 27 38 61 72 0 55 99 45 21 41 1 60 42 78 59 53 25 14 98 86 81 48 13 57 40 63 73 12 21 69 72 48 7 85 72 60 41 23 57 14 64 58 74 59 88 33 12 ]
[ 14 0 10 52 33 11 65 90 51 80 15 15 53 85 88 53 44 73 26 56 66 1 14 80 66 24 6 25 13 40 89 79 92 0 31 25 11 48 68 14 28 83 30 82 20 70 35 65 43 13 ]
[ 73 62 67 87 94 33 64 1 10 29 41 99 8 85 51 91 10 14 39 30 29 19 14 11 53 34 81 41 51 76 6 25 38 73 64 33 58 80 34 20 9 27 20 69 64 23 12 26 90 51 ]
[ 57 71 23 23 82 76 9 63 17 61 39 76 38 78 49 54 63 60 35 49 80 96 28 52 18 92 76 30 18 18 82 75 89 57 50 71 33 60 86 3 73 25 31 63 55 80 17 70 40 4 ]
[ 19 73 1 47 25 19 91 1 1 10 71 35 37 60 92 88 83 78 0 69 33 73 47 64 36 2 96 53 73 89 10 44 62 63 92 87 34 35 41 35 45 12 71 35 25 63 75 8 93 75 ]
[ 30 26 48 77 42 36 31 39 41 4 28 51 49 90 14 93 29 48 80 70 84 26 35 55 13 60 70 88 20 16 63 50 42 11 79 85 47 11 76 88 67 4 92 68 46 6 13 75 55 94 ]
[ 98 91 20 33 98 85 93 20 73 13 36 36 16 31 99 95 68 98 6 44 38 26 48 30 94 46 89 8 21 96 2 19 87 74 4 85 59 97 57 32 63 94 20 31 25 71 26 93 69 85 ]
[ 89 59 63 37 42 57 35 31 65 56 27 19 28 66 93 32 3 52 82 60 36 97 6 56 28 83 79 6 28 48 43 17 60 6 6 2 64 41 33 81 50 12 1 78 30 94 62 33 99 96 ]
[ 45 87 93 52 96 73 35 75 80 16 24 75 33 36 82 40 38 98 81 23 31 31 87 84 61 17 31 76 50 30 72 95 69 66 99 65 39 87 41 71 3 17 47 36 53 81 28 91 31 62 ]
[ 66 14 45 53 99 59 70 30 35 20 12 7 67 81 73 19 99 65 6 40 36 9 57 35 45 10 16 26 53 99 88 19 14 85 72 65 44 94 95 79 14 59 87 33 92 12 52 91 77 58 ]
[ 31 66 19 40 1 17 2 70 43 7 69 83 26 35 68 50 0 13 44 95 44 10 6 31 96 99 44 0 42 73 59 74 39 78 66 41 95 69 11 90 28 32 73 7 68 94 57 68 7 54 ]
[ 16 51 16 22 35 12 73 31 13 16 4 24 42 96 54 60 89 2 81 0 92 10 84 18 17 52 12 26 73 71 80 89 74 97 63 9 61 89 92 26 5 49 50 99 45 57 59 34 59 93 ]
[ 86 3 3 70 21 20 75 85 46 48 56 79 89 31 28 52 92 41 93 85 68 50 34 70 49 79 27 61 65 38 54 51 94 9 73 15 29 0 53 27 48 9 58 89 92 38 94 85 80 87 ]
[ 70 0 38 56 70 39 35 50 0 52 40 6 55 34 15 28 50 96 81 55 76 81 64 86 71 9 25 65 94 57 52 16 57 42 72 79 82 59 29 34 11 70 93 66 4 60 46 6 9 27 ]
[ 61 85 9 78 23 32 87 48 97 33 5 1 49 14 96 73 94 78 32 75 64 43 45 57 61 2 18 59 8 79 87 22 64 48 52 39 80 91 88 29 76 45 82 25 12 78 98 6 8 82 ]
[ 81 73 77 79 82 38 81 52 49 41 31 36 15 47 36 19 87 68 10 27 97 86 72 80 63 84 10 13 42 19 95 76 92 24 55 26 14 88 79 64 81 10 52 97 10 89 68 97 57 79 ]
[ 24 7 17 48 39 33 85 49 46 27 68 94 55 12 70 62 91 85 50 70 49 84 32 1 33 42 42 1 39 0 32 15 59 50 64 98 35 49 47 81 76 68 27 84 32 98 46 75 83 49 ]

Running merge sort algorithm: 
Timer (sort): 32ms real	20ms user	0ms sys
The output is sorted!
[ 19 10 0 59 20 17 33 23 5 43 7 43 33 26 6 5 49 10 29 1 8 46 34 27 11 36 89 27 12 67 16 31 77 16 42 98 86 75 21 91 19 80 34 4 6 40 9 7 2 38 ]
[ 85 45 18 98 23 31 15 26 0 0 2 2 18 67 92 17 19 12 42 13 31 95 54 51 1 23 30 44 72 15 10 9 12 28 8 35 11 75 14 11 27 16 14 45 35 58 14 54 22 56 ]
[ 51 58 72 71 1 1 99 0 44 11 36 10 4 42 4 0 13 69 46 19 57 6 38 65 31 2 50 57 14 18 78 17 29 50 88 30 52 39 82 48 50 18 10 6 12 14 6 25 35 4 ]
[ 18 18 91 51 11 47 73 20 10 64 51 7 16 78 22 50 71 19 3 76 88 79 56 36 36 2 2 16 90 46 0 8 16 43 11 79 42 36 0 5 0 3 12 69 33 35 19 4 6 23 ]
[ 17 75 67 47 26 6 32 50 16 14 31 0 2 19 26 66 12 78 92 70 12 31 35 55 36 37 17 33 11 53 59 28 29 27 27 7 33 59 57 1 26 41 1 80 12 27 46 25 5 39 ]
[ 19 53 62 24 11 30 18 37 89 0 59 5 60 63 19 8 52 7 67 57 49 56 5 26 15 30 21 48 35 1 77 6 6 39 31 18 21 49 7 10 1 66 67 13 82 38 21 34 46 40 ]
[ 37 14 70 44 10 29 53 73 48 60 36 9 11 3 94 17 56 11 25 65 30 35 5 81 49 5 22 3 67 16 0 57 82 23 1 93 52 6 18 1 66 6 62 29 10 8 46 18 19 23 ]
[ 44 60 14 9 30 53 21 45 57 11 20 3 12 11 21 79 49 73 33 56 32 41 65 16 13 6 5 32 33 9 5 30 21 19 91 51 25 12 49 82 23 69 38 35 32 59 15 81 32 0 ]
[ 4 26 58 22 52 90 1 1 29 53 3 15 32 46 20 2 9 0 89 37 9 32 41 16 58 39 71 17 17 73 5 21 51 15 44 4 6 45 57 87 50 60 2 35 58 23 37 19 75 78 ]
[ 12 5 59 13 75 99 6 15 8 99 28 1 19 56 54 70 18 5 5 9 3 22 25 38 33 21 53 22 59 16 47 23 21 6 37 48 58 43 15 18 94 44 19 14 0 74 36 70 31 93 ]
[ 20 6 61 15 73 15 30 4 12 22 34 2 2 62 9 26 3 53 34 24 12 6 50 70 83 1 61 20 38 24 22 59 30 35 26 55 51 56 11 15 79 45 17 81 7 79 59 62 32 46 ]
[ 83 19 34 46 75 2 49 7 30 34 58 18 26 3 1 24 40 67 10 5 52 50 13 42 25 9 31 13 89 38 42 24 58 28 71 33 31 20 92 13 6 51 31 32 6 85 8 46 52 18 ]
[ 1 21 20 46 8 38 57 36 32 49 45 11 4 46 90 99 56 50 48 36 37 4 4 19 72 1 21 52 50 21 5 3 42 78 49 2 16 58 38 0 8 36 64 12 82 6 11 90 57 12 ]
[ 16 51 85 12 22 16 28 14 27 46 8 6 45 78 52 3 9 81 1 26 6 15 18 72 39 59 73 16 23 16 25 91 67 10 3 41 78 84 8 5 30 16 64 27 46 68 31 55 1 32 ]
[ 71 19 2 5 30 8 17 34 12 71 54 9 40 6 17 24 3 52 78 13 4 32 4 42 7 24 72 31 85 17 41 56 88 44 13 18 4 82 5 68 6 11 77 46 18 46 70 73 51 49 ]
[ 67 61 86 7 55 84 75 52 12 17 22 40 63 67 66 30 8 22 17 28 57 22 50 1 26 12 33 50 82 38 21 49 0 59 9 7 43 84 11 7 1 34 47 16 1 13 46 9 35 15 ]
[ 71 9 75 41 56 12 14 29 17 17 12 11 42 39 57 30 63 4 63 75 1 49 38 81 28 34 14 58 15 5 25 38 15 53 79 23 17 45 4 86 62 17 97 4 8 6 86 23 10 1 ]
[ 48 19 1 18 3 57 77 14 44 71 66 17 76 76 1 58 2 22 44 62 25 8 27 5 30 20 24 0 74 16 3 22 87 4 92 43 13 21 9 57 92 75 27 20 51 28 30 5 2 75 ]
[ 7 5 41 29 95 26 13 77 28 6 66 35 26 45 66 24 28 71 60 16 87 29 3 4 28 3 70 22 2 12 14 62 17 7 91 12 86 4 89 14 10 8 1 88 5 19 64 33 90 24 ]
[ 34 0 85 13 54 72 60 13 16 9 47 49 14 36 82 12 82 69 34 44 64 70 65 48 5 31 51 3 0 85 45 34 85 30 0 39 3 12 4 19 21 3 20 35 40 2 0 22 71 34 ]

Timer (generate): 83ms real	80ms user	0ms sys
[ 68 97 57 95 36 35 78 36 92 43 74 15 64 48 6 21 38 79 26 30 87 95 21 82 74 30 32 31 83 99 6 3 48 63 50 36 99 28 73 43 24 99 11 88 99 17 62 38 48 88 ]
[ 20 87 35 41 69 10 71 1 93 6 52 99 62 1 15 64 89 14 93 62 57 69 13 20 57 13 89 19 3 37 59 23 77 95 65 46 57 88 48 2 47 52 2 61 5 17 25 95 83 70 ]
[ 9 92 39 75 13 49 88 2 68 91 92 80 66 69 75 31 15 84 20 15 86 19 20 40 80 25 9 5 72 92 28 82 37 19 57 2 68 97 4 37 40 96 69 6 17 44 38 33 80 10 ]
[ 0 66 29 20 59 61 98 68 18 70 13 46 4 2 66 61 4 86 10 8 23 50 57 92 9 74 88 47 59 20 9 12 39 90 84 98 51 34 18 21 5 83 68 9 85 86 23 89 72 85 ]
[ 50 48 36 7 92 45 33 33 44 45 53 5 9 44 47 93 42 50 80 13 71 85 96 91 46 82 29 21 23 2 7 73 2 95 32 46 92 66 79 36 63 85 93 72 29 40 17 24 90 97 ]
[ 37 61 34 85 53 81 67 82 54 91 36 61 16 90 56 49 37 48 67 68 36 30 5 29 54 87 69 23 11 11 73 0 73 7 37 78 40 5 12 95 48 1 8 16 91 65 65 80 65 32 ]
[ 49 54 14 54 83 20 41 5 96 4 68 69 56 93 28 94 71 69 51 36 16 51 89 24 67 32 41 85 13 59 69 14 13 36 20 96 56 14 53 4 70 22 73 27 15 54 73 39 23 76 ]
[ 27 91 27 16 15 46 0 9 31 13 68 1 79 81 37 52 29 45 66 35 2 88 9 27 67 76 81 40 67 56 16 94 47 95 62 15 42 63 24 25 28 44 78 8 77 67 12 58 65 78 ]
[ 93 67 18 54 94 86 31 76 26 98 32 95 93 32 42 7 47 36 70 23 62 99 19 40 59 96 8 71 6 73 1 0 40 19 6 86 5 37 14 84 36 47 31 81 31 73 40 78 10 11 ]
[ 53 24 62 72 64 73 20 24 96 26 49 97 78 41 68 85 28 26 74 42 62 62 41 93 95 72 18 36 2 28 99 55 4 61 79 69 86 51 45 82 30 95 31 60 36 51 45 64 77 72 ]
[ 59 91 34 0 84 30 25 3 66 27 83 65 35 88 78 66 9 64 18 54 98 0 49 81 60 38 32 58 2 62 30 13 53 64 14 38 94 39 93 12 18 28 29 53 68 7 20 77 23 90 ]
[ 84 73 90 85 54 2 23 87 60 78 49 90 91 2 7 57 92 53 96 37 66 15 66 95 20 34 55 40 64 30 30 0 4 72 85 58 75 9 45 87 39 46 30 30 1 37 88 93 90 36 ]
[ 83 8 51 49 56 24 35 11 64 51 93 47 51 97 71 37 8 98 98 5 86 37 52 16 19 53 5 7 98 95 44 81 56 47 82 12 71 70 75 88 73 68 35 25 18 58 14 26 57 64 ]
[ 31 43 53 83 11 72 88 16 80 87 63 76 20 19 75 55 31 99 25 6 87 98 27 74 75 45 32 41 71 89 5 2 84 58 38 47 83 26 63 15 65 79 91 38 98 18 93 82 17 70 ]
[ 88 4 20 67 78 96 12 63 89 83 4 47 38 89 5 76 36 40 2 52 55 20 31 46 58 29 65 51 11 34 73 52 39 93 71 69 41 84 32 31 19 37 78 57 78 35 33 66 76 88 ]
[ 18 83 8 1 82 66 83 99 69 46 33 42 98 72 87 70 94 29 6 78 60 25 67 90 83 45 77 68 64 5 56 34 89 64 36 71 82 19 70 51 65 3 45 16 28 33 38 22 14 44 ]
[ 0 26 69 68 16 4 65 45 73 29 51 29 64 40 46 0 11 28 71 33 32 36 36 29 52 64 62 42 38 76 86 39 2 8 59 70 12 24 16 85 54 19 67 70 59 13 22 22 93 93 ]
[ 7 25 81 43 55 34 60 69 28 50 98 15 89 52 23 0 75 87 25 91 73 31 10 92 53 21 5 75 95 98 20 2 76 1 97 83 87 57 4 16 60 2 31 49 7 6 2 82 93 27 ]
[ 25 18 10 87 10 63 8 67 90 55 18 10 57 46 11 54 29 99 64 33 15 24 88 98 25 95 4 27 77 97 6 2 68 16 89 78 31 49 98 21 4 68 31 61 14 95 67 95 94 31 ]
[ 28 61 7 68 59 33 63 63 60 40 12 19 94 80 87 35 11 19 84 61 92 88 29 76 1 43 71 69 90 17 52 18 78 60 39 37 93 2 52 5 95 64 24 41 97 12 77 8 83 61 ]

Running merge sort algorithm: 
Timer (sort): 30ms real	30ms user	0ms sys
The output is sorted!
[ 2 91 44 77 49 3 9 12 49 1 41 13 74 20 11 56 24 17 45 4 5 20 64 78 41 33 23 13 32 17 62 86 8 6 16 57 10 25 21 59 26 15 24 1 35 36 9 11 5 54 ]
[ 39 3 20 59 50 1 39 98 2 26 86 66 5 32 45 55 62 4 55 42 24 14 7 5 41 49 9 12 83 9 30 74 64 50 33 14 3 24 13 6 3 51 24 8 35 69 15 49 26 23 ]
[ 42 5 23 59 16 95 3 13 36 23 50 17 88 49 71 0 18 8 12 58 82 51 31 2 5 2 36 43 84 19 45 78 24 20 37 41 15 41 6 3 16 8 72 57 9 44 57 27 4 21 ]
[ 1 50 36 3 58 7 18 67 13 2 3 44 32 28 9 30 62 5 26 61 2 62 27 26 14 3 11 12 86 29 20 40 79 9 43 89 68 61 8 82 15 11 26 47 39 35 29 53 92 7 ]
[ 8 9 14 52 14 19 71 25 27 27 19 2 46 94 20 15 55 3 68 5 86 3 65 48 17 55 34 35 27 85 5 35 46 19 39 12 39 11 37 18 38 9 21 37 55 41 4 10 96 72 ]
[ 0 2 66 46 11 20 1 80 25 36 93 33 8 3 79 23 51 69 4 74 26 16 24 33 31 4 6 0 18 17 21 19 20 39 17 83 60 19 63 85 7 57 18 67 12 49 42 15 71 46 ]
[ 10 65 22 51 5 28 64 57 64 99 47 10 12 8 1 41 36 4 25 11 1 2 25 70 47 22 19 44 92 78 44 54 43 66 5 1 46 22 10 63 21 10 25 85 18 26 26 7 30 51 ]
[ 17 92 3 48 30 35 4 22 48 20 43 10 7 31 2 77 32 47 12 47 49 1 6 68 41 52 21 32 31 59 10 48 51 13 97 81 1 1 56 1 73 99 11 33 83 14 10 15 13 22 ]
[ 36 98 14 45 51 40 0 13 85 14 7 26 54 20 89 5 9 18 21 66 45 9 60 13 74 35 22 20 21 13 93 9 11 7 54 14 99 6 28 36 21 87 14 27 59 3 85 21 21 6 ]
[ 13 60 39 47 39 61 4 43 59 15 56 30 22 23 3 20 18 71 13 2 65 12 49 0 66 57 11 45 0 15 4 13 27 44 61 19 5 65 62 16 33 70 46 55 93 2 27 63 25 40 ]
[ 23 23 71 98 3 48 9 31 29 11 27 71 27 20 5 51 7 1 40 16 9 12 36 69 19 6 28 75 31 4 11 6 79 34 5 35 35 14 66 64 77 45 35 4 66 40 55 25 93 48 ]
[ 7 25 1 21 48 37 44 1 60 33 39 6 32 67 3 69 39 7 26 89 20 7 72 25 29 87 9 8 11 31 22 18 57 23 91 57 12 87 58 24 72 50 30 4 69 33 26 8 40 4 ]
[ 71 49 21 17 3 10 11 15 66 79 23 30 99 25 76 41 85 14 16 61 9 5 87 3 63 26 13 59 30 9 23 53 58 44 22 14 6 33 29 72 12 53 2 11 30 78 4 15 45 20 ]
[ 45 18 93 7 29 93 54 24 44 12 17 31 98 11 4 82 23 77 4 31 33 54 62 74 5 18 19 46 0 18 40 97 36 34 4 18 27 58 42 23 22 12 7 21 23 11 3 46 40 59 ]
[ 4 1 46 11 66 49 34 39 62 57 36 16 19 26 27 57 5 89 71 18 17 18 27 24 72 5 63 37 35 9 3 39 63 2 50 29 3 36 20 65 45 56 33 64 82 12 21 40 2 45 ]
[ 20 51 4 56 13 51 55 14 1 89 32 26 20 36 4 6 14 10 11 31 7 13 61 10 80 88 59 32 33 11 8 5 62 64 61 27 15 16 41 68 57 26 46 29 62 51 87 28 13 50 ]
[ 95 0 31 1 46 28 64 47 38 18 92 66 2 12 6 59 35 30 46 58 82 29 20 49 49 82 9 10 19 11 4 14 63 35 67 9 15 31 9 5 2 53 24 56 65 82 15 0 12 61 ]
[ 93 53 13 31 4 35 22 14 44 64 35 29 13 46 6 9 10 5 79 43 66 3 41 65 50 38 2 10 65 86 0 11 39 13 42 43 0 16 10 45 32 97 26 46 44 32 7 6 89 86 ]
[ 16 21 65 32 39 50 20 71 74 19 3 3 6 89 25 66 10 16 84 26 17 2 19 93 2 37 65 10 49 18 35 66 40 52 50 31 3 71 3 29 42 6 32 48 47 9 15 57 26 51 ]
[ 63 24 87 17 17 53 22 43 31 52 11 21 13 82 72 35 12 51 3 16 0 12 30 25 64 93 20 67 62 59 83 25 35 70 42 5 75 17 0 7 21 11 28 35 45 0 70 10 4 26 ]

Timer (generate): 74ms real	60ms user	0ms sys
[ 95 50 73 83 37 71 19 45 98 75 92 74 3 56 95 26 36 38 55 39 69 98 67 83 97 84 1 45 34 5 52 29 55 25 13 45 96 32 90 46 60 82 20 63 90 67 42 26 57 49 ]
[ 66 26 48 33 62 97 18 63 42 4 20 46 33 28 23 98 73 71 83 15 17 43 97 89 58 87 9 0 66 66 50 32 45 50 17 7 99 87 22 93 91 43 39 77 71 14 75 96 85 10 ]
[ 11 54 5 60 95 64 47 4 16 65 23 18 49 68 20 19 75 19 6 97 64 50 92 3 27 15 69 54 11 54 65 22 60 70 82 56 86 82 12 3 47 35 73 97 3 94 68 30 65 74 ]
[ 80 30 76 24 85 3 40 55 10 51 61 27 26 74 97 8 30 36 42 94 91 42 30 64 91 85 10 59 68 28 33 0 10 62 24 47 17 64 54 27 68 16 54 46 42 4 6 72 92 49 ]
[ 18 83 91 48 99 34 86 10 93 6 90 78 6 0 40 82 99 58 99 54 37 67 22 44 13 64 0 71 88 92 20 6 75 63 55 26 97 93 88 90 51 78 21 57 30 61 39 30 71 38 ]
[ 84 9 57 6 53 22 22 5 94 10 97 66 16 24 30 23 50 79 16 39 22 67 69 43 76 0 56 68 82 28 6 66 89 16 24 94 38 46 99 84 8 96 51 24 72 33 48 74 12 16 ]
[ 65 34 36 35 29 12 87 86 80 69 66 39 87 55 55 63 49 45 9 48 30 69 96 33 93 68 66 41 94 30 58 60 17 46 95 46 58 82 84 91 3 50 30 90 5 37 53 54 34 14 ]
[ 54 64 83 50 49 76 70 15 70 65 98 80 77 15 26 72 61 36 6 46 27 9 48 9 51 54 46 4 60 81 70 67 97 53 17 47 81 40 14 51 57 12 83 34 27 9 58 41 46 64 ]
[ 39 25 25 87 35 76 93 81 32 6 14 2 73 12 55 42 11 88 34 77 40 91 90 23 77 69 85 35 62 83 51 1 8 28 41 43 4 86 25 88 92 91 90 17 3 97 60 66 86 46 ]
[ 44 78 38 86 1 67 7 38 55 70 21 6 23 30 35 64 25 91 3 2 80 95 94 22 65 49 20 77 16 6 23 12 84 13 98 37 81 5 76 36 27 49 94 51 31 81 67 57 25 70 ]
[ 59 5 18 5 27 35 55 99 12 71 5 35 83 89 49 33 79 82 90 7 70 18 56 64 21 40 46 88 49 71 11 60 28 81 66 7 16 21 7 80 44 12 15 27 54 16 12 85 98 2 ]
[ 92 68 72 0 33 93 40 31 34 41 54 97 2 34 30 68 41 46 89 0 78 85 13 93 12 19 10 76 4 8 78 48 77 51 48 62 96 41 45 30 82 99 27 36 85 9 4 26 7 45 ]
[ 27 85 30 92 79 94 63 89 70 19 49 1 67 78 4 67 92 0 60 37 83 95 88 62 31 73 72 88 52 79 33 79 65 16 23 44 62 38 85 85 57 86 86 76 65 42 95 9 94 56 ]
[ 47 77 51 35 40 34 61 64 22 13 43 56 44 60 24 19 56 86 57 41 71 66 80 9 42 97 51 89 6 46 45 53 75 48 41 67 83 54 31 5 67 27 13 63 87 89 82 44 76 91 ]
[ 37 99 57 69 9 51 66 12 40 73 10 38 78 86 86 71 53 21 25 37 79 44 64 44 59 3 34 93 99 10 84 89 61 93 58 70 44 25 83 37 50 45 75 28 31 13 52 37 35 77 ]
[ 26 66 74 90 10 33 45 44 79 45 6 63 34 68 57 44 90 53 69 25 90 19 71 17 0 54 31 52 91 18 81 17 84 7 59 46 93 57 43 72 54 49 87 88 69 44 84 60 50 54 ]
[ 37 92 25 8 10 25 63 93 29 6 11 11 76 47 70 35 93 63 44 88 35 98 38 23 38 59 19 23 71 21 77 9 14 2 17 24 80 32 69 9 91 80 72 67 27 43 54 72 58 99 ]
[ 61 46 97 51 69 36 62 40 59 34 62 36 95 28 90 64 4 22 97 73 84 88 53 8 7 32 3 61 56 62 60 69 8 58 72 29 46 35 69 5 21 83 93 16 11 35 80 15 58 29 ]
[ 40 94 69 45 2 76 77 6 90 86 68 50 55 76 60 80 57 6 15 26 63 88 62 8 4 73 44 36 41 54 18 33 48 39 79 50 68 8 56 58 94 76 60 2 4 73 82 61 31 97 ]
[ 40 95 37 2 3 41 27 99 29 20 53 47 54 1 39 33 4 7 41 12 65 88 89 77 90 45 50 72 7 82 21 47 29 58 1 32 51 28 32 80 1 37 80 55 91 71 40 95 78 33 ]

Running merge sort algorithm: 
Timer (sort): 27ms real	30ms user	0ms sys
The output is sorted!
[ 2 40 4 3 82 43 57 93 16 57 41 34 82 43 34 69 8 43 7 46 11 4 14 36 2 52 0 9 9 5 17 12 45 22 15 27 17 24 20 33 33 13 19 16 8 53 37 16 48 45 ]
[ 21 0 40 51 6 16 88 33 48 6 22 95 44 52 60 98 6 9 40 36 15 29 22 10 9 4 28 13 0 8 7 73 8 0 77 15 16 65 0 64 23 22 12 67 26 24 18 33 33 58 ]
[ 40 3 14 20 77 32 8 31 46 45 0 42 6 21 4 31 13 40 69 31 57 25 14 5 9 19 15 16 44 54 89 36 9 3 8 86 87 17 70 33 14 70 28 21 44 32 4 57 24 25 ]
[ 44 2 39 23 93 24 51 20 8 1 42 15 9 1 61 29 26 48 1 79 1 26 33 75 23 80 33 10 6 64 62 2 19 1 25 12 25 76 84 33 29 27 1 39 28 62 20 6 10 73 ]
[ 18 4 13 49 77 30 27 68 17 12 14 17 1 76 30 24 18 53 51 2 52 75 54 3 6 62 64 35 4 95 45 74 0 10 23 77 40 2 45 9 15 11 26 16 40 8 93 10 61 44 ]
[ 24 54 38 31 70 26 39 97 14 83 83 93 4 12 1 16 16 3 8 12 23 55 33 79 56 12 67 38 3 7 25 27 61 15 11 31 41 2 81 8 37 16 1 42 29 2 58 97 6 18 ]
[ 61 14 33 1 10 21 2 67 38 30 32 91 33 32 18 34 15 54 72 56 33 61 24 26 2 28 21 14 93 24 4 7 90 89 8 0 10 10 20 1 92 4 92 26 36 62 12 3 16 84 ]
[ 41 9 31 34 0 2 38 6 17 5 2 1 27 35 17 66 3 0 11 93 21 35 34 58 4 34 33 9 20 6 27 61 15 10 95 67 13 85 73 82 91 27 83 70 15 52 36 18 5 99 ]
[ 8 7 5 3 15 45 48 19 0 12 23 50 23 65 60 11 55 32 78 59 51 37 52 32 13 57 0 39 3 32 5 12 91 62 67 6 59 15 78 12 28 1 62 3 67 75 67 22 7 45 ]
[ 22 34 1 34 12 4 53 24 8 40 19 23 16 27 93 24 12 72 46 20 55 2 13 34 27 53 42 69 21 19 4 43 5 57 77 18 13 30 42 22 22 61 45 91 40 90 67 4 63 13 ]
[ 5 81 44 58 16 63 14 11 16 4 25 10 51 31 70 40 74 5 3 86 3 16 7 3 35 45 15 38 43 75 57 0 9 53 59 25 17 25 37 33 29 14 96 33 98 66 25 24 23 28 ]
[ 0 5 38 38 49 28 53 33 47 29 69 29 41 32 25 90 5 26 32 69 0 9 8 36 55 97 9 76 57 12 21 10 17 11 48 18 91 1 51 90 30 72 19 24 5 44 14 10 22 46 ]
[ 43 15 14 65 2 9 0 67 26 3 3 49 7 74 6 24 37 28 30 13 38 80 24 91 61 79 51 32 16 48 14 59 15 29 25 17 90 77 36 16 81 40 17 40 14 23 64 3 3 46 ]
[ 67 14 2 8 58 17 4 8 9 72 2 41 58 59 47 66 5 25 10 33 45 13 34 19 28 4 34 77 72 22 4 39 36 59 0 94 76 4 2 86 28 56 79 38 68 27 5 25 52 15 ]
[ 37 71 87 11 18 10 83 16 42 23 58 32 49 32 62 64 13 25 39 53 29 22 31 33 30 97 17 25 17 44 14 7 15 2 18 33 64 1 1 58 25 59 43 26 43 5 42 9 31 81 ]
[ 23 12 31 38 6 5 43 10 78 81 12 24 30 18 54 35 12 88 61 92 15 7 98 96 16 0 8 38 92 36 10 15 0 93 5 6 99 0 17 29 33 29 5 63 99 12 50 12 0 11 ]
[ 43 18 8 8 70 35 64 88 38 94 44 53 9 37 50 3 24 63 1 11 36 5 86 31 50 48 2 5 0 76 54 43 46 14 4 16 49 20 57 39 14 1 44 76 38 46 31 14 10 32 ]
[ 7 22 10 3 16 69 58 6 54 30 43 41 5 90 10 39 30 28 0 65 10 79 5 31 19 21 71 79 18 30 16 25 52 26 28 20 47 38 26 2 68 21 43 26 11 5 65 94 85 66 ]
[ 24 11 15 3 7 43 13 69 25 20 43 20 13 47 55 25 31 52 62 33 91 0 12 7 27 28 32 54 85 34 7 9 46 22 65 5 17 78 26 94 51 69 14 64 17 21 41 0 73 55 ]
[ 26 79 48 25 9 28 28 37 2 43 3 76 77 59 50 18 36 1 8 93 21 35 86 22 30 11 23 48 32 76 53 10 7 53 36 69 33 16 6 35 12 9 12 89 20 14 59 9 16 68 ]

Timer (generate): 74ms real	60ms user	10ms sys
[ 90 89 90 44 88 18 78 87 65 69 8 80 17 2 53 13 38 11 69 1 6 44 78 19 80 9 59 47 16 6 49 6 95 39 50 35 9 80 74 26 49 83 58 66 37 12 31 27 75 53 ]
[ 80 81 49 10 53 30 71 64 29 87 70 78 46 17 18 48 52 79 29 27 6 78 62 64 97 51 28 80 30 4 33 63 37 83 73 42 65 97 6 94 36 28 72 82 45 42 31 50 74 12 ]
[ 29 32 42 43 48 39 94 77 20 76 33 5 39 22 40 65 65 57 62 23 51 98 52 76 81 49 70 64 99 44 28 28 28 70 23 77 10 17 6 82 46 39 39 85 13 32 50 30 89 12 ]
[ 6 93 63 58 21 44 59 91 60 59 88 88 39 16 10 63 93 72 32 51 6 30 90 46 16 56 78 18 86 19 83 92 12 46 2 33 42 14 77 54 73 17 94 64 33 4 79 79 77 64 ]
[ 30 83 94 73 81 62 81 11 81 67 31 16 12 95 14 66 81 8 80 58 62 5 75 8 22 60 12 1 91 41 65 74 77 12 99 10 74 80 22 7 99 53 23 11 0 37 30 81 97 10 ]
[ 39 59 16 66 67 38 79 32 91 70 25 57 96 54 69 95 65 95 75 39 3 75 44 26 86 44 16 16 26 13 79 65 25 95 84 44 85 15 28 76 85 54 85 82 60 6 77 77 2 5 ]
[ 16 57 80 60 35 18 5 51 87 31 17 66 48 42 13 84 38 50 99 67 78 85 73 64 19 33 22 48 11 76 5 79 33 85 40 69 4 97 72 91 28 41 9 28 35 22 13 74 72 12 ]
[ 93 2 49 66 66 20 51 41 21 14 69 26 94 3 12 86 24 68 83 48 11 63 90 20 91 25 94 4 51 18 17 44 20 18 62 39 39 14 80 60 28 49 86 74 4 98 60 80 18 95 ]
[ 81 29 58 71 49 50 48 95 54 52 13 23 96 34 42 11 25 33 25 5 93 5 6 31 32 63 82 44 43 0 40 24 30 98 47 31 0 48 27 7 0 40 82 48 26 24 59 51 9 36 ]
[ 8 2 94 15 34 26 30 68 70 73 68 62 50 98 13 97 82 13 97 9 20 97 1 3 98 80 79 9 31 89 46 92 43 40 59 29 18 89 97 40 14 66 3 64 16 16 14 98 29 11 ]
[ 59 2 61 13 57 11 93 88 20 76 77 66 68 73 58 79 54 76 68 4 69 83 22 72 99 38 88 13 89 69 77 0 23 90 13 32 1 6 21 21 83 50 40 3 23 50 83 30 79 51 ]
[ 34 48 86 56 72 86 46 12 51 35 81 80 36 57 22 49 89 23 8 10 97 43 61 89 46 36 91 81 66 70 85 0 70 71 8 42 9 55 54 13 90 88 93 78 97 68 80 86 91 40 ]
[ 49 40 83 62 81 29 50 73 11 69 95 96 21 66 19 30 60 81 85 67 94 27 55 39 58 4 7 90 42 51 30 91 91 13 5 25 94 56 98 57 25 93 5 46 11 25 76 24 58 13 ]
[ 91 52 93 98 43 51 2 51 41 44 54 71 88 97 84 45 22 30 1 20 88 78 66 93 77 29 70 5 5 28 19 96 80 12 46 76 63 0 79 56 97 33 27 37 82 63 82 5 93 36 ]
[ 77 81 14 95 27 91 25 97 97 30 26 68 79 58 80 77 34 95 78 65 3 75 98 30 64 81 45 46 38 38 82 15 72 97 11 99 40 88 48 89 70 74 57 1 85 89 79 71 36 9 ]
[ 37 39 36 87 21 0 68 66 46 58 57 29 74 29 78 37 80 70 77 28 60 47 55 17 1 40 59 80 63 95 89 0 35 25 40 8 77 8 75 23 19 32 4 93 13 34 82 93 5 59 ]
[ 21 65 58 76 82 59 68 41 91 32 89 80 84 76 57 24 84 34 85 11 10 4 43 14 49 56 49 31 49 54 42 23 71 0 99 5 60 20 99 51 4 88 84 88 64 93 13 0 80 50 ]
[ 12 90 54 55 56 55 64 57 86 65 63 80 88 34 80 40 40 92 60 39 96 64 27 80 4 43 25 69 95 5 19 7 95 25 15 4 32 31 61 70 96 25 50 85 59 31 77 51 75 89 ]
[ 90 71 53 69 3 9 64 29 79 60 34 50 67 82 28 34 86 60 65 99 31 62 24 81 99 36 64 76 87 40 65 30 63 70 99 67 31 64 48 10 24 34 13 43 16 41 78 54 53 43 ]
[ 54 36 57 30 18 56 66 34 84 6 26 49 36 90 71 35 57 3 51 57 65 27 91 30 71 60 23 1 14 77 44 20 13 54 3 83 10 21 18 95 27 44 96 63 86 20 51 43 75 2 ]

Running merge sort algorithm: 
Timer (sort): 30ms real	20ms user	10ms sys
The output is sorted!
[ 0 8 47 13 11 95 95 52 16 20 51 30 6 53 28 5 90 18 31 19 20 33 27 3 85 76 17 8 6 34 57 6 42 4 71 6 51 67 10 19 39 62 50 45 67 30 2 9 1 33 ]
[ 40 10 79 34 56 14 13 33 10 28 6 30 57 10 69 20 48 43 17 29 7 42 5 2 54 47 79 56 83 10 50 23 20 81 9 28 48 75 13 10 55 20 41 12 30 62 32 30 5 1 ]
[ 38 63 34 26 2 78 11 41 15 38 73 13 30 34 8 7 49 63 12 47 73 38 44 9 53 13 49 20 1 11 62 39 74 48 18 28 26 29 22 42 20 47 7 2 81 67 9 30 30 21 ]
[ 98 25 0 56 37 2 0 13 83 30 60 3 51 6 44 3 24 72 82 40 70 3 18 21 19 7 83 22 6 88 17 4 13 69 13 2 72 65 15 7 95 28 10 99 34 7 2 10 31 37 ]
[ 79 36 88 2 88 28 48 47 63 41 39 13 7 30 13 11 81 10 40 6 15 33 5 46 44 14 14 61 39 38 34 19 26 23 21 14 3 21 61 18 14 53 31 21 83 44 84 16 7 25 ]
[ 74 16 54 38 96 94 1 7 3 8 78 32 11 23 44 88 0 36 72 18 1 0 10 72 0 38 31 4 41 36 8 68 52 14 6 0 8 59 60 11 68 38 96 31 14 40 19 14 28 43 ]
[ 7 12 0 7 51 88 21 23 3 32 4 88 19 6 46 50 24 5 24 65 38 99 59 48 22 41 82 7 69 26 22 28 38 22 35 41 11 57 17 14 41 21 55 12 79 1 62 3 58 38 ]
[ 52 20 61 60 12 7 15 34 34 58 91 14 39 11 35 3 24 65 18 19 71 18 10 21 0 57 18 29 16 49 48 20 21 9 32 85 68 0 19 3 58 62 17 97 26 53 52 2 18 71 ]
[ 89 55 46 20 41 10 22 18 16 54 2 10 7 40 23 35 46 88 33 83 48 37 48 23 53 1 9 6 37 3 89 26 10 35 46 3 97 20 21 65 26 24 28 33 16 3 21 62 43 54 ]
[ 43 14 44 51 0 2 24 47 57 42 38 34 50 59 61 93 9 10 16 10 0 50 58 14 2 22 14 42 87 39 47 31 5 43 82 5 45 59 52 3 1 43 89 52 2 2 97 11 12 13 ]
[ 0 66 74 79 19 23 20 1 33 62 3 54 10 20 65 6 24 66 14 22 50 26 30 46 22 35 79 99 93 12 2 45 30 29 76 49 4 48 2 37 11 6 43 21 26 8 28 2 26 94 ]
[ 19 16 63 35 4 9 22 6 62 14 19 15 7 22 15 18 35 32 14 55 4 38 12 9 27 51 70 89 61 22 5 80 90 20 68 47 30 42 53 44 8 72 60 15 46 75 34 81 7 0 ]
[ 6 28 31 22 1 1 63 34 36 1 13 75 17 28 29 38 79 51 1 40 99 61 9 12 26 21 74 63 7 75 26 13 55 9 87 8 62 50 42 50 3 55 26 21 36 7 11 67 10 65 ]
[ 99 2 4 6 49 43 3 93 80 4 5 26 47 87 57 46 4 2 11 31 4 37 37 16 13 9 58 19 63 64 58 14 18 63 20 67 6 23 61 38 28 18 17 27 5 74 25 9 76 88 ]
[ 19 4 17 49 15 54 22 13 11 10 43 32 41 84 34 39 16 91 3 28 4 27 42 41 34 46 63 99 9 58 36 28 63 53 30 30 7 4 43 70 15 39 3 56 23 37 48 91 28 3 ]
[ 12 51 54 89 61 2 48 20 8 17 38 29 0 36 81 96 49 53 37 32 11 19 20 91 57 18 22 14 36 31 20 1 34 74 42 95 29 42 16 37 11 6 18 11 42 51 8 43 5 45 ]
[ 67 14 1 30 91 6 58 72 17 39 18 60 75 11 20 2 0 55 86 55 15 59 1 16 72 5 4 12 55 63 94 22 30 95 4 21 1 62 45 19 2 16 31 77 27 4 31 27 59 18 ]
[ 20 33 78 11 13 38 9 5 46 38 45 62 90 13 90 5 91 17 36 68 70 15 41 30 41 10 24 53 85 5 88 6 38 18 17 51 56 26 8 3 17 54 17 7 19 8 64 10 77 0 ]
[ 89 64 7 56 1 17 57 61 33 3 3 7 51 59 12 42 60 4 30 11 40 11 2 53 78 12 10 93 23 1 96 64 17 4 20 19 21 29 32 55 33 87 62 36 47 27 30 7 31 60 ]
[ 0 69 19 42 16 29 27 93 86 61 95 10 64 1 65 1 93 40 18 19 39 33 6 65 46 26 49 16 5 27 7 6 97 26 48 13 7 27 58 93 89 5 4 5 7 21 6 0 13 76 ]

