Timer (generate): 10ms real	10ms user	0ms sys
[ 14 72 5 70 8 96 39 22 14 85 16 28 55 56 52 76 11 35 74 61 84 45 74 48 37 ]
[ 48 23 66 23 60 44 38 32 1 60 92 98 0 14 64 85 82 93 40 39 45 68 2 80 42 ]
[ 63 16 39 89 16 28 37 91 94 13 51 91 51 36 92 63 28 42 63 95 7 0 29 0 40 ]
[ 20 97 8 22 30 2 38 98 94 27 15 22 17 6 69 30 10 12 33 46 56 96 26 99 60 ]
[ 73 6 60 3 58 53 23 55 13 98 85 68 36 84 62 15 51 36 32 9 57 14 19 69 99 ]
[ 17 26 96 44 77 8 17 83 20 72 93 73 96 48 39 94 86 7 82 22 21 97 25 9 82 ]
[ 34 67 96 6 88 96 75 66 44 19 43 52 89 78 24 61 23 98 9 24 89 55 10 96 37 ]
[ 84 69 35 9 78 69 95 97 65 53 38 13 29 56 9 0 52 13 41 82 38 55 6 36 64 ]
[ 30 77 72 92 25 9 76 94 96 37 24 65 84 74 83 90 12 48 71 20 58 71 72 71 65 ]
[ 55 9 20 61 97 36 91 74 8 35 99 70 11 45 66 0 70 84 36 96 67 78 60 15 49 ]
[ 80 73 73 53 97 38 8 58 10 69 56 46 12 82 7 47 34 29 10 79 95 62 1 79 98 ]
[ 97 98 29 57 14 78 38 39 51 43 88 89 51 47 51 72 55 50 84 37 57 83 23 86 45 ]
[ 3 33 7 56 65 57 6 63 86 15 77 65 5 69 68 48 57 10 99 4 61 23 11 11 59 ]
[ 49 20 42 72 6 87 27 92 46 36 57 56 42 20 42 57 50 59 15 71 28 63 80 90 15 ]
[ 37 51 38 48 63 98 97 83 92 22 42 32 1 86 78 37 43 34 31 15 29 41 17 88 56 ]
[ 40 68 71 21 58 86 58 62 25 6 25 75 56 60 67 30 54 99 31 40 30 21 35 16 4 ]
[ 3 97 45 72 38 53 13 6 25 34 17 11 44 79 88 50 56 63 58 68 83 88 75 34 20 ]
[ 67 64 93 3 33 97 58 30 95 30 68 0 95 27 25 29 96 89 25 75 77 76 83 93 86 ]
[ 51 76 75 26 10 47 46 27 40 49 60 89 59 42 36 89 63 37 37 42 62 66 38 51 44 ]
[ 65 81 72 48 74 58 51 50 33 30 60 80 76 39 72 77 99 62 36 94 98 77 57 35 14 ]

Running merge sort algorithm: 
Timer (sort): 6ms real	0ms user	0ms sys
The output is sorted!
[ 29 10 3 86 34 8 31 26 4 23 20 14 18 8 4 54 55 54 37 39 1 46 16 17 2 ]
[ 0 22 34 42 76 54 2 17 8 13 11 38 40 24 11 81 4 1 7 51 26 31 1 41 6 ]
[ 25 11 35 34 13 31 71 16 30 34 2 29 14 3 57 28 47 37 41 1 11 5 57 19 17 ]
[ 55 64 49 22 11 9 10 7 4 6 40 87 1 0 15 18 13 62 27 14 20 58 11 37 30 ]
[ 67 0 68 0 88 78 9 17 43 22 36 9 36 35 5 3 33 27 42 1 34 9 16 11 26 ]
[ 25 47 29 35 11 9 15 82 0 92 24 9 21 90 32 23 0 16 19 12 15 1 6 67 57 ]
[ 20 17 29 40 31 1 9 53 0 13 84 8 10 12 46 4 21 25 10 92 53 66 26 5 66 ]
[ 1 36 68 18 13 17 1 61 63 6 10 25 1 65 11 10 50 75 2 27 57 72 35 0 19 ]
[ 39 98 5 18 13 86 31 17 42 1 28 18 52 2 57 72 4 70 7 18 4 23 14 15 10 ]
[ 34 58 44 11 25 10 67 14 1 47 46 15 0 43 11 38 16 82 45 2 17 18 20 46 46 ]
[ 63 54 33 62 35 63 18 38 63 4 32 28 2 54 11 11 4 23 37 19 2 56 36 12 0 ]
[ 77 32 13 67 15 53 36 0 0 71 54 15 43 39 18 12 34 24 57 8 4 3 5 54 30 ]
[ 5 98 11 68 30 76 35 31 26 13 40 3 10 41 7 2 66 0 26 87 9 20 0 63 8 ]
[ 18 5 44 68 25 53 1 13 14 47 37 13 7 34 1 27 60 61 7 51 1 76 81 21 16 ]
[ 43 27 26 89 36 14 63 30 84 30 30 20 7 36 41 2 20 14 12 26 28 5 45 54 2 ]
[ 54 7 36 11 4 78 23 83 0 1 46 6 20 57 14 14 55 8 14 50 89 16 33 31 34 ]
[ 7 18 2 44 5 73 27 24 41 2 52 36 15 74 17 5 9 99 16 30 5 55 48 2 80 ]
[ 22 2 8 2 55 92 1 52 24 24 8 5 6 52 26 27 4 83 13 47 14 76 13 44 90 ]
[ 32 18 59 24 40 25 63 34 44 30 77 14 59 71 21 21 86 5 0 13 15 5 4 1 32 ]
[ 20 83 15 46 20 2 50 12 14 2 46 19 28 44 26 3 8 97 20 26 10 7 86 45 65 ]

Timer (generate): 9ms real	10ms user	0ms sys
[ 74 97 52 12 18 65 70 32 15 50 80 23 49 81 92 51 24 3 57 67 52 67 57 90 63 ]
[ 82 56 87 67 18 82 93 15 86 5 86 4 27 18 71 30 98 95 79 31 87 82 7 42 40 ]
[ 75 47 59 32 37 22 67 45 61 86 63 95 80 31 34 37 17 38 65 87 9 95 85 4 26 ]
[ 68 44 8 75 38 0 2 85 11 87 74 33 54 20 46 40 35 94 72 18 28 10 35 66 27 ]
[ 22 75 74 59 32 0 79 28 60 55 66 13 57 52 24 44 78 10 50 98 56 43 86 50 15 ]
[ 4 78 25 92 96 52 66 72 26 26 56 78 57 84 91 12 50 4 22 54 28 18 33 38 69 ]
[ 83 47 12 69 49 27 26 28 5 18 24 57 36 48 36 14 4 66 72 88 57 84 91 61 58 ]
[ 45 42 77 78 32 98 62 79 62 83 29 41 61 9 46 79 85 56 68 86 44 82 90 10 54 ]
[ 31 20 39 22 33 49 19 75 26 98 8 76 12 39 90 47 20 32 9 29 30 40 67 38 8 ]
[ 53 34 91 43 45 45 26 17 36 0 50 86 20 26 64 18 86 41 82 77 31 29 98 15 38 ]
[ 79 98 79 46 36 87 99 71 78 95 68 76 73 85 12 74 87 98 94 13 63 64 51 56 46 ]
[ 29 39 75 79 7 66 58 5 45 5 93 84 56 64 63 3 84 39 77 21 3 3 9 2 97 ]
[ 74 17 61 26 25 59 7 16 34 86 23 52 44 80 97 1 74 82 10 38 97 65 75 88 42 ]
[ 96 91 45 57 45 94 32 14 7 10 91 66 17 8 53 55 83 5 51 64 55 5 38 37 15 ]
[ 28 86 80 55 74 75 52 17 72 61 63 67 45 29 74 55 21 41 24 81 46 31 64 51 83 ]
[ 28 6 88 18 95 3 99 81 35 54 7 10 58 25 83 20 40 2 65 21 28 73 42 21 97 ]
[ 23 67 29 40 71 64 20 77 52 39 73 7 38 6 42 92 66 5 51 91 40 23 83 94 88 ]
[ 56 22 61 51 44 11 26 63 92 66 34 56 87 12 60 78 37 67 68 95 61 60 61 18 63 ]
[ 52 58 86 87 52 27 96 75 40 47 71 51 73 34 43 40 69 51 79 33 11 57 70 30 25 ]
[ 65 92 37 27 10 53 31 21 39 71 25 18 67 52 59 14 23 10 39 10 6 79 79 9 58 ]

Running merge sort algorithm: 
Timer (sort): 6ms real	0ms user	0ms sys
The output is sorted!
[ 6 4 22 62 37 15 10 35 2 2 24 15 17 31 90 13 28 29 23 84 46 51 68 2 4 ]
[ 9 49 15 48 32 9 45 93 1 31 14 4 11 52 4 11 24 42 96 3 2 9 17 44 58 ]
[ 19 49 1 56 4 12 24 0 23 11 48 21 28 54 45 62 36 25 27 30 8 8 21 67 51 ]
[ 15 12 20 75 21 8 1 5 69 8 2 69 16 57 40 72 25 37 49 2 36 57 12 2 31 ]
[ 5 89 51 40 18 10 33 39 5 14 33 8 20 7 3 41 21 48 94 4 63 7 0 79 9 ]
[ 39 17 35 21 15 5 35 22 57 18 20 80 23 85 5 10 12 52 48 25 29 12 13 33 36 ]
[ 21 13 27 23 36 33 42 98 8 8 19 68 10 1 57 76 9 3 11 74 9 5 50 4 43 ]
[ 24 63 5 0 31 39 0 66 11 39 77 23 14 64 22 75 58 1 18 1 4 44 60 14 6 ]
[ 3 21 69 57 43 14 36 22 27 6 3 47 37 15 27 67 39 44 7 26 29 16 1 20 83 ]
[ 31 8 1 92 32 10 21 57 32 13 27 14 2 18 59 41 52 8 74 5 21 94 49 1 8 ]
[ 0 5 11 5 5 36 63 71 28 43 34 38 21 42 79 8 20 47 32 21 54 4 66 9 32 ]
[ 6 34 17 41 40 19 28 63 3 24 26 23 26 32 92 59 60 14 18 42 35 12 35 4 21 ]
[ 2 58 68 24 13 69 71 20 44 3 6 3 12 6 12 39 13 58 33 6 9 72 76 17 41 ]
[ 99 50 23 18 5 26 38 2 24 24 96 21 41 29 25 10 26 39 12 16 35 80 12 3 22 ]
[ 67 51 26 6 14 97 5 1 43 76 33 74 1 21 35 4 13 53 54 14 22 19 11 24 13 ]
[ 11 58 76 71 14 4 97 55 10 3 25 30 14 18 43 18 91 24 40 12 3 22 3 12 26 ]
[ 26 55 2 22 14 3 63 43 75 18 22 3 27 30 30 24 4 71 4 50 23 31 40 32 69 ]
[ 6 16 11 51 31 84 36 20 15 30 69 9 13 3 32 45 25 46 13 31 11 16 80 0 89 ]
[ 3 14 38 65 20 38 1 27 24 72 73 35 86 50 15 11 0 8 2 50 7 34 94 8 7 ]
[ 16 11 2 26 42 1 10 5 12 42 16 53 88 6 27 75 17 99 5 41 30 4 35 73 46 ]

Timer (generate): 10ms real	10ms user	0ms sys
[ 95 42 35 53 93 48 95 76 67 46 47 82 69 66 78 19 46 48 64 68 60 77 86 17 73 ]
[ 96 75 54 25 66 48 72 9 83 25 2 32 21 30 51 19 78 33 41 96 64 60 94 12 24 ]
[ 62 24 2 48 94 75 44 69 81 22 35 29 46 96 65 72 51 97 45 33 0 16 11 33 57 ]
[ 59 49 17 53 14 94 15 90 96 15 84 23 12 53 4 86 41 85 32 37 50 56 88 99 53 ]
[ 74 99 70 85 85 79 97 34 49 50 0 43 18 91 39 85 27 14 97 81 18 83 22 55 16 ]
[ 11 6 24 0 5 78 26 57 48 11 42 79 60 28 28 63 29 71 33 72 62 18 99 76 16 ]
[ 80 46 51 54 2 19 66 60 44 18 65 22 44 22 22 7 16 1 68 45 30 83 26 1 16 ]
[ 98 16 34 97 92 2 30 39 54 36 93 73 2 53 17 20 70 39 16 45 13 24 61 15 44 ]
[ 6 45 27 32 98 43 82 14 77 32 59 80 62 50 86 98 43 59 53 48 77 25 18 68 42 ]
[ 63 82 66 77 97 10 35 94 89 20 44 32 2 11 61 34 70 93 48 20 79 99 63 91 52 ]
[ 63 20 77 81 88 19 97 22 37 26 71 99 61 17 88 81 62 20 84 73 34 70 43 27 19 ]
[ 15 59 70 30 50 74 93 70 3 26 10 75 23 33 12 49 56 12 63 74 52 44 36 25 80 ]
[ 61 59 51 56 38 22 71 97 44 1 99 18 94 69 21 20 80 96 96 65 61 97 21 25 60 ]
[ 95 77 57 83 2 37 44 13 40 52 52 62 23 1 6 24 1 76 70 70 50 43 2 98 39 ]
[ 19 59 88 93 36 49 88 66 58 24 20 95 20 34 36 73 38 50 48 39 9 25 40 85 95 ]
[ 63 35 38 17 34 29 37 45 18 82 82 67 70 0 25 46 20 72 67 54 60 92 44 11 40 ]
[ 84 20 65 76 5 13 39 93 51 9 27 81 98 24 99 80 6 18 2 6 95 49 27 67 68 ]
[ 33 28 60 30 91 52 14 11 70 90 68 83 82 61 34 91 40 67 89 65 18 69 23 36 71 ]
[ 30 31 72 9 51 40 94 31 52 24 74 57 90 85 27 33 5 10 15 19 96 6 59 16 95 ]
[ 76 34 16 0 71 87 82 54 60 43 57 52 89 40 5 66 14 62 56 51 41 89 57 3 4 ]

Running merge sort algorithm: 
Timer (sort): 5ms real	0ms user	0ms sys
The output is sorted!
[ 23 68 40 10 0 34 22 35 1 10 5 3 45 50 24 99 40 7 14 5 14 82 16 1 40 ]
[ 33 59 15 16 10 19 5 4 3 57 40 25 16 26 59 76 6 3 28 45 22 60 3 57 11 ]
[ 1 36 1 9 26 96 22 17 63 1 37 6 61 19 2 62 52 9 7 59 3 10 63 33 33 ]
[ 3 2 34 33 12 5 82 57 11 54 63 4 5 18 61 22 78 60 9 5 65 22 5 4 17 ]
[ 5 12 3 23 19 43 44 43 71 22 81 29 19 25 18 14 28 48 4 31 57 73 10 11 2 ]
[ 11 9 48 9 50 16 39 54 63 8 41 5 47 44 25 56 11 6 1 33 23 17 49 44 27 ]
[ 10 45 11 17 17 10 13 27 54 30 82 20 55 11 4 18 53 7 28 30 30 5 17 49 94 ]
[ 17 11 84 4 8 23 25 16 5 9 14 11 32 32 0 17 5 82 33 75 20 79 56 82 6 ]
[ 7 0 6 5 4 7 6 41 43 4 37 76 71 30 17 3 28 53 89 84 33 36 39 23 6 ]
[ 39 65 27 21 70 11 14 41 11 67 54 63 70 5 20 30 10 26 51 9 17 3 21 2 14 ]
[ 68 29 9 1 3 23 5 5 23 21 77 57 5 52 15 2 16 8 48 28 17 36 55 83 79 ]
[ 11 19 55 11 6 43 0 28 42 45 38 2 63 69 2 76 73 5 18 40 37 31 23 6 22 ]
[ 86 71 83 12 22 12 1 5 94 34 73 24 25 5 15 45 30 32 11 0 9 5 12 45 19 ]
[ 4 15 19 33 96 12 57 11 27 30 23 56 26 23 46 9 24 20 44 26 55 3 5 64 43 ]
[ 2 45 31 14 18 35 19 48 11 19 12 9 76 53 51 95 16 0 38 32 9 34 2 50 54 ]
[ 35 1 72 15 2 57 10 15 15 33 30 21 6 91 26 28 22 65 4 39 14 9 8 78 85 ]
[ 28 73 15 37 22 12 12 19 37 33 8 98 14 15 9 47 42 44 10 11 85 3 44 29 35 ]
[ 67 39 23 5 61 5 97 2 5 8 5 5 23 84 0 27 57 16 28 6 22 13 26 68 94 ]
[ 90 34 25 45 51 2 16 3 58 16 21 89 40 57 53 4 45 39 45 1 8 7 16 4 17 ]
[ 5 59 55 13 53 18 17 12 30 25 63 6 34 12 23 60 39 89 19 8 70 17 25 0 36 ]

Timer (generate): 12ms real	10ms user	0ms sys
[ 4 78 47 66 21 86 79 40 49 42 84 64 17 98 81 98 50 17 7 74 68 32 5 4 55 ]
[ 95 24 62 21 95 91 26 26 38 92 47 76 71 40 25 13 76 89 83 74 23 33 76 40 92 ]
[ 50 60 25 7 64 80 54 41 43 76 36 34 54 62 25 98 62 1 70 2 27 35 30 68 70 ]
[ 4 91 4 32 83 96 35 44 73 94 8 54 49 49 97 77 38 83 83 0 8 81 14 62 51 ]
[ 68 89 39 98 9 61 54 1 17 39 36 66 74 80 39 68 41 93 69 42 42 98 80 78 81 ]
[ 33 38 63 99 0 66 68 41 57 18 51 19 25 4 36 64 40 2 38 21 94 58 62 87 80 ]
[ 56 82 78 37 60 12 22 98 75 21 51 41 41 92 51 60 43 70 85 47 58 49 40 13 39 ]
[ 61 7 97 75 46 29 31 28 8 20 40 20 42 91 47 16 42 40 57 34 91 17 30 13 2 ]
[ 29 24 3 69 37 94 82 96 92 9 42 73 93 23 81 13 15 53 8 6 0 24 48 41 81 ]
[ 35 84 99 17 98 53 46 22 9 68 11 3 2 7 47 12 1 21 5 24 54 70 40 8 78 ]
[ 98 60 2 47 1 84 34 38 35 3 36 40 1 10 49 69 21 53 72 80 52 36 81 73 41 ]
[ 58 28 11 98 36 42 96 96 44 95 50 80 81 88 67 84 76 8 86 38 57 7 11 62 31 ]
[ 91 15 67 24 40 60 82 68 24 32 56 66 81 5 10 28 55 43 62 95 10 98 23 18 84 ]
[ 13 28 44 24 42 75 67 57 95 43 50 55 78 18 79 10 75 97 43 80 60 72 87 3 34 ]
[ 34 13 32 57 84 69 22 12 65 98 6 40 65 16 87 60 66 43 38 84 74 49 11 72 92 ]
[ 91 32 16 30 87 2 64 0 87 73 36 56 95 0 21 93 7 13 10 23 1 71 89 96 9 ]
[ 73 22 10 85 94 55 28 78 23 59 65 26 23 18 13 49 54 21 44 55 94 90 62 59 0 ]
[ 85 60 23 26 8 33 99 31 95 36 77 2 65 56 26 76 73 52 51 91 17 0 98 90 97 ]
[ 53 84 87 67 43 39 4 56 63 30 16 48 29 47 43 18 25 46 83 33 24 11 6 28 62 ]
[ 50 45 15 48 35 12 1 71 51 68 66 90 24 74 53 54 91 53 83 38 97 53 15 95 36 ]

Running merge sort algorithm: 
Timer (sort): 6ms real	0ms user	0ms sys
The output is sorted!
[ 8 11 73 22 60 13 31 13 49 22 12 0 18 6 39 2 9 76 24 61 0 4 90 35 19 ]
[ 9 27 37 0 96 17 32 1 99 51 2 24 20 39 65 48 1 22 3 4 20 9 18 54 2 ]
[ 22 5 79 51 13 48 52 14 43 9 24 2 33 62 57 17 22 67 13 5 47 7 2 4 14 ]
[ 13 2 47 6 23 55 45 73 37 28 25 18 11 26 10 5 41 65 31 10 1 61 51 9 19 ]
[ 13 71 39 13 83 5 43 35 16 8 15 54 32 43 2 14 43 17 7 71 10 5 48 25 1 ]
[ 9 36 9 76 10 0 53 17 17 6 12 6 33 43 47 26 2 2 92 18 57 31 84 8 33 ]
[ 91 77 4 74 6 35 25 1 8 97 58 17 5 44 10 7 24 3 14 53 7 35 2 4 38 ]
[ 11 88 67 7 66 12 4 67 3 66 1 4 40 41 40 1 43 60 8 50 0 4 6 46 5 ]
[ 43 45 28 15 24 7 18 7 53 14 79 67 12 18 32 67 22 4 21 55 42 40 23 7 3 ]
[ 1 29 72 0 2 0 46 10 9 11 26 16 26 25 44 70 70 17 31 41 66 18 72 48 0 ]
[ 63 20 40 10 0 19 57 54 25 12 15 8 24 3 66 23 6 28 22 1 94 50 4 72 37 ]
[ 21 8 24 6 58 3 55 13 16 63 36 57 14 19 31 4 55 84 60 23 20 17 8 62 6 ]
[ 36 21 18 42 29 59 24 2 19 89 37 16 41 21 97 31 0 16 50 14 0 6 19 67 11 ]
[ 72 6 7 25 17 9 51 12 67 73 3 1 13 60 65 21 25 26 13 6 0 51 26 54 63 ]
[ 60 29 13 0 21 15 39 5 27 19 3 6 5 34 96 41 70 46 97 33 14 18 0 1 87 ]
[ 44 25 10 21 79 12 32 37 43 88 10 19 50 11 34 85 6 6 43 14 7 29 41 7 30 ]
[ 35 72 7 2 29 55 36 30 10 23 59 61 25 41 63 26 8 14 7 21 41 11 1 89 17 ]
[ 78 55 3 45 13 19 13 39 0 57 35 24 40 35 14 23 2 14 30 77 16 42 56 5 51 ]
[ 65 2 2 18 71 9 72 31 3 17 86 32 20 8 49 57 1 10 15 9 38 6 7 84 74 ]
[ 33 20 34 50 26 49 25 48 40 63 40 41 0 35 3 12 27 79 9 26 17 6 33 52 19 ]

Timer (generate): 10ms real	10ms user	0ms sys
[ 22 22 78 65 71 98 97 97 24 37 39 45 33 10 36 36 5 79 2 22 45 66 72 49 8 ]
[ 80 60 39 83 95 18 5 69 49 70 41 47 19 38 23 57 29 69 42 39 57 78 44 37 33 ]
[ 18 82 99 91 83 60 23 95 99 6 90 69 11 60 70 33 53 18 53 91 93 62 20 14 4 ]
[ 11 72 34 8 61 67 26 95 67 69 78 79 93 73 78 99 64 99 63 76 70 96 29 40 1 ]
[ 72 33 63 44 48 19 55 72 6 15 33 73 42 28 92 11 58 71 56 31 1 56 47 53 19 ]
[ 23 23 67 4 63 69 28 48 84 72 48 56 80 20 62 95 5 87 89 85 32 53 43 3 9 ]
[ 75 57 65 74 10 36 50 85 56 54 48 77 83 48 13 7 97 69 39 69 83 35 75 23 76 ]
[ 60 55 29 4 10 91 31 67 56 5 29 45 55 14 53 62 14 30 97 63 95 4 12 17 44 ]
[ 81 0 31 56 75 59 69 30 41 25 41 32 8 60 88 13 90 85 21 4 90 35 19 20 32 ]
[ 34 68 88 46 85 84 27 85 67 36 61 27 57 43 68 82 84 0 42 45 40 7 87 78 28 ]
[ 91 68 15 62 41 47 48 9 36 94 94 72 74 31 40 10 44 67 19 88 35 53 24 87 95 ]
[ 21 27 2 8 5 31 52 26 98 66 67 46 15 28 34 61 22 6 35 53 46 97 50 65 16 ]
[ 38 52 69 14 39 64 36 67 67 96 24 50 0 2 48 67 69 46 34 97 32 95 71 39 31 ]
[ 77 37 28 27 3 97 17 7 66 31 47 31 19 66 50 16 42 52 16 45 52 35 14 99 69 ]
[ 64 31 65 35 22 48 64 12 28 91 67 25 8 74 92 92 21 75 11 39 77 79 82 29 96 ]
[ 27 81 83 41 32 53 57 16 70 45 90 70 9 2 98 53 69 24 61 96 68 53 17 95 17 ]
[ 57 72 96 91 53 44 18 86 28 11 19 33 69 87 55 66 77 25 75 80 75 28 1 51 42 ]
[ 97 19 47 67 66 64 76 38 13 67 91 57 85 78 37 96 49 70 17 36 77 83 13 54 11 ]
[ 45 30 91 47 33 85 44 5 33 63 71 49 39 10 62 6 53 20 43 83 9 92 84 80 9 ]
[ 20 9 45 86 64 56 31 46 99 30 79 85 27 84 18 90 56 19 30 18 82 88 23 54 32 ]

Running merge sort algorithm: 
Timer (sort): 6ms real	0ms user	0ms sys
The output is sorted!
[ 6 62 34 6 50 2 12 5 36 54 8 43 89 29 1 47 9 23 4 23 40 36 38 13 52 ]
[ 14 28 38 11 18 46 29 32 21 45 40 50 6 32 50 7 46 27 6 4 71 6 1 28 77 ]
[ 13 8 26 5 96 2 1 11 43 12 17 61 84 12 54 50 27 11 29 48 35 12 49 2 26 ]
[ 20 59 14 29 23 20 40 4 78 24 3 36 2 31 24 15 67 6 28 39 41 87 16 15 17 ]
[ 38 16 36 9 17 4 15 30 3 17 89 52 71 27 14 16 10 89 20 48 1 80 4 28 5 ]
[ 34 5 9 51 38 28 9 43 4 0 17 0 83 14 31 34 10 91 56 51 8 73 50 3 7 ]
[ 35 6 41 4 22 18 19 50 25 39 0 69 70 34 19 9 0 30 37 14 27 83 35 39 33 ]
[ 6 31 0 20 2 21 18 42 18 35 26 0 46 72 25 19 19 1 62 72 34 27 78 55 35 ]
[ 47 2 43 2 75 66 4 55 26 19 28 33 0 8 35 3 28 30 42 80 25 62 43 4 5 ]
[ 44 16 54 75 5 8 28 40 31 35 17 10 62 27 13 25 16 2 84 30 8 10 81 26 22 ]
[ 1 16 76 7 50 9 10 63 22 16 5 6 74 6 49 36 43 38 95 66 7 28 17 0 36 ]
[ 25 29 20 65 34 31 93 11 57 12 4 65 1 21 5 83 0 9 63 12 36 48 3 0 49 ]
[ 2 4 38 68 78 15 43 18 68 91 17 19 67 31 8 3 1 20 3 23 13 66 27 53 1 ]
[ 36 12 43 91 21 50 1 7 14 3 46 23 2 81 12 18 43 89 12 34 45 11 16 22 47 ]
[ 2 15 12 16 16 13 10 26 2 52 7 23 86 68 14 0 32 99 12 74 47 17 68 42 27 ]
[ 69 19 24 14 36 12 17 55 1 12 6 3 26 41 38 92 85 1 63 35 31 38 17 26 21 ]
[ 1 99 4 48 20 24 58 39 13 23 0 58 27 22 0 13 35 3 50 23 41 9 71 47 57 ]
[ 1 42 15 2 14 46 4 57 94 34 11 43 50 88 42 33 42 26 0 17 1 18 34 10 61 ]
[ 13 15 2 5 72 13 68 89 7 25 20 92 40 46 13 12 40 9 28 12 22 3 52 37 55 ]
[ 94 3 43 0 2 22 80 15 6 14 0 29 0 0 80 42 49 99 6 68 24 47 8 42 19 ]

Timer (generate): 15ms real	0ms user	0ms sys
[ 36 63 68 16 92 83 6 11 4 17 83 15 72 61 3 3 87 75 76 44 57 48 3 44 95 ]
[ 21 91 27 21 37 26 10 0 95 26 44 78 85 56 83 54 91 50 79 52 5 82 39 80 10 ]
[ 35 90 59 38 86 6 12 29 86 85 66 64 95 19 59 74 63 38 59 71 73 65 15 75 44 ]
[ 67 81 78 59 13 41 94 55 0 85 42 58 49 71 96 34 90 61 30 61 20 4 76 10 15 ]
[ 48 35 80 63 63 77 82 44 55 93 9 96 40 65 48 25 59 59 26 30 55 60 72 68 90 ]
[ 33 41 46 62 51 13 62 39 94 25 2 71 59 98 78 53 7 27 93 24 27 70 83 86 96 ]
[ 66 94 56 38 62 99 24 3 97 38 7 11 0 98 57 77 0 80 36 50 58 41 9 37 34 ]
[ 34 65 4 69 51 52 35 97 61 26 12 12 2 15 9 40 74 72 40 72 29 17 24 9 5 ]
[ 74 20 47 84 57 81 70 22 38 39 26 42 27 75 3 53 87 15 55 55 77 47 29 49 87 ]
[ 54 31 56 78 40 61 53 60 8 89 70 42 59 44 32 50 70 74 77 46 78 30 85 45 37 ]
[ 40 22 36 70 24 23 24 55 31 54 95 45 59 8 53 48 30 47 59 74 79 62 45 54 39 ]
[ 43 84 22 28 81 11 69 56 48 91 80 23 67 35 7 73 82 52 33 42 57 33 72 5 45 ]
[ 47 84 7 44 90 98 39 26 20 19 60 84 40 16 32 83 96 7 50 31 14 24 65 66 9 ]
[ 8 24 42 32 81 87 79 17 94 75 60 93 66 86 65 86 46 49 26 14 33 10 10 93 12 ]
[ 93 59 88 59 26 97 19 2 92 51 35 79 83 52 26 58 12 71 77 51 88 63 49 38 41 ]
[ 64 23 3 74 68 68 20 28 56 79 6 6 98 60 50 49 95 81 32 47 7 43 12 30 20 ]
[ 63 19 35 12 9 76 28 84 32 55 53 0 75 81 8 54 39 66 4 99 16 5 94 98 90 ]
[ 41 57 33 53 40 5 68 11 92 33 20 68 61 4 52 16 9 52 91 42 13 97 81 79 53 ]
[ 80 48 59 74 98 49 68 7 34 73 47 91 42 58 83 27 30 3 88 87 56 57 96 60 0 ]
[ 39 73 98 20 5 51 1 53 62 27 51 11 47 58 97 21 58 88 15 68 71 42 99 75 82 ]

Running merge sort algorithm: 
Timer (sort): 8ms real	0ms user	10ms sys
The output is sorted!
[ 31 2 34 9 7 24 50 11 1 27 14 25 8 21 4 89 11 18 36 76 34 4 44 45 92 ]
[ 23 3 67 49 22 13 2 7 11 31 80 5 0 10 6 45 3 36 94 28 6 14 23 91 48 ]
[ 93 59 44 18 20 45 93 1 6 24 4 14 0 51 11 13 14 19 3 60 5 36 23 57 28 ]
[ 53 20 19 64 18 1 35 15 51 52 5 44 23 53 46 3 2 14 26 81 0 11 53 57 12 ]
[ 20 2 37 16 39 35 73 21 3 15 23 14 17 27 66 42 23 29 93 53 12 41 9 46 3 ]
[ 57 16 45 3 53 0 31 35 14 23 76 39 49 8 31 79 38 23 22 24 1 7 16 37 35 ]
[ 7 1 63 91 10 44 19 46 6 21 23 85 17 43 35 23 41 23 5 1 19 17 60 44 18 ]
[ 30 0 21 49 60 23 7 5 50 94 55 39 68 35 19 29 9 41 33 7 18 7 38 31 0 ]
[ 4 57 53 48 70 36 11 79 4 39 26 26 86 7 20 4 34 12 7 48 8 11 30 15 33 ]
[ 51 69 44 0 85 5 3 17 1 56 53 31 12 25 57 20 1 12 62 17 20 33 12 66 18 ]
[ 43 60 73 10 27 90 2 13 50 2 12 4 58 50 25 5 8 63 3 17 58 62 1 16 21 ]
[ 21 16 40 14 11 4 61 18 9 16 23 69 83 35 21 27 42 27 18 4 23 23 7 98 67 ]
[ 8 15 19 34 17 16 43 7 79 37 14 29 31 27 73 49 21 21 11 4 30 13 7 97 86 ]
[ 20 83 44 61 23 42 0 6 38 2 23 24 80 20 53 23 35 21 2 64 18 4 66 33 3 ]
[ 54 61 7 19 47 36 30 96 84 0 18 17 33 6 45 32 0 42 58 5 8 13 10 59 10 ]
[ 13 17 9 19 35 11 18 4 51 13 78 72 28 62 41 33 15 26 19 65 5 44 59 13 43 ]
[ 73 22 20 35 16 36 10 53 98 26 21 3 14 2 24 43 65 2 35 47 16 20 70 29 15 ]
[ 85 74 6 22 46 94 15 18 43 25 29 14 67 9 1 2 46 44 8 10 62 4 18 47 8 ]
[ 9 22 55 13 52 49 31 14 76 28 62 15 51 2 10 60 43 5 45 7 20 45 26 24 38 ]
[ 0 56 21 74 63 74 8 45 20 40 20 2 32 29 0 0 9 6 77 70 16 52 2 10 77 ]

Timer (generate): 11ms real	10ms user	0ms sys
[ 88 46 1 11 40 98 74 94 15 59 96 62 64 47 22 33 83 66 20 67 60 25 10 47 49 ]
[ 23 65 97 96 75 40 85 21 42 96 62 40 22 56 8 33 4 22 50 4 96 35 87 14 8 ]
[ 6 75 85 68 74 87 92 39 84 88 66 24 73 87 66 21 1 59 96 9 19 81 66 41 31 ]
[ 70 37 67 9 4 27 68 79 12 36 5 99 28 96 83 69 62 8 94 1 26 68 3 85 16 ]
[ 64 56 97 30 97 81 52 87 0 14 91 27 82 22 39 18 27 39 47 23 74 68 37 34 14 ]
[ 38 61 82 41 46 98 58 3 48 88 52 29 41 91 29 55 82 8 89 56 47 7 35 38 6 ]
[ 58 13 74 47 47 89 86 60 23 79 59 74 37 14 22 26 66 51 19 58 32 26 92 40 15 ]
[ 1 39 74 36 78 81 47 43 7 94 42 48 80 3 72 12 62 46 49 76 20 27 94 23 98 ]
[ 4 55 24 49 47 91 50 86 66 86 16 47 85 59 6 80 54 55 12 57 27 24 71 25 26 ]
[ 99 45 53 45 68 52 50 75 28 51 74 20 1 60 38 39 29 37 25 40 43 57 94 98 69 ]
[ 3 77 46 26 54 72 25 51 25 71 71 29 73 46 10 76 20 30 77 33 20 68 62 57 45 ]
[ 2 0 2 49 51 72 52 80 18 79 87 42 56 38 19 79 10 49 4 56 59 80 29 41 9 ]
[ 14 61 78 76 70 23 30 22 26 31 25 50 84 6 20 15 93 62 23 31 81 3 93 82 59 ]
[ 2 41 40 31 34 49 97 47 79 25 17 55 55 40 33 39 65 83 75 23 55 90 16 17 65 ]
[ 0 50 20 45 33 80 47 74 72 30 61 21 27 8 53 52 26 60 60 18 93 99 83 28 74 ]
[ 7 83 16 75 52 81 27 2 2 73 35 34 72 62 6 3 23 79 82 83 32 35 61 92 95 ]
[ 79 37 46 15 65 72 22 0 88 49 52 21 29 7 23 54 94 9 26 56 15 81 31 95 64 ]
[ 67 79 99 28 24 46 8 61 44 23 79 16 97 79 4 98 84 77 27 43 53 81 37 62 60 ]
[ 46 78 41 77 73 5 44 52 56 73 28 54 33 90 98 56 69 14 5 0 70 3 84 48 31 ]
[ 79 1 64 17 63 24 63 93 18 92 66 23 89 71 32 14 99 86 47 41 85 55 10 51 60 ]

Running merge sort algorithm: 
Timer (sort): 6ms real	0ms user	0ms sys
The output is sorted!
[ 7 53 0 1 49 22 22 13 34 31 35 15 1 46 20 16 24 2 8 10 36 50 67 66 17 ]
[ 2 28 17 58 21 6 3 5 88 2 45 46 17 38 22 18 27 87 19 39 19 46 60 33 10 ]
[ 10 1 79 14 64 22 6 88 56 94 7 10 7 20 70 0 11 7 35 2 51 5 70 28 8 ]
[ 5 3 15 59 11 64 2 7 21 11 3 73 60 60 18 12 4 61 24 67 8 34 58 68 20 ]
[ 3 48 79 57 79 1 7 31 7 35 14 8 83 28 27 15 56 8 12 58 77 5 2 20 8 ]
[ 13 2 28 25 29 61 12 34 30 15 94 29 28 39 2 0 21 73 13 32 63 35 52 29 10 ]
[ 15 53 12 18 27 45 50 27 11 15 2 67 56 18 7 22 11 43 9 1 0 71 25 96 69 ]
[ 35 2 37 4 27 15 51 26 49 9 20 93 83 24 11 11 84 1 28 2 12 9 13 46 79 ]
[ 2 6 11 1 16 57 9 0 54 19 34 10 24 69 42 12 34 97 85 19 1 96 21 22 33 ]
[ 12 20 5 40 17 18 81 8 46 17 30 14 0 35 9 74 56 13 52 67 28 15 85 14 20 ]
[ 89 19 15 8 9 73 57 90 80 22 17 10 53 52 41 5 11 27 56 1 28 2 0 10 2 ]
[ 16 29 66 24 18 64 2 14 43 9 25 32 43 2 4 2 21 11 75 22 13 46 95 51 51 ]
[ 4 73 70 56 50 64 47 8 14 13 14 28 6 68 13 11 5 11 14 25 30 0 96 54 13 ]
[ 29 1 10 69 32 41 3 37 18 2 48 5 2 46 95 19 46 38 60 58 51 17 55 1 6 ]
[ 65 23 13 2 18 55 15 31 12 49 4 38 37 27 42 53 36 38 11 90 31 21 2 68 10 ]
[ 25 14 11 49 39 76 39 2 6 17 27 11 44 3 37 66 19 26 17 42 75 14 48 33 53 ]
[ 50 7 20 25 68 2 40 66 3 5 15 42 96 22 22 54 7 20 4 23 72 71 0 28 32 ]
[ 44 29 39 63 13 28 4 12 8 18 66 79 54 68 18 11 40 16 63 15 6 1 13 56 32 ]
[ 34 39 77 19 15 4 3 1 39 57 77 82 11 56 48 1 8 60 4 28 61 59 2 0 12 ]
[ 97 5 83 1 2 11 20 9 17 8 37 54 35 20 16 27 46 36 26 27 32 73 13 35 68 ]

Timer (generate): 10ms real	10ms user	0ms sys
[ 86 56 4 63 14 76 94 17 9 36 88 51 25 45 83 84 40 7 95 39 35 25 77 40 19 ]
[ 19 58 32 4 47 28 90 3 32 6 18 9 0 87 70 89 27 21 14 72 56 98 13 63 46 ]
[ 4 50 71 81 42 90 0 0 23 57 48 51 47 51 36 5 21 97 6 8 67 95 36 40 61 ]
[ 8 96 12 73 11 58 77 61 29 11 3 72 11 4 95 68 4 98 68 55 34 73 77 83 31 ]
[ 37 50 78 73 42 40 34 38 4 7 49 62 37 10 43 48 66 15 11 22 10 32 26 61 52 ]
[ 33 95 77 10 79 9 48 81 39 73 24 79 7 14 35 67 16 97 56 78 41 4 44 8 67 ]
[ 66 19 99 92 32 3 26 79 81 88 10 42 88 92 81 62 68 13 21 34 48 88 50 98 44 ]
[ 29 91 0 73 99 20 92 70 71 84 2 75 62 82 8 3 92 50 91 36 31 5 4 96 79 ]
[ 39 45 19 89 95 64 18 86 16 44 85 88 36 56 60 72 58 35 87 40 43 90 85 45 33 ]
[ 21 76 91 78 25 70 17 70 89 58 65 5 29 3 74 25 88 62 61 44 74 85 3 61 72 ]
[ 95 4 14 80 1 0 2 30 91 80 55 13 49 77 54 59 94 12 88 97 86 65 85 0 26 ]
[ 30 75 64 85 36 36 80 93 3 13 94 3 67 24 46 47 79 11 48 8 65 7 2 77 48 ]
[ 99 15 13 85 16 92 67 43 56 52 79 44 84 24 99 97 19 2 64 95 0 63 27 11 63 ]
[ 35 29 71 38 6 71 89 74 36 26 42 28 45 85 36 97 16 33 34 41 32 83 12 87 0 ]
[ 7 39 63 34 51 79 22 32 2 12 90 73 1 64 9 80 6 90 25 91 78 75 8 11 9 ]
[ 1 96 44 13 83 44 20 22 60 7 25 39 81 57 41 93 0 14 46 64 75 26 71 17 4 ]
[ 14 96 79 74 59 40 75 55 84 88 90 29 61 13 89 68 90 28 1 0 21 94 0 35 40 ]
[ 16 62 19 87 80 23 54 28 54 28 87 94 4 43 30 92 33 11 53 98 52 73 41 80 74 ]
[ 93 53 68 45 88 61 61 3 32 1 35 7 55 63 61 83 2 7 87 45 89 32 31 1 85 ]
[ 81 53 11 22 86 85 67 39 6 12 80 19 74 83 3 27 70 10 82 33 23 17 35 82 5 ]

Running merge sort algorithm: 
Timer (sort): 6ms real	0ms user	0ms sys
The output is sorted!
[ 4 30 47 24 19 35 6 38 59 14 21 10 81 23 1 34 32 4 5 9 73 42 24 1 0 ]
[ 37 2 64 57 20 47 8 21 1 8 4 10 10 8 41 57 4 5 12 18 16 86 24 78 19 ]
[ 75 61 39 18 20 6 36 16 2 24 51 12 31 2 67 6 0 40 7 3 91 0 17 16 21 ]
[ 11 42 69 33 54 74 13 14 22 33 10 35 21 5 6 0 21 16 10 43 37 18 25 50 48 ]
[ 13 31 98 72 18 10 5 63 58 12 41 17 67 50 10 31 5 12 68 6 5 1 10 10 22 ]
[ 17 31 13 31 69 37 55 0 0 19 48 21 40 63 2 20 2 74 76 4 5 89 17 10 10 ]
[ 41 6 86 45 65 2 40 4 10 8 69 23 10 24 0 49 12 70 3 39 11 26 27 71 13 ]
[ 6 30 47 35 10 1 67 55 99 21 22 1 92 53 22 1 11 23 29 23 31 6 30 34 9 ]
[ 71 27 22 47 92 41 8 22 26 21 0 18 16 13 30 26 25 5 90 52 20 16 23 16 44 ]
[ 0 26 22 44 5 35 23 8 78 35 0 26 14 20 40 69 28 57 47 8 68 16 7 90 13 ]
[ 0 18 42 45 49 44 38 3 3 2 26 55 30 31 21 60 18 15 36 28 48 93 17 17 41 ]
[ 23 34 8 0 3 50 18 31 11 17 48 25 71 39 66 25 75 3 13 53 5 26 51 46 42 ]
[ 47 66 3 6 6 99 33 12 37 3 84 69 18 7 33 25 40 17 47 56 0 19 7 0 49 ]
[ 81 9 19 9 15 7 63 27 60 12 30 81 32 14 31 11 37 49 7 12 82 56 25 10 9 ]
[ 41 49 3 68 7 14 16 7 41 36 64 55 73 86 1 12 45 40 19 9 14 29 12 16 33 ]
[ 92 16 3 6 12 33 84 14 3 65 50 51 12 28 18 65 27 0 10 68 66 19 10 5 33 ]
[ 19 17 90 41 50 6 16 14 27 37 97 7 14 28 28 31 53 17 10 24 25 85 11 26 23 ]
[ 2 82 28 1 3 16 23 6 44 8 50 6 27 59 34 10 42 80 54 24 49 18 37 66 28 ]
[ 26 29 56 34 55 2 22 8 74 31 25 11 25 49 9 1 16 5 97 11 38 53 18 60 48 ]
[ 1 70 59 49 3 35 20 70 0 49 1 39 33 2 16 67 25 21 73 16 27 46 14 3 65 ]

Timer (generate): 10ms real	10ms user	0ms sys
[ 70 50 61 21 42 24 62 13 6 2 53 85 87 64 39 5 7 52 23 37 94 52 36 78 32 ]
[ 5 45 96 11 48 20 33 98 33 7 93 10 21 6 68 24 12 54 63 76 93 20 35 98 95 ]
[ 72 92 47 8 22 79 66 20 75 77 68 48 63 18 33 70 11 43 43 70 64 67 82 18 30 ]
[ 10 63 3 45 61 98 69 6 98 78 80 77 44 52 5 73 72 5 88 43 38 58 6 34 54 ]
[ 76 98 21 10 16 4 20 31 7 17 93 57 87 51 55 17 31 85 13 36 90 38 8 95 27 ]
[ 51 85 37 58 19 91 86 17 65 97 33 21 69 17 28 87 10 37 26 13 93 95 96 30 60 ]
[ 32 20 98 41 67 77 44 4 67 54 24 58 41 41 75 38 27 96 59 44 76 46 6 14 24 ]
[ 19 59 71 67 89 31 0 61 30 93 80 59 37 84 26 92 60 37 85 2 12 23 81 9 82 ]
[ 77 37 81 35 51 57 6 62 29 73 3 60 73 64 42 18 96 2 56 33 80 0 93 17 85 ]
[ 47 30 60 28 91 94 57 28 27 92 32 37 98 94 66 72 50 78 97 14 73 16 63 27 72 ]
[ 96 7 24 89 77 61 37 59 73 17 50 67 75 30 47 19 14 84 18 61 2 90 11 80 39 ]
[ 77 5 55 40 32 79 36 92 3 78 69 16 67 28 89 36 30 9 63 60 8 83 75 92 53 ]
[ 88 94 95 99 26 34 76 32 90 69 16 69 57 8 25 35 77 41 54 57 83 43 87 44 6 ]
[ 0 52 41 27 96 94 15 90 89 14 68 24 42 0 66 11 69 35 21 77 60 8 7 54 63 ]
[ 64 89 58 4 33 64 4 37 58 31 33 52 98 75 94 64 43 70 6 96 36 70 65 71 91 ]
[ 42 84 99 1 90 14 18 79 72 22 12 89 26 1 47 9 34 51 7 9 45 71 52 15 29 ]
[ 48 51 51 65 75 42 8 11 94 61 1 60 79 80 85 1 44 26 79 45 25 40 79 76 99 ]
[ 40 22 70 44 89 52 45 41 3 10 68 98 70 79 44 32 80 56 11 60 93 65 56 19 96 ]
[ 1 44 89 32 21 88 72 95 11 68 84 63 13 77 18 24 45 16 94 24 60 26 56 69 90 ]
[ 16 62 7 24 34 3 25 78 92 9 51 33 81 98 44 50 83 7 15 12 25 39 58 94 34 ]

Running merge sort algorithm: 
Timer (sort): 5ms real	0ms user	0ms sys
The output is sorted!
[ 40 26 27 0 29 20 50 16 26 19 47 1 42 38 51 86 9 18 10 34 19 7 27 11 22 ]
[ 25 4 20 13 16 1 29 34 53 9 11 8 51 16 72 19 15 34 14 8 94 49 76 8 18 ]
[ 4 12 35 44 24 40 5 10 23 51 88 10 18 22 38 45 33 1 6 0 18 23 72 11 69 ]
[ 47 47 28 20 40 27 20 84 13 15 35 25 0 19 0 21 14 33 10 72 16 64 26 11 39 ]
[ 7 62 16 33 49 71 43 3 22 7 32 22 16 0 15 49 2 53 64 22 17 42 49 17 18 ]
[ 89 6 32 78 15 17 34 51 3 19 2 36 60 17 40 8 67 22 4 25 7 10 47 13 42 ]
[ 55 85 46 32 73 5 20 8 46 18 54 50 32 27 7 3 1 9 27 7 41 15 9 44 33 ]
[ 24 20 56 3 4 61 55 9 8 19 67 31 1 4 6 49 33 41 12 86 2 12 44 70 30 ]
[ 2 26 42 46 6 5 39 36 7 65 0 10 11 49 58 10 93 88 17 36 25 2 11 26 38 ]
[ 7 34 18 12 4 76 74 45 7 21 64 32 7 7 61 4 17 33 10 10 8 38 58 47 55 ]
[ 15 2 69 46 3 50 20 17 6 12 86 52 12 24 10 21 19 25 1 7 50 37 4 75 88 ]
[ 33 66 48 21 23 1 19 34 11 54 27 31 10 15 42 22 41 38 5 5 48 0 5 84 89 ]
[ 42 3 14 2 0 33 3 18 89 14 21 53 7 23 13 39 69 46 58 3 36 64 33 23 71 ]
[ 53 13 0 1 51 59 15 12 32 26 5 70 38 50 70 7 27 50 18 9 34 45 63 25 5 ]
[ 39 43 14 67 16 86 95 40 32 7 21 2 20 15 47 1 9 3 16 16 5 65 30 83 7 ]
[ 53 53 29 20 10 23 29 0 79 52 66 33 13 25 26 2 56 71 29 10 56 0 3 39 2 ]
[ 54 18 20 52 6 97 13 8 64 59 36 9 52 55 9 18 26 56 26 35 17 38 8 3 3 ]
[ 43 49 0 35 1 38 31 43 21 81 2 42 27 4 50 71 1 5 1 14 3 38 91 70 22 ]
[ 68 15 56 26 2 5 38 45 9 39 12 17 48 66 84 1 8 78 5 86 6 24 0 15 32 ]
[ 15 24 27 12 5 47 32 60 20 24 94 3 23 67 46 13 3 40 39 17 10 30 27 27 80 ]

Timer (generate): 9ms real	10ms user	0ms sys
[ 24 27 0 88 0 71 54 86 90 12 31 77 33 44 95 95 3 23 34 14 70 40 45 67 68 ]
[ 27 84 94 98 88 25 74 15 25 14 68 96 68 6 39 32 37 16 65 33 63 13 36 86 99 ]
[ 2 8 39 48 76 59 75 60 54 25 0 79 51 15 57 65 35 53 85 41 44 17 31 61 35 ]
[ 16 24 48 5 11 47 7 71 39 55 47 50 82 59 4 59 59 36 62 27 93 27 62 98 64 ]
[ 56 43 82 39 4 69 55 80 17 60 43 16 68 15 7 75 14 58 10 26 62 69 85 50 32 ]
[ 64 43 11 79 42 76 87 85 10 26 41 79 81 73 48 42 17 16 62 84 24 37 98 82 47 ]
[ 24 96 69 62 47 53 26 42 16 57 84 44 44 21 54 70 14 85 52 88 85 46 5 2 8 ]
[ 89 78 97 39 60 45 64 8 66 78 7 71 4 2 87 62 38 32 58 60 86 29 74 24 33 ]
[ 14 9 79 19 63 39 60 41 36 52 53 33 16 62 99 94 21 70 50 23 10 64 62 42 23 ]
[ 74 80 4 0 4 37 15 66 16 86 29 55 99 23 43 51 76 77 19 90 28 65 64 99 15 ]
[ 39 61 32 53 3 7 27 83 11 80 40 48 47 58 16 33 39 71 84 62 66 35 91 43 54 ]
[ 81 72 19 97 23 87 37 84 71 90 39 78 70 74 89 50 14 89 97 24 5 82 64 28 67 ]
[ 78 94 54 21 90 61 55 62 32 52 37 71 89 73 42 32 12 20 2 86 61 52 53 2 49 ]
[ 77 7 83 93 87 2 24 82 57 45 24 18 0 86 2 5 75 74 46 48 16 78 60 89 80 ]
[ 46 2 32 99 5 33 29 64 69 74 52 71 98 86 28 96 10 98 96 48 53 53 23 27 0 ]
[ 23 95 78 83 84 59 81 39 43 33 44 77 14 8 46 88 60 69 87 98 98 83 8 48 31 ]
[ 56 53 37 31 80 37 54 76 67 89 12 26 23 3 22 8 47 99 22 8 97 10 68 66 49 ]
[ 67 16 32 27 17 16 36 70 53 67 3 42 74 31 9 15 95 88 38 99 10 46 46 61 68 ]
[ 54 10 31 75 28 80 94 45 65 73 14 33 9 84 86 29 39 80 3 70 89 18 66 77 9 ]
[ 65 39 55 11 52 76 18 62 7 45 91 39 91 88 4 64 2 37 74 38 75 3 78 55 58 ]

Running merge sort algorithm: 
Timer (sort): 6ms real	0ms user	0ms sys
The output is sorted!
[ 32 2 61 2 1 4 28 41 2 26 13 49 50 13 30 2 9 0 5 89 23 34 44 30 52 ]
[ 9 48 15 17 84 18 5 0 13 5 24 0 75 30 12 57 54 9 66 31 11 43 20 20 2 ]
[ 26 4 2 8 81 37 34 7 60 53 8 16 32 55 38 52 14 12 21 46 29 3 26 34 0 ]
[ 1 9 74 43 21 2 0 24 68 8 1 81 19 6 39 50 1 33 62 49 64 10 22 3 17 ]
[ 2 9 1 23 44 21 43 96 0 25 36 52 29 0 8 12 6 19 25 46 38 41 69 40 40 ]
[ 94 20 31 62 7 10 18 3 37 37 58 0 28 33 27 42 18 6 62 13 11 17 54 9 29 ]
[ 4 8 22 5 4 52 81 10 92 14 3 31 64 69 5 73 2 15 77 0 10 38 25 20 8 ]
[ 24 25 43 21 6 90 27 20 4 84 36 26 5 4 39 24 0 31 1 72 2 90 51 10 4 ]
[ 4 19 96 36 56 57 7 37 18 33 7 14 9 25 13 66 9 7 12 57 31 44 66 10 13 ]
[ 84 44 60 16 24 4 39 30 5 8 17 62 0 33 25 50 24 10 2 57 33 0 14 18 95 ]
[ 1 43 15 15 21 15 56 15 17 47 49 26 17 40 2 26 23 11 25 33 63 42 95 22 38 ]
[ 16 72 63 18 7 6 89 33 34 41 42 80 28 3 20 5 53 9 10 19 21 30 34 6 19 ]
[ 15 22 28 23 9 12 66 89 32 0 1 41 1 62 24 46 65 16 12 58 12 82 22 9 12 ]
[ 23 5 4 89 29 21 29 13 70 2 23 21 27 66 24 65 29 45 53 41 8 10 28 30 6 ]
[ 11 24 6 19 6 50 46 73 7 52 17 12 23 42 2 97 22 64 30 21 67 16 10 40 10 ]
[ 12 53 4 30 13 1 2 47 91 2 27 50 61 75 11 46 70 57 10 13 35 0 3 36 21 ]
[ 49 99 13 59 67 8 5 5 1 0 1 22 49 17 68 32 11 31 35 49 13 35 29 65 8 ]
[ 49 30 8 25 19 32 35 26 64 0 47 51 31 23 43 99 3 5 4 32 6 25 33 24 58 ]
[ 36 16 55 7 5 47 8 14 20 39 27 21 12 13 34 82 33 17 93 19 32 39 34 51 20 ]
[ 38 30 42 1 46 56 12 83 9 41 7 30 7 9 5 18 5 15 58 58 30 65 11 55 44 ]

