Timer (generate): 1ms real	0ms user	0ms sys
[ 2500 2500 2500 2500 2500 2500 2500 2500 2500 2500 ]
[ 2499 2500 2500 2500 2500 2500 2500 2500 2500 2500 ]
[ 2499 2499 2500 2500 2500 2500 2500 2500 2500 2500 ]
[ 2499 2499 2499 2500 2500 2500 2500 2500 2500 2500 ]
[ 2499 2499 2499 2499 2500 2500 2500 2500 2500 2500 ]
[ 2499 2499 2499 2499 2499 2500 2500 2500 2500 2500 ]
[ 2499 2499 2499 2499 2499 2499 2500 2500 2500 2500 ]
[ 2499 2499 2499 2499 2499 2499 2499 2500 2500 2500 ]
[ 2499 2499 2499 2499 2499 2499 2499 2499 2500 2500 ]
[ 2499 2499 2499 2499 2499 2499 2499 2499 2499 2500 ]
[ 2499 2499 2499 2499 2499 2499 2499 2499 2499 2499 ]
[ 2498 2499 2499 2499 2499 2499 2499 2499 2499 2499 ]
[ 2498 2498 2499 2499 2499 2499 2499 2499 2499 2499 ]
[ 2498 2498 2498 2499 2499 2499 2499 2499 2499 2499 ]
[ 2498 2498 2498 2498 2499 2499 2499 2499 2499 2499 ]
[ 2498 2498 2498 2498 2498 2499 2499 2499 2499 2499 ]
[ 2498 2498 2498 2498 2498 2498 2499 2499 2499 2499 ]
[ 2498 2498 2498 2498 2498 2498 2498 2499 2499 2499 ]
[ 2498 2498 2498 2498 2498 2498 2498 2498 2499 2499 ]
[ 2498 2498 2498 2498 2498 2498 2498 2498 2498 2499 ]

Running insertion sort algorithm: 
Timer (sort): 11745ms real	11740ms user	0ms sys
The output is sorted!
[ 0 0 0 0 0 0 0 0 0 1 ]
[ 0 0 0 0 0 0 0 0 1 1 ]
[ 0 0 0 0 0 0 0 1 1 1 ]
[ 0 0 0 0 0 0 1 1 1 1 ]
[ 0 0 0 0 0 1 1 1 1 1 ]
[ 0 0 0 0 1 1 1 1 1 1 ]
[ 0 0 0 1 1 1 1 1 1 1 ]
[ 0 0 1 1 1 1 1 1 1 1 ]
[ 0 1 1 1 1 1 1 1 1 1 ]
[ 1 1 1 1 1 1 1 1 1 1 ]
[ 1 1 1 1 1 1 1 1 1 2 ]
[ 1 1 1 1 1 1 1 1 2 2 ]
[ 1 1 1 1 1 1 1 2 2 2 ]
[ 1 1 1 1 1 1 2 2 2 2 ]
[ 1 1 1 1 1 2 2 2 2 2 ]
[ 1 1 1 1 2 2 2 2 2 2 ]
[ 1 1 1 2 2 2 2 2 2 2 ]
[ 1 1 2 2 2 2 2 2 2 2 ]
[ 1 2 2 2 2 2 2 2 2 2 ]
[ 2 2 2 2 2 2 2 2 2 2 ]

Timer (generate): 1ms real	0ms user	0ms sys
[ 2500 2500 2500 2500 2500 2500 2500 2500 2500 2500 ]
[ 2499 2500 2500 2500 2500 2500 2500 2500 2500 2500 ]
[ 2499 2499 2500 2500 2500 2500 2500 2500 2500 2500 ]
[ 2499 2499 2499 2500 2500 2500 2500 2500 2500 2500 ]
[ 2499 2499 2499 2499 2500 2500 2500 2500 2500 2500 ]
[ 2499 2499 2499 2499 2499 2500 2500 2500 2500 2500 ]
[ 2499 2499 2499 2499 2499 2499 2500 2500 2500 2500 ]
[ 2499 2499 2499 2499 2499 2499 2499 2500 2500 2500 ]
[ 2499 2499 2499 2499 2499 2499 2499 2499 2500 2500 ]
[ 2499 2499 2499 2499 2499 2499 2499 2499 2499 2500 ]
[ 2499 2499 2499 2499 2499 2499 2499 2499 2499 2499 ]
[ 2498 2499 2499 2499 2499 2499 2499 2499 2499 2499 ]
[ 2498 2498 2499 2499 2499 2499 2499 2499 2499 2499 ]
[ 2498 2498 2498 2499 2499 2499 2499 2499 2499 2499 ]
[ 2498 2498 2498 2498 2499 2499 2499 2499 2499 2499 ]
[ 2498 2498 2498 2498 2498 2499 2499 2499 2499 2499 ]
[ 2498 2498 2498 2498 2498 2498 2499 2499 2499 2499 ]
[ 2498 2498 2498 2498 2498 2498 2498 2499 2499 2499 ]
[ 2498 2498 2498 2498 2498 2498 2498 2498 2499 2499 ]
[ 2498 2498 2498 2498 2498 2498 2498 2498 2498 2499 ]

Running insertion sort algorithm: 
Timer (sort): 10491ms real	10490ms user	0ms sys
The output is sorted!
[ 0 0 0 0 0 0 0 0 0 1 ]
[ 0 0 0 0 0 0 0 0 1 1 ]
[ 0 0 0 0 0 0 0 1 1 1 ]
[ 0 0 0 0 0 0 1 1 1 1 ]
[ 0 0 0 0 0 1 1 1 1 1 ]
[ 0 0 0 0 1 1 1 1 1 1 ]
[ 0 0 0 1 1 1 1 1 1 1 ]
[ 0 0 1 1 1 1 1 1 1 1 ]
[ 0 1 1 1 1 1 1 1 1 1 ]
[ 1 1 1 1 1 1 1 1 1 1 ]
[ 1 1 1 1 1 1 1 1 1 2 ]
[ 1 1 1 1 1 1 1 1 2 2 ]
[ 1 1 1 1 1 1 1 2 2 2 ]
[ 1 1 1 1 1 1 2 2 2 2 ]
[ 1 1 1 1 1 2 2 2 2 2 ]
[ 1 1 1 1 2 2 2 2 2 2 ]
[ 1 1 1 2 2 2 2 2 2 2 ]
[ 1 1 2 2 2 2 2 2 2 2 ]
[ 1 2 2 2 2 2 2 2 2 2 ]
[ 2 2 2 2 2 2 2 2 2 2 ]

Timer (generate): 1ms real	0ms user	0ms sys
[ 2500 2500 2500 2500 2500 2500 2500 2500 2500 2500 ]
[ 2499 2500 2500 2500 2500 2500 2500 2500 2500 2500 ]
[ 2499 2499 2500 2500 2500 2500 2500 2500 2500 2500 ]
[ 2499 2499 2499 2500 2500 2500 2500 2500 2500 2500 ]
[ 2499 2499 2499 2499 2500 2500 2500 2500 2500 2500 ]
[ 2499 2499 2499 2499 2499 2500 2500 2500 2500 2500 ]
[ 2499 2499 2499 2499 2499 2499 2500 2500 2500 2500 ]
[ 2499 2499 2499 2499 2499 2499 2499 2500 2500 2500 ]
[ 2499 2499 2499 2499 2499 2499 2499 2499 2500 2500 ]
[ 2499 2499 2499 2499 2499 2499 2499 2499 2499 2500 ]
[ 2499 2499 2499 2499 2499 2499 2499 2499 2499 2499 ]
[ 2498 2499 2499 2499 2499 2499 2499 2499 2499 2499 ]
[ 2498 2498 2499 2499 2499 2499 2499 2499 2499 2499 ]
[ 2498 2498 2498 2499 2499 2499 2499 2499 2499 2499 ]
[ 2498 2498 2498 2498 2499 2499 2499 2499 2499 2499 ]
[ 2498 2498 2498 2498 2498 2499 2499 2499 2499 2499 ]
[ 2498 2498 2498 2498 2498 2498 2499 2499 2499 2499 ]
[ 2498 2498 2498 2498 2498 2498 2498 2499 2499 2499 ]
[ 2498 2498 2498 2498 2498 2498 2498 2498 2499 2499 ]
[ 2498 2498 2498 2498 2498 2498 2498 2498 2498 2499 ]

Running insertion sort algorithm: 
Timer (sort): 10003ms real	10000ms user	0ms sys
The output is sorted!
[ 0 0 0 0 0 0 0 0 0 1 ]
[ 0 0 0 0 0 0 0 0 1 1 ]
[ 0 0 0 0 0 0 0 1 1 1 ]
[ 0 0 0 0 0 0 1 1 1 1 ]
[ 0 0 0 0 0 1 1 1 1 1 ]
[ 0 0 0 0 1 1 1 1 1 1 ]
[ 0 0 0 1 1 1 1 1 1 1 ]
[ 0 0 1 1 1 1 1 1 1 1 ]
[ 0 1 1 1 1 1 1 1 1 1 ]
[ 1 1 1 1 1 1 1 1 1 1 ]
[ 1 1 1 1 1 1 1 1 1 2 ]
[ 1 1 1 1 1 1 1 1 2 2 ]
[ 1 1 1 1 1 1 1 2 2 2 ]
[ 1 1 1 1 1 1 2 2 2 2 ]
[ 1 1 1 1 1 2 2 2 2 2 ]
[ 1 1 1 1 2 2 2 2 2 2 ]
[ 1 1 1 2 2 2 2 2 2 2 ]
[ 1 1 2 2 2 2 2 2 2 2 ]
[ 1 2 2 2 2 2 2 2 2 2 ]
[ 2 2 2 2 2 2 2 2 2 2 ]

Timer (generate): 1ms real	0ms user	0ms sys
[ 2500 2500 2500 2500 2500 2500 2500 2500 2500 2500 ]
[ 2499 2500 2500 2500 2500 2500 2500 2500 2500 2500 ]
[ 2499 2499 2500 2500 2500 2500 2500 2500 2500 2500 ]
[ 2499 2499 2499 2500 2500 2500 2500 2500 2500 2500 ]
[ 2499 2499 2499 2499 2500 2500 2500 2500 2500 2500 ]
[ 2499 2499 2499 2499 2499 2500 2500 2500 2500 2500 ]
[ 2499 2499 2499 2499 2499 2499 2500 2500 2500 2500 ]
[ 2499 2499 2499 2499 2499 2499 2499 2500 2500 2500 ]
[ 2499 2499 2499 2499 2499 2499 2499 2499 2500 2500 ]
[ 2499 2499 2499 2499 2499 2499 2499 2499 2499 2500 ]
[ 2499 2499 2499 2499 2499 2499 2499 2499 2499 2499 ]
[ 2498 2499 2499 2499 2499 2499 2499 2499 2499 2499 ]
[ 2498 2498 2499 2499 2499 2499 2499 2499 2499 2499 ]
[ 2498 2498 2498 2499 2499 2499 2499 2499 2499 2499 ]
[ 2498 2498 2498 2498 2499 2499 2499 2499 2499 2499 ]
[ 2498 2498 2498 2498 2498 2499 2499 2499 2499 2499 ]
[ 2498 2498 2498 2498 2498 2498 2499 2499 2499 2499 ]
[ 2498 2498 2498 2498 2498 2498 2498 2499 2499 2499 ]
[ 2498 2498 2498 2498 2498 2498 2498 2498 2499 2499 ]
[ 2498 2498 2498 2498 2498 2498 2498 2498 2498 2499 ]

Running insertion sort algorithm: 
Timer (sort): 9703ms real	9700ms user	0ms sys
The output is sorted!
[ 0 0 0 0 0 0 0 0 0 1 ]
[ 0 0 0 0 0 0 0 0 1 1 ]
[ 0 0 0 0 0 0 0 1 1 1 ]
[ 0 0 0 0 0 0 1 1 1 1 ]
[ 0 0 0 0 0 1 1 1 1 1 ]
[ 0 0 0 0 1 1 1 1 1 1 ]
[ 0 0 0 1 1 1 1 1 1 1 ]
[ 0 0 1 1 1 1 1 1 1 1 ]
[ 0 1 1 1 1 1 1 1 1 1 ]
[ 1 1 1 1 1 1 1 1 1 1 ]
[ 1 1 1 1 1 1 1 1 1 2 ]
[ 1 1 1 1 1 1 1 1 2 2 ]
[ 1 1 1 1 1 1 1 2 2 2 ]
[ 1 1 1 1 1 1 2 2 2 2 ]
[ 1 1 1 1 1 2 2 2 2 2 ]
[ 1 1 1 1 2 2 2 2 2 2 ]
[ 1 1 1 2 2 2 2 2 2 2 ]
[ 1 1 2 2 2 2 2 2 2 2 ]
[ 1 2 2 2 2 2 2 2 2 2 ]
[ 2 2 2 2 2 2 2 2 2 2 ]

Timer (generate): 1ms real	0ms user	0ms sys
[ 2500 2500 2500 2500 2500 2500 2500 2500 2500 2500 ]
[ 2499 2500 2500 2500 2500 2500 2500 2500 2500 2500 ]
[ 2499 2499 2500 2500 2500 2500 2500 2500 2500 2500 ]
[ 2499 2499 2499 2500 2500 2500 2500 2500 2500 2500 ]
[ 2499 2499 2499 2499 2500 2500 2500 2500 2500 2500 ]
[ 2499 2499 2499 2499 2499 2500 2500 2500 2500 2500 ]
[ 2499 2499 2499 2499 2499 2499 2500 2500 2500 2500 ]
[ 2499 2499 2499 2499 2499 2499 2499 2500 2500 2500 ]
[ 2499 2499 2499 2499 2499 2499 2499 2499 2500 2500 ]
[ 2499 2499 2499 2499 2499 2499 2499 2499 2499 2500 ]
[ 2499 2499 2499 2499 2499 2499 2499 2499 2499 2499 ]
[ 2498 2499 2499 2499 2499 2499 2499 2499 2499 2499 ]
[ 2498 2498 2499 2499 2499 2499 2499 2499 2499 2499 ]
[ 2498 2498 2498 2499 2499 2499 2499 2499 2499 2499 ]
[ 2498 2498 2498 2498 2499 2499 2499 2499 2499 2499 ]
[ 2498 2498 2498 2498 2498 2499 2499 2499 2499 2499 ]
[ 2498 2498 2498 2498 2498 2498 2499 2499 2499 2499 ]
[ 2498 2498 2498 2498 2498 2498 2498 2499 2499 2499 ]
[ 2498 2498 2498 2498 2498 2498 2498 2498 2499 2499 ]
[ 2498 2498 2498 2498 2498 2498 2498 2498 2498 2499 ]

Running insertion sort algorithm: 
Timer (sort): 9976ms real	9970ms user	0ms sys
The output is sorted!
[ 0 0 0 0 0 0 0 0 0 1 ]
[ 0 0 0 0 0 0 0 0 1 1 ]
[ 0 0 0 0 0 0 0 1 1 1 ]
[ 0 0 0 0 0 0 1 1 1 1 ]
[ 0 0 0 0 0 1 1 1 1 1 ]
[ 0 0 0 0 1 1 1 1 1 1 ]
[ 0 0 0 1 1 1 1 1 1 1 ]
[ 0 0 1 1 1 1 1 1 1 1 ]
[ 0 1 1 1 1 1 1 1 1 1 ]
[ 1 1 1 1 1 1 1 1 1 1 ]
[ 1 1 1 1 1 1 1 1 1 2 ]
[ 1 1 1 1 1 1 1 1 2 2 ]
[ 1 1 1 1 1 1 1 2 2 2 ]
[ 1 1 1 1 1 1 2 2 2 2 ]
[ 1 1 1 1 1 2 2 2 2 2 ]
[ 1 1 1 1 2 2 2 2 2 2 ]
[ 1 1 1 2 2 2 2 2 2 2 ]
[ 1 1 2 2 2 2 2 2 2 2 ]
[ 1 2 2 2 2 2 2 2 2 2 ]
[ 2 2 2 2 2 2 2 2 2 2 ]

Timer (generate): 1ms real	0ms user	0ms sys
[ 2500 2500 2500 2500 2500 2500 2500 2500 2500 2500 ]
[ 2499 2500 2500 2500 2500 2500 2500 2500 2500 2500 ]
[ 2499 2499 2500 2500 2500 2500 2500 2500 2500 2500 ]
[ 2499 2499 2499 2500 2500 2500 2500 2500 2500 2500 ]
[ 2499 2499 2499 2499 2500 2500 2500 2500 2500 2500 ]
[ 2499 2499 2499 2499 2499 2500 2500 2500 2500 2500 ]
[ 2499 2499 2499 2499 2499 2499 2500 2500 2500 2500 ]
[ 2499 2499 2499 2499 2499 2499 2499 2500 2500 2500 ]
[ 2499 2499 2499 2499 2499 2499 2499 2499 2500 2500 ]
[ 2499 2499 2499 2499 2499 2499 2499 2499 2499 2500 ]
[ 2499 2499 2499 2499 2499 2499 2499 2499 2499 2499 ]
[ 2498 2499 2499 2499 2499 2499 2499 2499 2499 2499 ]
[ 2498 2498 2499 2499 2499 2499 2499 2499 2499 2499 ]
[ 2498 2498 2498 2499 2499 2499 2499 2499 2499 2499 ]
[ 2498 2498 2498 2498 2499 2499 2499 2499 2499 2499 ]
[ 2498 2498 2498 2498 2498 2499 2499 2499 2499 2499 ]
[ 2498 2498 2498 2498 2498 2498 2499 2499 2499 2499 ]
[ 2498 2498 2498 2498 2498 2498 2498 2499 2499 2499 ]
[ 2498 2498 2498 2498 2498 2498 2498 2498 2499 2499 ]
[ 2498 2498 2498 2498 2498 2498 2498 2498 2498 2499 ]

Running insertion sort algorithm: 
Timer (sort): 9669ms real	9670ms user	0ms sys
The output is sorted!
[ 0 0 0 0 0 0 0 0 0 1 ]
[ 0 0 0 0 0 0 0 0 1 1 ]
[ 0 0 0 0 0 0 0 1 1 1 ]
[ 0 0 0 0 0 0 1 1 1 1 ]
[ 0 0 0 0 0 1 1 1 1 1 ]
[ 0 0 0 0 1 1 1 1 1 1 ]
[ 0 0 0 1 1 1 1 1 1 1 ]
[ 0 0 1 1 1 1 1 1 1 1 ]
[ 0 1 1 1 1 1 1 1 1 1 ]
[ 1 1 1 1 1 1 1 1 1 1 ]
[ 1 1 1 1 1 1 1 1 1 2 ]
[ 1 1 1 1 1 1 1 1 2 2 ]
[ 1 1 1 1 1 1 1 2 2 2 ]
[ 1 1 1 1 1 1 2 2 2 2 ]
[ 1 1 1 1 1 2 2 2 2 2 ]
[ 1 1 1 1 2 2 2 2 2 2 ]
[ 1 1 1 2 2 2 2 2 2 2 ]
[ 1 1 2 2 2 2 2 2 2 2 ]
[ 1 2 2 2 2 2 2 2 2 2 ]
[ 2 2 2 2 2 2 2 2 2 2 ]

Timer (generate): 1ms real	0ms user	0ms sys
[ 2500 2500 2500 2500 2500 2500 2500 2500 2500 2500 ]
[ 2499 2500 2500 2500 2500 2500 2500 2500 2500 2500 ]
[ 2499 2499 2500 2500 2500 2500 2500 2500 2500 2500 ]
[ 2499 2499 2499 2500 2500 2500 2500 2500 2500 2500 ]
[ 2499 2499 2499 2499 2500 2500 2500 2500 2500 2500 ]
[ 2499 2499 2499 2499 2499 2500 2500 2500 2500 2500 ]
[ 2499 2499 2499 2499 2499 2499 2500 2500 2500 2500 ]
[ 2499 2499 2499 2499 2499 2499 2499 2500 2500 2500 ]
[ 2499 2499 2499 2499 2499 2499 2499 2499 2500 2500 ]
[ 2499 2499 2499 2499 2499 2499 2499 2499 2499 2500 ]
[ 2499 2499 2499 2499 2499 2499 2499 2499 2499 2499 ]
[ 2498 2499 2499 2499 2499 2499 2499 2499 2499 2499 ]
[ 2498 2498 2499 2499 2499 2499 2499 2499 2499 2499 ]
[ 2498 2498 2498 2499 2499 2499 2499 2499 2499 2499 ]
[ 2498 2498 2498 2498 2499 2499 2499 2499 2499 2499 ]
[ 2498 2498 2498 2498 2498 2499 2499 2499 2499 2499 ]
[ 2498 2498 2498 2498 2498 2498 2499 2499 2499 2499 ]
[ 2498 2498 2498 2498 2498 2498 2498 2499 2499 2499 ]
[ 2498 2498 2498 2498 2498 2498 2498 2498 2499 2499 ]
[ 2498 2498 2498 2498 2498 2498 2498 2498 2498 2499 ]

Running insertion sort algorithm: 
Timer (sort): 9691ms real	9690ms user	0ms sys
The output is sorted!
[ 0 0 0 0 0 0 0 0 0 1 ]
[ 0 0 0 0 0 0 0 0 1 1 ]
[ 0 0 0 0 0 0 0 1 1 1 ]
[ 0 0 0 0 0 0 1 1 1 1 ]
[ 0 0 0 0 0 1 1 1 1 1 ]
[ 0 0 0 0 1 1 1 1 1 1 ]
[ 0 0 0 1 1 1 1 1 1 1 ]
[ 0 0 1 1 1 1 1 1 1 1 ]
[ 0 1 1 1 1 1 1 1 1 1 ]
[ 1 1 1 1 1 1 1 1 1 1 ]
[ 1 1 1 1 1 1 1 1 1 2 ]
[ 1 1 1 1 1 1 1 1 2 2 ]
[ 1 1 1 1 1 1 1 2 2 2 ]
[ 1 1 1 1 1 1 2 2 2 2 ]
[ 1 1 1 1 1 2 2 2 2 2 ]
[ 1 1 1 1 2 2 2 2 2 2 ]
[ 1 1 1 2 2 2 2 2 2 2 ]
[ 1 1 2 2 2 2 2 2 2 2 ]
[ 1 2 2 2 2 2 2 2 2 2 ]
[ 2 2 2 2 2 2 2 2 2 2 ]

Timer (generate): 1ms real	0ms user	0ms sys
[ 2500 2500 2500 2500 2500 2500 2500 2500 2500 2500 ]
[ 2499 2500 2500 2500 2500 2500 2500 2500 2500 2500 ]
[ 2499 2499 2500 2500 2500 2500 2500 2500 2500 2500 ]
[ 2499 2499 2499 2500 2500 2500 2500 2500 2500 2500 ]
[ 2499 2499 2499 2499 2500 2500 2500 2500 2500 2500 ]
[ 2499 2499 2499 2499 2499 2500 2500 2500 2500 2500 ]
[ 2499 2499 2499 2499 2499 2499 2500 2500 2500 2500 ]
[ 2499 2499 2499 2499 2499 2499 2499 2500 2500 2500 ]
[ 2499 2499 2499 2499 2499 2499 2499 2499 2500 2500 ]
[ 2499 2499 2499 2499 2499 2499 2499 2499 2499 2500 ]
[ 2499 2499 2499 2499 2499 2499 2499 2499 2499 2499 ]
[ 2498 2499 2499 2499 2499 2499 2499 2499 2499 2499 ]
[ 2498 2498 2499 2499 2499 2499 2499 2499 2499 2499 ]
[ 2498 2498 2498 2499 2499 2499 2499 2499 2499 2499 ]
[ 2498 2498 2498 2498 2499 2499 2499 2499 2499 2499 ]
[ 2498 2498 2498 2498 2498 2499 2499 2499 2499 2499 ]
[ 2498 2498 2498 2498 2498 2498 2499 2499 2499 2499 ]
[ 2498 2498 2498 2498 2498 2498 2498 2499 2499 2499 ]
[ 2498 2498 2498 2498 2498 2498 2498 2498 2499 2499 ]
[ 2498 2498 2498 2498 2498 2498 2498 2498 2498 2499 ]

Running insertion sort algorithm: 
Timer (sort): 10632ms real	10630ms user	0ms sys
The output is sorted!
[ 0 0 0 0 0 0 0 0 0 1 ]
[ 0 0 0 0 0 0 0 0 1 1 ]
[ 0 0 0 0 0 0 0 1 1 1 ]
[ 0 0 0 0 0 0 1 1 1 1 ]
[ 0 0 0 0 0 1 1 1 1 1 ]
[ 0 0 0 0 1 1 1 1 1 1 ]
[ 0 0 0 1 1 1 1 1 1 1 ]
[ 0 0 1 1 1 1 1 1 1 1 ]
[ 0 1 1 1 1 1 1 1 1 1 ]
[ 1 1 1 1 1 1 1 1 1 1 ]
[ 1 1 1 1 1 1 1 1 1 2 ]
[ 1 1 1 1 1 1 1 1 2 2 ]
[ 1 1 1 1 1 1 1 2 2 2 ]
[ 1 1 1 1 1 1 2 2 2 2 ]
[ 1 1 1 1 1 2 2 2 2 2 ]
[ 1 1 1 1 2 2 2 2 2 2 ]
[ 1 1 1 2 2 2 2 2 2 2 ]
[ 1 1 2 2 2 2 2 2 2 2 ]
[ 1 2 2 2 2 2 2 2 2 2 ]
[ 2 2 2 2 2 2 2 2 2 2 ]

Timer (generate): 2ms real	0ms user	0ms sys
[ 2500 2500 2500 2500 2500 2500 2500 2500 2500 2500 ]
[ 2499 2500 2500 2500 2500 2500 2500 2500 2500 2500 ]
[ 2499 2499 2500 2500 2500 2500 2500 2500 2500 2500 ]
[ 2499 2499 2499 2500 2500 2500 2500 2500 2500 2500 ]
[ 2499 2499 2499 2499 2500 2500 2500 2500 2500 2500 ]
[ 2499 2499 2499 2499 2499 2500 2500 2500 2500 2500 ]
[ 2499 2499 2499 2499 2499 2499 2500 2500 2500 2500 ]
[ 2499 2499 2499 2499 2499 2499 2499 2500 2500 2500 ]
[ 2499 2499 2499 2499 2499 2499 2499 2499 2500 2500 ]
[ 2499 2499 2499 2499 2499 2499 2499 2499 2499 2500 ]
[ 2499 2499 2499 2499 2499 2499 2499 2499 2499 2499 ]
[ 2498 2499 2499 2499 2499 2499 2499 2499 2499 2499 ]
[ 2498 2498 2499 2499 2499 2499 2499 2499 2499 2499 ]
[ 2498 2498 2498 2499 2499 2499 2499 2499 2499 2499 ]
[ 2498 2498 2498 2498 2499 2499 2499 2499 2499 2499 ]
[ 2498 2498 2498 2498 2498 2499 2499 2499 2499 2499 ]
[ 2498 2498 2498 2498 2498 2498 2499 2499 2499 2499 ]
[ 2498 2498 2498 2498 2498 2498 2498 2499 2499 2499 ]
[ 2498 2498 2498 2498 2498 2498 2498 2498 2499 2499 ]
[ 2498 2498 2498 2498 2498 2498 2498 2498 2498 2499 ]

Running insertion sort algorithm: 
Timer (sort): 10072ms real	10070ms user	0ms sys
The output is sorted!
[ 0 0 0 0 0 0 0 0 0 1 ]
[ 0 0 0 0 0 0 0 0 1 1 ]
[ 0 0 0 0 0 0 0 1 1 1 ]
[ 0 0 0 0 0 0 1 1 1 1 ]
[ 0 0 0 0 0 1 1 1 1 1 ]
[ 0 0 0 0 1 1 1 1 1 1 ]
[ 0 0 0 1 1 1 1 1 1 1 ]
[ 0 0 1 1 1 1 1 1 1 1 ]
[ 0 1 1 1 1 1 1 1 1 1 ]
[ 1 1 1 1 1 1 1 1 1 1 ]
[ 1 1 1 1 1 1 1 1 1 2 ]
[ 1 1 1 1 1 1 1 1 2 2 ]
[ 1 1 1 1 1 1 1 2 2 2 ]
[ 1 1 1 1 1 1 2 2 2 2 ]
[ 1 1 1 1 1 2 2 2 2 2 ]
[ 1 1 1 1 2 2 2 2 2 2 ]
[ 1 1 1 2 2 2 2 2 2 2 ]
[ 1 1 2 2 2 2 2 2 2 2 ]
[ 1 2 2 2 2 2 2 2 2 2 ]
[ 2 2 2 2 2 2 2 2 2 2 ]

Timer (generate): 2ms real	0ms user	0ms sys
[ 2500 2500 2500 2500 2500 2500 2500 2500 2500 2500 ]
[ 2499 2500 2500 2500 2500 2500 2500 2500 2500 2500 ]
[ 2499 2499 2500 2500 2500 2500 2500 2500 2500 2500 ]
[ 2499 2499 2499 2500 2500 2500 2500 2500 2500 2500 ]
[ 2499 2499 2499 2499 2500 2500 2500 2500 2500 2500 ]
[ 2499 2499 2499 2499 2499 2500 2500 2500 2500 2500 ]
[ 2499 2499 2499 2499 2499 2499 2500 2500 2500 2500 ]
[ 2499 2499 2499 2499 2499 2499 2499 2500 2500 2500 ]
[ 2499 2499 2499 2499 2499 2499 2499 2499 2500 2500 ]
[ 2499 2499 2499 2499 2499 2499 2499 2499 2499 2500 ]
[ 2499 2499 2499 2499 2499 2499 2499 2499 2499 2499 ]
[ 2498 2499 2499 2499 2499 2499 2499 2499 2499 2499 ]
[ 2498 2498 2499 2499 2499 2499 2499 2499 2499 2499 ]
[ 2498 2498 2498 2499 2499 2499 2499 2499 2499 2499 ]
[ 2498 2498 2498 2498 2499 2499 2499 2499 2499 2499 ]
[ 2498 2498 2498 2498 2498 2499 2499 2499 2499 2499 ]
[ 2498 2498 2498 2498 2498 2498 2499 2499 2499 2499 ]
[ 2498 2498 2498 2498 2498 2498 2498 2499 2499 2499 ]
[ 2498 2498 2498 2498 2498 2498 2498 2498 2499 2499 ]
[ 2498 2498 2498 2498 2498 2498 2498 2498 2498 2499 ]

Running insertion sort algorithm: 
Timer (sort): 9959ms real	9960ms user	0ms sys
The output is sorted!
[ 0 0 0 0 0 0 0 0 0 1 ]
[ 0 0 0 0 0 0 0 0 1 1 ]
[ 0 0 0 0 0 0 0 1 1 1 ]
[ 0 0 0 0 0 0 1 1 1 1 ]
[ 0 0 0 0 0 1 1 1 1 1 ]
[ 0 0 0 0 1 1 1 1 1 1 ]
[ 0 0 0 1 1 1 1 1 1 1 ]
[ 0 0 1 1 1 1 1 1 1 1 ]
[ 0 1 1 1 1 1 1 1 1 1 ]
[ 1 1 1 1 1 1 1 1 1 1 ]
[ 1 1 1 1 1 1 1 1 1 2 ]
[ 1 1 1 1 1 1 1 1 2 2 ]
[ 1 1 1 1 1 1 1 2 2 2 ]
[ 1 1 1 1 1 1 2 2 2 2 ]
[ 1 1 1 1 1 2 2 2 2 2 ]
[ 1 1 1 1 2 2 2 2 2 2 ]
[ 1 1 1 2 2 2 2 2 2 2 ]
[ 1 1 2 2 2 2 2 2 2 2 ]
[ 1 2 2 2 2 2 2 2 2 2 ]
[ 2 2 2 2 2 2 2 2 2 2 ]

Timer (generate): 1ms real	0ms user	0ms sys
[ 2500 2500 2500 2500 2500 2500 2500 2500 2500 2500 ]
[ 2499 2500 2500 2500 2500 2500 2500 2500 2500 2500 ]
[ 2499 2499 2500 2500 2500 2500 2500 2500 2500 2500 ]
[ 2499 2499 2499 2500 2500 2500 2500 2500 2500 2500 ]
[ 2499 2499 2499 2499 2500 2500 2500 2500 2500 2500 ]
[ 2499 2499 2499 2499 2499 2500 2500 2500 2500 2500 ]
[ 2499 2499 2499 2499 2499 2499 2500 2500 2500 2500 ]
[ 2499 2499 2499 2499 2499 2499 2499 2500 2500 2500 ]
[ 2499 2499 2499 2499 2499 2499 2499 2499 2500 2500 ]
[ 2499 2499 2499 2499 2499 2499 2499 2499 2499 2500 ]
[ 2499 2499 2499 2499 2499 2499 2499 2499 2499 2499 ]
[ 2498 2499 2499 2499 2499 2499 2499 2499 2499 2499 ]
[ 2498 2498 2499 2499 2499 2499 2499 2499 2499 2499 ]
[ 2498 2498 2498 2499 2499 2499 2499 2499 2499 2499 ]
[ 2498 2498 2498 2498 2499 2499 2499 2499 2499 2499 ]
[ 2498 2498 2498 2498 2498 2499 2499 2499 2499 2499 ]
[ 2498 2498 2498 2498 2498 2498 2499 2499 2499 2499 ]
[ 2498 2498 2498 2498 2498 2498 2498 2499 2499 2499 ]
[ 2498 2498 2498 2498 2498 2498 2498 2498 2499 2499 ]
[ 2498 2498 2498 2498 2498 2498 2498 2498 2498 2499 ]

Running insertion sort algorithm: 
Timer (sort): 11636ms real	11630ms user	0ms sys
The output is sorted!
[ 0 0 0 0 0 0 0 0 0 1 ]
[ 0 0 0 0 0 0 0 0 1 1 ]
[ 0 0 0 0 0 0 0 1 1 1 ]
[ 0 0 0 0 0 0 1 1 1 1 ]
[ 0 0 0 0 0 1 1 1 1 1 ]
[ 0 0 0 0 1 1 1 1 1 1 ]
[ 0 0 0 1 1 1 1 1 1 1 ]
[ 0 0 1 1 1 1 1 1 1 1 ]
[ 0 1 1 1 1 1 1 1 1 1 ]
[ 1 1 1 1 1 1 1 1 1 1 ]
[ 1 1 1 1 1 1 1 1 1 2 ]
[ 1 1 1 1 1 1 1 1 2 2 ]
[ 1 1 1 1 1 1 1 2 2 2 ]
[ 1 1 1 1 1 1 2 2 2 2 ]
[ 1 1 1 1 1 2 2 2 2 2 ]
[ 1 1 1 1 2 2 2 2 2 2 ]
[ 1 1 1 2 2 2 2 2 2 2 ]
[ 1 1 2 2 2 2 2 2 2 2 ]
[ 1 2 2 2 2 2 2 2 2 2 ]
[ 2 2 2 2 2 2 2 2 2 2 ]

Timer (generate): 2ms real	0ms user	0ms sys
[ 2500 2500 2500 2500 2500 2500 2500 2500 2500 2500 ]
[ 2499 2500 2500 2500 2500 2500 2500 2500 2500 2500 ]
[ 2499 2499 2500 2500 2500 2500 2500 2500 2500 2500 ]
[ 2499 2499 2499 2500 2500 2500 2500 2500 2500 2500 ]
[ 2499 2499 2499 2499 2500 2500 2500 2500 2500 2500 ]
[ 2499 2499 2499 2499 2499 2500 2500 2500 2500 2500 ]
[ 2499 2499 2499 2499 2499 2499 2500 2500 2500 2500 ]
[ 2499 2499 2499 2499 2499 2499 2499 2500 2500 2500 ]
[ 2499 2499 2499 2499 2499 2499 2499 2499 2500 2500 ]
[ 2499 2499 2499 2499 2499 2499 2499 2499 2499 2500 ]
[ 2499 2499 2499 2499 2499 2499 2499 2499 2499 2499 ]
[ 2498 2499 2499 2499 2499 2499 2499 2499 2499 2499 ]
[ 2498 2498 2499 2499 2499 2499 2499 2499 2499 2499 ]
[ 2498 2498 2498 2499 2499 2499 2499 2499 2499 2499 ]
[ 2498 2498 2498 2498 2499 2499 2499 2499 2499 2499 ]
[ 2498 2498 2498 2498 2498 2499 2499 2499 2499 2499 ]
[ 2498 2498 2498 2498 2498 2498 2499 2499 2499 2499 ]
[ 2498 2498 2498 2498 2498 2498 2498 2499 2499 2499 ]
[ 2498 2498 2498 2498 2498 2498 2498 2498 2499 2499 ]
[ 2498 2498 2498 2498 2498 2498 2498 2498 2498 2499 ]

Running insertion sort algorithm: 
Timer (sort): 11233ms real	11230ms user	0ms sys
The output is sorted!
[ 0 0 0 0 0 0 0 0 0 1 ]
[ 0 0 0 0 0 0 0 0 1 1 ]
[ 0 0 0 0 0 0 0 1 1 1 ]
[ 0 0 0 0 0 0 1 1 1 1 ]
[ 0 0 0 0 0 1 1 1 1 1 ]
[ 0 0 0 0 1 1 1 1 1 1 ]
[ 0 0 0 1 1 1 1 1 1 1 ]
[ 0 0 1 1 1 1 1 1 1 1 ]
[ 0 1 1 1 1 1 1 1 1 1 ]
[ 1 1 1 1 1 1 1 1 1 1 ]
[ 1 1 1 1 1 1 1 1 1 2 ]
[ 1 1 1 1 1 1 1 1 2 2 ]
[ 1 1 1 1 1 1 1 2 2 2 ]
[ 1 1 1 1 1 1 2 2 2 2 ]
[ 1 1 1 1 1 2 2 2 2 2 ]
[ 1 1 1 1 2 2 2 2 2 2 ]
[ 1 1 1 2 2 2 2 2 2 2 ]
[ 1 1 2 2 2 2 2 2 2 2 ]
[ 1 2 2 2 2 2 2 2 2 2 ]
[ 2 2 2 2 2 2 2 2 2 2 ]

Timer (generate): 1ms real	0ms user	0ms sys
[ 2500 2500 2500 2500 2500 2500 2500 2500 2500 2500 ]
[ 2499 2500 2500 2500 2500 2500 2500 2500 2500 2500 ]
[ 2499 2499 2500 2500 2500 2500 2500 2500 2500 2500 ]
[ 2499 2499 2499 2500 2500 2500 2500 2500 2500 2500 ]
[ 2499 2499 2499 2499 2500 2500 2500 2500 2500 2500 ]
[ 2499 2499 2499 2499 2499 2500 2500 2500 2500 2500 ]
[ 2499 2499 2499 2499 2499 2499 2500 2500 2500 2500 ]
[ 2499 2499 2499 2499 2499 2499 2499 2500 2500 2500 ]
[ 2499 2499 2499 2499 2499 2499 2499 2499 2500 2500 ]
[ 2499 2499 2499 2499 2499 2499 2499 2499 2499 2500 ]
[ 2499 2499 2499 2499 2499 2499 2499 2499 2499 2499 ]
[ 2498 2499 2499 2499 2499 2499 2499 2499 2499 2499 ]
[ 2498 2498 2499 2499 2499 2499 2499 2499 2499 2499 ]
[ 2498 2498 2498 2499 2499 2499 2499 2499 2499 2499 ]
[ 2498 2498 2498 2498 2499 2499 2499 2499 2499 2499 ]
[ 2498 2498 2498 2498 2498 2499 2499 2499 2499 2499 ]
[ 2498 2498 2498 2498 2498 2498 2499 2499 2499 2499 ]
[ 2498 2498 2498 2498 2498 2498 2498 2499 2499 2499 ]
[ 2498 2498 2498 2498 2498 2498 2498 2498 2499 2499 ]
[ 2498 2498 2498 2498 2498 2498 2498 2498 2498 2499 ]

Running insertion sort algorithm: 
Timer (sort): 10690ms real	10690ms user	0ms sys
The output is sorted!
[ 0 0 0 0 0 0 0 0 0 1 ]
[ 0 0 0 0 0 0 0 0 1 1 ]
[ 0 0 0 0 0 0 0 1 1 1 ]
[ 0 0 0 0 0 0 1 1 1 1 ]
[ 0 0 0 0 0 1 1 1 1 1 ]
[ 0 0 0 0 1 1 1 1 1 1 ]
[ 0 0 0 1 1 1 1 1 1 1 ]
[ 0 0 1 1 1 1 1 1 1 1 ]
[ 0 1 1 1 1 1 1 1 1 1 ]
[ 1 1 1 1 1 1 1 1 1 1 ]
[ 1 1 1 1 1 1 1 1 1 2 ]
[ 1 1 1 1 1 1 1 1 2 2 ]
[ 1 1 1 1 1 1 1 2 2 2 ]
[ 1 1 1 1 1 1 2 2 2 2 ]
[ 1 1 1 1 1 2 2 2 2 2 ]
[ 1 1 1 1 2 2 2 2 2 2 ]
[ 1 1 1 2 2 2 2 2 2 2 ]
[ 1 1 2 2 2 2 2 2 2 2 ]
[ 1 2 2 2 2 2 2 2 2 2 ]
[ 2 2 2 2 2 2 2 2 2 2 ]

Timer (generate): 1ms real	0ms user	0ms sys
[ 2500 2500 2500 2500 2500 2500 2500 2500 2500 2500 ]
[ 2499 2500 2500 2500 2500 2500 2500 2500 2500 2500 ]
[ 2499 2499 2500 2500 2500 2500 2500 2500 2500 2500 ]
[ 2499 2499 2499 2500 2500 2500 2500 2500 2500 2500 ]
[ 2499 2499 2499 2499 2500 2500 2500 2500 2500 2500 ]
[ 2499 2499 2499 2499 2499 2500 2500 2500 2500 2500 ]
[ 2499 2499 2499 2499 2499 2499 2500 2500 2500 2500 ]
[ 2499 2499 2499 2499 2499 2499 2499 2500 2500 2500 ]
[ 2499 2499 2499 2499 2499 2499 2499 2499 2500 2500 ]
[ 2499 2499 2499 2499 2499 2499 2499 2499 2499 2500 ]
[ 2499 2499 2499 2499 2499 2499 2499 2499 2499 2499 ]
[ 2498 2499 2499 2499 2499 2499 2499 2499 2499 2499 ]
[ 2498 2498 2499 2499 2499 2499 2499 2499 2499 2499 ]
[ 2498 2498 2498 2499 2499 2499 2499 2499 2499 2499 ]
[ 2498 2498 2498 2498 2499 2499 2499 2499 2499 2499 ]
[ 2498 2498 2498 2498 2498 2499 2499 2499 2499 2499 ]
[ 2498 2498 2498 2498 2498 2498 2499 2499 2499 2499 ]
[ 2498 2498 2498 2498 2498 2498 2498 2499 2499 2499 ]
[ 2498 2498 2498 2498 2498 2498 2498 2498 2499 2499 ]
[ 2498 2498 2498 2498 2498 2498 2498 2498 2498 2499 ]

Running insertion sort algorithm: 
Timer (sort): 10768ms real	10770ms user	0ms sys
The output is sorted!
[ 0 0 0 0 0 0 0 0 0 1 ]
[ 0 0 0 0 0 0 0 0 1 1 ]
[ 0 0 0 0 0 0 0 1 1 1 ]
[ 0 0 0 0 0 0 1 1 1 1 ]
[ 0 0 0 0 0 1 1 1 1 1 ]
[ 0 0 0 0 1 1 1 1 1 1 ]
[ 0 0 0 1 1 1 1 1 1 1 ]
[ 0 0 1 1 1 1 1 1 1 1 ]
[ 0 1 1 1 1 1 1 1 1 1 ]
[ 1 1 1 1 1 1 1 1 1 1 ]
[ 1 1 1 1 1 1 1 1 1 2 ]
[ 1 1 1 1 1 1 1 1 2 2 ]
[ 1 1 1 1 1 1 1 2 2 2 ]
[ 1 1 1 1 1 1 2 2 2 2 ]
[ 1 1 1 1 1 2 2 2 2 2 ]
[ 1 1 1 1 2 2 2 2 2 2 ]
[ 1 1 1 2 2 2 2 2 2 2 ]
[ 1 1 2 2 2 2 2 2 2 2 ]
[ 1 2 2 2 2 2 2 2 2 2 ]
[ 2 2 2 2 2 2 2 2 2 2 ]

Timer (generate): 1ms real	0ms user	0ms sys
[ 2500 2500 2500 2500 2500 2500 2500 2500 2500 2500 ]
[ 2499 2500 2500 2500 2500 2500 2500 2500 2500 2500 ]
[ 2499 2499 2500 2500 2500 2500 2500 2500 2500 2500 ]
[ 2499 2499 2499 2500 2500 2500 2500 2500 2500 2500 ]
[ 2499 2499 2499 2499 2500 2500 2500 2500 2500 2500 ]
[ 2499 2499 2499 2499 2499 2500 2500 2500 2500 2500 ]
[ 2499 2499 2499 2499 2499 2499 2500 2500 2500 2500 ]
[ 2499 2499 2499 2499 2499 2499 2499 2500 2500 2500 ]
[ 2499 2499 2499 2499 2499 2499 2499 2499 2500 2500 ]
[ 2499 2499 2499 2499 2499 2499 2499 2499 2499 2500 ]
[ 2499 2499 2499 2499 2499 2499 2499 2499 2499 2499 ]
[ 2498 2499 2499 2499 2499 2499 2499 2499 2499 2499 ]
[ 2498 2498 2499 2499 2499 2499 2499 2499 2499 2499 ]
[ 2498 2498 2498 2499 2499 2499 2499 2499 2499 2499 ]
[ 2498 2498 2498 2498 2499 2499 2499 2499 2499 2499 ]
[ 2498 2498 2498 2498 2498 2499 2499 2499 2499 2499 ]
[ 2498 2498 2498 2498 2498 2498 2499 2499 2499 2499 ]
[ 2498 2498 2498 2498 2498 2498 2498 2499 2499 2499 ]
[ 2498 2498 2498 2498 2498 2498 2498 2498 2499 2499 ]
[ 2498 2498 2498 2498 2498 2498 2498 2498 2498 2499 ]

Running insertion sort algorithm: 
Timer (sort): 11002ms real	11000ms user	0ms sys
The output is sorted!
[ 0 0 0 0 0 0 0 0 0 1 ]
[ 0 0 0 0 0 0 0 0 1 1 ]
[ 0 0 0 0 0 0 0 1 1 1 ]
[ 0 0 0 0 0 0 1 1 1 1 ]
[ 0 0 0 0 0 1 1 1 1 1 ]
[ 0 0 0 0 1 1 1 1 1 1 ]
[ 0 0 0 1 1 1 1 1 1 1 ]
[ 0 0 1 1 1 1 1 1 1 1 ]
[ 0 1 1 1 1 1 1 1 1 1 ]
[ 1 1 1 1 1 1 1 1 1 1 ]
[ 1 1 1 1 1 1 1 1 1 2 ]
[ 1 1 1 1 1 1 1 1 2 2 ]
[ 1 1 1 1 1 1 1 2 2 2 ]
[ 1 1 1 1 1 1 2 2 2 2 ]
[ 1 1 1 1 1 2 2 2 2 2 ]
[ 1 1 1 1 2 2 2 2 2 2 ]
[ 1 1 1 2 2 2 2 2 2 2 ]
[ 1 1 2 2 2 2 2 2 2 2 ]
[ 1 2 2 2 2 2 2 2 2 2 ]
[ 2 2 2 2 2 2 2 2 2 2 ]

Timer (generate): 2ms real	0ms user	0ms sys
[ 2500 2500 2500 2500 2500 2500 2500 2500 2500 2500 ]
[ 2499 2500 2500 2500 2500 2500 2500 2500 2500 2500 ]
[ 2499 2499 2500 2500 2500 2500 2500 2500 2500 2500 ]
[ 2499 2499 2499 2500 2500 2500 2500 2500 2500 2500 ]
[ 2499 2499 2499 2499 2500 2500 2500 2500 2500 2500 ]
[ 2499 2499 2499 2499 2499 2500 2500 2500 2500 2500 ]
[ 2499 2499 2499 2499 2499 2499 2500 2500 2500 2500 ]
[ 2499 2499 2499 2499 2499 2499 2499 2500 2500 2500 ]
[ 2499 2499 2499 2499 2499 2499 2499 2499 2500 2500 ]
[ 2499 2499 2499 2499 2499 2499 2499 2499 2499 2500 ]
[ 2499 2499 2499 2499 2499 2499 2499 2499 2499 2499 ]
[ 2498 2499 2499 2499 2499 2499 2499 2499 2499 2499 ]
[ 2498 2498 2499 2499 2499 2499 2499 2499 2499 2499 ]
[ 2498 2498 2498 2499 2499 2499 2499 2499 2499 2499 ]
[ 2498 2498 2498 2498 2499 2499 2499 2499 2499 2499 ]
[ 2498 2498 2498 2498 2498 2499 2499 2499 2499 2499 ]
[ 2498 2498 2498 2498 2498 2498 2499 2499 2499 2499 ]
[ 2498 2498 2498 2498 2498 2498 2498 2499 2499 2499 ]
[ 2498 2498 2498 2498 2498 2498 2498 2498 2499 2499 ]
[ 2498 2498 2498 2498 2498 2498 2498 2498 2498 2499 ]

Running insertion sort algorithm: 
Timer (sort): 11562ms real	11550ms user	0ms sys
The output is sorted!
[ 0 0 0 0 0 0 0 0 0 1 ]
[ 0 0 0 0 0 0 0 0 1 1 ]
[ 0 0 0 0 0 0 0 1 1 1 ]
[ 0 0 0 0 0 0 1 1 1 1 ]
[ 0 0 0 0 0 1 1 1 1 1 ]
[ 0 0 0 0 1 1 1 1 1 1 ]
[ 0 0 0 1 1 1 1 1 1 1 ]
[ 0 0 1 1 1 1 1 1 1 1 ]
[ 0 1 1 1 1 1 1 1 1 1 ]
[ 1 1 1 1 1 1 1 1 1 1 ]
[ 1 1 1 1 1 1 1 1 1 2 ]
[ 1 1 1 1 1 1 1 1 2 2 ]
[ 1 1 1 1 1 1 1 2 2 2 ]
[ 1 1 1 1 1 1 2 2 2 2 ]
[ 1 1 1 1 1 2 2 2 2 2 ]
[ 1 1 1 1 2 2 2 2 2 2 ]
[ 1 1 1 2 2 2 2 2 2 2 ]
[ 1 1 2 2 2 2 2 2 2 2 ]
[ 1 2 2 2 2 2 2 2 2 2 ]
[ 2 2 2 2 2 2 2 2 2 2 ]

Timer (generate): 1ms real	0ms user	0ms sys
[ 2500 2500 2500 2500 2500 2500 2500 2500 2500 2500 ]
[ 2499 2500 2500 2500 2500 2500 2500 2500 2500 2500 ]
[ 2499 2499 2500 2500 2500 2500 2500 2500 2500 2500 ]
[ 2499 2499 2499 2500 2500 2500 2500 2500 2500 2500 ]
[ 2499 2499 2499 2499 2500 2500 2500 2500 2500 2500 ]
[ 2499 2499 2499 2499 2499 2500 2500 2500 2500 2500 ]
[ 2499 2499 2499 2499 2499 2499 2500 2500 2500 2500 ]
[ 2499 2499 2499 2499 2499 2499 2499 2500 2500 2500 ]
[ 2499 2499 2499 2499 2499 2499 2499 2499 2500 2500 ]
[ 2499 2499 2499 2499 2499 2499 2499 2499 2499 2500 ]
[ 2499 2499 2499 2499 2499 2499 2499 2499 2499 2499 ]
[ 2498 2499 2499 2499 2499 2499 2499 2499 2499 2499 ]
[ 2498 2498 2499 2499 2499 2499 2499 2499 2499 2499 ]
[ 2498 2498 2498 2499 2499 2499 2499 2499 2499 2499 ]
[ 2498 2498 2498 2498 2499 2499 2499 2499 2499 2499 ]
[ 2498 2498 2498 2498 2498 2499 2499 2499 2499 2499 ]
[ 2498 2498 2498 2498 2498 2498 2499 2499 2499 2499 ]
[ 2498 2498 2498 2498 2498 2498 2498 2499 2499 2499 ]
[ 2498 2498 2498 2498 2498 2498 2498 2498 2499 2499 ]
[ 2498 2498 2498 2498 2498 2498 2498 2498 2498 2499 ]

Running insertion sort algorithm: 
Timer (sort): 11463ms real	11460ms user	0ms sys
The output is sorted!
[ 0 0 0 0 0 0 0 0 0 1 ]
[ 0 0 0 0 0 0 0 0 1 1 ]
[ 0 0 0 0 0 0 0 1 1 1 ]
[ 0 0 0 0 0 0 1 1 1 1 ]
[ 0 0 0 0 0 1 1 1 1 1 ]
[ 0 0 0 0 1 1 1 1 1 1 ]
[ 0 0 0 1 1 1 1 1 1 1 ]
[ 0 0 1 1 1 1 1 1 1 1 ]
[ 0 1 1 1 1 1 1 1 1 1 ]
[ 1 1 1 1 1 1 1 1 1 1 ]
[ 1 1 1 1 1 1 1 1 1 2 ]
[ 1 1 1 1 1 1 1 1 2 2 ]
[ 1 1 1 1 1 1 1 2 2 2 ]
[ 1 1 1 1 1 1 2 2 2 2 ]
[ 1 1 1 1 1 2 2 2 2 2 ]
[ 1 1 1 1 2 2 2 2 2 2 ]
[ 1 1 1 2 2 2 2 2 2 2 ]
[ 1 1 2 2 2 2 2 2 2 2 ]
[ 1 2 2 2 2 2 2 2 2 2 ]
[ 2 2 2 2 2 2 2 2 2 2 ]

Timer (generate): 2ms real	0ms user	0ms sys
[ 2500 2500 2500 2500 2500 2500 2500 2500 2500 2500 ]
[ 2499 2500 2500 2500 2500 2500 2500 2500 2500 2500 ]
[ 2499 2499 2500 2500 2500 2500 2500 2500 2500 2500 ]
[ 2499 2499 2499 2500 2500 2500 2500 2500 2500 2500 ]
[ 2499 2499 2499 2499 2500 2500 2500 2500 2500 2500 ]
[ 2499 2499 2499 2499 2499 2500 2500 2500 2500 2500 ]
[ 2499 2499 2499 2499 2499 2499 2500 2500 2500 2500 ]
[ 2499 2499 2499 2499 2499 2499 2499 2500 2500 2500 ]
[ 2499 2499 2499 2499 2499 2499 2499 2499 2500 2500 ]
[ 2499 2499 2499 2499 2499 2499 2499 2499 2499 2500 ]
[ 2499 2499 2499 2499 2499 2499 2499 2499 2499 2499 ]
[ 2498 2499 2499 2499 2499 2499 2499 2499 2499 2499 ]
[ 2498 2498 2499 2499 2499 2499 2499 2499 2499 2499 ]
[ 2498 2498 2498 2499 2499 2499 2499 2499 2499 2499 ]
[ 2498 2498 2498 2498 2499 2499 2499 2499 2499 2499 ]
[ 2498 2498 2498 2498 2498 2499 2499 2499 2499 2499 ]
[ 2498 2498 2498 2498 2498 2498 2499 2499 2499 2499 ]
[ 2498 2498 2498 2498 2498 2498 2498 2499 2499 2499 ]
[ 2498 2498 2498 2498 2498 2498 2498 2498 2499 2499 ]
[ 2498 2498 2498 2498 2498 2498 2498 2498 2498 2499 ]

Running insertion sort algorithm: 
Timer (sort): 10588ms real	10590ms user	0ms sys
The output is sorted!
[ 0 0 0 0 0 0 0 0 0 1 ]
[ 0 0 0 0 0 0 0 0 1 1 ]
[ 0 0 0 0 0 0 0 1 1 1 ]
[ 0 0 0 0 0 0 1 1 1 1 ]
[ 0 0 0 0 0 1 1 1 1 1 ]
[ 0 0 0 0 1 1 1 1 1 1 ]
[ 0 0 0 1 1 1 1 1 1 1 ]
[ 0 0 1 1 1 1 1 1 1 1 ]
[ 0 1 1 1 1 1 1 1 1 1 ]
[ 1 1 1 1 1 1 1 1 1 1 ]
[ 1 1 1 1 1 1 1 1 1 2 ]
[ 1 1 1 1 1 1 1 1 2 2 ]
[ 1 1 1 1 1 1 1 2 2 2 ]
[ 1 1 1 1 1 1 2 2 2 2 ]
[ 1 1 1 1 1 2 2 2 2 2 ]
[ 1 1 1 1 2 2 2 2 2 2 ]
[ 1 1 1 2 2 2 2 2 2 2 ]
[ 1 1 2 2 2 2 2 2 2 2 ]
[ 1 2 2 2 2 2 2 2 2 2 ]
[ 2 2 2 2 2 2 2 2 2 2 ]

Timer (generate): 1ms real	0ms user	0ms sys
[ 2500 2500 2500 2500 2500 2500 2500 2500 2500 2500 ]
[ 2499 2500 2500 2500 2500 2500 2500 2500 2500 2500 ]
[ 2499 2499 2500 2500 2500 2500 2500 2500 2500 2500 ]
[ 2499 2499 2499 2500 2500 2500 2500 2500 2500 2500 ]
[ 2499 2499 2499 2499 2500 2500 2500 2500 2500 2500 ]
[ 2499 2499 2499 2499 2499 2500 2500 2500 2500 2500 ]
[ 2499 2499 2499 2499 2499 2499 2500 2500 2500 2500 ]
[ 2499 2499 2499 2499 2499 2499 2499 2500 2500 2500 ]
[ 2499 2499 2499 2499 2499 2499 2499 2499 2500 2500 ]
[ 2499 2499 2499 2499 2499 2499 2499 2499 2499 2500 ]
[ 2499 2499 2499 2499 2499 2499 2499 2499 2499 2499 ]
[ 2498 2499 2499 2499 2499 2499 2499 2499 2499 2499 ]
[ 2498 2498 2499 2499 2499 2499 2499 2499 2499 2499 ]
[ 2498 2498 2498 2499 2499 2499 2499 2499 2499 2499 ]
[ 2498 2498 2498 2498 2499 2499 2499 2499 2499 2499 ]
[ 2498 2498 2498 2498 2498 2499 2499 2499 2499 2499 ]
[ 2498 2498 2498 2498 2498 2498 2499 2499 2499 2499 ]
[ 2498 2498 2498 2498 2498 2498 2498 2499 2499 2499 ]
[ 2498 2498 2498 2498 2498 2498 2498 2498 2499 2499 ]
[ 2498 2498 2498 2498 2498 2498 2498 2498 2498 2499 ]

Running insertion sort algorithm: 
Timer (sort): 10346ms real	10340ms user	0ms sys
The output is sorted!
[ 0 0 0 0 0 0 0 0 0 1 ]
[ 0 0 0 0 0 0 0 0 1 1 ]
[ 0 0 0 0 0 0 0 1 1 1 ]
[ 0 0 0 0 0 0 1 1 1 1 ]
[ 0 0 0 0 0 1 1 1 1 1 ]
[ 0 0 0 0 1 1 1 1 1 1 ]
[ 0 0 0 1 1 1 1 1 1 1 ]
[ 0 0 1 1 1 1 1 1 1 1 ]
[ 0 1 1 1 1 1 1 1 1 1 ]
[ 1 1 1 1 1 1 1 1 1 1 ]
[ 1 1 1 1 1 1 1 1 1 2 ]
[ 1 1 1 1 1 1 1 1 2 2 ]
[ 1 1 1 1 1 1 1 2 2 2 ]
[ 1 1 1 1 1 1 2 2 2 2 ]
[ 1 1 1 1 1 2 2 2 2 2 ]
[ 1 1 1 1 2 2 2 2 2 2 ]
[ 1 1 1 2 2 2 2 2 2 2 ]
[ 1 1 2 2 2 2 2 2 2 2 ]
[ 1 2 2 2 2 2 2 2 2 2 ]
[ 2 2 2 2 2 2 2 2 2 2 ]

Timer (generate): 1ms real	0ms user	0ms sys
[ 2500 2500 2500 2500 2500 2500 2500 2500 2500 2500 ]
[ 2499 2500 2500 2500 2500 2500 2500 2500 2500 2500 ]
[ 2499 2499 2500 2500 2500 2500 2500 2500 2500 2500 ]
[ 2499 2499 2499 2500 2500 2500 2500 2500 2500 2500 ]
[ 2499 2499 2499 2499 2500 2500 2500 2500 2500 2500 ]
[ 2499 2499 2499 2499 2499 2500 2500 2500 2500 2500 ]
[ 2499 2499 2499 2499 2499 2499 2500 2500 2500 2500 ]
[ 2499 2499 2499 2499 2499 2499 2499 2500 2500 2500 ]
[ 2499 2499 2499 2499 2499 2499 2499 2499 2500 2500 ]
[ 2499 2499 2499 2499 2499 2499 2499 2499 2499 2500 ]
[ 2499 2499 2499 2499 2499 2499 2499 2499 2499 2499 ]
[ 2498 2499 2499 2499 2499 2499 2499 2499 2499 2499 ]
[ 2498 2498 2499 2499 2499 2499 2499 2499 2499 2499 ]
[ 2498 2498 2498 2499 2499 2499 2499 2499 2499 2499 ]
[ 2498 2498 2498 2498 2499 2499 2499 2499 2499 2499 ]
[ 2498 2498 2498 2498 2498 2499 2499 2499 2499 2499 ]
[ 2498 2498 2498 2498 2498 2498 2499 2499 2499 2499 ]
[ 2498 2498 2498 2498 2498 2498 2498 2499 2499 2499 ]
[ 2498 2498 2498 2498 2498 2498 2498 2498 2499 2499 ]
[ 2498 2498 2498 2498 2498 2498 2498 2498 2498 2499 ]

Running insertion sort algorithm: 
Timer (sort): 10768ms real	10770ms user	0ms sys
The output is sorted!
[ 0 0 0 0 0 0 0 0 0 1 ]
[ 0 0 0 0 0 0 0 0 1 1 ]
[ 0 0 0 0 0 0 0 1 1 1 ]
[ 0 0 0 0 0 0 1 1 1 1 ]
[ 0 0 0 0 0 1 1 1 1 1 ]
[ 0 0 0 0 1 1 1 1 1 1 ]
[ 0 0 0 1 1 1 1 1 1 1 ]
[ 0 0 1 1 1 1 1 1 1 1 ]
[ 0 1 1 1 1 1 1 1 1 1 ]
[ 1 1 1 1 1 1 1 1 1 1 ]
[ 1 1 1 1 1 1 1 1 1 2 ]
[ 1 1 1 1 1 1 1 1 2 2 ]
[ 1 1 1 1 1 1 1 2 2 2 ]
[ 1 1 1 1 1 1 2 2 2 2 ]
[ 1 1 1 1 1 2 2 2 2 2 ]
[ 1 1 1 1 2 2 2 2 2 2 ]
[ 1 1 1 2 2 2 2 2 2 2 ]
[ 1 1 2 2 2 2 2 2 2 2 ]
[ 1 2 2 2 2 2 2 2 2 2 ]
[ 2 2 2 2 2 2 2 2 2 2 ]

