Timer (generate): 1ms real	0ms user	0ms sys
[ 400 400 400 400 400 400 400 400 400 400 400 400 400 400 400 400 400 400 400 400 400 400 400 400 400 ]
[ 399 400 400 400 400 400 400 400 400 400 400 400 400 400 400 400 400 400 400 400 400 400 400 400 400 ]
[ 399 399 400 400 400 400 400 400 400 400 400 400 400 400 400 400 400 400 400 400 400 400 400 400 400 ]
[ 399 399 399 400 400 400 400 400 400 400 400 400 400 400 400 400 400 400 400 400 400 400 400 400 400 ]
[ 399 399 399 399 400 400 400 400 400 400 400 400 400 400 400 400 400 400 400 400 400 400 400 400 400 ]
[ 399 399 399 399 399 400 400 400 400 400 400 400 400 400 400 400 400 400 400 400 400 400 400 400 400 ]
[ 399 399 399 399 399 399 400 400 400 400 400 400 400 400 400 400 400 400 400 400 400 400 400 400 400 ]
[ 399 399 399 399 399 399 399 400 400 400 400 400 400 400 400 400 400 400 400 400 400 400 400 400 400 ]
[ 399 399 399 399 399 399 399 399 400 400 400 400 400 400 400 400 400 400 400 400 400 400 400 400 400 ]
[ 399 399 399 399 399 399 399 399 399 400 400 400 400 400 400 400 400 400 400 400 400 400 400 400 400 ]
[ 399 399 399 399 399 399 399 399 399 399 400 400 400 400 400 400 400 400 400 400 400 400 400 400 400 ]
[ 399 399 399 399 399 399 399 399 399 399 399 400 400 400 400 400 400 400 400 400 400 400 400 400 400 ]
[ 399 399 399 399 399 399 399 399 399 399 399 399 400 400 400 400 400 400 400 400 400 400 400 400 400 ]
[ 399 399 399 399 399 399 399 399 399 399 399 399 399 400 400 400 400 400 400 400 400 400 400 400 400 ]
[ 399 399 399 399 399 399 399 399 399 399 399 399 399 399 400 400 400 400 400 400 400 400 400 400 400 ]
[ 399 399 399 399 399 399 399 399 399 399 399 399 399 399 399 400 400 400 400 400 400 400 400 400 400 ]
[ 399 399 399 399 399 399 399 399 399 399 399 399 399 399 399 399 400 400 400 400 400 400 400 400 400 ]
[ 399 399 399 399 399 399 399 399 399 399 399 399 399 399 399 399 399 400 400 400 400 400 400 400 400 ]
[ 399 399 399 399 399 399 399 399 399 399 399 399 399 399 399 399 399 399 400 400 400 400 400 400 400 ]
[ 399 399 399 399 399 399 399 399 399 399 399 399 399 399 399 399 399 399 399 400 400 400 400 400 400 ]

Running insertion sort algorithm: 
Timer (sort): 5175ms real	5170ms user	0ms sys
The output is sorted!
[ 0 0 0 0 0 0 0 0 0 0 0 0 0 0 0 0 0 0 0 0 0 0 0 0 1 ]
[ 0 0 0 0 0 0 0 0 0 0 0 0 0 0 0 0 0 0 0 0 0 0 0 1 1 ]
[ 0 0 0 0 0 0 0 0 0 0 0 0 0 0 0 0 0 0 0 0 0 0 1 1 1 ]
[ 0 0 0 0 0 0 0 0 0 0 0 0 0 0 0 0 0 0 0 0 0 1 1 1 1 ]
[ 0 0 0 0 0 0 0 0 0 0 0 0 0 0 0 0 0 0 0 0 1 1 1 1 1 ]
[ 0 0 0 0 0 0 0 0 0 0 0 0 0 0 0 0 0 0 0 1 1 1 1 1 1 ]
[ 0 0 0 0 0 0 0 0 0 0 0 0 0 0 0 0 0 0 1 1 1 1 1 1 1 ]
[ 0 0 0 0 0 0 0 0 0 0 0 0 0 0 0 0 0 1 1 1 1 1 1 1 1 ]
[ 0 0 0 0 0 0 0 0 0 0 0 0 0 0 0 0 1 1 1 1 1 1 1 1 1 ]
[ 0 0 0 0 0 0 0 0 0 0 0 0 0 0 0 1 1 1 1 1 1 1 1 1 1 ]
[ 0 0 0 0 0 0 0 0 0 0 0 0 0 0 1 1 1 1 1 1 1 1 1 1 1 ]
[ 0 0 0 0 0 0 0 0 0 0 0 0 0 1 1 1 1 1 1 1 1 1 1 1 1 ]
[ 0 0 0 0 0 0 0 0 0 0 0 0 1 1 1 1 1 1 1 1 1 1 1 1 1 ]
[ 0 0 0 0 0 0 0 0 0 0 0 1 1 1 1 1 1 1 1 1 1 1 1 1 1 ]
[ 0 0 0 0 0 0 0 0 0 0 1 1 1 1 1 1 1 1 1 1 1 1 1 1 1 ]
[ 0 0 0 0 0 0 0 0 0 1 1 1 1 1 1 1 1 1 1 1 1 1 1 1 1 ]
[ 0 0 0 0 0 0 0 0 1 1 1 1 1 1 1 1 1 1 1 1 1 1 1 1 1 ]
[ 0 0 0 0 0 0 0 1 1 1 1 1 1 1 1 1 1 1 1 1 1 1 1 1 1 ]
[ 0 0 0 0 0 0 1 1 1 1 1 1 1 1 1 1 1 1 1 1 1 1 1 1 1 ]
[ 0 0 0 0 0 1 1 1 1 1 1 1 1 1 1 1 1 1 1 1 1 1 1 1 1 ]

Timer (generate): 2ms real	0ms user	0ms sys
[ 400 400 400 400 400 400 400 400 400 400 400 400 400 400 400 400 400 400 400 400 400 400 400 400 400 ]
[ 399 400 400 400 400 400 400 400 400 400 400 400 400 400 400 400 400 400 400 400 400 400 400 400 400 ]
[ 399 399 400 400 400 400 400 400 400 400 400 400 400 400 400 400 400 400 400 400 400 400 400 400 400 ]
[ 399 399 399 400 400 400 400 400 400 400 400 400 400 400 400 400 400 400 400 400 400 400 400 400 400 ]
[ 399 399 399 399 400 400 400 400 400 400 400 400 400 400 400 400 400 400 400 400 400 400 400 400 400 ]
[ 399 399 399 399 399 400 400 400 400 400 400 400 400 400 400 400 400 400 400 400 400 400 400 400 400 ]
[ 399 399 399 399 399 399 400 400 400 400 400 400 400 400 400 400 400 400 400 400 400 400 400 400 400 ]
[ 399 399 399 399 399 399 399 400 400 400 400 400 400 400 400 400 400 400 400 400 400 400 400 400 400 ]
[ 399 399 399 399 399 399 399 399 400 400 400 400 400 400 400 400 400 400 400 400 400 400 400 400 400 ]
[ 399 399 399 399 399 399 399 399 399 400 400 400 400 400 400 400 400 400 400 400 400 400 400 400 400 ]
[ 399 399 399 399 399 399 399 399 399 399 400 400 400 400 400 400 400 400 400 400 400 400 400 400 400 ]
[ 399 399 399 399 399 399 399 399 399 399 399 400 400 400 400 400 400 400 400 400 400 400 400 400 400 ]
[ 399 399 399 399 399 399 399 399 399 399 399 399 400 400 400 400 400 400 400 400 400 400 400 400 400 ]
[ 399 399 399 399 399 399 399 399 399 399 399 399 399 400 400 400 400 400 400 400 400 400 400 400 400 ]
[ 399 399 399 399 399 399 399 399 399 399 399 399 399 399 400 400 400 400 400 400 400 400 400 400 400 ]
[ 399 399 399 399 399 399 399 399 399 399 399 399 399 399 399 400 400 400 400 400 400 400 400 400 400 ]
[ 399 399 399 399 399 399 399 399 399 399 399 399 399 399 399 399 400 400 400 400 400 400 400 400 400 ]
[ 399 399 399 399 399 399 399 399 399 399 399 399 399 399 399 399 399 400 400 400 400 400 400 400 400 ]
[ 399 399 399 399 399 399 399 399 399 399 399 399 399 399 399 399 399 399 400 400 400 400 400 400 400 ]
[ 399 399 399 399 399 399 399 399 399 399 399 399 399 399 399 399 399 399 399 400 400 400 400 400 400 ]

Running insertion sort algorithm: 
Timer (sort): 5162ms real	5160ms user	0ms sys
The output is sorted!
[ 0 0 0 0 0 0 0 0 0 0 0 0 0 0 0 0 0 0 0 0 0 0 0 0 1 ]
[ 0 0 0 0 0 0 0 0 0 0 0 0 0 0 0 0 0 0 0 0 0 0 0 1 1 ]
[ 0 0 0 0 0 0 0 0 0 0 0 0 0 0 0 0 0 0 0 0 0 0 1 1 1 ]
[ 0 0 0 0 0 0 0 0 0 0 0 0 0 0 0 0 0 0 0 0 0 1 1 1 1 ]
[ 0 0 0 0 0 0 0 0 0 0 0 0 0 0 0 0 0 0 0 0 1 1 1 1 1 ]
[ 0 0 0 0 0 0 0 0 0 0 0 0 0 0 0 0 0 0 0 1 1 1 1 1 1 ]
[ 0 0 0 0 0 0 0 0 0 0 0 0 0 0 0 0 0 0 1 1 1 1 1 1 1 ]
[ 0 0 0 0 0 0 0 0 0 0 0 0 0 0 0 0 0 1 1 1 1 1 1 1 1 ]
[ 0 0 0 0 0 0 0 0 0 0 0 0 0 0 0 0 1 1 1 1 1 1 1 1 1 ]
[ 0 0 0 0 0 0 0 0 0 0 0 0 0 0 0 1 1 1 1 1 1 1 1 1 1 ]
[ 0 0 0 0 0 0 0 0 0 0 0 0 0 0 1 1 1 1 1 1 1 1 1 1 1 ]
[ 0 0 0 0 0 0 0 0 0 0 0 0 0 1 1 1 1 1 1 1 1 1 1 1 1 ]
[ 0 0 0 0 0 0 0 0 0 0 0 0 1 1 1 1 1 1 1 1 1 1 1 1 1 ]
[ 0 0 0 0 0 0 0 0 0 0 0 1 1 1 1 1 1 1 1 1 1 1 1 1 1 ]
[ 0 0 0 0 0 0 0 0 0 0 1 1 1 1 1 1 1 1 1 1 1 1 1 1 1 ]
[ 0 0 0 0 0 0 0 0 0 1 1 1 1 1 1 1 1 1 1 1 1 1 1 1 1 ]
[ 0 0 0 0 0 0 0 0 1 1 1 1 1 1 1 1 1 1 1 1 1 1 1 1 1 ]
[ 0 0 0 0 0 0 0 1 1 1 1 1 1 1 1 1 1 1 1 1 1 1 1 1 1 ]
[ 0 0 0 0 0 0 1 1 1 1 1 1 1 1 1 1 1 1 1 1 1 1 1 1 1 ]
[ 0 0 0 0 0 1 1 1 1 1 1 1 1 1 1 1 1 1 1 1 1 1 1 1 1 ]

Timer (generate): 1ms real	0ms user	0ms sys
[ 400 400 400 400 400 400 400 400 400 400 400 400 400 400 400 400 400 400 400 400 400 400 400 400 400 ]
[ 399 400 400 400 400 400 400 400 400 400 400 400 400 400 400 400 400 400 400 400 400 400 400 400 400 ]
[ 399 399 400 400 400 400 400 400 400 400 400 400 400 400 400 400 400 400 400 400 400 400 400 400 400 ]
[ 399 399 399 400 400 400 400 400 400 400 400 400 400 400 400 400 400 400 400 400 400 400 400 400 400 ]
[ 399 399 399 399 400 400 400 400 400 400 400 400 400 400 400 400 400 400 400 400 400 400 400 400 400 ]
[ 399 399 399 399 399 400 400 400 400 400 400 400 400 400 400 400 400 400 400 400 400 400 400 400 400 ]
[ 399 399 399 399 399 399 400 400 400 400 400 400 400 400 400 400 400 400 400 400 400 400 400 400 400 ]
[ 399 399 399 399 399 399 399 400 400 400 400 400 400 400 400 400 400 400 400 400 400 400 400 400 400 ]
[ 399 399 399 399 399 399 399 399 400 400 400 400 400 400 400 400 400 400 400 400 400 400 400 400 400 ]
[ 399 399 399 399 399 399 399 399 399 400 400 400 400 400 400 400 400 400 400 400 400 400 400 400 400 ]
[ 399 399 399 399 399 399 399 399 399 399 400 400 400 400 400 400 400 400 400 400 400 400 400 400 400 ]
[ 399 399 399 399 399 399 399 399 399 399 399 400 400 400 400 400 400 400 400 400 400 400 400 400 400 ]
[ 399 399 399 399 399 399 399 399 399 399 399 399 400 400 400 400 400 400 400 400 400 400 400 400 400 ]
[ 399 399 399 399 399 399 399 399 399 399 399 399 399 400 400 400 400 400 400 400 400 400 400 400 400 ]
[ 399 399 399 399 399 399 399 399 399 399 399 399 399 399 400 400 400 400 400 400 400 400 400 400 400 ]
[ 399 399 399 399 399 399 399 399 399 399 399 399 399 399 399 400 400 400 400 400 400 400 400 400 400 ]
[ 399 399 399 399 399 399 399 399 399 399 399 399 399 399 399 399 400 400 400 400 400 400 400 400 400 ]
[ 399 399 399 399 399 399 399 399 399 399 399 399 399 399 399 399 399 400 400 400 400 400 400 400 400 ]
[ 399 399 399 399 399 399 399 399 399 399 399 399 399 399 399 399 399 399 400 400 400 400 400 400 400 ]
[ 399 399 399 399 399 399 399 399 399 399 399 399 399 399 399 399 399 399 399 400 400 400 400 400 400 ]

Running insertion sort algorithm: 
Timer (sort): 5039ms real	5040ms user	0ms sys
The output is sorted!
[ 0 0 0 0 0 0 0 0 0 0 0 0 0 0 0 0 0 0 0 0 0 0 0 0 1 ]
[ 0 0 0 0 0 0 0 0 0 0 0 0 0 0 0 0 0 0 0 0 0 0 0 1 1 ]
[ 0 0 0 0 0 0 0 0 0 0 0 0 0 0 0 0 0 0 0 0 0 0 1 1 1 ]
[ 0 0 0 0 0 0 0 0 0 0 0 0 0 0 0 0 0 0 0 0 0 1 1 1 1 ]
[ 0 0 0 0 0 0 0 0 0 0 0 0 0 0 0 0 0 0 0 0 1 1 1 1 1 ]
[ 0 0 0 0 0 0 0 0 0 0 0 0 0 0 0 0 0 0 0 1 1 1 1 1 1 ]
[ 0 0 0 0 0 0 0 0 0 0 0 0 0 0 0 0 0 0 1 1 1 1 1 1 1 ]
[ 0 0 0 0 0 0 0 0 0 0 0 0 0 0 0 0 0 1 1 1 1 1 1 1 1 ]
[ 0 0 0 0 0 0 0 0 0 0 0 0 0 0 0 0 1 1 1 1 1 1 1 1 1 ]
[ 0 0 0 0 0 0 0 0 0 0 0 0 0 0 0 1 1 1 1 1 1 1 1 1 1 ]
[ 0 0 0 0 0 0 0 0 0 0 0 0 0 0 1 1 1 1 1 1 1 1 1 1 1 ]
[ 0 0 0 0 0 0 0 0 0 0 0 0 0 1 1 1 1 1 1 1 1 1 1 1 1 ]
[ 0 0 0 0 0 0 0 0 0 0 0 0 1 1 1 1 1 1 1 1 1 1 1 1 1 ]
[ 0 0 0 0 0 0 0 0 0 0 0 1 1 1 1 1 1 1 1 1 1 1 1 1 1 ]
[ 0 0 0 0 0 0 0 0 0 0 1 1 1 1 1 1 1 1 1 1 1 1 1 1 1 ]
[ 0 0 0 0 0 0 0 0 0 1 1 1 1 1 1 1 1 1 1 1 1 1 1 1 1 ]
[ 0 0 0 0 0 0 0 0 1 1 1 1 1 1 1 1 1 1 1 1 1 1 1 1 1 ]
[ 0 0 0 0 0 0 0 1 1 1 1 1 1 1 1 1 1 1 1 1 1 1 1 1 1 ]
[ 0 0 0 0 0 0 1 1 1 1 1 1 1 1 1 1 1 1 1 1 1 1 1 1 1 ]
[ 0 0 0 0 0 1 1 1 1 1 1 1 1 1 1 1 1 1 1 1 1 1 1 1 1 ]

Timer (generate): 1ms real	0ms user	0ms sys
[ 400 400 400 400 400 400 400 400 400 400 400 400 400 400 400 400 400 400 400 400 400 400 400 400 400 ]
[ 399 400 400 400 400 400 400 400 400 400 400 400 400 400 400 400 400 400 400 400 400 400 400 400 400 ]
[ 399 399 400 400 400 400 400 400 400 400 400 400 400 400 400 400 400 400 400 400 400 400 400 400 400 ]
[ 399 399 399 400 400 400 400 400 400 400 400 400 400 400 400 400 400 400 400 400 400 400 400 400 400 ]
[ 399 399 399 399 400 400 400 400 400 400 400 400 400 400 400 400 400 400 400 400 400 400 400 400 400 ]
[ 399 399 399 399 399 400 400 400 400 400 400 400 400 400 400 400 400 400 400 400 400 400 400 400 400 ]
[ 399 399 399 399 399 399 400 400 400 400 400 400 400 400 400 400 400 400 400 400 400 400 400 400 400 ]
[ 399 399 399 399 399 399 399 400 400 400 400 400 400 400 400 400 400 400 400 400 400 400 400 400 400 ]
[ 399 399 399 399 399 399 399 399 400 400 400 400 400 400 400 400 400 400 400 400 400 400 400 400 400 ]
[ 399 399 399 399 399 399 399 399 399 400 400 400 400 400 400 400 400 400 400 400 400 400 400 400 400 ]
[ 399 399 399 399 399 399 399 399 399 399 400 400 400 400 400 400 400 400 400 400 400 400 400 400 400 ]
[ 399 399 399 399 399 399 399 399 399 399 399 400 400 400 400 400 400 400 400 400 400 400 400 400 400 ]
[ 399 399 399 399 399 399 399 399 399 399 399 399 400 400 400 400 400 400 400 400 400 400 400 400 400 ]
[ 399 399 399 399 399 399 399 399 399 399 399 399 399 400 400 400 400 400 400 400 400 400 400 400 400 ]
[ 399 399 399 399 399 399 399 399 399 399 399 399 399 399 400 400 400 400 400 400 400 400 400 400 400 ]
[ 399 399 399 399 399 399 399 399 399 399 399 399 399 399 399 400 400 400 400 400 400 400 400 400 400 ]
[ 399 399 399 399 399 399 399 399 399 399 399 399 399 399 399 399 400 400 400 400 400 400 400 400 400 ]
[ 399 399 399 399 399 399 399 399 399 399 399 399 399 399 399 399 399 400 400 400 400 400 400 400 400 ]
[ 399 399 399 399 399 399 399 399 399 399 399 399 399 399 399 399 399 399 400 400 400 400 400 400 400 ]
[ 399 399 399 399 399 399 399 399 399 399 399 399 399 399 399 399 399 399 399 400 400 400 400 400 400 ]

Running insertion sort algorithm: 
Timer (sort): 5177ms real	5170ms user	0ms sys
The output is sorted!
[ 0 0 0 0 0 0 0 0 0 0 0 0 0 0 0 0 0 0 0 0 0 0 0 0 1 ]
[ 0 0 0 0 0 0 0 0 0 0 0 0 0 0 0 0 0 0 0 0 0 0 0 1 1 ]
[ 0 0 0 0 0 0 0 0 0 0 0 0 0 0 0 0 0 0 0 0 0 0 1 1 1 ]
[ 0 0 0 0 0 0 0 0 0 0 0 0 0 0 0 0 0 0 0 0 0 1 1 1 1 ]
[ 0 0 0 0 0 0 0 0 0 0 0 0 0 0 0 0 0 0 0 0 1 1 1 1 1 ]
[ 0 0 0 0 0 0 0 0 0 0 0 0 0 0 0 0 0 0 0 1 1 1 1 1 1 ]
[ 0 0 0 0 0 0 0 0 0 0 0 0 0 0 0 0 0 0 1 1 1 1 1 1 1 ]
[ 0 0 0 0 0 0 0 0 0 0 0 0 0 0 0 0 0 1 1 1 1 1 1 1 1 ]
[ 0 0 0 0 0 0 0 0 0 0 0 0 0 0 0 0 1 1 1 1 1 1 1 1 1 ]
[ 0 0 0 0 0 0 0 0 0 0 0 0 0 0 0 1 1 1 1 1 1 1 1 1 1 ]
[ 0 0 0 0 0 0 0 0 0 0 0 0 0 0 1 1 1 1 1 1 1 1 1 1 1 ]
[ 0 0 0 0 0 0 0 0 0 0 0 0 0 1 1 1 1 1 1 1 1 1 1 1 1 ]
[ 0 0 0 0 0 0 0 0 0 0 0 0 1 1 1 1 1 1 1 1 1 1 1 1 1 ]
[ 0 0 0 0 0 0 0 0 0 0 0 1 1 1 1 1 1 1 1 1 1 1 1 1 1 ]
[ 0 0 0 0 0 0 0 0 0 0 1 1 1 1 1 1 1 1 1 1 1 1 1 1 1 ]
[ 0 0 0 0 0 0 0 0 0 1 1 1 1 1 1 1 1 1 1 1 1 1 1 1 1 ]
[ 0 0 0 0 0 0 0 0 1 1 1 1 1 1 1 1 1 1 1 1 1 1 1 1 1 ]
[ 0 0 0 0 0 0 0 1 1 1 1 1 1 1 1 1 1 1 1 1 1 1 1 1 1 ]
[ 0 0 0 0 0 0 1 1 1 1 1 1 1 1 1 1 1 1 1 1 1 1 1 1 1 ]
[ 0 0 0 0 0 1 1 1 1 1 1 1 1 1 1 1 1 1 1 1 1 1 1 1 1 ]

Timer (generate): 1ms real	0ms user	0ms sys
[ 400 400 400 400 400 400 400 400 400 400 400 400 400 400 400 400 400 400 400 400 400 400 400 400 400 ]
[ 399 400 400 400 400 400 400 400 400 400 400 400 400 400 400 400 400 400 400 400 400 400 400 400 400 ]
[ 399 399 400 400 400 400 400 400 400 400 400 400 400 400 400 400 400 400 400 400 400 400 400 400 400 ]
[ 399 399 399 400 400 400 400 400 400 400 400 400 400 400 400 400 400 400 400 400 400 400 400 400 400 ]
[ 399 399 399 399 400 400 400 400 400 400 400 400 400 400 400 400 400 400 400 400 400 400 400 400 400 ]
[ 399 399 399 399 399 400 400 400 400 400 400 400 400 400 400 400 400 400 400 400 400 400 400 400 400 ]
[ 399 399 399 399 399 399 400 400 400 400 400 400 400 400 400 400 400 400 400 400 400 400 400 400 400 ]
[ 399 399 399 399 399 399 399 400 400 400 400 400 400 400 400 400 400 400 400 400 400 400 400 400 400 ]
[ 399 399 399 399 399 399 399 399 400 400 400 400 400 400 400 400 400 400 400 400 400 400 400 400 400 ]
[ 399 399 399 399 399 399 399 399 399 400 400 400 400 400 400 400 400 400 400 400 400 400 400 400 400 ]
[ 399 399 399 399 399 399 399 399 399 399 400 400 400 400 400 400 400 400 400 400 400 400 400 400 400 ]
[ 399 399 399 399 399 399 399 399 399 399 399 400 400 400 400 400 400 400 400 400 400 400 400 400 400 ]
[ 399 399 399 399 399 399 399 399 399 399 399 399 400 400 400 400 400 400 400 400 400 400 400 400 400 ]
[ 399 399 399 399 399 399 399 399 399 399 399 399 399 400 400 400 400 400 400 400 400 400 400 400 400 ]
[ 399 399 399 399 399 399 399 399 399 399 399 399 399 399 400 400 400 400 400 400 400 400 400 400 400 ]
[ 399 399 399 399 399 399 399 399 399 399 399 399 399 399 399 400 400 400 400 400 400 400 400 400 400 ]
[ 399 399 399 399 399 399 399 399 399 399 399 399 399 399 399 399 400 400 400 400 400 400 400 400 400 ]
[ 399 399 399 399 399 399 399 399 399 399 399 399 399 399 399 399 399 400 400 400 400 400 400 400 400 ]
[ 399 399 399 399 399 399 399 399 399 399 399 399 399 399 399 399 399 399 400 400 400 400 400 400 400 ]
[ 399 399 399 399 399 399 399 399 399 399 399 399 399 399 399 399 399 399 399 400 400 400 400 400 400 ]

Running insertion sort algorithm: 
Timer (sort): 5382ms real	5380ms user	0ms sys
The output is sorted!
[ 0 0 0 0 0 0 0 0 0 0 0 0 0 0 0 0 0 0 0 0 0 0 0 0 1 ]
[ 0 0 0 0 0 0 0 0 0 0 0 0 0 0 0 0 0 0 0 0 0 0 0 1 1 ]
[ 0 0 0 0 0 0 0 0 0 0 0 0 0 0 0 0 0 0 0 0 0 0 1 1 1 ]
[ 0 0 0 0 0 0 0 0 0 0 0 0 0 0 0 0 0 0 0 0 0 1 1 1 1 ]
[ 0 0 0 0 0 0 0 0 0 0 0 0 0 0 0 0 0 0 0 0 1 1 1 1 1 ]
[ 0 0 0 0 0 0 0 0 0 0 0 0 0 0 0 0 0 0 0 1 1 1 1 1 1 ]
[ 0 0 0 0 0 0 0 0 0 0 0 0 0 0 0 0 0 0 1 1 1 1 1 1 1 ]
[ 0 0 0 0 0 0 0 0 0 0 0 0 0 0 0 0 0 1 1 1 1 1 1 1 1 ]
[ 0 0 0 0 0 0 0 0 0 0 0 0 0 0 0 0 1 1 1 1 1 1 1 1 1 ]
[ 0 0 0 0 0 0 0 0 0 0 0 0 0 0 0 1 1 1 1 1 1 1 1 1 1 ]
[ 0 0 0 0 0 0 0 0 0 0 0 0 0 0 1 1 1 1 1 1 1 1 1 1 1 ]
[ 0 0 0 0 0 0 0 0 0 0 0 0 0 1 1 1 1 1 1 1 1 1 1 1 1 ]
[ 0 0 0 0 0 0 0 0 0 0 0 0 1 1 1 1 1 1 1 1 1 1 1 1 1 ]
[ 0 0 0 0 0 0 0 0 0 0 0 1 1 1 1 1 1 1 1 1 1 1 1 1 1 ]
[ 0 0 0 0 0 0 0 0 0 0 1 1 1 1 1 1 1 1 1 1 1 1 1 1 1 ]
[ 0 0 0 0 0 0 0 0 0 1 1 1 1 1 1 1 1 1 1 1 1 1 1 1 1 ]
[ 0 0 0 0 0 0 0 0 1 1 1 1 1 1 1 1 1 1 1 1 1 1 1 1 1 ]
[ 0 0 0 0 0 0 0 1 1 1 1 1 1 1 1 1 1 1 1 1 1 1 1 1 1 ]
[ 0 0 0 0 0 0 1 1 1 1 1 1 1 1 1 1 1 1 1 1 1 1 1 1 1 ]
[ 0 0 0 0 0 1 1 1 1 1 1 1 1 1 1 1 1 1 1 1 1 1 1 1 1 ]

Timer (generate): 1ms real	0ms user	0ms sys
[ 400 400 400 400 400 400 400 400 400 400 400 400 400 400 400 400 400 400 400 400 400 400 400 400 400 ]
[ 399 400 400 400 400 400 400 400 400 400 400 400 400 400 400 400 400 400 400 400 400 400 400 400 400 ]
[ 399 399 400 400 400 400 400 400 400 400 400 400 400 400 400 400 400 400 400 400 400 400 400 400 400 ]
[ 399 399 399 400 400 400 400 400 400 400 400 400 400 400 400 400 400 400 400 400 400 400 400 400 400 ]
[ 399 399 399 399 400 400 400 400 400 400 400 400 400 400 400 400 400 400 400 400 400 400 400 400 400 ]
[ 399 399 399 399 399 400 400 400 400 400 400 400 400 400 400 400 400 400 400 400 400 400 400 400 400 ]
[ 399 399 399 399 399 399 400 400 400 400 400 400 400 400 400 400 400 400 400 400 400 400 400 400 400 ]
[ 399 399 399 399 399 399 399 400 400 400 400 400 400 400 400 400 400 400 400 400 400 400 400 400 400 ]
[ 399 399 399 399 399 399 399 399 400 400 400 400 400 400 400 400 400 400 400 400 400 400 400 400 400 ]
[ 399 399 399 399 399 399 399 399 399 400 400 400 400 400 400 400 400 400 400 400 400 400 400 400 400 ]
[ 399 399 399 399 399 399 399 399 399 399 400 400 400 400 400 400 400 400 400 400 400 400 400 400 400 ]
[ 399 399 399 399 399 399 399 399 399 399 399 400 400 400 400 400 400 400 400 400 400 400 400 400 400 ]
[ 399 399 399 399 399 399 399 399 399 399 399 399 400 400 400 400 400 400 400 400 400 400 400 400 400 ]
[ 399 399 399 399 399 399 399 399 399 399 399 399 399 400 400 400 400 400 400 400 400 400 400 400 400 ]
[ 399 399 399 399 399 399 399 399 399 399 399 399 399 399 400 400 400 400 400 400 400 400 400 400 400 ]
[ 399 399 399 399 399 399 399 399 399 399 399 399 399 399 399 400 400 400 400 400 400 400 400 400 400 ]
[ 399 399 399 399 399 399 399 399 399 399 399 399 399 399 399 399 400 400 400 400 400 400 400 400 400 ]
[ 399 399 399 399 399 399 399 399 399 399 399 399 399 399 399 399 399 400 400 400 400 400 400 400 400 ]
[ 399 399 399 399 399 399 399 399 399 399 399 399 399 399 399 399 399 399 400 400 400 400 400 400 400 ]
[ 399 399 399 399 399 399 399 399 399 399 399 399 399 399 399 399 399 399 399 400 400 400 400 400 400 ]

Running insertion sort algorithm: 
Timer (sort): 5107ms real	5110ms user	0ms sys
The output is sorted!
[ 0 0 0 0 0 0 0 0 0 0 0 0 0 0 0 0 0 0 0 0 0 0 0 0 1 ]
[ 0 0 0 0 0 0 0 0 0 0 0 0 0 0 0 0 0 0 0 0 0 0 0 1 1 ]
[ 0 0 0 0 0 0 0 0 0 0 0 0 0 0 0 0 0 0 0 0 0 0 1 1 1 ]
[ 0 0 0 0 0 0 0 0 0 0 0 0 0 0 0 0 0 0 0 0 0 1 1 1 1 ]
[ 0 0 0 0 0 0 0 0 0 0 0 0 0 0 0 0 0 0 0 0 1 1 1 1 1 ]
[ 0 0 0 0 0 0 0 0 0 0 0 0 0 0 0 0 0 0 0 1 1 1 1 1 1 ]
[ 0 0 0 0 0 0 0 0 0 0 0 0 0 0 0 0 0 0 1 1 1 1 1 1 1 ]
[ 0 0 0 0 0 0 0 0 0 0 0 0 0 0 0 0 0 1 1 1 1 1 1 1 1 ]
[ 0 0 0 0 0 0 0 0 0 0 0 0 0 0 0 0 1 1 1 1 1 1 1 1 1 ]
[ 0 0 0 0 0 0 0 0 0 0 0 0 0 0 0 1 1 1 1 1 1 1 1 1 1 ]
[ 0 0 0 0 0 0 0 0 0 0 0 0 0 0 1 1 1 1 1 1 1 1 1 1 1 ]
[ 0 0 0 0 0 0 0 0 0 0 0 0 0 1 1 1 1 1 1 1 1 1 1 1 1 ]
[ 0 0 0 0 0 0 0 0 0 0 0 0 1 1 1 1 1 1 1 1 1 1 1 1 1 ]
[ 0 0 0 0 0 0 0 0 0 0 0 1 1 1 1 1 1 1 1 1 1 1 1 1 1 ]
[ 0 0 0 0 0 0 0 0 0 0 1 1 1 1 1 1 1 1 1 1 1 1 1 1 1 ]
[ 0 0 0 0 0 0 0 0 0 1 1 1 1 1 1 1 1 1 1 1 1 1 1 1 1 ]
[ 0 0 0 0 0 0 0 0 1 1 1 1 1 1 1 1 1 1 1 1 1 1 1 1 1 ]
[ 0 0 0 0 0 0 0 1 1 1 1 1 1 1 1 1 1 1 1 1 1 1 1 1 1 ]
[ 0 0 0 0 0 0 1 1 1 1 1 1 1 1 1 1 1 1 1 1 1 1 1 1 1 ]
[ 0 0 0 0 0 1 1 1 1 1 1 1 1 1 1 1 1 1 1 1 1 1 1 1 1 ]

Timer (generate): 1ms real	0ms user	0ms sys
[ 400 400 400 400 400 400 400 400 400 400 400 400 400 400 400 400 400 400 400 400 400 400 400 400 400 ]
[ 399 400 400 400 400 400 400 400 400 400 400 400 400 400 400 400 400 400 400 400 400 400 400 400 400 ]
[ 399 399 400 400 400 400 400 400 400 400 400 400 400 400 400 400 400 400 400 400 400 400 400 400 400 ]
[ 399 399 399 400 400 400 400 400 400 400 400 400 400 400 400 400 400 400 400 400 400 400 400 400 400 ]
[ 399 399 399 399 400 400 400 400 400 400 400 400 400 400 400 400 400 400 400 400 400 400 400 400 400 ]
[ 399 399 399 399 399 400 400 400 400 400 400 400 400 400 400 400 400 400 400 400 400 400 400 400 400 ]
[ 399 399 399 399 399 399 400 400 400 400 400 400 400 400 400 400 400 400 400 400 400 400 400 400 400 ]
[ 399 399 399 399 399 399 399 400 400 400 400 400 400 400 400 400 400 400 400 400 400 400 400 400 400 ]
[ 399 399 399 399 399 399 399 399 400 400 400 400 400 400 400 400 400 400 400 400 400 400 400 400 400 ]
[ 399 399 399 399 399 399 399 399 399 400 400 400 400 400 400 400 400 400 400 400 400 400 400 400 400 ]
[ 399 399 399 399 399 399 399 399 399 399 400 400 400 400 400 400 400 400 400 400 400 400 400 400 400 ]
[ 399 399 399 399 399 399 399 399 399 399 399 400 400 400 400 400 400 400 400 400 400 400 400 400 400 ]
[ 399 399 399 399 399 399 399 399 399 399 399 399 400 400 400 400 400 400 400 400 400 400 400 400 400 ]
[ 399 399 399 399 399 399 399 399 399 399 399 399 399 400 400 400 400 400 400 400 400 400 400 400 400 ]
[ 399 399 399 399 399 399 399 399 399 399 399 399 399 399 400 400 400 400 400 400 400 400 400 400 400 ]
[ 399 399 399 399 399 399 399 399 399 399 399 399 399 399 399 400 400 400 400 400 400 400 400 400 400 ]
[ 399 399 399 399 399 399 399 399 399 399 399 399 399 399 399 399 400 400 400 400 400 400 400 400 400 ]
[ 399 399 399 399 399 399 399 399 399 399 399 399 399 399 399 399 399 400 400 400 400 400 400 400 400 ]
[ 399 399 399 399 399 399 399 399 399 399 399 399 399 399 399 399 399 399 400 400 400 400 400 400 400 ]
[ 399 399 399 399 399 399 399 399 399 399 399 399 399 399 399 399 399 399 399 400 400 400 400 400 400 ]

Running insertion sort algorithm: 
Timer (sort): 4998ms real	5000ms user	0ms sys
The output is sorted!
[ 0 0 0 0 0 0 0 0 0 0 0 0 0 0 0 0 0 0 0 0 0 0 0 0 1 ]
[ 0 0 0 0 0 0 0 0 0 0 0 0 0 0 0 0 0 0 0 0 0 0 0 1 1 ]
[ 0 0 0 0 0 0 0 0 0 0 0 0 0 0 0 0 0 0 0 0 0 0 1 1 1 ]
[ 0 0 0 0 0 0 0 0 0 0 0 0 0 0 0 0 0 0 0 0 0 1 1 1 1 ]
[ 0 0 0 0 0 0 0 0 0 0 0 0 0 0 0 0 0 0 0 0 1 1 1 1 1 ]
[ 0 0 0 0 0 0 0 0 0 0 0 0 0 0 0 0 0 0 0 1 1 1 1 1 1 ]
[ 0 0 0 0 0 0 0 0 0 0 0 0 0 0 0 0 0 0 1 1 1 1 1 1 1 ]
[ 0 0 0 0 0 0 0 0 0 0 0 0 0 0 0 0 0 1 1 1 1 1 1 1 1 ]
[ 0 0 0 0 0 0 0 0 0 0 0 0 0 0 0 0 1 1 1 1 1 1 1 1 1 ]
[ 0 0 0 0 0 0 0 0 0 0 0 0 0 0 0 1 1 1 1 1 1 1 1 1 1 ]
[ 0 0 0 0 0 0 0 0 0 0 0 0 0 0 1 1 1 1 1 1 1 1 1 1 1 ]
[ 0 0 0 0 0 0 0 0 0 0 0 0 0 1 1 1 1 1 1 1 1 1 1 1 1 ]
[ 0 0 0 0 0 0 0 0 0 0 0 0 1 1 1 1 1 1 1 1 1 1 1 1 1 ]
[ 0 0 0 0 0 0 0 0 0 0 0 1 1 1 1 1 1 1 1 1 1 1 1 1 1 ]
[ 0 0 0 0 0 0 0 0 0 0 1 1 1 1 1 1 1 1 1 1 1 1 1 1 1 ]
[ 0 0 0 0 0 0 0 0 0 1 1 1 1 1 1 1 1 1 1 1 1 1 1 1 1 ]
[ 0 0 0 0 0 0 0 0 1 1 1 1 1 1 1 1 1 1 1 1 1 1 1 1 1 ]
[ 0 0 0 0 0 0 0 1 1 1 1 1 1 1 1 1 1 1 1 1 1 1 1 1 1 ]
[ 0 0 0 0 0 0 1 1 1 1 1 1 1 1 1 1 1 1 1 1 1 1 1 1 1 ]
[ 0 0 0 0 0 1 1 1 1 1 1 1 1 1 1 1 1 1 1 1 1 1 1 1 1 ]

Timer (generate): 0ms real	0ms user	0ms sys
[ 400 400 400 400 400 400 400 400 400 400 400 400 400 400 400 400 400 400 400 400 400 400 400 400 400 ]
[ 399 400 400 400 400 400 400 400 400 400 400 400 400 400 400 400 400 400 400 400 400 400 400 400 400 ]
[ 399 399 400 400 400 400 400 400 400 400 400 400 400 400 400 400 400 400 400 400 400 400 400 400 400 ]
[ 399 399 399 400 400 400 400 400 400 400 400 400 400 400 400 400 400 400 400 400 400 400 400 400 400 ]
[ 399 399 399 399 400 400 400 400 400 400 400 400 400 400 400 400 400 400 400 400 400 400 400 400 400 ]
[ 399 399 399 399 399 400 400 400 400 400 400 400 400 400 400 400 400 400 400 400 400 400 400 400 400 ]
[ 399 399 399 399 399 399 400 400 400 400 400 400 400 400 400 400 400 400 400 400 400 400 400 400 400 ]
[ 399 399 399 399 399 399 399 400 400 400 400 400 400 400 400 400 400 400 400 400 400 400 400 400 400 ]
[ 399 399 399 399 399 399 399 399 400 400 400 400 400 400 400 400 400 400 400 400 400 400 400 400 400 ]
[ 399 399 399 399 399 399 399 399 399 400 400 400 400 400 400 400 400 400 400 400 400 400 400 400 400 ]
[ 399 399 399 399 399 399 399 399 399 399 400 400 400 400 400 400 400 400 400 400 400 400 400 400 400 ]
[ 399 399 399 399 399 399 399 399 399 399 399 400 400 400 400 400 400 400 400 400 400 400 400 400 400 ]
[ 399 399 399 399 399 399 399 399 399 399 399 399 400 400 400 400 400 400 400 400 400 400 400 400 400 ]
[ 399 399 399 399 399 399 399 399 399 399 399 399 399 400 400 400 400 400 400 400 400 400 400 400 400 ]
[ 399 399 399 399 399 399 399 399 399 399 399 399 399 399 400 400 400 400 400 400 400 400 400 400 400 ]
[ 399 399 399 399 399 399 399 399 399 399 399 399 399 399 399 400 400 400 400 400 400 400 400 400 400 ]
[ 399 399 399 399 399 399 399 399 399 399 399 399 399 399 399 399 400 400 400 400 400 400 400 400 400 ]
[ 399 399 399 399 399 399 399 399 399 399 399 399 399 399 399 399 399 400 400 400 400 400 400 400 400 ]
[ 399 399 399 399 399 399 399 399 399 399 399 399 399 399 399 399 399 399 400 400 400 400 400 400 400 ]
[ 399 399 399 399 399 399 399 399 399 399 399 399 399 399 399 399 399 399 399 400 400 400 400 400 400 ]

Running insertion sort algorithm: 
Timer (sort): 4945ms real	4940ms user	0ms sys
The output is sorted!
[ 0 0 0 0 0 0 0 0 0 0 0 0 0 0 0 0 0 0 0 0 0 0 0 0 1 ]
[ 0 0 0 0 0 0 0 0 0 0 0 0 0 0 0 0 0 0 0 0 0 0 0 1 1 ]
[ 0 0 0 0 0 0 0 0 0 0 0 0 0 0 0 0 0 0 0 0 0 0 1 1 1 ]
[ 0 0 0 0 0 0 0 0 0 0 0 0 0 0 0 0 0 0 0 0 0 1 1 1 1 ]
[ 0 0 0 0 0 0 0 0 0 0 0 0 0 0 0 0 0 0 0 0 1 1 1 1 1 ]
[ 0 0 0 0 0 0 0 0 0 0 0 0 0 0 0 0 0 0 0 1 1 1 1 1 1 ]
[ 0 0 0 0 0 0 0 0 0 0 0 0 0 0 0 0 0 0 1 1 1 1 1 1 1 ]
[ 0 0 0 0 0 0 0 0 0 0 0 0 0 0 0 0 0 1 1 1 1 1 1 1 1 ]
[ 0 0 0 0 0 0 0 0 0 0 0 0 0 0 0 0 1 1 1 1 1 1 1 1 1 ]
[ 0 0 0 0 0 0 0 0 0 0 0 0 0 0 0 1 1 1 1 1 1 1 1 1 1 ]
[ 0 0 0 0 0 0 0 0 0 0 0 0 0 0 1 1 1 1 1 1 1 1 1 1 1 ]
[ 0 0 0 0 0 0 0 0 0 0 0 0 0 1 1 1 1 1 1 1 1 1 1 1 1 ]
[ 0 0 0 0 0 0 0 0 0 0 0 0 1 1 1 1 1 1 1 1 1 1 1 1 1 ]
[ 0 0 0 0 0 0 0 0 0 0 0 1 1 1 1 1 1 1 1 1 1 1 1 1 1 ]
[ 0 0 0 0 0 0 0 0 0 0 1 1 1 1 1 1 1 1 1 1 1 1 1 1 1 ]
[ 0 0 0 0 0 0 0 0 0 1 1 1 1 1 1 1 1 1 1 1 1 1 1 1 1 ]
[ 0 0 0 0 0 0 0 0 1 1 1 1 1 1 1 1 1 1 1 1 1 1 1 1 1 ]
[ 0 0 0 0 0 0 0 1 1 1 1 1 1 1 1 1 1 1 1 1 1 1 1 1 1 ]
[ 0 0 0 0 0 0 1 1 1 1 1 1 1 1 1 1 1 1 1 1 1 1 1 1 1 ]
[ 0 0 0 0 0 1 1 1 1 1 1 1 1 1 1 1 1 1 1 1 1 1 1 1 1 ]

Timer (generate): 1ms real	0ms user	0ms sys
[ 400 400 400 400 400 400 400 400 400 400 400 400 400 400 400 400 400 400 400 400 400 400 400 400 400 ]
[ 399 400 400 400 400 400 400 400 400 400 400 400 400 400 400 400 400 400 400 400 400 400 400 400 400 ]
[ 399 399 400 400 400 400 400 400 400 400 400 400 400 400 400 400 400 400 400 400 400 400 400 400 400 ]
[ 399 399 399 400 400 400 400 400 400 400 400 400 400 400 400 400 400 400 400 400 400 400 400 400 400 ]
[ 399 399 399 399 400 400 400 400 400 400 400 400 400 400 400 400 400 400 400 400 400 400 400 400 400 ]
[ 399 399 399 399 399 400 400 400 400 400 400 400 400 400 400 400 400 400 400 400 400 400 400 400 400 ]
[ 399 399 399 399 399 399 400 400 400 400 400 400 400 400 400 400 400 400 400 400 400 400 400 400 400 ]
[ 399 399 399 399 399 399 399 400 400 400 400 400 400 400 400 400 400 400 400 400 400 400 400 400 400 ]
[ 399 399 399 399 399 399 399 399 400 400 400 400 400 400 400 400 400 400 400 400 400 400 400 400 400 ]
[ 399 399 399 399 399 399 399 399 399 400 400 400 400 400 400 400 400 400 400 400 400 400 400 400 400 ]
[ 399 399 399 399 399 399 399 399 399 399 400 400 400 400 400 400 400 400 400 400 400 400 400 400 400 ]
[ 399 399 399 399 399 399 399 399 399 399 399 400 400 400 400 400 400 400 400 400 400 400 400 400 400 ]
[ 399 399 399 399 399 399 399 399 399 399 399 399 400 400 400 400 400 400 400 400 400 400 400 400 400 ]
[ 399 399 399 399 399 399 399 399 399 399 399 399 399 400 400 400 400 400 400 400 400 400 400 400 400 ]
[ 399 399 399 399 399 399 399 399 399 399 399 399 399 399 400 400 400 400 400 400 400 400 400 400 400 ]
[ 399 399 399 399 399 399 399 399 399 399 399 399 399 399 399 400 400 400 400 400 400 400 400 400 400 ]
[ 399 399 399 399 399 399 399 399 399 399 399 399 399 399 399 399 400 400 400 400 400 400 400 400 400 ]
[ 399 399 399 399 399 399 399 399 399 399 399 399 399 399 399 399 399 400 400 400 400 400 400 400 400 ]
[ 399 399 399 399 399 399 399 399 399 399 399 399 399 399 399 399 399 399 400 400 400 400 400 400 400 ]
[ 399 399 399 399 399 399 399 399 399 399 399 399 399 399 399 399 399 399 399 400 400 400 400 400 400 ]

Running insertion sort algorithm: 
Timer (sort): 5011ms real	5010ms user	0ms sys
The output is sorted!
[ 0 0 0 0 0 0 0 0 0 0 0 0 0 0 0 0 0 0 0 0 0 0 0 0 1 ]
[ 0 0 0 0 0 0 0 0 0 0 0 0 0 0 0 0 0 0 0 0 0 0 0 1 1 ]
[ 0 0 0 0 0 0 0 0 0 0 0 0 0 0 0 0 0 0 0 0 0 0 1 1 1 ]
[ 0 0 0 0 0 0 0 0 0 0 0 0 0 0 0 0 0 0 0 0 0 1 1 1 1 ]
[ 0 0 0 0 0 0 0 0 0 0 0 0 0 0 0 0 0 0 0 0 1 1 1 1 1 ]
[ 0 0 0 0 0 0 0 0 0 0 0 0 0 0 0 0 0 0 0 1 1 1 1 1 1 ]
[ 0 0 0 0 0 0 0 0 0 0 0 0 0 0 0 0 0 0 1 1 1 1 1 1 1 ]
[ 0 0 0 0 0 0 0 0 0 0 0 0 0 0 0 0 0 1 1 1 1 1 1 1 1 ]
[ 0 0 0 0 0 0 0 0 0 0 0 0 0 0 0 0 1 1 1 1 1 1 1 1 1 ]
[ 0 0 0 0 0 0 0 0 0 0 0 0 0 0 0 1 1 1 1 1 1 1 1 1 1 ]
[ 0 0 0 0 0 0 0 0 0 0 0 0 0 0 1 1 1 1 1 1 1 1 1 1 1 ]
[ 0 0 0 0 0 0 0 0 0 0 0 0 0 1 1 1 1 1 1 1 1 1 1 1 1 ]
[ 0 0 0 0 0 0 0 0 0 0 0 0 1 1 1 1 1 1 1 1 1 1 1 1 1 ]
[ 0 0 0 0 0 0 0 0 0 0 0 1 1 1 1 1 1 1 1 1 1 1 1 1 1 ]
[ 0 0 0 0 0 0 0 0 0 0 1 1 1 1 1 1 1 1 1 1 1 1 1 1 1 ]
[ 0 0 0 0 0 0 0 0 0 1 1 1 1 1 1 1 1 1 1 1 1 1 1 1 1 ]
[ 0 0 0 0 0 0 0 0 1 1 1 1 1 1 1 1 1 1 1 1 1 1 1 1 1 ]
[ 0 0 0 0 0 0 0 1 1 1 1 1 1 1 1 1 1 1 1 1 1 1 1 1 1 ]
[ 0 0 0 0 0 0 1 1 1 1 1 1 1 1 1 1 1 1 1 1 1 1 1 1 1 ]
[ 0 0 0 0 0 1 1 1 1 1 1 1 1 1 1 1 1 1 1 1 1 1 1 1 1 ]

Timer (generate): 1ms real	0ms user	0ms sys
[ 400 400 400 400 400 400 400 400 400 400 400 400 400 400 400 400 400 400 400 400 400 400 400 400 400 ]
[ 399 400 400 400 400 400 400 400 400 400 400 400 400 400 400 400 400 400 400 400 400 400 400 400 400 ]
[ 399 399 400 400 400 400 400 400 400 400 400 400 400 400 400 400 400 400 400 400 400 400 400 400 400 ]
[ 399 399 399 400 400 400 400 400 400 400 400 400 400 400 400 400 400 400 400 400 400 400 400 400 400 ]
[ 399 399 399 399 400 400 400 400 400 400 400 400 400 400 400 400 400 400 400 400 400 400 400 400 400 ]
[ 399 399 399 399 399 400 400 400 400 400 400 400 400 400 400 400 400 400 400 400 400 400 400 400 400 ]
[ 399 399 399 399 399 399 400 400 400 400 400 400 400 400 400 400 400 400 400 400 400 400 400 400 400 ]
[ 399 399 399 399 399 399 399 400 400 400 400 400 400 400 400 400 400 400 400 400 400 400 400 400 400 ]
[ 399 399 399 399 399 399 399 399 400 400 400 400 400 400 400 400 400 400 400 400 400 400 400 400 400 ]
[ 399 399 399 399 399 399 399 399 399 400 400 400 400 400 400 400 400 400 400 400 400 400 400 400 400 ]
[ 399 399 399 399 399 399 399 399 399 399 400 400 400 400 400 400 400 400 400 400 400 400 400 400 400 ]
[ 399 399 399 399 399 399 399 399 399 399 399 400 400 400 400 400 400 400 400 400 400 400 400 400 400 ]
[ 399 399 399 399 399 399 399 399 399 399 399 399 400 400 400 400 400 400 400 400 400 400 400 400 400 ]
[ 399 399 399 399 399 399 399 399 399 399 399 399 399 400 400 400 400 400 400 400 400 400 400 400 400 ]
[ 399 399 399 399 399 399 399 399 399 399 399 399 399 399 400 400 400 400 400 400 400 400 400 400 400 ]
[ 399 399 399 399 399 399 399 399 399 399 399 399 399 399 399 400 400 400 400 400 400 400 400 400 400 ]
[ 399 399 399 399 399 399 399 399 399 399 399 399 399 399 399 399 400 400 400 400 400 400 400 400 400 ]
[ 399 399 399 399 399 399 399 399 399 399 399 399 399 399 399 399 399 400 400 400 400 400 400 400 400 ]
[ 399 399 399 399 399 399 399 399 399 399 399 399 399 399 399 399 399 399 400 400 400 400 400 400 400 ]
[ 399 399 399 399 399 399 399 399 399 399 399 399 399 399 399 399 399 399 399 400 400 400 400 400 400 ]

Running insertion sort algorithm: 
Timer (sort): 4929ms real	4930ms user	0ms sys
The output is sorted!
[ 0 0 0 0 0 0 0 0 0 0 0 0 0 0 0 0 0 0 0 0 0 0 0 0 1 ]
[ 0 0 0 0 0 0 0 0 0 0 0 0 0 0 0 0 0 0 0 0 0 0 0 1 1 ]
[ 0 0 0 0 0 0 0 0 0 0 0 0 0 0 0 0 0 0 0 0 0 0 1 1 1 ]
[ 0 0 0 0 0 0 0 0 0 0 0 0 0 0 0 0 0 0 0 0 0 1 1 1 1 ]
[ 0 0 0 0 0 0 0 0 0 0 0 0 0 0 0 0 0 0 0 0 1 1 1 1 1 ]
[ 0 0 0 0 0 0 0 0 0 0 0 0 0 0 0 0 0 0 0 1 1 1 1 1 1 ]
[ 0 0 0 0 0 0 0 0 0 0 0 0 0 0 0 0 0 0 1 1 1 1 1 1 1 ]
[ 0 0 0 0 0 0 0 0 0 0 0 0 0 0 0 0 0 1 1 1 1 1 1 1 1 ]
[ 0 0 0 0 0 0 0 0 0 0 0 0 0 0 0 0 1 1 1 1 1 1 1 1 1 ]
[ 0 0 0 0 0 0 0 0 0 0 0 0 0 0 0 1 1 1 1 1 1 1 1 1 1 ]
[ 0 0 0 0 0 0 0 0 0 0 0 0 0 0 1 1 1 1 1 1 1 1 1 1 1 ]
[ 0 0 0 0 0 0 0 0 0 0 0 0 0 1 1 1 1 1 1 1 1 1 1 1 1 ]
[ 0 0 0 0 0 0 0 0 0 0 0 0 1 1 1 1 1 1 1 1 1 1 1 1 1 ]
[ 0 0 0 0 0 0 0 0 0 0 0 1 1 1 1 1 1 1 1 1 1 1 1 1 1 ]
[ 0 0 0 0 0 0 0 0 0 0 1 1 1 1 1 1 1 1 1 1 1 1 1 1 1 ]
[ 0 0 0 0 0 0 0 0 0 1 1 1 1 1 1 1 1 1 1 1 1 1 1 1 1 ]
[ 0 0 0 0 0 0 0 0 1 1 1 1 1 1 1 1 1 1 1 1 1 1 1 1 1 ]
[ 0 0 0 0 0 0 0 1 1 1 1 1 1 1 1 1 1 1 1 1 1 1 1 1 1 ]
[ 0 0 0 0 0 0 1 1 1 1 1 1 1 1 1 1 1 1 1 1 1 1 1 1 1 ]
[ 0 0 0 0 0 1 1 1 1 1 1 1 1 1 1 1 1 1 1 1 1 1 1 1 1 ]

