Timer (generate): 1ms real	0ms user	0ms sys
[ 1000 1000 1000 1000 1000 1000 1000 1000 1000 1000 ]
[ 999 1000 1000 1000 1000 1000 1000 1000 1000 1000 ]
[ 999 999 1000 1000 1000 1000 1000 1000 1000 1000 ]
[ 999 999 999 1000 1000 1000 1000 1000 1000 1000 ]
[ 999 999 999 999 1000 1000 1000 1000 1000 1000 ]
[ 999 999 999 999 999 1000 1000 1000 1000 1000 ]
[ 999 999 999 999 999 999 1000 1000 1000 1000 ]
[ 999 999 999 999 999 999 999 1000 1000 1000 ]
[ 999 999 999 999 999 999 999 999 1000 1000 ]
[ 999 999 999 999 999 999 999 999 999 1000 ]
[ 999 999 999 999 999 999 999 999 999 999 ]
[ 998 999 999 999 999 999 999 999 999 999 ]
[ 998 998 999 999 999 999 999 999 999 999 ]
[ 998 998 998 999 999 999 999 999 999 999 ]
[ 998 998 998 998 999 999 999 999 999 999 ]
[ 998 998 998 998 998 999 999 999 999 999 ]
[ 998 998 998 998 998 998 999 999 999 999 ]
[ 998 998 998 998 998 998 998 999 999 999 ]
[ 998 998 998 998 998 998 998 998 999 999 ]
[ 998 998 998 998 998 998 998 998 998 999 ]

Running insertion sort algorithm: 
Timer (sort): 1915ms real	1900ms user	0ms sys
The output is sorted!
[ 0 0 0 0 0 0 0 0 0 1 ]
[ 0 0 0 0 0 0 0 0 1 1 ]
[ 0 0 0 0 0 0 0 1 1 1 ]
[ 0 0 0 0 0 0 1 1 1 1 ]
[ 0 0 0 0 0 1 1 1 1 1 ]
[ 0 0 0 0 1 1 1 1 1 1 ]
[ 0 0 0 1 1 1 1 1 1 1 ]
[ 0 0 1 1 1 1 1 1 1 1 ]
[ 0 1 1 1 1 1 1 1 1 1 ]
[ 1 1 1 1 1 1 1 1 1 1 ]
[ 1 1 1 1 1 1 1 1 1 2 ]
[ 1 1 1 1 1 1 1 1 2 2 ]
[ 1 1 1 1 1 1 1 2 2 2 ]
[ 1 1 1 1 1 1 2 2 2 2 ]
[ 1 1 1 1 1 2 2 2 2 2 ]
[ 1 1 1 1 2 2 2 2 2 2 ]
[ 1 1 1 2 2 2 2 2 2 2 ]
[ 1 1 2 2 2 2 2 2 2 2 ]
[ 1 2 2 2 2 2 2 2 2 2 ]
[ 2 2 2 2 2 2 2 2 2 2 ]

Timer (generate): 0ms real	0ms user	0ms sys
[ 1000 1000 1000 1000 1000 1000 1000 1000 1000 1000 ]
[ 999 1000 1000 1000 1000 1000 1000 1000 1000 1000 ]
[ 999 999 1000 1000 1000 1000 1000 1000 1000 1000 ]
[ 999 999 999 1000 1000 1000 1000 1000 1000 1000 ]
[ 999 999 999 999 1000 1000 1000 1000 1000 1000 ]
[ 999 999 999 999 999 1000 1000 1000 1000 1000 ]
[ 999 999 999 999 999 999 1000 1000 1000 1000 ]
[ 999 999 999 999 999 999 999 1000 1000 1000 ]
[ 999 999 999 999 999 999 999 999 1000 1000 ]
[ 999 999 999 999 999 999 999 999 999 1000 ]
[ 999 999 999 999 999 999 999 999 999 999 ]
[ 998 999 999 999 999 999 999 999 999 999 ]
[ 998 998 999 999 999 999 999 999 999 999 ]
[ 998 998 998 999 999 999 999 999 999 999 ]
[ 998 998 998 998 999 999 999 999 999 999 ]
[ 998 998 998 998 998 999 999 999 999 999 ]
[ 998 998 998 998 998 998 999 999 999 999 ]
[ 998 998 998 998 998 998 998 999 999 999 ]
[ 998 998 998 998 998 998 998 998 999 999 ]
[ 998 998 998 998 998 998 998 998 998 999 ]

Running insertion sort algorithm: 
Timer (sort): 1906ms real	1900ms user	0ms sys
The output is sorted!
[ 0 0 0 0 0 0 0 0 0 1 ]
[ 0 0 0 0 0 0 0 0 1 1 ]
[ 0 0 0 0 0 0 0 1 1 1 ]
[ 0 0 0 0 0 0 1 1 1 1 ]
[ 0 0 0 0 0 1 1 1 1 1 ]
[ 0 0 0 0 1 1 1 1 1 1 ]
[ 0 0 0 1 1 1 1 1 1 1 ]
[ 0 0 1 1 1 1 1 1 1 1 ]
[ 0 1 1 1 1 1 1 1 1 1 ]
[ 1 1 1 1 1 1 1 1 1 1 ]
[ 1 1 1 1 1 1 1 1 1 2 ]
[ 1 1 1 1 1 1 1 1 2 2 ]
[ 1 1 1 1 1 1 1 2 2 2 ]
[ 1 1 1 1 1 1 2 2 2 2 ]
[ 1 1 1 1 1 2 2 2 2 2 ]
[ 1 1 1 1 2 2 2 2 2 2 ]
[ 1 1 1 2 2 2 2 2 2 2 ]
[ 1 1 2 2 2 2 2 2 2 2 ]
[ 1 2 2 2 2 2 2 2 2 2 ]
[ 2 2 2 2 2 2 2 2 2 2 ]

Timer (generate): 0ms real	0ms user	0ms sys
[ 1000 1000 1000 1000 1000 1000 1000 1000 1000 1000 ]
[ 999 1000 1000 1000 1000 1000 1000 1000 1000 1000 ]
[ 999 999 1000 1000 1000 1000 1000 1000 1000 1000 ]
[ 999 999 999 1000 1000 1000 1000 1000 1000 1000 ]
[ 999 999 999 999 1000 1000 1000 1000 1000 1000 ]
[ 999 999 999 999 999 1000 1000 1000 1000 1000 ]
[ 999 999 999 999 999 999 1000 1000 1000 1000 ]
[ 999 999 999 999 999 999 999 1000 1000 1000 ]
[ 999 999 999 999 999 999 999 999 1000 1000 ]
[ 999 999 999 999 999 999 999 999 999 1000 ]
[ 999 999 999 999 999 999 999 999 999 999 ]
[ 998 999 999 999 999 999 999 999 999 999 ]
[ 998 998 999 999 999 999 999 999 999 999 ]
[ 998 998 998 999 999 999 999 999 999 999 ]
[ 998 998 998 998 999 999 999 999 999 999 ]
[ 998 998 998 998 998 999 999 999 999 999 ]
[ 998 998 998 998 998 998 999 999 999 999 ]
[ 998 998 998 998 998 998 998 999 999 999 ]
[ 998 998 998 998 998 998 998 998 999 999 ]
[ 998 998 998 998 998 998 998 998 998 999 ]

Running insertion sort algorithm: 
Timer (sort): 1908ms real	1900ms user	10ms sys
The output is sorted!
[ 0 0 0 0 0 0 0 0 0 1 ]
[ 0 0 0 0 0 0 0 0 1 1 ]
[ 0 0 0 0 0 0 0 1 1 1 ]
[ 0 0 0 0 0 0 1 1 1 1 ]
[ 0 0 0 0 0 1 1 1 1 1 ]
[ 0 0 0 0 1 1 1 1 1 1 ]
[ 0 0 0 1 1 1 1 1 1 1 ]
[ 0 0 1 1 1 1 1 1 1 1 ]
[ 0 1 1 1 1 1 1 1 1 1 ]
[ 1 1 1 1 1 1 1 1 1 1 ]
[ 1 1 1 1 1 1 1 1 1 2 ]
[ 1 1 1 1 1 1 1 1 2 2 ]
[ 1 1 1 1 1 1 1 2 2 2 ]
[ 1 1 1 1 1 1 2 2 2 2 ]
[ 1 1 1 1 1 2 2 2 2 2 ]
[ 1 1 1 1 2 2 2 2 2 2 ]
[ 1 1 1 2 2 2 2 2 2 2 ]
[ 1 1 2 2 2 2 2 2 2 2 ]
[ 1 2 2 2 2 2 2 2 2 2 ]
[ 2 2 2 2 2 2 2 2 2 2 ]

Timer (generate): 0ms real	0ms user	0ms sys
[ 1000 1000 1000 1000 1000 1000 1000 1000 1000 1000 ]
[ 999 1000 1000 1000 1000 1000 1000 1000 1000 1000 ]
[ 999 999 1000 1000 1000 1000 1000 1000 1000 1000 ]
[ 999 999 999 1000 1000 1000 1000 1000 1000 1000 ]
[ 999 999 999 999 1000 1000 1000 1000 1000 1000 ]
[ 999 999 999 999 999 1000 1000 1000 1000 1000 ]
[ 999 999 999 999 999 999 1000 1000 1000 1000 ]
[ 999 999 999 999 999 999 999 1000 1000 1000 ]
[ 999 999 999 999 999 999 999 999 1000 1000 ]
[ 999 999 999 999 999 999 999 999 999 1000 ]
[ 999 999 999 999 999 999 999 999 999 999 ]
[ 998 999 999 999 999 999 999 999 999 999 ]
[ 998 998 999 999 999 999 999 999 999 999 ]
[ 998 998 998 999 999 999 999 999 999 999 ]
[ 998 998 998 998 999 999 999 999 999 999 ]
[ 998 998 998 998 998 999 999 999 999 999 ]
[ 998 998 998 998 998 998 999 999 999 999 ]
[ 998 998 998 998 998 998 998 999 999 999 ]
[ 998 998 998 998 998 998 998 998 999 999 ]
[ 998 998 998 998 998 998 998 998 998 999 ]

Running insertion sort algorithm: 
Timer (sort): 2018ms real	2010ms user	0ms sys
The output is sorted!
[ 0 0 0 0 0 0 0 0 0 1 ]
[ 0 0 0 0 0 0 0 0 1 1 ]
[ 0 0 0 0 0 0 0 1 1 1 ]
[ 0 0 0 0 0 0 1 1 1 1 ]
[ 0 0 0 0 0 1 1 1 1 1 ]
[ 0 0 0 0 1 1 1 1 1 1 ]
[ 0 0 0 1 1 1 1 1 1 1 ]
[ 0 0 1 1 1 1 1 1 1 1 ]
[ 0 1 1 1 1 1 1 1 1 1 ]
[ 1 1 1 1 1 1 1 1 1 1 ]
[ 1 1 1 1 1 1 1 1 1 2 ]
[ 1 1 1 1 1 1 1 1 2 2 ]
[ 1 1 1 1 1 1 1 2 2 2 ]
[ 1 1 1 1 1 1 2 2 2 2 ]
[ 1 1 1 1 1 2 2 2 2 2 ]
[ 1 1 1 1 2 2 2 2 2 2 ]
[ 1 1 1 2 2 2 2 2 2 2 ]
[ 1 1 2 2 2 2 2 2 2 2 ]
[ 1 2 2 2 2 2 2 2 2 2 ]
[ 2 2 2 2 2 2 2 2 2 2 ]

Timer (generate): 1ms real	0ms user	0ms sys
[ 1000 1000 1000 1000 1000 1000 1000 1000 1000 1000 ]
[ 999 1000 1000 1000 1000 1000 1000 1000 1000 1000 ]
[ 999 999 1000 1000 1000 1000 1000 1000 1000 1000 ]
[ 999 999 999 1000 1000 1000 1000 1000 1000 1000 ]
[ 999 999 999 999 1000 1000 1000 1000 1000 1000 ]
[ 999 999 999 999 999 1000 1000 1000 1000 1000 ]
[ 999 999 999 999 999 999 1000 1000 1000 1000 ]
[ 999 999 999 999 999 999 999 1000 1000 1000 ]
[ 999 999 999 999 999 999 999 999 1000 1000 ]
[ 999 999 999 999 999 999 999 999 999 1000 ]
[ 999 999 999 999 999 999 999 999 999 999 ]
[ 998 999 999 999 999 999 999 999 999 999 ]
[ 998 998 999 999 999 999 999 999 999 999 ]
[ 998 998 998 999 999 999 999 999 999 999 ]
[ 998 998 998 998 999 999 999 999 999 999 ]
[ 998 998 998 998 998 999 999 999 999 999 ]
[ 998 998 998 998 998 998 999 999 999 999 ]
[ 998 998 998 998 998 998 998 999 999 999 ]
[ 998 998 998 998 998 998 998 998 999 999 ]
[ 998 998 998 998 998 998 998 998 998 999 ]

Running insertion sort algorithm: 
Timer (sort): 1883ms real	1880ms user	0ms sys
The output is sorted!
[ 0 0 0 0 0 0 0 0 0 1 ]
[ 0 0 0 0 0 0 0 0 1 1 ]
[ 0 0 0 0 0 0 0 1 1 1 ]
[ 0 0 0 0 0 0 1 1 1 1 ]
[ 0 0 0 0 0 1 1 1 1 1 ]
[ 0 0 0 0 1 1 1 1 1 1 ]
[ 0 0 0 1 1 1 1 1 1 1 ]
[ 0 0 1 1 1 1 1 1 1 1 ]
[ 0 1 1 1 1 1 1 1 1 1 ]
[ 1 1 1 1 1 1 1 1 1 1 ]
[ 1 1 1 1 1 1 1 1 1 2 ]
[ 1 1 1 1 1 1 1 1 2 2 ]
[ 1 1 1 1 1 1 1 2 2 2 ]
[ 1 1 1 1 1 1 2 2 2 2 ]
[ 1 1 1 1 1 2 2 2 2 2 ]
[ 1 1 1 1 2 2 2 2 2 2 ]
[ 1 1 1 2 2 2 2 2 2 2 ]
[ 1 1 2 2 2 2 2 2 2 2 ]
[ 1 2 2 2 2 2 2 2 2 2 ]
[ 2 2 2 2 2 2 2 2 2 2 ]

Timer (generate): 0ms real	0ms user	0ms sys
[ 1000 1000 1000 1000 1000 1000 1000 1000 1000 1000 ]
[ 999 1000 1000 1000 1000 1000 1000 1000 1000 1000 ]
[ 999 999 1000 1000 1000 1000 1000 1000 1000 1000 ]
[ 999 999 999 1000 1000 1000 1000 1000 1000 1000 ]
[ 999 999 999 999 1000 1000 1000 1000 1000 1000 ]
[ 999 999 999 999 999 1000 1000 1000 1000 1000 ]
[ 999 999 999 999 999 999 1000 1000 1000 1000 ]
[ 999 999 999 999 999 999 999 1000 1000 1000 ]
[ 999 999 999 999 999 999 999 999 1000 1000 ]
[ 999 999 999 999 999 999 999 999 999 1000 ]
[ 999 999 999 999 999 999 999 999 999 999 ]
[ 998 999 999 999 999 999 999 999 999 999 ]
[ 998 998 999 999 999 999 999 999 999 999 ]
[ 998 998 998 999 999 999 999 999 999 999 ]
[ 998 998 998 998 999 999 999 999 999 999 ]
[ 998 998 998 998 998 999 999 999 999 999 ]
[ 998 998 998 998 998 998 999 999 999 999 ]
[ 998 998 998 998 998 998 998 999 999 999 ]
[ 998 998 998 998 998 998 998 998 999 999 ]
[ 998 998 998 998 998 998 998 998 998 999 ]

Running insertion sort algorithm: 
Timer (sort): 1870ms real	1870ms user	0ms sys
The output is sorted!
[ 0 0 0 0 0 0 0 0 0 1 ]
[ 0 0 0 0 0 0 0 0 1 1 ]
[ 0 0 0 0 0 0 0 1 1 1 ]
[ 0 0 0 0 0 0 1 1 1 1 ]
[ 0 0 0 0 0 1 1 1 1 1 ]
[ 0 0 0 0 1 1 1 1 1 1 ]
[ 0 0 0 1 1 1 1 1 1 1 ]
[ 0 0 1 1 1 1 1 1 1 1 ]
[ 0 1 1 1 1 1 1 1 1 1 ]
[ 1 1 1 1 1 1 1 1 1 1 ]
[ 1 1 1 1 1 1 1 1 1 2 ]
[ 1 1 1 1 1 1 1 1 2 2 ]
[ 1 1 1 1 1 1 1 2 2 2 ]
[ 1 1 1 1 1 1 2 2 2 2 ]
[ 1 1 1 1 1 2 2 2 2 2 ]
[ 1 1 1 1 2 2 2 2 2 2 ]
[ 1 1 1 2 2 2 2 2 2 2 ]
[ 1 1 2 2 2 2 2 2 2 2 ]
[ 1 2 2 2 2 2 2 2 2 2 ]
[ 2 2 2 2 2 2 2 2 2 2 ]

Timer (generate): 1ms real	0ms user	0ms sys
[ 1000 1000 1000 1000 1000 1000 1000 1000 1000 1000 ]
[ 999 1000 1000 1000 1000 1000 1000 1000 1000 1000 ]
[ 999 999 1000 1000 1000 1000 1000 1000 1000 1000 ]
[ 999 999 999 1000 1000 1000 1000 1000 1000 1000 ]
[ 999 999 999 999 1000 1000 1000 1000 1000 1000 ]
[ 999 999 999 999 999 1000 1000 1000 1000 1000 ]
[ 999 999 999 999 999 999 1000 1000 1000 1000 ]
[ 999 999 999 999 999 999 999 1000 1000 1000 ]
[ 999 999 999 999 999 999 999 999 1000 1000 ]
[ 999 999 999 999 999 999 999 999 999 1000 ]
[ 999 999 999 999 999 999 999 999 999 999 ]
[ 998 999 999 999 999 999 999 999 999 999 ]
[ 998 998 999 999 999 999 999 999 999 999 ]
[ 998 998 998 999 999 999 999 999 999 999 ]
[ 998 998 998 998 999 999 999 999 999 999 ]
[ 998 998 998 998 998 999 999 999 999 999 ]
[ 998 998 998 998 998 998 999 999 999 999 ]
[ 998 998 998 998 998 998 998 999 999 999 ]
[ 998 998 998 998 998 998 998 998 999 999 ]
[ 998 998 998 998 998 998 998 998 998 999 ]

Running insertion sort algorithm: 
Timer (sort): 1911ms real	1910ms user	0ms sys
The output is sorted!
[ 0 0 0 0 0 0 0 0 0 1 ]
[ 0 0 0 0 0 0 0 0 1 1 ]
[ 0 0 0 0 0 0 0 1 1 1 ]
[ 0 0 0 0 0 0 1 1 1 1 ]
[ 0 0 0 0 0 1 1 1 1 1 ]
[ 0 0 0 0 1 1 1 1 1 1 ]
[ 0 0 0 1 1 1 1 1 1 1 ]
[ 0 0 1 1 1 1 1 1 1 1 ]
[ 0 1 1 1 1 1 1 1 1 1 ]
[ 1 1 1 1 1 1 1 1 1 1 ]
[ 1 1 1 1 1 1 1 1 1 2 ]
[ 1 1 1 1 1 1 1 1 2 2 ]
[ 1 1 1 1 1 1 1 2 2 2 ]
[ 1 1 1 1 1 1 2 2 2 2 ]
[ 1 1 1 1 1 2 2 2 2 2 ]
[ 1 1 1 1 2 2 2 2 2 2 ]
[ 1 1 1 2 2 2 2 2 2 2 ]
[ 1 1 2 2 2 2 2 2 2 2 ]
[ 1 2 2 2 2 2 2 2 2 2 ]
[ 2 2 2 2 2 2 2 2 2 2 ]

Timer (generate): 1ms real	0ms user	0ms sys
[ 1000 1000 1000 1000 1000 1000 1000 1000 1000 1000 ]
[ 999 1000 1000 1000 1000 1000 1000 1000 1000 1000 ]
[ 999 999 1000 1000 1000 1000 1000 1000 1000 1000 ]
[ 999 999 999 1000 1000 1000 1000 1000 1000 1000 ]
[ 999 999 999 999 1000 1000 1000 1000 1000 1000 ]
[ 999 999 999 999 999 1000 1000 1000 1000 1000 ]
[ 999 999 999 999 999 999 1000 1000 1000 1000 ]
[ 999 999 999 999 999 999 999 1000 1000 1000 ]
[ 999 999 999 999 999 999 999 999 1000 1000 ]
[ 999 999 999 999 999 999 999 999 999 1000 ]
[ 999 999 999 999 999 999 999 999 999 999 ]
[ 998 999 999 999 999 999 999 999 999 999 ]
[ 998 998 999 999 999 999 999 999 999 999 ]
[ 998 998 998 999 999 999 999 999 999 999 ]
[ 998 998 998 998 999 999 999 999 999 999 ]
[ 998 998 998 998 998 999 999 999 999 999 ]
[ 998 998 998 998 998 998 999 999 999 999 ]
[ 998 998 998 998 998 998 998 999 999 999 ]
[ 998 998 998 998 998 998 998 998 999 999 ]
[ 998 998 998 998 998 998 998 998 998 999 ]

Running insertion sort algorithm: 
Timer (sort): 1877ms real	1870ms user	0ms sys
The output is sorted!
[ 0 0 0 0 0 0 0 0 0 1 ]
[ 0 0 0 0 0 0 0 0 1 1 ]
[ 0 0 0 0 0 0 0 1 1 1 ]
[ 0 0 0 0 0 0 1 1 1 1 ]
[ 0 0 0 0 0 1 1 1 1 1 ]
[ 0 0 0 0 1 1 1 1 1 1 ]
[ 0 0 0 1 1 1 1 1 1 1 ]
[ 0 0 1 1 1 1 1 1 1 1 ]
[ 0 1 1 1 1 1 1 1 1 1 ]
[ 1 1 1 1 1 1 1 1 1 1 ]
[ 1 1 1 1 1 1 1 1 1 2 ]
[ 1 1 1 1 1 1 1 1 2 2 ]
[ 1 1 1 1 1 1 1 2 2 2 ]
[ 1 1 1 1 1 1 2 2 2 2 ]
[ 1 1 1 1 1 2 2 2 2 2 ]
[ 1 1 1 1 2 2 2 2 2 2 ]
[ 1 1 1 2 2 2 2 2 2 2 ]
[ 1 1 2 2 2 2 2 2 2 2 ]
[ 1 2 2 2 2 2 2 2 2 2 ]
[ 2 2 2 2 2 2 2 2 2 2 ]

Timer (generate): 1ms real	0ms user	0ms sys
[ 1000 1000 1000 1000 1000 1000 1000 1000 1000 1000 ]
[ 999 1000 1000 1000 1000 1000 1000 1000 1000 1000 ]
[ 999 999 1000 1000 1000 1000 1000 1000 1000 1000 ]
[ 999 999 999 1000 1000 1000 1000 1000 1000 1000 ]
[ 999 999 999 999 1000 1000 1000 1000 1000 1000 ]
[ 999 999 999 999 999 1000 1000 1000 1000 1000 ]
[ 999 999 999 999 999 999 1000 1000 1000 1000 ]
[ 999 999 999 999 999 999 999 1000 1000 1000 ]
[ 999 999 999 999 999 999 999 999 1000 1000 ]
[ 999 999 999 999 999 999 999 999 999 1000 ]
[ 999 999 999 999 999 999 999 999 999 999 ]
[ 998 999 999 999 999 999 999 999 999 999 ]
[ 998 998 999 999 999 999 999 999 999 999 ]
[ 998 998 998 999 999 999 999 999 999 999 ]
[ 998 998 998 998 999 999 999 999 999 999 ]
[ 998 998 998 998 998 999 999 999 999 999 ]
[ 998 998 998 998 998 998 999 999 999 999 ]
[ 998 998 998 998 998 998 998 999 999 999 ]
[ 998 998 998 998 998 998 998 998 999 999 ]
[ 998 998 998 998 998 998 998 998 998 999 ]

Running insertion sort algorithm: 
Timer (sort): 1862ms real	1860ms user	0ms sys
The output is sorted!
[ 0 0 0 0 0 0 0 0 0 1 ]
[ 0 0 0 0 0 0 0 0 1 1 ]
[ 0 0 0 0 0 0 0 1 1 1 ]
[ 0 0 0 0 0 0 1 1 1 1 ]
[ 0 0 0 0 0 1 1 1 1 1 ]
[ 0 0 0 0 1 1 1 1 1 1 ]
[ 0 0 0 1 1 1 1 1 1 1 ]
[ 0 0 1 1 1 1 1 1 1 1 ]
[ 0 1 1 1 1 1 1 1 1 1 ]
[ 1 1 1 1 1 1 1 1 1 1 ]
[ 1 1 1 1 1 1 1 1 1 2 ]
[ 1 1 1 1 1 1 1 1 2 2 ]
[ 1 1 1 1 1 1 1 2 2 2 ]
[ 1 1 1 1 1 1 2 2 2 2 ]
[ 1 1 1 1 1 2 2 2 2 2 ]
[ 1 1 1 1 2 2 2 2 2 2 ]
[ 1 1 1 2 2 2 2 2 2 2 ]
[ 1 1 2 2 2 2 2 2 2 2 ]
[ 1 2 2 2 2 2 2 2 2 2 ]
[ 2 2 2 2 2 2 2 2 2 2 ]

Timer (generate): 1ms real	0ms user	0ms sys
[ 1000 1000 1000 1000 1000 1000 1000 1000 1000 1000 ]
[ 999 1000 1000 1000 1000 1000 1000 1000 1000 1000 ]
[ 999 999 1000 1000 1000 1000 1000 1000 1000 1000 ]
[ 999 999 999 1000 1000 1000 1000 1000 1000 1000 ]
[ 999 999 999 999 1000 1000 1000 1000 1000 1000 ]
[ 999 999 999 999 999 1000 1000 1000 1000 1000 ]
[ 999 999 999 999 999 999 1000 1000 1000 1000 ]
[ 999 999 999 999 999 999 999 1000 1000 1000 ]
[ 999 999 999 999 999 999 999 999 1000 1000 ]
[ 999 999 999 999 999 999 999 999 999 1000 ]
[ 999 999 999 999 999 999 999 999 999 999 ]
[ 998 999 999 999 999 999 999 999 999 999 ]
[ 998 998 999 999 999 999 999 999 999 999 ]
[ 998 998 998 999 999 999 999 999 999 999 ]
[ 998 998 998 998 999 999 999 999 999 999 ]
[ 998 998 998 998 998 999 999 999 999 999 ]
[ 998 998 998 998 998 998 999 999 999 999 ]
[ 998 998 998 998 998 998 998 999 999 999 ]
[ 998 998 998 998 998 998 998 998 999 999 ]
[ 998 998 998 998 998 998 998 998 998 999 ]

Running insertion sort algorithm: 
Timer (sort): 1984ms real	1980ms user	0ms sys
The output is sorted!
[ 0 0 0 0 0 0 0 0 0 1 ]
[ 0 0 0 0 0 0 0 0 1 1 ]
[ 0 0 0 0 0 0 0 1 1 1 ]
[ 0 0 0 0 0 0 1 1 1 1 ]
[ 0 0 0 0 0 1 1 1 1 1 ]
[ 0 0 0 0 1 1 1 1 1 1 ]
[ 0 0 0 1 1 1 1 1 1 1 ]
[ 0 0 1 1 1 1 1 1 1 1 ]
[ 0 1 1 1 1 1 1 1 1 1 ]
[ 1 1 1 1 1 1 1 1 1 1 ]
[ 1 1 1 1 1 1 1 1 1 2 ]
[ 1 1 1 1 1 1 1 1 2 2 ]
[ 1 1 1 1 1 1 1 2 2 2 ]
[ 1 1 1 1 1 1 2 2 2 2 ]
[ 1 1 1 1 1 2 2 2 2 2 ]
[ 1 1 1 1 2 2 2 2 2 2 ]
[ 1 1 1 2 2 2 2 2 2 2 ]
[ 1 1 2 2 2 2 2 2 2 2 ]
[ 1 2 2 2 2 2 2 2 2 2 ]
[ 2 2 2 2 2 2 2 2 2 2 ]

Timer (generate): 1ms real	0ms user	0ms sys
[ 1000 1000 1000 1000 1000 1000 1000 1000 1000 1000 ]
[ 999 1000 1000 1000 1000 1000 1000 1000 1000 1000 ]
[ 999 999 1000 1000 1000 1000 1000 1000 1000 1000 ]
[ 999 999 999 1000 1000 1000 1000 1000 1000 1000 ]
[ 999 999 999 999 1000 1000 1000 1000 1000 1000 ]
[ 999 999 999 999 999 1000 1000 1000 1000 1000 ]
[ 999 999 999 999 999 999 1000 1000 1000 1000 ]
[ 999 999 999 999 999 999 999 1000 1000 1000 ]
[ 999 999 999 999 999 999 999 999 1000 1000 ]
[ 999 999 999 999 999 999 999 999 999 1000 ]
[ 999 999 999 999 999 999 999 999 999 999 ]
[ 998 999 999 999 999 999 999 999 999 999 ]
[ 998 998 999 999 999 999 999 999 999 999 ]
[ 998 998 998 999 999 999 999 999 999 999 ]
[ 998 998 998 998 999 999 999 999 999 999 ]
[ 998 998 998 998 998 999 999 999 999 999 ]
[ 998 998 998 998 998 998 999 999 999 999 ]
[ 998 998 998 998 998 998 998 999 999 999 ]
[ 998 998 998 998 998 998 998 998 999 999 ]
[ 998 998 998 998 998 998 998 998 998 999 ]

Running insertion sort algorithm: 
Timer (sort): 1796ms real	1790ms user	0ms sys
The output is sorted!
[ 0 0 0 0 0 0 0 0 0 1 ]
[ 0 0 0 0 0 0 0 0 1 1 ]
[ 0 0 0 0 0 0 0 1 1 1 ]
[ 0 0 0 0 0 0 1 1 1 1 ]
[ 0 0 0 0 0 1 1 1 1 1 ]
[ 0 0 0 0 1 1 1 1 1 1 ]
[ 0 0 0 1 1 1 1 1 1 1 ]
[ 0 0 1 1 1 1 1 1 1 1 ]
[ 0 1 1 1 1 1 1 1 1 1 ]
[ 1 1 1 1 1 1 1 1 1 1 ]
[ 1 1 1 1 1 1 1 1 1 2 ]
[ 1 1 1 1 1 1 1 1 2 2 ]
[ 1 1 1 1 1 1 1 2 2 2 ]
[ 1 1 1 1 1 1 2 2 2 2 ]
[ 1 1 1 1 1 2 2 2 2 2 ]
[ 1 1 1 1 2 2 2 2 2 2 ]
[ 1 1 1 2 2 2 2 2 2 2 ]
[ 1 1 2 2 2 2 2 2 2 2 ]
[ 1 2 2 2 2 2 2 2 2 2 ]
[ 2 2 2 2 2 2 2 2 2 2 ]

Timer (generate): 1ms real	0ms user	0ms sys
[ 1000 1000 1000 1000 1000 1000 1000 1000 1000 1000 ]
[ 999 1000 1000 1000 1000 1000 1000 1000 1000 1000 ]
[ 999 999 1000 1000 1000 1000 1000 1000 1000 1000 ]
[ 999 999 999 1000 1000 1000 1000 1000 1000 1000 ]
[ 999 999 999 999 1000 1000 1000 1000 1000 1000 ]
[ 999 999 999 999 999 1000 1000 1000 1000 1000 ]
[ 999 999 999 999 999 999 1000 1000 1000 1000 ]
[ 999 999 999 999 999 999 999 1000 1000 1000 ]
[ 999 999 999 999 999 999 999 999 1000 1000 ]
[ 999 999 999 999 999 999 999 999 999 1000 ]
[ 999 999 999 999 999 999 999 999 999 999 ]
[ 998 999 999 999 999 999 999 999 999 999 ]
[ 998 998 999 999 999 999 999 999 999 999 ]
[ 998 998 998 999 999 999 999 999 999 999 ]
[ 998 998 998 998 999 999 999 999 999 999 ]
[ 998 998 998 998 998 999 999 999 999 999 ]
[ 998 998 998 998 998 998 999 999 999 999 ]
[ 998 998 998 998 998 998 998 999 999 999 ]
[ 998 998 998 998 998 998 998 998 999 999 ]
[ 998 998 998 998 998 998 998 998 998 999 ]

Running insertion sort algorithm: 
Timer (sort): 1750ms real	1750ms user	0ms sys
The output is sorted!
[ 0 0 0 0 0 0 0 0 0 1 ]
[ 0 0 0 0 0 0 0 0 1 1 ]
[ 0 0 0 0 0 0 0 1 1 1 ]
[ 0 0 0 0 0 0 1 1 1 1 ]
[ 0 0 0 0 0 1 1 1 1 1 ]
[ 0 0 0 0 1 1 1 1 1 1 ]
[ 0 0 0 1 1 1 1 1 1 1 ]
[ 0 0 1 1 1 1 1 1 1 1 ]
[ 0 1 1 1 1 1 1 1 1 1 ]
[ 1 1 1 1 1 1 1 1 1 1 ]
[ 1 1 1 1 1 1 1 1 1 2 ]
[ 1 1 1 1 1 1 1 1 2 2 ]
[ 1 1 1 1 1 1 1 2 2 2 ]
[ 1 1 1 1 1 1 2 2 2 2 ]
[ 1 1 1 1 1 2 2 2 2 2 ]
[ 1 1 1 1 2 2 2 2 2 2 ]
[ 1 1 1 2 2 2 2 2 2 2 ]
[ 1 1 2 2 2 2 2 2 2 2 ]
[ 1 2 2 2 2 2 2 2 2 2 ]
[ 2 2 2 2 2 2 2 2 2 2 ]

Timer (generate): 1ms real	0ms user	0ms sys
[ 1000 1000 1000 1000 1000 1000 1000 1000 1000 1000 ]
[ 999 1000 1000 1000 1000 1000 1000 1000 1000 1000 ]
[ 999 999 1000 1000 1000 1000 1000 1000 1000 1000 ]
[ 999 999 999 1000 1000 1000 1000 1000 1000 1000 ]
[ 999 999 999 999 1000 1000 1000 1000 1000 1000 ]
[ 999 999 999 999 999 1000 1000 1000 1000 1000 ]
[ 999 999 999 999 999 999 1000 1000 1000 1000 ]
[ 999 999 999 999 999 999 999 1000 1000 1000 ]
[ 999 999 999 999 999 999 999 999 1000 1000 ]
[ 999 999 999 999 999 999 999 999 999 1000 ]
[ 999 999 999 999 999 999 999 999 999 999 ]
[ 998 999 999 999 999 999 999 999 999 999 ]
[ 998 998 999 999 999 999 999 999 999 999 ]
[ 998 998 998 999 999 999 999 999 999 999 ]
[ 998 998 998 998 999 999 999 999 999 999 ]
[ 998 998 998 998 998 999 999 999 999 999 ]
[ 998 998 998 998 998 998 999 999 999 999 ]
[ 998 998 998 998 998 998 998 999 999 999 ]
[ 998 998 998 998 998 998 998 998 999 999 ]
[ 998 998 998 998 998 998 998 998 998 999 ]

Running insertion sort algorithm: 
Timer (sort): 1798ms real	1800ms user	0ms sys
The output is sorted!
[ 0 0 0 0 0 0 0 0 0 1 ]
[ 0 0 0 0 0 0 0 0 1 1 ]
[ 0 0 0 0 0 0 0 1 1 1 ]
[ 0 0 0 0 0 0 1 1 1 1 ]
[ 0 0 0 0 0 1 1 1 1 1 ]
[ 0 0 0 0 1 1 1 1 1 1 ]
[ 0 0 0 1 1 1 1 1 1 1 ]
[ 0 0 1 1 1 1 1 1 1 1 ]
[ 0 1 1 1 1 1 1 1 1 1 ]
[ 1 1 1 1 1 1 1 1 1 1 ]
[ 1 1 1 1 1 1 1 1 1 2 ]
[ 1 1 1 1 1 1 1 1 2 2 ]
[ 1 1 1 1 1 1 1 2 2 2 ]
[ 1 1 1 1 1 1 2 2 2 2 ]
[ 1 1 1 1 1 2 2 2 2 2 ]
[ 1 1 1 1 2 2 2 2 2 2 ]
[ 1 1 1 2 2 2 2 2 2 2 ]
[ 1 1 2 2 2 2 2 2 2 2 ]
[ 1 2 2 2 2 2 2 2 2 2 ]
[ 2 2 2 2 2 2 2 2 2 2 ]

Timer (generate): 0ms real	0ms user	0ms sys
[ 1000 1000 1000 1000 1000 1000 1000 1000 1000 1000 ]
[ 999 1000 1000 1000 1000 1000 1000 1000 1000 1000 ]
[ 999 999 1000 1000 1000 1000 1000 1000 1000 1000 ]
[ 999 999 999 1000 1000 1000 1000 1000 1000 1000 ]
[ 999 999 999 999 1000 1000 1000 1000 1000 1000 ]
[ 999 999 999 999 999 1000 1000 1000 1000 1000 ]
[ 999 999 999 999 999 999 1000 1000 1000 1000 ]
[ 999 999 999 999 999 999 999 1000 1000 1000 ]
[ 999 999 999 999 999 999 999 999 1000 1000 ]
[ 999 999 999 999 999 999 999 999 999 1000 ]
[ 999 999 999 999 999 999 999 999 999 999 ]
[ 998 999 999 999 999 999 999 999 999 999 ]
[ 998 998 999 999 999 999 999 999 999 999 ]
[ 998 998 998 999 999 999 999 999 999 999 ]
[ 998 998 998 998 999 999 999 999 999 999 ]
[ 998 998 998 998 998 999 999 999 999 999 ]
[ 998 998 998 998 998 998 999 999 999 999 ]
[ 998 998 998 998 998 998 998 999 999 999 ]
[ 998 998 998 998 998 998 998 998 999 999 ]
[ 998 998 998 998 998 998 998 998 998 999 ]

Running insertion sort algorithm: 
Timer (sort): 1782ms real	1770ms user	0ms sys
The output is sorted!
[ 0 0 0 0 0 0 0 0 0 1 ]
[ 0 0 0 0 0 0 0 0 1 1 ]
[ 0 0 0 0 0 0 0 1 1 1 ]
[ 0 0 0 0 0 0 1 1 1 1 ]
[ 0 0 0 0 0 1 1 1 1 1 ]
[ 0 0 0 0 1 1 1 1 1 1 ]
[ 0 0 0 1 1 1 1 1 1 1 ]
[ 0 0 1 1 1 1 1 1 1 1 ]
[ 0 1 1 1 1 1 1 1 1 1 ]
[ 1 1 1 1 1 1 1 1 1 1 ]
[ 1 1 1 1 1 1 1 1 1 2 ]
[ 1 1 1 1 1 1 1 1 2 2 ]
[ 1 1 1 1 1 1 1 2 2 2 ]
[ 1 1 1 1 1 1 2 2 2 2 ]
[ 1 1 1 1 1 2 2 2 2 2 ]
[ 1 1 1 1 2 2 2 2 2 2 ]
[ 1 1 1 2 2 2 2 2 2 2 ]
[ 1 1 2 2 2 2 2 2 2 2 ]
[ 1 2 2 2 2 2 2 2 2 2 ]
[ 2 2 2 2 2 2 2 2 2 2 ]

Timer (generate): 1ms real	0ms user	0ms sys
[ 1000 1000 1000 1000 1000 1000 1000 1000 1000 1000 ]
[ 999 1000 1000 1000 1000 1000 1000 1000 1000 1000 ]
[ 999 999 1000 1000 1000 1000 1000 1000 1000 1000 ]
[ 999 999 999 1000 1000 1000 1000 1000 1000 1000 ]
[ 999 999 999 999 1000 1000 1000 1000 1000 1000 ]
[ 999 999 999 999 999 1000 1000 1000 1000 1000 ]
[ 999 999 999 999 999 999 1000 1000 1000 1000 ]
[ 999 999 999 999 999 999 999 1000 1000 1000 ]
[ 999 999 999 999 999 999 999 999 1000 1000 ]
[ 999 999 999 999 999 999 999 999 999 1000 ]
[ 999 999 999 999 999 999 999 999 999 999 ]
[ 998 999 999 999 999 999 999 999 999 999 ]
[ 998 998 999 999 999 999 999 999 999 999 ]
[ 998 998 998 999 999 999 999 999 999 999 ]
[ 998 998 998 998 999 999 999 999 999 999 ]
[ 998 998 998 998 998 999 999 999 999 999 ]
[ 998 998 998 998 998 998 999 999 999 999 ]
[ 998 998 998 998 998 998 998 999 999 999 ]
[ 998 998 998 998 998 998 998 998 999 999 ]
[ 998 998 998 998 998 998 998 998 998 999 ]

Running insertion sort algorithm: 
Timer (sort): 1798ms real	1790ms user	0ms sys
The output is sorted!
[ 0 0 0 0 0 0 0 0 0 1 ]
[ 0 0 0 0 0 0 0 0 1 1 ]
[ 0 0 0 0 0 0 0 1 1 1 ]
[ 0 0 0 0 0 0 1 1 1 1 ]
[ 0 0 0 0 0 1 1 1 1 1 ]
[ 0 0 0 0 1 1 1 1 1 1 ]
[ 0 0 0 1 1 1 1 1 1 1 ]
[ 0 0 1 1 1 1 1 1 1 1 ]
[ 0 1 1 1 1 1 1 1 1 1 ]
[ 1 1 1 1 1 1 1 1 1 1 ]
[ 1 1 1 1 1 1 1 1 1 2 ]
[ 1 1 1 1 1 1 1 1 2 2 ]
[ 1 1 1 1 1 1 1 2 2 2 ]
[ 1 1 1 1 1 1 2 2 2 2 ]
[ 1 1 1 1 1 2 2 2 2 2 ]
[ 1 1 1 1 2 2 2 2 2 2 ]
[ 1 1 1 2 2 2 2 2 2 2 ]
[ 1 1 2 2 2 2 2 2 2 2 ]
[ 1 2 2 2 2 2 2 2 2 2 ]
[ 2 2 2 2 2 2 2 2 2 2 ]

Timer (generate): 0ms real	0ms user	0ms sys
[ 1000 1000 1000 1000 1000 1000 1000 1000 1000 1000 ]
[ 999 1000 1000 1000 1000 1000 1000 1000 1000 1000 ]
[ 999 999 1000 1000 1000 1000 1000 1000 1000 1000 ]
[ 999 999 999 1000 1000 1000 1000 1000 1000 1000 ]
[ 999 999 999 999 1000 1000 1000 1000 1000 1000 ]
[ 999 999 999 999 999 1000 1000 1000 1000 1000 ]
[ 999 999 999 999 999 999 1000 1000 1000 1000 ]
[ 999 999 999 999 999 999 999 1000 1000 1000 ]
[ 999 999 999 999 999 999 999 999 1000 1000 ]
[ 999 999 999 999 999 999 999 999 999 1000 ]
[ 999 999 999 999 999 999 999 999 999 999 ]
[ 998 999 999 999 999 999 999 999 999 999 ]
[ 998 998 999 999 999 999 999 999 999 999 ]
[ 998 998 998 999 999 999 999 999 999 999 ]
[ 998 998 998 998 999 999 999 999 999 999 ]
[ 998 998 998 998 998 999 999 999 999 999 ]
[ 998 998 998 998 998 998 999 999 999 999 ]
[ 998 998 998 998 998 998 998 999 999 999 ]
[ 998 998 998 998 998 998 998 998 999 999 ]
[ 998 998 998 998 998 998 998 998 998 999 ]

Running insertion sort algorithm: 
Timer (sort): 1810ms real	1810ms user	0ms sys
The output is sorted!
[ 0 0 0 0 0 0 0 0 0 1 ]
[ 0 0 0 0 0 0 0 0 1 1 ]
[ 0 0 0 0 0 0 0 1 1 1 ]
[ 0 0 0 0 0 0 1 1 1 1 ]
[ 0 0 0 0 0 1 1 1 1 1 ]
[ 0 0 0 0 1 1 1 1 1 1 ]
[ 0 0 0 1 1 1 1 1 1 1 ]
[ 0 0 1 1 1 1 1 1 1 1 ]
[ 0 1 1 1 1 1 1 1 1 1 ]
[ 1 1 1 1 1 1 1 1 1 1 ]
[ 1 1 1 1 1 1 1 1 1 2 ]
[ 1 1 1 1 1 1 1 1 2 2 ]
[ 1 1 1 1 1 1 1 2 2 2 ]
[ 1 1 1 1 1 1 2 2 2 2 ]
[ 1 1 1 1 1 2 2 2 2 2 ]
[ 1 1 1 1 2 2 2 2 2 2 ]
[ 1 1 1 2 2 2 2 2 2 2 ]
[ 1 1 2 2 2 2 2 2 2 2 ]
[ 1 2 2 2 2 2 2 2 2 2 ]
[ 2 2 2 2 2 2 2 2 2 2 ]

Timer (generate): 1ms real	0ms user	0ms sys
[ 1000 1000 1000 1000 1000 1000 1000 1000 1000 1000 ]
[ 999 1000 1000 1000 1000 1000 1000 1000 1000 1000 ]
[ 999 999 1000 1000 1000 1000 1000 1000 1000 1000 ]
[ 999 999 999 1000 1000 1000 1000 1000 1000 1000 ]
[ 999 999 999 999 1000 1000 1000 1000 1000 1000 ]
[ 999 999 999 999 999 1000 1000 1000 1000 1000 ]
[ 999 999 999 999 999 999 1000 1000 1000 1000 ]
[ 999 999 999 999 999 999 999 1000 1000 1000 ]
[ 999 999 999 999 999 999 999 999 1000 1000 ]
[ 999 999 999 999 999 999 999 999 999 1000 ]
[ 999 999 999 999 999 999 999 999 999 999 ]
[ 998 999 999 999 999 999 999 999 999 999 ]
[ 998 998 999 999 999 999 999 999 999 999 ]
[ 998 998 998 999 999 999 999 999 999 999 ]
[ 998 998 998 998 999 999 999 999 999 999 ]
[ 998 998 998 998 998 999 999 999 999 999 ]
[ 998 998 998 998 998 998 999 999 999 999 ]
[ 998 998 998 998 998 998 998 999 999 999 ]
[ 998 998 998 998 998 998 998 998 999 999 ]
[ 998 998 998 998 998 998 998 998 998 999 ]

Running insertion sort algorithm: 
Timer (sort): 1882ms real	1870ms user	0ms sys
The output is sorted!
[ 0 0 0 0 0 0 0 0 0 1 ]
[ 0 0 0 0 0 0 0 0 1 1 ]
[ 0 0 0 0 0 0 0 1 1 1 ]
[ 0 0 0 0 0 0 1 1 1 1 ]
[ 0 0 0 0 0 1 1 1 1 1 ]
[ 0 0 0 0 1 1 1 1 1 1 ]
[ 0 0 0 1 1 1 1 1 1 1 ]
[ 0 0 1 1 1 1 1 1 1 1 ]
[ 0 1 1 1 1 1 1 1 1 1 ]
[ 1 1 1 1 1 1 1 1 1 1 ]
[ 1 1 1 1 1 1 1 1 1 2 ]
[ 1 1 1 1 1 1 1 1 2 2 ]
[ 1 1 1 1 1 1 1 2 2 2 ]
[ 1 1 1 1 1 1 2 2 2 2 ]
[ 1 1 1 1 1 2 2 2 2 2 ]
[ 1 1 1 1 2 2 2 2 2 2 ]
[ 1 1 1 2 2 2 2 2 2 2 ]
[ 1 1 2 2 2 2 2 2 2 2 ]
[ 1 2 2 2 2 2 2 2 2 2 ]
[ 2 2 2 2 2 2 2 2 2 2 ]

Timer (generate): 0ms real	0ms user	0ms sys
[ 1000 1000 1000 1000 1000 1000 1000 1000 1000 1000 ]
[ 999 1000 1000 1000 1000 1000 1000 1000 1000 1000 ]
[ 999 999 1000 1000 1000 1000 1000 1000 1000 1000 ]
[ 999 999 999 1000 1000 1000 1000 1000 1000 1000 ]
[ 999 999 999 999 1000 1000 1000 1000 1000 1000 ]
[ 999 999 999 999 999 1000 1000 1000 1000 1000 ]
[ 999 999 999 999 999 999 1000 1000 1000 1000 ]
[ 999 999 999 999 999 999 999 1000 1000 1000 ]
[ 999 999 999 999 999 999 999 999 1000 1000 ]
[ 999 999 999 999 999 999 999 999 999 1000 ]
[ 999 999 999 999 999 999 999 999 999 999 ]
[ 998 999 999 999 999 999 999 999 999 999 ]
[ 998 998 999 999 999 999 999 999 999 999 ]
[ 998 998 998 999 999 999 999 999 999 999 ]
[ 998 998 998 998 999 999 999 999 999 999 ]
[ 998 998 998 998 998 999 999 999 999 999 ]
[ 998 998 998 998 998 998 999 999 999 999 ]
[ 998 998 998 998 998 998 998 999 999 999 ]
[ 998 998 998 998 998 998 998 998 999 999 ]
[ 998 998 998 998 998 998 998 998 998 999 ]

Running insertion sort algorithm: 
Timer (sort): 1833ms real	1830ms user	0ms sys
The output is sorted!
[ 0 0 0 0 0 0 0 0 0 1 ]
[ 0 0 0 0 0 0 0 0 1 1 ]
[ 0 0 0 0 0 0 0 1 1 1 ]
[ 0 0 0 0 0 0 1 1 1 1 ]
[ 0 0 0 0 0 1 1 1 1 1 ]
[ 0 0 0 0 1 1 1 1 1 1 ]
[ 0 0 0 1 1 1 1 1 1 1 ]
[ 0 0 1 1 1 1 1 1 1 1 ]
[ 0 1 1 1 1 1 1 1 1 1 ]
[ 1 1 1 1 1 1 1 1 1 1 ]
[ 1 1 1 1 1 1 1 1 1 2 ]
[ 1 1 1 1 1 1 1 1 2 2 ]
[ 1 1 1 1 1 1 1 2 2 2 ]
[ 1 1 1 1 1 1 2 2 2 2 ]
[ 1 1 1 1 1 2 2 2 2 2 ]
[ 1 1 1 1 2 2 2 2 2 2 ]
[ 1 1 1 2 2 2 2 2 2 2 ]
[ 1 1 2 2 2 2 2 2 2 2 ]
[ 1 2 2 2 2 2 2 2 2 2 ]
[ 2 2 2 2 2 2 2 2 2 2 ]

Timer (generate): 1ms real	0ms user	0ms sys
[ 1000 1000 1000 1000 1000 1000 1000 1000 1000 1000 ]
[ 999 1000 1000 1000 1000 1000 1000 1000 1000 1000 ]
[ 999 999 1000 1000 1000 1000 1000 1000 1000 1000 ]
[ 999 999 999 1000 1000 1000 1000 1000 1000 1000 ]
[ 999 999 999 999 1000 1000 1000 1000 1000 1000 ]
[ 999 999 999 999 999 1000 1000 1000 1000 1000 ]
[ 999 999 999 999 999 999 1000 1000 1000 1000 ]
[ 999 999 999 999 999 999 999 1000 1000 1000 ]
[ 999 999 999 999 999 999 999 999 1000 1000 ]
[ 999 999 999 999 999 999 999 999 999 1000 ]
[ 999 999 999 999 999 999 999 999 999 999 ]
[ 998 999 999 999 999 999 999 999 999 999 ]
[ 998 998 999 999 999 999 999 999 999 999 ]
[ 998 998 998 999 999 999 999 999 999 999 ]
[ 998 998 998 998 999 999 999 999 999 999 ]
[ 998 998 998 998 998 999 999 999 999 999 ]
[ 998 998 998 998 998 998 999 999 999 999 ]
[ 998 998 998 998 998 998 998 999 999 999 ]
[ 998 998 998 998 998 998 998 998 999 999 ]
[ 998 998 998 998 998 998 998 998 998 999 ]

Running insertion sort algorithm: 
Timer (sort): 1827ms real	1820ms user	0ms sys
The output is sorted!
[ 0 0 0 0 0 0 0 0 0 1 ]
[ 0 0 0 0 0 0 0 0 1 1 ]
[ 0 0 0 0 0 0 0 1 1 1 ]
[ 0 0 0 0 0 0 1 1 1 1 ]
[ 0 0 0 0 0 1 1 1 1 1 ]
[ 0 0 0 0 1 1 1 1 1 1 ]
[ 0 0 0 1 1 1 1 1 1 1 ]
[ 0 0 1 1 1 1 1 1 1 1 ]
[ 0 1 1 1 1 1 1 1 1 1 ]
[ 1 1 1 1 1 1 1 1 1 1 ]
[ 1 1 1 1 1 1 1 1 1 2 ]
[ 1 1 1 1 1 1 1 1 2 2 ]
[ 1 1 1 1 1 1 1 2 2 2 ]
[ 1 1 1 1 1 1 2 2 2 2 ]
[ 1 1 1 1 1 2 2 2 2 2 ]
[ 1 1 1 1 2 2 2 2 2 2 ]
[ 1 1 1 2 2 2 2 2 2 2 ]
[ 1 1 2 2 2 2 2 2 2 2 ]
[ 1 2 2 2 2 2 2 2 2 2 ]
[ 2 2 2 2 2 2 2 2 2 2 ]

Timer (generate): 0ms real	0ms user	0ms sys
[ 1000 1000 1000 1000 1000 1000 1000 1000 1000 1000 ]
[ 999 1000 1000 1000 1000 1000 1000 1000 1000 1000 ]
[ 999 999 1000 1000 1000 1000 1000 1000 1000 1000 ]
[ 999 999 999 1000 1000 1000 1000 1000 1000 1000 ]
[ 999 999 999 999 1000 1000 1000 1000 1000 1000 ]
[ 999 999 999 999 999 1000 1000 1000 1000 1000 ]
[ 999 999 999 999 999 999 1000 1000 1000 1000 ]
[ 999 999 999 999 999 999 999 1000 1000 1000 ]
[ 999 999 999 999 999 999 999 999 1000 1000 ]
[ 999 999 999 999 999 999 999 999 999 1000 ]
[ 999 999 999 999 999 999 999 999 999 999 ]
[ 998 999 999 999 999 999 999 999 999 999 ]
[ 998 998 999 999 999 999 999 999 999 999 ]
[ 998 998 998 999 999 999 999 999 999 999 ]
[ 998 998 998 998 999 999 999 999 999 999 ]
[ 998 998 998 998 998 999 999 999 999 999 ]
[ 998 998 998 998 998 998 999 999 999 999 ]
[ 998 998 998 998 998 998 998 999 999 999 ]
[ 998 998 998 998 998 998 998 998 999 999 ]
[ 998 998 998 998 998 998 998 998 998 999 ]

Running insertion sort algorithm: 
Timer (sort): 1829ms real	1830ms user	0ms sys
The output is sorted!
[ 0 0 0 0 0 0 0 0 0 1 ]
[ 0 0 0 0 0 0 0 0 1 1 ]
[ 0 0 0 0 0 0 0 1 1 1 ]
[ 0 0 0 0 0 0 1 1 1 1 ]
[ 0 0 0 0 0 1 1 1 1 1 ]
[ 0 0 0 0 1 1 1 1 1 1 ]
[ 0 0 0 1 1 1 1 1 1 1 ]
[ 0 0 1 1 1 1 1 1 1 1 ]
[ 0 1 1 1 1 1 1 1 1 1 ]
[ 1 1 1 1 1 1 1 1 1 1 ]
[ 1 1 1 1 1 1 1 1 1 2 ]
[ 1 1 1 1 1 1 1 1 2 2 ]
[ 1 1 1 1 1 1 1 2 2 2 ]
[ 1 1 1 1 1 1 2 2 2 2 ]
[ 1 1 1 1 1 2 2 2 2 2 ]
[ 1 1 1 1 2 2 2 2 2 2 ]
[ 1 1 1 2 2 2 2 2 2 2 ]
[ 1 1 2 2 2 2 2 2 2 2 ]
[ 1 2 2 2 2 2 2 2 2 2 ]
[ 2 2 2 2 2 2 2 2 2 2 ]

