Timer (generate): 2ms real	0ms user	0ms sys
[ 5000 5000 5000 5000 5000 5000 5000 5000 5000 5000 ]
[ 4999 5000 5000 5000 5000 5000 5000 5000 5000 5000 ]
[ 4999 4999 5000 5000 5000 5000 5000 5000 5000 5000 ]
[ 4999 4999 4999 5000 5000 5000 5000 5000 5000 5000 ]
[ 4999 4999 4999 4999 5000 5000 5000 5000 5000 5000 ]
[ 4999 4999 4999 4999 4999 5000 5000 5000 5000 5000 ]
[ 4999 4999 4999 4999 4999 4999 5000 5000 5000 5000 ]
[ 4999 4999 4999 4999 4999 4999 4999 5000 5000 5000 ]
[ 4999 4999 4999 4999 4999 4999 4999 4999 5000 5000 ]
[ 4999 4999 4999 4999 4999 4999 4999 4999 4999 5000 ]
[ 4999 4999 4999 4999 4999 4999 4999 4999 4999 4999 ]
[ 4998 4999 4999 4999 4999 4999 4999 4999 4999 4999 ]
[ 4998 4998 4999 4999 4999 4999 4999 4999 4999 4999 ]
[ 4998 4998 4998 4999 4999 4999 4999 4999 4999 4999 ]
[ 4998 4998 4998 4998 4999 4999 4999 4999 4999 4999 ]
[ 4998 4998 4998 4998 4998 4999 4999 4999 4999 4999 ]
[ 4998 4998 4998 4998 4998 4998 4999 4999 4999 4999 ]
[ 4998 4998 4998 4998 4998 4998 4998 4999 4999 4999 ]
[ 4998 4998 4998 4998 4998 4998 4998 4998 4999 4999 ]
[ 4998 4998 4998 4998 4998 4998 4998 4998 4998 4999 ]

Running insertion sort algorithm: 
Timer (sort): 44147ms real	44150ms user	0ms sys
The output is sorted!
[ 0 0 0 0 0 0 0 0 0 1 ]
[ 0 0 0 0 0 0 0 0 1 1 ]
[ 0 0 0 0 0 0 0 1 1 1 ]
[ 0 0 0 0 0 0 1 1 1 1 ]
[ 0 0 0 0 0 1 1 1 1 1 ]
[ 0 0 0 0 1 1 1 1 1 1 ]
[ 0 0 0 1 1 1 1 1 1 1 ]
[ 0 0 1 1 1 1 1 1 1 1 ]
[ 0 1 1 1 1 1 1 1 1 1 ]
[ 1 1 1 1 1 1 1 1 1 1 ]
[ 1 1 1 1 1 1 1 1 1 2 ]
[ 1 1 1 1 1 1 1 1 2 2 ]
[ 1 1 1 1 1 1 1 2 2 2 ]
[ 1 1 1 1 1 1 2 2 2 2 ]
[ 1 1 1 1 1 2 2 2 2 2 ]
[ 1 1 1 1 2 2 2 2 2 2 ]
[ 1 1 1 2 2 2 2 2 2 2 ]
[ 1 1 2 2 2 2 2 2 2 2 ]
[ 1 2 2 2 2 2 2 2 2 2 ]
[ 2 2 2 2 2 2 2 2 2 2 ]

Timer (generate): 2ms real	0ms user	0ms sys
[ 5000 5000 5000 5000 5000 5000 5000 5000 5000 5000 ]
[ 4999 5000 5000 5000 5000 5000 5000 5000 5000 5000 ]
[ 4999 4999 5000 5000 5000 5000 5000 5000 5000 5000 ]
[ 4999 4999 4999 5000 5000 5000 5000 5000 5000 5000 ]
[ 4999 4999 4999 4999 5000 5000 5000 5000 5000 5000 ]
[ 4999 4999 4999 4999 4999 5000 5000 5000 5000 5000 ]
[ 4999 4999 4999 4999 4999 4999 5000 5000 5000 5000 ]
[ 4999 4999 4999 4999 4999 4999 4999 5000 5000 5000 ]
[ 4999 4999 4999 4999 4999 4999 4999 4999 5000 5000 ]
[ 4999 4999 4999 4999 4999 4999 4999 4999 4999 5000 ]
[ 4999 4999 4999 4999 4999 4999 4999 4999 4999 4999 ]
[ 4998 4999 4999 4999 4999 4999 4999 4999 4999 4999 ]
[ 4998 4998 4999 4999 4999 4999 4999 4999 4999 4999 ]
[ 4998 4998 4998 4999 4999 4999 4999 4999 4999 4999 ]
[ 4998 4998 4998 4998 4999 4999 4999 4999 4999 4999 ]
[ 4998 4998 4998 4998 4998 4999 4999 4999 4999 4999 ]
[ 4998 4998 4998 4998 4998 4998 4999 4999 4999 4999 ]
[ 4998 4998 4998 4998 4998 4998 4998 4999 4999 4999 ]
[ 4998 4998 4998 4998 4998 4998 4998 4998 4999 4999 ]
[ 4998 4998 4998 4998 4998 4998 4998 4998 4998 4999 ]

Running insertion sort algorithm: 
Timer (sort): 41155ms real	41150ms user	0ms sys
The output is sorted!
[ 0 0 0 0 0 0 0 0 0 1 ]
[ 0 0 0 0 0 0 0 0 1 1 ]
[ 0 0 0 0 0 0 0 1 1 1 ]
[ 0 0 0 0 0 0 1 1 1 1 ]
[ 0 0 0 0 0 1 1 1 1 1 ]
[ 0 0 0 0 1 1 1 1 1 1 ]
[ 0 0 0 1 1 1 1 1 1 1 ]
[ 0 0 1 1 1 1 1 1 1 1 ]
[ 0 1 1 1 1 1 1 1 1 1 ]
[ 1 1 1 1 1 1 1 1 1 1 ]
[ 1 1 1 1 1 1 1 1 1 2 ]
[ 1 1 1 1 1 1 1 1 2 2 ]
[ 1 1 1 1 1 1 1 2 2 2 ]
[ 1 1 1 1 1 1 2 2 2 2 ]
[ 1 1 1 1 1 2 2 2 2 2 ]
[ 1 1 1 1 2 2 2 2 2 2 ]
[ 1 1 1 2 2 2 2 2 2 2 ]
[ 1 1 2 2 2 2 2 2 2 2 ]
[ 1 2 2 2 2 2 2 2 2 2 ]
[ 2 2 2 2 2 2 2 2 2 2 ]

Timer (generate): 2ms real	0ms user	0ms sys
[ 5000 5000 5000 5000 5000 5000 5000 5000 5000 5000 ]
[ 4999 5000 5000 5000 5000 5000 5000 5000 5000 5000 ]
[ 4999 4999 5000 5000 5000 5000 5000 5000 5000 5000 ]
[ 4999 4999 4999 5000 5000 5000 5000 5000 5000 5000 ]
[ 4999 4999 4999 4999 5000 5000 5000 5000 5000 5000 ]
[ 4999 4999 4999 4999 4999 5000 5000 5000 5000 5000 ]
[ 4999 4999 4999 4999 4999 4999 5000 5000 5000 5000 ]
[ 4999 4999 4999 4999 4999 4999 4999 5000 5000 5000 ]
[ 4999 4999 4999 4999 4999 4999 4999 4999 5000 5000 ]
[ 4999 4999 4999 4999 4999 4999 4999 4999 4999 5000 ]
[ 4999 4999 4999 4999 4999 4999 4999 4999 4999 4999 ]
[ 4998 4999 4999 4999 4999 4999 4999 4999 4999 4999 ]
[ 4998 4998 4999 4999 4999 4999 4999 4999 4999 4999 ]
[ 4998 4998 4998 4999 4999 4999 4999 4999 4999 4999 ]
[ 4998 4998 4998 4998 4999 4999 4999 4999 4999 4999 ]
[ 4998 4998 4998 4998 4998 4999 4999 4999 4999 4999 ]
[ 4998 4998 4998 4998 4998 4998 4999 4999 4999 4999 ]
[ 4998 4998 4998 4998 4998 4998 4998 4999 4999 4999 ]
[ 4998 4998 4998 4998 4998 4998 4998 4998 4999 4999 ]
[ 4998 4998 4998 4998 4998 4998 4998 4998 4998 4999 ]

Running insertion sort algorithm: 
Timer (sort): 41620ms real	41610ms user	0ms sys
The output is sorted!
[ 0 0 0 0 0 0 0 0 0 1 ]
[ 0 0 0 0 0 0 0 0 1 1 ]
[ 0 0 0 0 0 0 0 1 1 1 ]
[ 0 0 0 0 0 0 1 1 1 1 ]
[ 0 0 0 0 0 1 1 1 1 1 ]
[ 0 0 0 0 1 1 1 1 1 1 ]
[ 0 0 0 1 1 1 1 1 1 1 ]
[ 0 0 1 1 1 1 1 1 1 1 ]
[ 0 1 1 1 1 1 1 1 1 1 ]
[ 1 1 1 1 1 1 1 1 1 1 ]
[ 1 1 1 1 1 1 1 1 1 2 ]
[ 1 1 1 1 1 1 1 1 2 2 ]
[ 1 1 1 1 1 1 1 2 2 2 ]
[ 1 1 1 1 1 1 2 2 2 2 ]
[ 1 1 1 1 1 2 2 2 2 2 ]
[ 1 1 1 1 2 2 2 2 2 2 ]
[ 1 1 1 2 2 2 2 2 2 2 ]
[ 1 1 2 2 2 2 2 2 2 2 ]
[ 1 2 2 2 2 2 2 2 2 2 ]
[ 2 2 2 2 2 2 2 2 2 2 ]

Timer (generate): 2ms real	0ms user	0ms sys
[ 5000 5000 5000 5000 5000 5000 5000 5000 5000 5000 ]
[ 4999 5000 5000 5000 5000 5000 5000 5000 5000 5000 ]
[ 4999 4999 5000 5000 5000 5000 5000 5000 5000 5000 ]
[ 4999 4999 4999 5000 5000 5000 5000 5000 5000 5000 ]
[ 4999 4999 4999 4999 5000 5000 5000 5000 5000 5000 ]
[ 4999 4999 4999 4999 4999 5000 5000 5000 5000 5000 ]
[ 4999 4999 4999 4999 4999 4999 5000 5000 5000 5000 ]
[ 4999 4999 4999 4999 4999 4999 4999 5000 5000 5000 ]
[ 4999 4999 4999 4999 4999 4999 4999 4999 5000 5000 ]
[ 4999 4999 4999 4999 4999 4999 4999 4999 4999 5000 ]
[ 4999 4999 4999 4999 4999 4999 4999 4999 4999 4999 ]
[ 4998 4999 4999 4999 4999 4999 4999 4999 4999 4999 ]
[ 4998 4998 4999 4999 4999 4999 4999 4999 4999 4999 ]
[ 4998 4998 4998 4999 4999 4999 4999 4999 4999 4999 ]
[ 4998 4998 4998 4998 4999 4999 4999 4999 4999 4999 ]
[ 4998 4998 4998 4998 4998 4999 4999 4999 4999 4999 ]
[ 4998 4998 4998 4998 4998 4998 4999 4999 4999 4999 ]
[ 4998 4998 4998 4998 4998 4998 4998 4999 4999 4999 ]
[ 4998 4998 4998 4998 4998 4998 4998 4998 4999 4999 ]
[ 4998 4998 4998 4998 4998 4998 4998 4998 4998 4999 ]

Running insertion sort algorithm: 
Timer (sort): 42690ms real	42690ms user	0ms sys
The output is sorted!
[ 0 0 0 0 0 0 0 0 0 1 ]
[ 0 0 0 0 0 0 0 0 1 1 ]
[ 0 0 0 0 0 0 0 1 1 1 ]
[ 0 0 0 0 0 0 1 1 1 1 ]
[ 0 0 0 0 0 1 1 1 1 1 ]
[ 0 0 0 0 1 1 1 1 1 1 ]
[ 0 0 0 1 1 1 1 1 1 1 ]
[ 0 0 1 1 1 1 1 1 1 1 ]
[ 0 1 1 1 1 1 1 1 1 1 ]
[ 1 1 1 1 1 1 1 1 1 1 ]
[ 1 1 1 1 1 1 1 1 1 2 ]
[ 1 1 1 1 1 1 1 1 2 2 ]
[ 1 1 1 1 1 1 1 2 2 2 ]
[ 1 1 1 1 1 1 2 2 2 2 ]
[ 1 1 1 1 1 2 2 2 2 2 ]
[ 1 1 1 1 2 2 2 2 2 2 ]
[ 1 1 1 2 2 2 2 2 2 2 ]
[ 1 1 2 2 2 2 2 2 2 2 ]
[ 1 2 2 2 2 2 2 2 2 2 ]
[ 2 2 2 2 2 2 2 2 2 2 ]

Timer (generate): 3ms real	0ms user	0ms sys
[ 5000 5000 5000 5000 5000 5000 5000 5000 5000 5000 ]
[ 4999 5000 5000 5000 5000 5000 5000 5000 5000 5000 ]
[ 4999 4999 5000 5000 5000 5000 5000 5000 5000 5000 ]
[ 4999 4999 4999 5000 5000 5000 5000 5000 5000 5000 ]
[ 4999 4999 4999 4999 5000 5000 5000 5000 5000 5000 ]
[ 4999 4999 4999 4999 4999 5000 5000 5000 5000 5000 ]
[ 4999 4999 4999 4999 4999 4999 5000 5000 5000 5000 ]
[ 4999 4999 4999 4999 4999 4999 4999 5000 5000 5000 ]
[ 4999 4999 4999 4999 4999 4999 4999 4999 5000 5000 ]
[ 4999 4999 4999 4999 4999 4999 4999 4999 4999 5000 ]
[ 4999 4999 4999 4999 4999 4999 4999 4999 4999 4999 ]
[ 4998 4999 4999 4999 4999 4999 4999 4999 4999 4999 ]
[ 4998 4998 4999 4999 4999 4999 4999 4999 4999 4999 ]
[ 4998 4998 4998 4999 4999 4999 4999 4999 4999 4999 ]
[ 4998 4998 4998 4998 4999 4999 4999 4999 4999 4999 ]
[ 4998 4998 4998 4998 4998 4999 4999 4999 4999 4999 ]
[ 4998 4998 4998 4998 4998 4998 4999 4999 4999 4999 ]
[ 4998 4998 4998 4998 4998 4998 4998 4999 4999 4999 ]
[ 4998 4998 4998 4998 4998 4998 4998 4998 4999 4999 ]
[ 4998 4998 4998 4998 4998 4998 4998 4998 4998 4999 ]

Running insertion sort algorithm: 
Timer (sort): 44183ms real	44180ms user	0ms sys
The output is sorted!
[ 0 0 0 0 0 0 0 0 0 1 ]
[ 0 0 0 0 0 0 0 0 1 1 ]
[ 0 0 0 0 0 0 0 1 1 1 ]
[ 0 0 0 0 0 0 1 1 1 1 ]
[ 0 0 0 0 0 1 1 1 1 1 ]
[ 0 0 0 0 1 1 1 1 1 1 ]
[ 0 0 0 1 1 1 1 1 1 1 ]
[ 0 0 1 1 1 1 1 1 1 1 ]
[ 0 1 1 1 1 1 1 1 1 1 ]
[ 1 1 1 1 1 1 1 1 1 1 ]
[ 1 1 1 1 1 1 1 1 1 2 ]
[ 1 1 1 1 1 1 1 1 2 2 ]
[ 1 1 1 1 1 1 1 2 2 2 ]
[ 1 1 1 1 1 1 2 2 2 2 ]
[ 1 1 1 1 1 2 2 2 2 2 ]
[ 1 1 1 1 2 2 2 2 2 2 ]
[ 1 1 1 2 2 2 2 2 2 2 ]
[ 1 1 2 2 2 2 2 2 2 2 ]
[ 1 2 2 2 2 2 2 2 2 2 ]
[ 2 2 2 2 2 2 2 2 2 2 ]

Timer (generate): 2ms real	0ms user	0ms sys
[ 5000 5000 5000 5000 5000 5000 5000 5000 5000 5000 ]
[ 4999 5000 5000 5000 5000 5000 5000 5000 5000 5000 ]
[ 4999 4999 5000 5000 5000 5000 5000 5000 5000 5000 ]
[ 4999 4999 4999 5000 5000 5000 5000 5000 5000 5000 ]
[ 4999 4999 4999 4999 5000 5000 5000 5000 5000 5000 ]
[ 4999 4999 4999 4999 4999 5000 5000 5000 5000 5000 ]
[ 4999 4999 4999 4999 4999 4999 5000 5000 5000 5000 ]
[ 4999 4999 4999 4999 4999 4999 4999 5000 5000 5000 ]
[ 4999 4999 4999 4999 4999 4999 4999 4999 5000 5000 ]
[ 4999 4999 4999 4999 4999 4999 4999 4999 4999 5000 ]
[ 4999 4999 4999 4999 4999 4999 4999 4999 4999 4999 ]
[ 4998 4999 4999 4999 4999 4999 4999 4999 4999 4999 ]
[ 4998 4998 4999 4999 4999 4999 4999 4999 4999 4999 ]
[ 4998 4998 4998 4999 4999 4999 4999 4999 4999 4999 ]
[ 4998 4998 4998 4998 4999 4999 4999 4999 4999 4999 ]
[ 4998 4998 4998 4998 4998 4999 4999 4999 4999 4999 ]
[ 4998 4998 4998 4998 4998 4998 4999 4999 4999 4999 ]
[ 4998 4998 4998 4998 4998 4998 4998 4999 4999 4999 ]
[ 4998 4998 4998 4998 4998 4998 4998 4998 4999 4999 ]
[ 4998 4998 4998 4998 4998 4998 4998 4998 4998 4999 ]

Running insertion sort algorithm: 
Timer (sort): 43646ms real	43650ms user	0ms sys
The output is sorted!
[ 0 0 0 0 0 0 0 0 0 1 ]
[ 0 0 0 0 0 0 0 0 1 1 ]
[ 0 0 0 0 0 0 0 1 1 1 ]
[ 0 0 0 0 0 0 1 1 1 1 ]
[ 0 0 0 0 0 1 1 1 1 1 ]
[ 0 0 0 0 1 1 1 1 1 1 ]
[ 0 0 0 1 1 1 1 1 1 1 ]
[ 0 0 1 1 1 1 1 1 1 1 ]
[ 0 1 1 1 1 1 1 1 1 1 ]
[ 1 1 1 1 1 1 1 1 1 1 ]
[ 1 1 1 1 1 1 1 1 1 2 ]
[ 1 1 1 1 1 1 1 1 2 2 ]
[ 1 1 1 1 1 1 1 2 2 2 ]
[ 1 1 1 1 1 1 2 2 2 2 ]
[ 1 1 1 1 1 2 2 2 2 2 ]
[ 1 1 1 1 2 2 2 2 2 2 ]
[ 1 1 1 2 2 2 2 2 2 2 ]
[ 1 1 2 2 2 2 2 2 2 2 ]
[ 1 2 2 2 2 2 2 2 2 2 ]
[ 2 2 2 2 2 2 2 2 2 2 ]

Timer (generate): 3ms real	0ms user	0ms sys
[ 5000 5000 5000 5000 5000 5000 5000 5000 5000 5000 ]
[ 4999 5000 5000 5000 5000 5000 5000 5000 5000 5000 ]
[ 4999 4999 5000 5000 5000 5000 5000 5000 5000 5000 ]
[ 4999 4999 4999 5000 5000 5000 5000 5000 5000 5000 ]
[ 4999 4999 4999 4999 5000 5000 5000 5000 5000 5000 ]
[ 4999 4999 4999 4999 4999 5000 5000 5000 5000 5000 ]
[ 4999 4999 4999 4999 4999 4999 5000 5000 5000 5000 ]
[ 4999 4999 4999 4999 4999 4999 4999 5000 5000 5000 ]
[ 4999 4999 4999 4999 4999 4999 4999 4999 5000 5000 ]
[ 4999 4999 4999 4999 4999 4999 4999 4999 4999 5000 ]
[ 4999 4999 4999 4999 4999 4999 4999 4999 4999 4999 ]
[ 4998 4999 4999 4999 4999 4999 4999 4999 4999 4999 ]
[ 4998 4998 4999 4999 4999 4999 4999 4999 4999 4999 ]
[ 4998 4998 4998 4999 4999 4999 4999 4999 4999 4999 ]
[ 4998 4998 4998 4998 4999 4999 4999 4999 4999 4999 ]
[ 4998 4998 4998 4998 4998 4999 4999 4999 4999 4999 ]
[ 4998 4998 4998 4998 4998 4998 4999 4999 4999 4999 ]
[ 4998 4998 4998 4998 4998 4998 4998 4999 4999 4999 ]
[ 4998 4998 4998 4998 4998 4998 4998 4998 4999 4999 ]
[ 4998 4998 4998 4998 4998 4998 4998 4998 4998 4999 ]

Running insertion sort algorithm: 
Timer (sort): 43347ms real	43340ms user	0ms sys
The output is sorted!
[ 0 0 0 0 0 0 0 0 0 1 ]
[ 0 0 0 0 0 0 0 0 1 1 ]
[ 0 0 0 0 0 0 0 1 1 1 ]
[ 0 0 0 0 0 0 1 1 1 1 ]
[ 0 0 0 0 0 1 1 1 1 1 ]
[ 0 0 0 0 1 1 1 1 1 1 ]
[ 0 0 0 1 1 1 1 1 1 1 ]
[ 0 0 1 1 1 1 1 1 1 1 ]
[ 0 1 1 1 1 1 1 1 1 1 ]
[ 1 1 1 1 1 1 1 1 1 1 ]
[ 1 1 1 1 1 1 1 1 1 2 ]
[ 1 1 1 1 1 1 1 1 2 2 ]
[ 1 1 1 1 1 1 1 2 2 2 ]
[ 1 1 1 1 1 1 2 2 2 2 ]
[ 1 1 1 1 1 2 2 2 2 2 ]
[ 1 1 1 1 2 2 2 2 2 2 ]
[ 1 1 1 2 2 2 2 2 2 2 ]
[ 1 1 2 2 2 2 2 2 2 2 ]
[ 1 2 2 2 2 2 2 2 2 2 ]
[ 2 2 2 2 2 2 2 2 2 2 ]

Timer (generate): 3ms real	0ms user	0ms sys
[ 5000 5000 5000 5000 5000 5000 5000 5000 5000 5000 ]
[ 4999 5000 5000 5000 5000 5000 5000 5000 5000 5000 ]
[ 4999 4999 5000 5000 5000 5000 5000 5000 5000 5000 ]
[ 4999 4999 4999 5000 5000 5000 5000 5000 5000 5000 ]
[ 4999 4999 4999 4999 5000 5000 5000 5000 5000 5000 ]
[ 4999 4999 4999 4999 4999 5000 5000 5000 5000 5000 ]
[ 4999 4999 4999 4999 4999 4999 5000 5000 5000 5000 ]
[ 4999 4999 4999 4999 4999 4999 4999 5000 5000 5000 ]
[ 4999 4999 4999 4999 4999 4999 4999 4999 5000 5000 ]
[ 4999 4999 4999 4999 4999 4999 4999 4999 4999 5000 ]
[ 4999 4999 4999 4999 4999 4999 4999 4999 4999 4999 ]
[ 4998 4999 4999 4999 4999 4999 4999 4999 4999 4999 ]
[ 4998 4998 4999 4999 4999 4999 4999 4999 4999 4999 ]
[ 4998 4998 4998 4999 4999 4999 4999 4999 4999 4999 ]
[ 4998 4998 4998 4998 4999 4999 4999 4999 4999 4999 ]
[ 4998 4998 4998 4998 4998 4999 4999 4999 4999 4999 ]
[ 4998 4998 4998 4998 4998 4998 4999 4999 4999 4999 ]
[ 4998 4998 4998 4998 4998 4998 4998 4999 4999 4999 ]
[ 4998 4998 4998 4998 4998 4998 4998 4998 4999 4999 ]
[ 4998 4998 4998 4998 4998 4998 4998 4998 4998 4999 ]

Running insertion sort algorithm: 
Timer (sort): 41397ms real	41400ms user	0ms sys
The output is sorted!
[ 0 0 0 0 0 0 0 0 0 1 ]
[ 0 0 0 0 0 0 0 0 1 1 ]
[ 0 0 0 0 0 0 0 1 1 1 ]
[ 0 0 0 0 0 0 1 1 1 1 ]
[ 0 0 0 0 0 1 1 1 1 1 ]
[ 0 0 0 0 1 1 1 1 1 1 ]
[ 0 0 0 1 1 1 1 1 1 1 ]
[ 0 0 1 1 1 1 1 1 1 1 ]
[ 0 1 1 1 1 1 1 1 1 1 ]
[ 1 1 1 1 1 1 1 1 1 1 ]
[ 1 1 1 1 1 1 1 1 1 2 ]
[ 1 1 1 1 1 1 1 1 2 2 ]
[ 1 1 1 1 1 1 1 2 2 2 ]
[ 1 1 1 1 1 1 2 2 2 2 ]
[ 1 1 1 1 1 2 2 2 2 2 ]
[ 1 1 1 1 2 2 2 2 2 2 ]
[ 1 1 1 2 2 2 2 2 2 2 ]
[ 1 1 2 2 2 2 2 2 2 2 ]
[ 1 2 2 2 2 2 2 2 2 2 ]
[ 2 2 2 2 2 2 2 2 2 2 ]

Timer (generate): 3ms real	0ms user	0ms sys
[ 5000 5000 5000 5000 5000 5000 5000 5000 5000 5000 ]
[ 4999 5000 5000 5000 5000 5000 5000 5000 5000 5000 ]
[ 4999 4999 5000 5000 5000 5000 5000 5000 5000 5000 ]
[ 4999 4999 4999 5000 5000 5000 5000 5000 5000 5000 ]
[ 4999 4999 4999 4999 5000 5000 5000 5000 5000 5000 ]
[ 4999 4999 4999 4999 4999 5000 5000 5000 5000 5000 ]
[ 4999 4999 4999 4999 4999 4999 5000 5000 5000 5000 ]
[ 4999 4999 4999 4999 4999 4999 4999 5000 5000 5000 ]
[ 4999 4999 4999 4999 4999 4999 4999 4999 5000 5000 ]
[ 4999 4999 4999 4999 4999 4999 4999 4999 4999 5000 ]
[ 4999 4999 4999 4999 4999 4999 4999 4999 4999 4999 ]
[ 4998 4999 4999 4999 4999 4999 4999 4999 4999 4999 ]
[ 4998 4998 4999 4999 4999 4999 4999 4999 4999 4999 ]
[ 4998 4998 4998 4999 4999 4999 4999 4999 4999 4999 ]
[ 4998 4998 4998 4998 4999 4999 4999 4999 4999 4999 ]
[ 4998 4998 4998 4998 4998 4999 4999 4999 4999 4999 ]
[ 4998 4998 4998 4998 4998 4998 4999 4999 4999 4999 ]
[ 4998 4998 4998 4998 4998 4998 4998 4999 4999 4999 ]
[ 4998 4998 4998 4998 4998 4998 4998 4998 4999 4999 ]
[ 4998 4998 4998 4998 4998 4998 4998 4998 4998 4999 ]

Running insertion sort algorithm: 
Timer (sort): 41835ms real	41820ms user	0ms sys
The output is sorted!
[ 0 0 0 0 0 0 0 0 0 1 ]
[ 0 0 0 0 0 0 0 0 1 1 ]
[ 0 0 0 0 0 0 0 1 1 1 ]
[ 0 0 0 0 0 0 1 1 1 1 ]
[ 0 0 0 0 0 1 1 1 1 1 ]
[ 0 0 0 0 1 1 1 1 1 1 ]
[ 0 0 0 1 1 1 1 1 1 1 ]
[ 0 0 1 1 1 1 1 1 1 1 ]
[ 0 1 1 1 1 1 1 1 1 1 ]
[ 1 1 1 1 1 1 1 1 1 1 ]
[ 1 1 1 1 1 1 1 1 1 2 ]
[ 1 1 1 1 1 1 1 1 2 2 ]
[ 1 1 1 1 1 1 1 2 2 2 ]
[ 1 1 1 1 1 1 2 2 2 2 ]
[ 1 1 1 1 1 2 2 2 2 2 ]
[ 1 1 1 1 2 2 2 2 2 2 ]
[ 1 1 1 2 2 2 2 2 2 2 ]
[ 1 1 2 2 2 2 2 2 2 2 ]
[ 1 2 2 2 2 2 2 2 2 2 ]
[ 2 2 2 2 2 2 2 2 2 2 ]

Timer (generate): 2ms real	0ms user	0ms sys
[ 5000 5000 5000 5000 5000 5000 5000 5000 5000 5000 ]
[ 4999 5000 5000 5000 5000 5000 5000 5000 5000 5000 ]
[ 4999 4999 5000 5000 5000 5000 5000 5000 5000 5000 ]
[ 4999 4999 4999 5000 5000 5000 5000 5000 5000 5000 ]
[ 4999 4999 4999 4999 5000 5000 5000 5000 5000 5000 ]
[ 4999 4999 4999 4999 4999 5000 5000 5000 5000 5000 ]
[ 4999 4999 4999 4999 4999 4999 5000 5000 5000 5000 ]
[ 4999 4999 4999 4999 4999 4999 4999 5000 5000 5000 ]
[ 4999 4999 4999 4999 4999 4999 4999 4999 5000 5000 ]
[ 4999 4999 4999 4999 4999 4999 4999 4999 4999 5000 ]
[ 4999 4999 4999 4999 4999 4999 4999 4999 4999 4999 ]
[ 4998 4999 4999 4999 4999 4999 4999 4999 4999 4999 ]
[ 4998 4998 4999 4999 4999 4999 4999 4999 4999 4999 ]
[ 4998 4998 4998 4999 4999 4999 4999 4999 4999 4999 ]
[ 4998 4998 4998 4998 4999 4999 4999 4999 4999 4999 ]
[ 4998 4998 4998 4998 4998 4999 4999 4999 4999 4999 ]
[ 4998 4998 4998 4998 4998 4998 4999 4999 4999 4999 ]
[ 4998 4998 4998 4998 4998 4998 4998 4999 4999 4999 ]
[ 4998 4998 4998 4998 4998 4998 4998 4998 4999 4999 ]
[ 4998 4998 4998 4998 4998 4998 4998 4998 4998 4999 ]

Running insertion sort algorithm: 
Timer (sort): 41805ms real	41800ms user	0ms sys
The output is sorted!
[ 0 0 0 0 0 0 0 0 0 1 ]
[ 0 0 0 0 0 0 0 0 1 1 ]
[ 0 0 0 0 0 0 0 1 1 1 ]
[ 0 0 0 0 0 0 1 1 1 1 ]
[ 0 0 0 0 0 1 1 1 1 1 ]
[ 0 0 0 0 1 1 1 1 1 1 ]
[ 0 0 0 1 1 1 1 1 1 1 ]
[ 0 0 1 1 1 1 1 1 1 1 ]
[ 0 1 1 1 1 1 1 1 1 1 ]
[ 1 1 1 1 1 1 1 1 1 1 ]
[ 1 1 1 1 1 1 1 1 1 2 ]
[ 1 1 1 1 1 1 1 1 2 2 ]
[ 1 1 1 1 1 1 1 2 2 2 ]
[ 1 1 1 1 1 1 2 2 2 2 ]
[ 1 1 1 1 1 2 2 2 2 2 ]
[ 1 1 1 1 2 2 2 2 2 2 ]
[ 1 1 1 2 2 2 2 2 2 2 ]
[ 1 1 2 2 2 2 2 2 2 2 ]
[ 1 2 2 2 2 2 2 2 2 2 ]
[ 2 2 2 2 2 2 2 2 2 2 ]

Timer (generate): 3ms real	0ms user	0ms sys
[ 5000 5000 5000 5000 5000 5000 5000 5000 5000 5000 ]
[ 4999 5000 5000 5000 5000 5000 5000 5000 5000 5000 ]
[ 4999 4999 5000 5000 5000 5000 5000 5000 5000 5000 ]
[ 4999 4999 4999 5000 5000 5000 5000 5000 5000 5000 ]
[ 4999 4999 4999 4999 5000 5000 5000 5000 5000 5000 ]
[ 4999 4999 4999 4999 4999 5000 5000 5000 5000 5000 ]
[ 4999 4999 4999 4999 4999 4999 5000 5000 5000 5000 ]
[ 4999 4999 4999 4999 4999 4999 4999 5000 5000 5000 ]
[ 4999 4999 4999 4999 4999 4999 4999 4999 5000 5000 ]
[ 4999 4999 4999 4999 4999 4999 4999 4999 4999 5000 ]
[ 4999 4999 4999 4999 4999 4999 4999 4999 4999 4999 ]
[ 4998 4999 4999 4999 4999 4999 4999 4999 4999 4999 ]
[ 4998 4998 4999 4999 4999 4999 4999 4999 4999 4999 ]
[ 4998 4998 4998 4999 4999 4999 4999 4999 4999 4999 ]
[ 4998 4998 4998 4998 4999 4999 4999 4999 4999 4999 ]
[ 4998 4998 4998 4998 4998 4999 4999 4999 4999 4999 ]
[ 4998 4998 4998 4998 4998 4998 4999 4999 4999 4999 ]
[ 4998 4998 4998 4998 4998 4998 4998 4999 4999 4999 ]
[ 4998 4998 4998 4998 4998 4998 4998 4998 4999 4999 ]
[ 4998 4998 4998 4998 4998 4998 4998 4998 4998 4999 ]

Running insertion sort algorithm: 
Timer (sort): 35246ms real	35240ms user	0ms sys
The output is sorted!
[ 0 0 0 0 0 0 0 0 0 1 ]
[ 0 0 0 0 0 0 0 0 1 1 ]
[ 0 0 0 0 0 0 0 1 1 1 ]
[ 0 0 0 0 0 0 1 1 1 1 ]
[ 0 0 0 0 0 1 1 1 1 1 ]
[ 0 0 0 0 1 1 1 1 1 1 ]
[ 0 0 0 1 1 1 1 1 1 1 ]
[ 0 0 1 1 1 1 1 1 1 1 ]
[ 0 1 1 1 1 1 1 1 1 1 ]
[ 1 1 1 1 1 1 1 1 1 1 ]
[ 1 1 1 1 1 1 1 1 1 2 ]
[ 1 1 1 1 1 1 1 1 2 2 ]
[ 1 1 1 1 1 1 1 2 2 2 ]
[ 1 1 1 1 1 1 2 2 2 2 ]
[ 1 1 1 1 1 2 2 2 2 2 ]
[ 1 1 1 1 2 2 2 2 2 2 ]
[ 1 1 1 2 2 2 2 2 2 2 ]
[ 1 1 2 2 2 2 2 2 2 2 ]
[ 1 2 2 2 2 2 2 2 2 2 ]
[ 2 2 2 2 2 2 2 2 2 2 ]

Timer (generate): 2ms real	0ms user	0ms sys
[ 5000 5000 5000 5000 5000 5000 5000 5000 5000 5000 ]
[ 4999 5000 5000 5000 5000 5000 5000 5000 5000 5000 ]
[ 4999 4999 5000 5000 5000 5000 5000 5000 5000 5000 ]
[ 4999 4999 4999 5000 5000 5000 5000 5000 5000 5000 ]
[ 4999 4999 4999 4999 5000 5000 5000 5000 5000 5000 ]
[ 4999 4999 4999 4999 4999 5000 5000 5000 5000 5000 ]
[ 4999 4999 4999 4999 4999 4999 5000 5000 5000 5000 ]
[ 4999 4999 4999 4999 4999 4999 4999 5000 5000 5000 ]
[ 4999 4999 4999 4999 4999 4999 4999 4999 5000 5000 ]
[ 4999 4999 4999 4999 4999 4999 4999 4999 4999 5000 ]
[ 4999 4999 4999 4999 4999 4999 4999 4999 4999 4999 ]
[ 4998 4999 4999 4999 4999 4999 4999 4999 4999 4999 ]
[ 4998 4998 4999 4999 4999 4999 4999 4999 4999 4999 ]
[ 4998 4998 4998 4999 4999 4999 4999 4999 4999 4999 ]
[ 4998 4998 4998 4998 4999 4999 4999 4999 4999 4999 ]
[ 4998 4998 4998 4998 4998 4999 4999 4999 4999 4999 ]
[ 4998 4998 4998 4998 4998 4998 4999 4999 4999 4999 ]
[ 4998 4998 4998 4998 4998 4998 4998 4999 4999 4999 ]
[ 4998 4998 4998 4998 4998 4998 4998 4998 4999 4999 ]
[ 4998 4998 4998 4998 4998 4998 4998 4998 4998 4999 ]

Running insertion sort algorithm: 
Timer (sort): 37131ms real	37130ms user	0ms sys
The output is sorted!
[ 0 0 0 0 0 0 0 0 0 1 ]
[ 0 0 0 0 0 0 0 0 1 1 ]
[ 0 0 0 0 0 0 0 1 1 1 ]
[ 0 0 0 0 0 0 1 1 1 1 ]
[ 0 0 0 0 0 1 1 1 1 1 ]
[ 0 0 0 0 1 1 1 1 1 1 ]
[ 0 0 0 1 1 1 1 1 1 1 ]
[ 0 0 1 1 1 1 1 1 1 1 ]
[ 0 1 1 1 1 1 1 1 1 1 ]
[ 1 1 1 1 1 1 1 1 1 1 ]
[ 1 1 1 1 1 1 1 1 1 2 ]
[ 1 1 1 1 1 1 1 1 2 2 ]
[ 1 1 1 1 1 1 1 2 2 2 ]
[ 1 1 1 1 1 1 2 2 2 2 ]
[ 1 1 1 1 1 2 2 2 2 2 ]
[ 1 1 1 1 2 2 2 2 2 2 ]
[ 1 1 1 2 2 2 2 2 2 2 ]
[ 1 1 2 2 2 2 2 2 2 2 ]
[ 1 2 2 2 2 2 2 2 2 2 ]
[ 2 2 2 2 2 2 2 2 2 2 ]

Timer (generate): 2ms real	0ms user	0ms sys
[ 5000 5000 5000 5000 5000 5000 5000 5000 5000 5000 ]
[ 4999 5000 5000 5000 5000 5000 5000 5000 5000 5000 ]
[ 4999 4999 5000 5000 5000 5000 5000 5000 5000 5000 ]
[ 4999 4999 4999 5000 5000 5000 5000 5000 5000 5000 ]
[ 4999 4999 4999 4999 5000 5000 5000 5000 5000 5000 ]
[ 4999 4999 4999 4999 4999 5000 5000 5000 5000 5000 ]
[ 4999 4999 4999 4999 4999 4999 5000 5000 5000 5000 ]
[ 4999 4999 4999 4999 4999 4999 4999 5000 5000 5000 ]
[ 4999 4999 4999 4999 4999 4999 4999 4999 5000 5000 ]
[ 4999 4999 4999 4999 4999 4999 4999 4999 4999 5000 ]
[ 4999 4999 4999 4999 4999 4999 4999 4999 4999 4999 ]
[ 4998 4999 4999 4999 4999 4999 4999 4999 4999 4999 ]
[ 4998 4998 4999 4999 4999 4999 4999 4999 4999 4999 ]
[ 4998 4998 4998 4999 4999 4999 4999 4999 4999 4999 ]
[ 4998 4998 4998 4998 4999 4999 4999 4999 4999 4999 ]
[ 4998 4998 4998 4998 4998 4999 4999 4999 4999 4999 ]
[ 4998 4998 4998 4998 4998 4998 4999 4999 4999 4999 ]
[ 4998 4998 4998 4998 4998 4998 4998 4999 4999 4999 ]
[ 4998 4998 4998 4998 4998 4998 4998 4998 4999 4999 ]
[ 4998 4998 4998 4998 4998 4998 4998 4998 4998 4999 ]

Running insertion sort algorithm: 
Timer (sort): 36503ms real	36500ms user	0ms sys
The output is sorted!
[ 0 0 0 0 0 0 0 0 0 1 ]
[ 0 0 0 0 0 0 0 0 1 1 ]
[ 0 0 0 0 0 0 0 1 1 1 ]
[ 0 0 0 0 0 0 1 1 1 1 ]
[ 0 0 0 0 0 1 1 1 1 1 ]
[ 0 0 0 0 1 1 1 1 1 1 ]
[ 0 0 0 1 1 1 1 1 1 1 ]
[ 0 0 1 1 1 1 1 1 1 1 ]
[ 0 1 1 1 1 1 1 1 1 1 ]
[ 1 1 1 1 1 1 1 1 1 1 ]
[ 1 1 1 1 1 1 1 1 1 2 ]
[ 1 1 1 1 1 1 1 1 2 2 ]
[ 1 1 1 1 1 1 1 2 2 2 ]
[ 1 1 1 1 1 1 2 2 2 2 ]
[ 1 1 1 1 1 2 2 2 2 2 ]
[ 1 1 1 1 2 2 2 2 2 2 ]
[ 1 1 1 2 2 2 2 2 2 2 ]
[ 1 1 2 2 2 2 2 2 2 2 ]
[ 1 2 2 2 2 2 2 2 2 2 ]
[ 2 2 2 2 2 2 2 2 2 2 ]

Timer (generate): 3ms real	0ms user	0ms sys
[ 5000 5000 5000 5000 5000 5000 5000 5000 5000 5000 ]
[ 4999 5000 5000 5000 5000 5000 5000 5000 5000 5000 ]
[ 4999 4999 5000 5000 5000 5000 5000 5000 5000 5000 ]
[ 4999 4999 4999 5000 5000 5000 5000 5000 5000 5000 ]
[ 4999 4999 4999 4999 5000 5000 5000 5000 5000 5000 ]
[ 4999 4999 4999 4999 4999 5000 5000 5000 5000 5000 ]
[ 4999 4999 4999 4999 4999 4999 5000 5000 5000 5000 ]
[ 4999 4999 4999 4999 4999 4999 4999 5000 5000 5000 ]
[ 4999 4999 4999 4999 4999 4999 4999 4999 5000 5000 ]
[ 4999 4999 4999 4999 4999 4999 4999 4999 4999 5000 ]
[ 4999 4999 4999 4999 4999 4999 4999 4999 4999 4999 ]
[ 4998 4999 4999 4999 4999 4999 4999 4999 4999 4999 ]
[ 4998 4998 4999 4999 4999 4999 4999 4999 4999 4999 ]
[ 4998 4998 4998 4999 4999 4999 4999 4999 4999 4999 ]
[ 4998 4998 4998 4998 4999 4999 4999 4999 4999 4999 ]
[ 4998 4998 4998 4998 4998 4999 4999 4999 4999 4999 ]
[ 4998 4998 4998 4998 4998 4998 4999 4999 4999 4999 ]
[ 4998 4998 4998 4998 4998 4998 4998 4999 4999 4999 ]
[ 4998 4998 4998 4998 4998 4998 4998 4998 4999 4999 ]
[ 4998 4998 4998 4998 4998 4998 4998 4998 4998 4999 ]

Running insertion sort algorithm: 
Timer (sort): 37149ms real	37150ms user	0ms sys
The output is sorted!
[ 0 0 0 0 0 0 0 0 0 1 ]
[ 0 0 0 0 0 0 0 0 1 1 ]
[ 0 0 0 0 0 0 0 1 1 1 ]
[ 0 0 0 0 0 0 1 1 1 1 ]
[ 0 0 0 0 0 1 1 1 1 1 ]
[ 0 0 0 0 1 1 1 1 1 1 ]
[ 0 0 0 1 1 1 1 1 1 1 ]
[ 0 0 1 1 1 1 1 1 1 1 ]
[ 0 1 1 1 1 1 1 1 1 1 ]
[ 1 1 1 1 1 1 1 1 1 1 ]
[ 1 1 1 1 1 1 1 1 1 2 ]
[ 1 1 1 1 1 1 1 1 2 2 ]
[ 1 1 1 1 1 1 1 2 2 2 ]
[ 1 1 1 1 1 1 2 2 2 2 ]
[ 1 1 1 1 1 2 2 2 2 2 ]
[ 1 1 1 1 2 2 2 2 2 2 ]
[ 1 1 1 2 2 2 2 2 2 2 ]
[ 1 1 2 2 2 2 2 2 2 2 ]
[ 1 2 2 2 2 2 2 2 2 2 ]
[ 2 2 2 2 2 2 2 2 2 2 ]

Timer (generate): 2ms real	0ms user	0ms sys
[ 5000 5000 5000 5000 5000 5000 5000 5000 5000 5000 ]
[ 4999 5000 5000 5000 5000 5000 5000 5000 5000 5000 ]
[ 4999 4999 5000 5000 5000 5000 5000 5000 5000 5000 ]
[ 4999 4999 4999 5000 5000 5000 5000 5000 5000 5000 ]
[ 4999 4999 4999 4999 5000 5000 5000 5000 5000 5000 ]
[ 4999 4999 4999 4999 4999 5000 5000 5000 5000 5000 ]
[ 4999 4999 4999 4999 4999 4999 5000 5000 5000 5000 ]
[ 4999 4999 4999 4999 4999 4999 4999 5000 5000 5000 ]
[ 4999 4999 4999 4999 4999 4999 4999 4999 5000 5000 ]
[ 4999 4999 4999 4999 4999 4999 4999 4999 4999 5000 ]
[ 4999 4999 4999 4999 4999 4999 4999 4999 4999 4999 ]
[ 4998 4999 4999 4999 4999 4999 4999 4999 4999 4999 ]
[ 4998 4998 4999 4999 4999 4999 4999 4999 4999 4999 ]
[ 4998 4998 4998 4999 4999 4999 4999 4999 4999 4999 ]
[ 4998 4998 4998 4998 4999 4999 4999 4999 4999 4999 ]
[ 4998 4998 4998 4998 4998 4999 4999 4999 4999 4999 ]
[ 4998 4998 4998 4998 4998 4998 4999 4999 4999 4999 ]
[ 4998 4998 4998 4998 4998 4998 4998 4999 4999 4999 ]
[ 4998 4998 4998 4998 4998 4998 4998 4998 4999 4999 ]
[ 4998 4998 4998 4998 4998 4998 4998 4998 4998 4999 ]

Running insertion sort algorithm: 
Timer (sort): 39789ms real	39790ms user	0ms sys
The output is sorted!
[ 0 0 0 0 0 0 0 0 0 1 ]
[ 0 0 0 0 0 0 0 0 1 1 ]
[ 0 0 0 0 0 0 0 1 1 1 ]
[ 0 0 0 0 0 0 1 1 1 1 ]
[ 0 0 0 0 0 1 1 1 1 1 ]
[ 0 0 0 0 1 1 1 1 1 1 ]
[ 0 0 0 1 1 1 1 1 1 1 ]
[ 0 0 1 1 1 1 1 1 1 1 ]
[ 0 1 1 1 1 1 1 1 1 1 ]
[ 1 1 1 1 1 1 1 1 1 1 ]
[ 1 1 1 1 1 1 1 1 1 2 ]
[ 1 1 1 1 1 1 1 1 2 2 ]
[ 1 1 1 1 1 1 1 2 2 2 ]
[ 1 1 1 1 1 1 2 2 2 2 ]
[ 1 1 1 1 1 2 2 2 2 2 ]
[ 1 1 1 1 2 2 2 2 2 2 ]
[ 1 1 1 2 2 2 2 2 2 2 ]
[ 1 1 2 2 2 2 2 2 2 2 ]
[ 1 2 2 2 2 2 2 2 2 2 ]
[ 2 2 2 2 2 2 2 2 2 2 ]

Timer (generate): 2ms real	0ms user	0ms sys
[ 5000 5000 5000 5000 5000 5000 5000 5000 5000 5000 ]
[ 4999 5000 5000 5000 5000 5000 5000 5000 5000 5000 ]
[ 4999 4999 5000 5000 5000 5000 5000 5000 5000 5000 ]
[ 4999 4999 4999 5000 5000 5000 5000 5000 5000 5000 ]
[ 4999 4999 4999 4999 5000 5000 5000 5000 5000 5000 ]
[ 4999 4999 4999 4999 4999 5000 5000 5000 5000 5000 ]
[ 4999 4999 4999 4999 4999 4999 5000 5000 5000 5000 ]
[ 4999 4999 4999 4999 4999 4999 4999 5000 5000 5000 ]
[ 4999 4999 4999 4999 4999 4999 4999 4999 5000 5000 ]
[ 4999 4999 4999 4999 4999 4999 4999 4999 4999 5000 ]
[ 4999 4999 4999 4999 4999 4999 4999 4999 4999 4999 ]
[ 4998 4999 4999 4999 4999 4999 4999 4999 4999 4999 ]
[ 4998 4998 4999 4999 4999 4999 4999 4999 4999 4999 ]
[ 4998 4998 4998 4999 4999 4999 4999 4999 4999 4999 ]
[ 4998 4998 4998 4998 4999 4999 4999 4999 4999 4999 ]
[ 4998 4998 4998 4998 4998 4999 4999 4999 4999 4999 ]
[ 4998 4998 4998 4998 4998 4998 4999 4999 4999 4999 ]
[ 4998 4998 4998 4998 4998 4998 4998 4999 4999 4999 ]
[ 4998 4998 4998 4998 4998 4998 4998 4998 4999 4999 ]
[ 4998 4998 4998 4998 4998 4998 4998 4998 4998 4999 ]

Running insertion sort algorithm: 
Timer (sort): 37465ms real	37460ms user	0ms sys
The output is sorted!
[ 0 0 0 0 0 0 0 0 0 1 ]
[ 0 0 0 0 0 0 0 0 1 1 ]
[ 0 0 0 0 0 0 0 1 1 1 ]
[ 0 0 0 0 0 0 1 1 1 1 ]
[ 0 0 0 0 0 1 1 1 1 1 ]
[ 0 0 0 0 1 1 1 1 1 1 ]
[ 0 0 0 1 1 1 1 1 1 1 ]
[ 0 0 1 1 1 1 1 1 1 1 ]
[ 0 1 1 1 1 1 1 1 1 1 ]
[ 1 1 1 1 1 1 1 1 1 1 ]
[ 1 1 1 1 1 1 1 1 1 2 ]
[ 1 1 1 1 1 1 1 1 2 2 ]
[ 1 1 1 1 1 1 1 2 2 2 ]
[ 1 1 1 1 1 1 2 2 2 2 ]
[ 1 1 1 1 1 2 2 2 2 2 ]
[ 1 1 1 1 2 2 2 2 2 2 ]
[ 1 1 1 2 2 2 2 2 2 2 ]
[ 1 1 2 2 2 2 2 2 2 2 ]
[ 1 2 2 2 2 2 2 2 2 2 ]
[ 2 2 2 2 2 2 2 2 2 2 ]

Timer (generate): 2ms real	0ms user	0ms sys
[ 5000 5000 5000 5000 5000 5000 5000 5000 5000 5000 ]
[ 4999 5000 5000 5000 5000 5000 5000 5000 5000 5000 ]
[ 4999 4999 5000 5000 5000 5000 5000 5000 5000 5000 ]
[ 4999 4999 4999 5000 5000 5000 5000 5000 5000 5000 ]
[ 4999 4999 4999 4999 5000 5000 5000 5000 5000 5000 ]
[ 4999 4999 4999 4999 4999 5000 5000 5000 5000 5000 ]
[ 4999 4999 4999 4999 4999 4999 5000 5000 5000 5000 ]
[ 4999 4999 4999 4999 4999 4999 4999 5000 5000 5000 ]
[ 4999 4999 4999 4999 4999 4999 4999 4999 5000 5000 ]
[ 4999 4999 4999 4999 4999 4999 4999 4999 4999 5000 ]
[ 4999 4999 4999 4999 4999 4999 4999 4999 4999 4999 ]
[ 4998 4999 4999 4999 4999 4999 4999 4999 4999 4999 ]
[ 4998 4998 4999 4999 4999 4999 4999 4999 4999 4999 ]
[ 4998 4998 4998 4999 4999 4999 4999 4999 4999 4999 ]
[ 4998 4998 4998 4998 4999 4999 4999 4999 4999 4999 ]
[ 4998 4998 4998 4998 4998 4999 4999 4999 4999 4999 ]
[ 4998 4998 4998 4998 4998 4998 4999 4999 4999 4999 ]
[ 4998 4998 4998 4998 4998 4998 4998 4999 4999 4999 ]
[ 4998 4998 4998 4998 4998 4998 4998 4998 4999 4999 ]
[ 4998 4998 4998 4998 4998 4998 4998 4998 4998 4999 ]

Running insertion sort algorithm: 
Timer (sort): 38015ms real	38010ms user	0ms sys
The output is sorted!
[ 0 0 0 0 0 0 0 0 0 1 ]
[ 0 0 0 0 0 0 0 0 1 1 ]
[ 0 0 0 0 0 0 0 1 1 1 ]
[ 0 0 0 0 0 0 1 1 1 1 ]
[ 0 0 0 0 0 1 1 1 1 1 ]
[ 0 0 0 0 1 1 1 1 1 1 ]
[ 0 0 0 1 1 1 1 1 1 1 ]
[ 0 0 1 1 1 1 1 1 1 1 ]
[ 0 1 1 1 1 1 1 1 1 1 ]
[ 1 1 1 1 1 1 1 1 1 1 ]
[ 1 1 1 1 1 1 1 1 1 2 ]
[ 1 1 1 1 1 1 1 1 2 2 ]
[ 1 1 1 1 1 1 1 2 2 2 ]
[ 1 1 1 1 1 1 2 2 2 2 ]
[ 1 1 1 1 1 2 2 2 2 2 ]
[ 1 1 1 1 2 2 2 2 2 2 ]
[ 1 1 1 2 2 2 2 2 2 2 ]
[ 1 1 2 2 2 2 2 2 2 2 ]
[ 1 2 2 2 2 2 2 2 2 2 ]
[ 2 2 2 2 2 2 2 2 2 2 ]

Timer (generate): 2ms real	0ms user	0ms sys
[ 5000 5000 5000 5000 5000 5000 5000 5000 5000 5000 ]
[ 4999 5000 5000 5000 5000 5000 5000 5000 5000 5000 ]
[ 4999 4999 5000 5000 5000 5000 5000 5000 5000 5000 ]
[ 4999 4999 4999 5000 5000 5000 5000 5000 5000 5000 ]
[ 4999 4999 4999 4999 5000 5000 5000 5000 5000 5000 ]
[ 4999 4999 4999 4999 4999 5000 5000 5000 5000 5000 ]
[ 4999 4999 4999 4999 4999 4999 5000 5000 5000 5000 ]
[ 4999 4999 4999 4999 4999 4999 4999 5000 5000 5000 ]
[ 4999 4999 4999 4999 4999 4999 4999 4999 5000 5000 ]
[ 4999 4999 4999 4999 4999 4999 4999 4999 4999 5000 ]
[ 4999 4999 4999 4999 4999 4999 4999 4999 4999 4999 ]
[ 4998 4999 4999 4999 4999 4999 4999 4999 4999 4999 ]
[ 4998 4998 4999 4999 4999 4999 4999 4999 4999 4999 ]
[ 4998 4998 4998 4999 4999 4999 4999 4999 4999 4999 ]
[ 4998 4998 4998 4998 4999 4999 4999 4999 4999 4999 ]
[ 4998 4998 4998 4998 4998 4999 4999 4999 4999 4999 ]
[ 4998 4998 4998 4998 4998 4998 4999 4999 4999 4999 ]
[ 4998 4998 4998 4998 4998 4998 4998 4999 4999 4999 ]
[ 4998 4998 4998 4998 4998 4998 4998 4998 4999 4999 ]
[ 4998 4998 4998 4998 4998 4998 4998 4998 4998 4999 ]

Running insertion sort algorithm: 
Timer (sort): 37172ms real	37170ms user	0ms sys
The output is sorted!
[ 0 0 0 0 0 0 0 0 0 1 ]
[ 0 0 0 0 0 0 0 0 1 1 ]
[ 0 0 0 0 0 0 0 1 1 1 ]
[ 0 0 0 0 0 0 1 1 1 1 ]
[ 0 0 0 0 0 1 1 1 1 1 ]
[ 0 0 0 0 1 1 1 1 1 1 ]
[ 0 0 0 1 1 1 1 1 1 1 ]
[ 0 0 1 1 1 1 1 1 1 1 ]
[ 0 1 1 1 1 1 1 1 1 1 ]
[ 1 1 1 1 1 1 1 1 1 1 ]
[ 1 1 1 1 1 1 1 1 1 2 ]
[ 1 1 1 1 1 1 1 1 2 2 ]
[ 1 1 1 1 1 1 1 2 2 2 ]
[ 1 1 1 1 1 1 2 2 2 2 ]
[ 1 1 1 1 1 2 2 2 2 2 ]
[ 1 1 1 1 2 2 2 2 2 2 ]
[ 1 1 1 2 2 2 2 2 2 2 ]
[ 1 1 2 2 2 2 2 2 2 2 ]
[ 1 2 2 2 2 2 2 2 2 2 ]
[ 2 2 2 2 2 2 2 2 2 2 ]

Timer (generate): 2ms real	0ms user	0ms sys
[ 5000 5000 5000 5000 5000 5000 5000 5000 5000 5000 ]
[ 4999 5000 5000 5000 5000 5000 5000 5000 5000 5000 ]
[ 4999 4999 5000 5000 5000 5000 5000 5000 5000 5000 ]
[ 4999 4999 4999 5000 5000 5000 5000 5000 5000 5000 ]
[ 4999 4999 4999 4999 5000 5000 5000 5000 5000 5000 ]
[ 4999 4999 4999 4999 4999 5000 5000 5000 5000 5000 ]
[ 4999 4999 4999 4999 4999 4999 5000 5000 5000 5000 ]
[ 4999 4999 4999 4999 4999 4999 4999 5000 5000 5000 ]
[ 4999 4999 4999 4999 4999 4999 4999 4999 5000 5000 ]
[ 4999 4999 4999 4999 4999 4999 4999 4999 4999 5000 ]
[ 4999 4999 4999 4999 4999 4999 4999 4999 4999 4999 ]
[ 4998 4999 4999 4999 4999 4999 4999 4999 4999 4999 ]
[ 4998 4998 4999 4999 4999 4999 4999 4999 4999 4999 ]
[ 4998 4998 4998 4999 4999 4999 4999 4999 4999 4999 ]
[ 4998 4998 4998 4998 4999 4999 4999 4999 4999 4999 ]
[ 4998 4998 4998 4998 4998 4999 4999 4999 4999 4999 ]
[ 4998 4998 4998 4998 4998 4998 4999 4999 4999 4999 ]
[ 4998 4998 4998 4998 4998 4998 4998 4999 4999 4999 ]
[ 4998 4998 4998 4998 4998 4998 4998 4998 4999 4999 ]
[ 4998 4998 4998 4998 4998 4998 4998 4998 4998 4999 ]

Running insertion sort algorithm: 
Timer (sort): 39345ms real	39330ms user	0ms sys
The output is sorted!
[ 0 0 0 0 0 0 0 0 0 1 ]
[ 0 0 0 0 0 0 0 0 1 1 ]
[ 0 0 0 0 0 0 0 1 1 1 ]
[ 0 0 0 0 0 0 1 1 1 1 ]
[ 0 0 0 0 0 1 1 1 1 1 ]
[ 0 0 0 0 1 1 1 1 1 1 ]
[ 0 0 0 1 1 1 1 1 1 1 ]
[ 0 0 1 1 1 1 1 1 1 1 ]
[ 0 1 1 1 1 1 1 1 1 1 ]
[ 1 1 1 1 1 1 1 1 1 1 ]
[ 1 1 1 1 1 1 1 1 1 2 ]
[ 1 1 1 1 1 1 1 1 2 2 ]
[ 1 1 1 1 1 1 1 2 2 2 ]
[ 1 1 1 1 1 1 2 2 2 2 ]
[ 1 1 1 1 1 2 2 2 2 2 ]
[ 1 1 1 1 2 2 2 2 2 2 ]
[ 1 1 1 2 2 2 2 2 2 2 ]
[ 1 1 2 2 2 2 2 2 2 2 ]
[ 1 2 2 2 2 2 2 2 2 2 ]
[ 2 2 2 2 2 2 2 2 2 2 ]

Timer (generate): 3ms real	0ms user	0ms sys
[ 5000 5000 5000 5000 5000 5000 5000 5000 5000 5000 ]
[ 4999 5000 5000 5000 5000 5000 5000 5000 5000 5000 ]
[ 4999 4999 5000 5000 5000 5000 5000 5000 5000 5000 ]
[ 4999 4999 4999 5000 5000 5000 5000 5000 5000 5000 ]
[ 4999 4999 4999 4999 5000 5000 5000 5000 5000 5000 ]
[ 4999 4999 4999 4999 4999 5000 5000 5000 5000 5000 ]
[ 4999 4999 4999 4999 4999 4999 5000 5000 5000 5000 ]
[ 4999 4999 4999 4999 4999 4999 4999 5000 5000 5000 ]
[ 4999 4999 4999 4999 4999 4999 4999 4999 5000 5000 ]
[ 4999 4999 4999 4999 4999 4999 4999 4999 4999 5000 ]
[ 4999 4999 4999 4999 4999 4999 4999 4999 4999 4999 ]
[ 4998 4999 4999 4999 4999 4999 4999 4999 4999 4999 ]
[ 4998 4998 4999 4999 4999 4999 4999 4999 4999 4999 ]
[ 4998 4998 4998 4999 4999 4999 4999 4999 4999 4999 ]
[ 4998 4998 4998 4998 4999 4999 4999 4999 4999 4999 ]
[ 4998 4998 4998 4998 4998 4999 4999 4999 4999 4999 ]
[ 4998 4998 4998 4998 4998 4998 4999 4999 4999 4999 ]
[ 4998 4998 4998 4998 4998 4998 4998 4999 4999 4999 ]
[ 4998 4998 4998 4998 4998 4998 4998 4998 4999 4999 ]
[ 4998 4998 4998 4998 4998 4998 4998 4998 4998 4999 ]

Running insertion sort algorithm: 
Timer (sort): 40791ms real	40790ms user	0ms sys
The output is sorted!
[ 0 0 0 0 0 0 0 0 0 1 ]
[ 0 0 0 0 0 0 0 0 1 1 ]
[ 0 0 0 0 0 0 0 1 1 1 ]
[ 0 0 0 0 0 0 1 1 1 1 ]
[ 0 0 0 0 0 1 1 1 1 1 ]
[ 0 0 0 0 1 1 1 1 1 1 ]
[ 0 0 0 1 1 1 1 1 1 1 ]
[ 0 0 1 1 1 1 1 1 1 1 ]
[ 0 1 1 1 1 1 1 1 1 1 ]
[ 1 1 1 1 1 1 1 1 1 1 ]
[ 1 1 1 1 1 1 1 1 1 2 ]
[ 1 1 1 1 1 1 1 1 2 2 ]
[ 1 1 1 1 1 1 1 2 2 2 ]
[ 1 1 1 1 1 1 2 2 2 2 ]
[ 1 1 1 1 1 2 2 2 2 2 ]
[ 1 1 1 1 2 2 2 2 2 2 ]
[ 1 1 1 2 2 2 2 2 2 2 ]
[ 1 1 2 2 2 2 2 2 2 2 ]
[ 1 2 2 2 2 2 2 2 2 2 ]
[ 2 2 2 2 2 2 2 2 2 2 ]

