Timer (generate): 4ms real	0ms user	0ms sys
[ 10000 10000 10000 10000 10000 10000 10000 10000 10000 10000 ]
[ 9999 10000 10000 10000 10000 10000 10000 10000 10000 10000 ]
[ 9999 9999 10000 10000 10000 10000 10000 10000 10000 10000 ]
[ 9999 9999 9999 10000 10000 10000 10000 10000 10000 10000 ]
[ 9999 9999 9999 9999 10000 10000 10000 10000 10000 10000 ]
[ 9999 9999 9999 9999 9999 10000 10000 10000 10000 10000 ]
[ 9999 9999 9999 9999 9999 9999 10000 10000 10000 10000 ]
[ 9999 9999 9999 9999 9999 9999 9999 10000 10000 10000 ]
[ 9999 9999 9999 9999 9999 9999 9999 9999 10000 10000 ]
[ 9999 9999 9999 9999 9999 9999 9999 9999 9999 10000 ]
[ 9999 9999 9999 9999 9999 9999 9999 9999 9999 9999 ]
[ 9998 9999 9999 9999 9999 9999 9999 9999 9999 9999 ]
[ 9998 9998 9999 9999 9999 9999 9999 9999 9999 9999 ]
[ 9998 9998 9998 9999 9999 9999 9999 9999 9999 9999 ]
[ 9998 9998 9998 9998 9999 9999 9999 9999 9999 9999 ]
[ 9998 9998 9998 9998 9998 9999 9999 9999 9999 9999 ]
[ 9998 9998 9998 9998 9998 9998 9999 9999 9999 9999 ]
[ 9998 9998 9998 9998 9998 9998 9998 9999 9999 9999 ]
[ 9998 9998 9998 9998 9998 9998 9998 9998 9999 9999 ]
[ 9998 9998 9998 9998 9998 9998 9998 9998 9998 9999 ]

Running insertion sort algorithm: 
Timer (sort): 164375ms real	164370ms user	10ms sys
The output is sorted!
[ 0 0 0 0 0 0 0 0 0 1 ]
[ 0 0 0 0 0 0 0 0 1 1 ]
[ 0 0 0 0 0 0 0 1 1 1 ]
[ 0 0 0 0 0 0 1 1 1 1 ]
[ 0 0 0 0 0 1 1 1 1 1 ]
[ 0 0 0 0 1 1 1 1 1 1 ]
[ 0 0 0 1 1 1 1 1 1 1 ]
[ 0 0 1 1 1 1 1 1 1 1 ]
[ 0 1 1 1 1 1 1 1 1 1 ]
[ 1 1 1 1 1 1 1 1 1 1 ]
[ 1 1 1 1 1 1 1 1 1 2 ]
[ 1 1 1 1 1 1 1 1 2 2 ]
[ 1 1 1 1 1 1 1 2 2 2 ]
[ 1 1 1 1 1 1 2 2 2 2 ]
[ 1 1 1 1 1 2 2 2 2 2 ]
[ 1 1 1 1 2 2 2 2 2 2 ]
[ 1 1 1 2 2 2 2 2 2 2 ]
[ 1 1 2 2 2 2 2 2 2 2 ]
[ 1 2 2 2 2 2 2 2 2 2 ]
[ 2 2 2 2 2 2 2 2 2 2 ]

Timer (generate): 5ms real	0ms user	0ms sys
[ 10000 10000 10000 10000 10000 10000 10000 10000 10000 10000 ]
[ 9999 10000 10000 10000 10000 10000 10000 10000 10000 10000 ]
[ 9999 9999 10000 10000 10000 10000 10000 10000 10000 10000 ]
[ 9999 9999 9999 10000 10000 10000 10000 10000 10000 10000 ]
[ 9999 9999 9999 9999 10000 10000 10000 10000 10000 10000 ]
[ 9999 9999 9999 9999 9999 10000 10000 10000 10000 10000 ]
[ 9999 9999 9999 9999 9999 9999 10000 10000 10000 10000 ]
[ 9999 9999 9999 9999 9999 9999 9999 10000 10000 10000 ]
[ 9999 9999 9999 9999 9999 9999 9999 9999 10000 10000 ]
[ 9999 9999 9999 9999 9999 9999 9999 9999 9999 10000 ]
[ 9999 9999 9999 9999 9999 9999 9999 9999 9999 9999 ]
[ 9998 9999 9999 9999 9999 9999 9999 9999 9999 9999 ]
[ 9998 9998 9999 9999 9999 9999 9999 9999 9999 9999 ]
[ 9998 9998 9998 9999 9999 9999 9999 9999 9999 9999 ]
[ 9998 9998 9998 9998 9999 9999 9999 9999 9999 9999 ]
[ 9998 9998 9998 9998 9998 9999 9999 9999 9999 9999 ]
[ 9998 9998 9998 9998 9998 9998 9999 9999 9999 9999 ]
[ 9998 9998 9998 9998 9998 9998 9998 9999 9999 9999 ]
[ 9998 9998 9998 9998 9998 9998 9998 9998 9999 9999 ]
[ 9998 9998 9998 9998 9998 9998 9998 9998 9998 9999 ]

Running insertion sort algorithm: 
Timer (sort): 160848ms real	160840ms user	0ms sys
The output is sorted!
[ 0 0 0 0 0 0 0 0 0 1 ]
[ 0 0 0 0 0 0 0 0 1 1 ]
[ 0 0 0 0 0 0 0 1 1 1 ]
[ 0 0 0 0 0 0 1 1 1 1 ]
[ 0 0 0 0 0 1 1 1 1 1 ]
[ 0 0 0 0 1 1 1 1 1 1 ]
[ 0 0 0 1 1 1 1 1 1 1 ]
[ 0 0 1 1 1 1 1 1 1 1 ]
[ 0 1 1 1 1 1 1 1 1 1 ]
[ 1 1 1 1 1 1 1 1 1 1 ]
[ 1 1 1 1 1 1 1 1 1 2 ]
[ 1 1 1 1 1 1 1 1 2 2 ]
[ 1 1 1 1 1 1 1 2 2 2 ]
[ 1 1 1 1 1 1 2 2 2 2 ]
[ 1 1 1 1 1 2 2 2 2 2 ]
[ 1 1 1 1 2 2 2 2 2 2 ]
[ 1 1 1 2 2 2 2 2 2 2 ]
[ 1 1 2 2 2 2 2 2 2 2 ]
[ 1 2 2 2 2 2 2 2 2 2 ]
[ 2 2 2 2 2 2 2 2 2 2 ]

Timer (generate): 4ms real	0ms user	0ms sys
[ 10000 10000 10000 10000 10000 10000 10000 10000 10000 10000 ]
[ 9999 10000 10000 10000 10000 10000 10000 10000 10000 10000 ]
[ 9999 9999 10000 10000 10000 10000 10000 10000 10000 10000 ]
[ 9999 9999 9999 10000 10000 10000 10000 10000 10000 10000 ]
[ 9999 9999 9999 9999 10000 10000 10000 10000 10000 10000 ]
[ 9999 9999 9999 9999 9999 10000 10000 10000 10000 10000 ]
[ 9999 9999 9999 9999 9999 9999 10000 10000 10000 10000 ]
[ 9999 9999 9999 9999 9999 9999 9999 10000 10000 10000 ]
[ 9999 9999 9999 9999 9999 9999 9999 9999 10000 10000 ]
[ 9999 9999 9999 9999 9999 9999 9999 9999 9999 10000 ]
[ 9999 9999 9999 9999 9999 9999 9999 9999 9999 9999 ]
[ 9998 9999 9999 9999 9999 9999 9999 9999 9999 9999 ]
[ 9998 9998 9999 9999 9999 9999 9999 9999 9999 9999 ]
[ 9998 9998 9998 9999 9999 9999 9999 9999 9999 9999 ]
[ 9998 9998 9998 9998 9999 9999 9999 9999 9999 9999 ]
[ 9998 9998 9998 9998 9998 9999 9999 9999 9999 9999 ]
[ 9998 9998 9998 9998 9998 9998 9999 9999 9999 9999 ]
[ 9998 9998 9998 9998 9998 9998 9998 9999 9999 9999 ]
[ 9998 9998 9998 9998 9998 9998 9998 9998 9999 9999 ]
[ 9998 9998 9998 9998 9998 9998 9998 9998 9998 9999 ]

Running insertion sort algorithm: 
Timer (sort): 158128ms real	158130ms user	0ms sys
The output is sorted!
[ 0 0 0 0 0 0 0 0 0 1 ]
[ 0 0 0 0 0 0 0 0 1 1 ]
[ 0 0 0 0 0 0 0 1 1 1 ]
[ 0 0 0 0 0 0 1 1 1 1 ]
[ 0 0 0 0 0 1 1 1 1 1 ]
[ 0 0 0 0 1 1 1 1 1 1 ]
[ 0 0 0 1 1 1 1 1 1 1 ]
[ 0 0 1 1 1 1 1 1 1 1 ]
[ 0 1 1 1 1 1 1 1 1 1 ]
[ 1 1 1 1 1 1 1 1 1 1 ]
[ 1 1 1 1 1 1 1 1 1 2 ]
[ 1 1 1 1 1 1 1 1 2 2 ]
[ 1 1 1 1 1 1 1 2 2 2 ]
[ 1 1 1 1 1 1 2 2 2 2 ]
[ 1 1 1 1 1 2 2 2 2 2 ]
[ 1 1 1 1 2 2 2 2 2 2 ]
[ 1 1 1 2 2 2 2 2 2 2 ]
[ 1 1 2 2 2 2 2 2 2 2 ]
[ 1 2 2 2 2 2 2 2 2 2 ]
[ 2 2 2 2 2 2 2 2 2 2 ]

Timer (generate): 5ms real	0ms user	0ms sys
[ 10000 10000 10000 10000 10000 10000 10000 10000 10000 10000 ]
[ 9999 10000 10000 10000 10000 10000 10000 10000 10000 10000 ]
[ 9999 9999 10000 10000 10000 10000 10000 10000 10000 10000 ]
[ 9999 9999 9999 10000 10000 10000 10000 10000 10000 10000 ]
[ 9999 9999 9999 9999 10000 10000 10000 10000 10000 10000 ]
[ 9999 9999 9999 9999 9999 10000 10000 10000 10000 10000 ]
[ 9999 9999 9999 9999 9999 9999 10000 10000 10000 10000 ]
[ 9999 9999 9999 9999 9999 9999 9999 10000 10000 10000 ]
[ 9999 9999 9999 9999 9999 9999 9999 9999 10000 10000 ]
[ 9999 9999 9999 9999 9999 9999 9999 9999 9999 10000 ]
[ 9999 9999 9999 9999 9999 9999 9999 9999 9999 9999 ]
[ 9998 9999 9999 9999 9999 9999 9999 9999 9999 9999 ]
[ 9998 9998 9999 9999 9999 9999 9999 9999 9999 9999 ]
[ 9998 9998 9998 9999 9999 9999 9999 9999 9999 9999 ]
[ 9998 9998 9998 9998 9999 9999 9999 9999 9999 9999 ]
[ 9998 9998 9998 9998 9998 9999 9999 9999 9999 9999 ]
[ 9998 9998 9998 9998 9998 9998 9999 9999 9999 9999 ]
[ 9998 9998 9998 9998 9998 9998 9998 9999 9999 9999 ]
[ 9998 9998 9998 9998 9998 9998 9998 9998 9999 9999 ]
[ 9998 9998 9998 9998 9998 9998 9998 9998 9998 9999 ]

Running insertion sort algorithm: 
Timer (sort): 159884ms real	159880ms user	0ms sys
The output is sorted!
[ 0 0 0 0 0 0 0 0 0 1 ]
[ 0 0 0 0 0 0 0 0 1 1 ]
[ 0 0 0 0 0 0 0 1 1 1 ]
[ 0 0 0 0 0 0 1 1 1 1 ]
[ 0 0 0 0 0 1 1 1 1 1 ]
[ 0 0 0 0 1 1 1 1 1 1 ]
[ 0 0 0 1 1 1 1 1 1 1 ]
[ 0 0 1 1 1 1 1 1 1 1 ]
[ 0 1 1 1 1 1 1 1 1 1 ]
[ 1 1 1 1 1 1 1 1 1 1 ]
[ 1 1 1 1 1 1 1 1 1 2 ]
[ 1 1 1 1 1 1 1 1 2 2 ]
[ 1 1 1 1 1 1 1 2 2 2 ]
[ 1 1 1 1 1 1 2 2 2 2 ]
[ 1 1 1 1 1 2 2 2 2 2 ]
[ 1 1 1 1 2 2 2 2 2 2 ]
[ 1 1 1 2 2 2 2 2 2 2 ]
[ 1 1 2 2 2 2 2 2 2 2 ]
[ 1 2 2 2 2 2 2 2 2 2 ]
[ 2 2 2 2 2 2 2 2 2 2 ]

Timer (generate): 5ms real	0ms user	0ms sys
[ 10000 10000 10000 10000 10000 10000 10000 10000 10000 10000 ]
[ 9999 10000 10000 10000 10000 10000 10000 10000 10000 10000 ]
[ 9999 9999 10000 10000 10000 10000 10000 10000 10000 10000 ]
[ 9999 9999 9999 10000 10000 10000 10000 10000 10000 10000 ]
[ 9999 9999 9999 9999 10000 10000 10000 10000 10000 10000 ]
[ 9999 9999 9999 9999 9999 10000 10000 10000 10000 10000 ]
[ 9999 9999 9999 9999 9999 9999 10000 10000 10000 10000 ]
[ 9999 9999 9999 9999 9999 9999 9999 10000 10000 10000 ]
[ 9999 9999 9999 9999 9999 9999 9999 9999 10000 10000 ]
[ 9999 9999 9999 9999 9999 9999 9999 9999 9999 10000 ]
[ 9999 9999 9999 9999 9999 9999 9999 9999 9999 9999 ]
[ 9998 9999 9999 9999 9999 9999 9999 9999 9999 9999 ]
[ 9998 9998 9999 9999 9999 9999 9999 9999 9999 9999 ]
[ 9998 9998 9998 9999 9999 9999 9999 9999 9999 9999 ]
[ 9998 9998 9998 9998 9999 9999 9999 9999 9999 9999 ]
[ 9998 9998 9998 9998 9998 9999 9999 9999 9999 9999 ]
[ 9998 9998 9998 9998 9998 9998 9999 9999 9999 9999 ]
[ 9998 9998 9998 9998 9998 9998 9998 9999 9999 9999 ]
[ 9998 9998 9998 9998 9998 9998 9998 9998 9999 9999 ]
[ 9998 9998 9998 9998 9998 9998 9998 9998 9998 9999 ]

Running insertion sort algorithm: 
Timer (sort): 164030ms real	164030ms user	0ms sys
The output is sorted!
[ 0 0 0 0 0 0 0 0 0 1 ]
[ 0 0 0 0 0 0 0 0 1 1 ]
[ 0 0 0 0 0 0 0 1 1 1 ]
[ 0 0 0 0 0 0 1 1 1 1 ]
[ 0 0 0 0 0 1 1 1 1 1 ]
[ 0 0 0 0 1 1 1 1 1 1 ]
[ 0 0 0 1 1 1 1 1 1 1 ]
[ 0 0 1 1 1 1 1 1 1 1 ]
[ 0 1 1 1 1 1 1 1 1 1 ]
[ 1 1 1 1 1 1 1 1 1 1 ]
[ 1 1 1 1 1 1 1 1 1 2 ]
[ 1 1 1 1 1 1 1 1 2 2 ]
[ 1 1 1 1 1 1 1 2 2 2 ]
[ 1 1 1 1 1 1 2 2 2 2 ]
[ 1 1 1 1 1 2 2 2 2 2 ]
[ 1 1 1 1 2 2 2 2 2 2 ]
[ 1 1 1 2 2 2 2 2 2 2 ]
[ 1 1 2 2 2 2 2 2 2 2 ]
[ 1 2 2 2 2 2 2 2 2 2 ]
[ 2 2 2 2 2 2 2 2 2 2 ]

Timer (generate): 4ms real	0ms user	0ms sys
[ 10000 10000 10000 10000 10000 10000 10000 10000 10000 10000 ]
[ 9999 10000 10000 10000 10000 10000 10000 10000 10000 10000 ]
[ 9999 9999 10000 10000 10000 10000 10000 10000 10000 10000 ]
[ 9999 9999 9999 10000 10000 10000 10000 10000 10000 10000 ]
[ 9999 9999 9999 9999 10000 10000 10000 10000 10000 10000 ]
[ 9999 9999 9999 9999 9999 10000 10000 10000 10000 10000 ]
[ 9999 9999 9999 9999 9999 9999 10000 10000 10000 10000 ]
[ 9999 9999 9999 9999 9999 9999 9999 10000 10000 10000 ]
[ 9999 9999 9999 9999 9999 9999 9999 9999 10000 10000 ]
[ 9999 9999 9999 9999 9999 9999 9999 9999 9999 10000 ]
[ 9999 9999 9999 9999 9999 9999 9999 9999 9999 9999 ]
[ 9998 9999 9999 9999 9999 9999 9999 9999 9999 9999 ]
[ 9998 9998 9999 9999 9999 9999 9999 9999 9999 9999 ]
[ 9998 9998 9998 9999 9999 9999 9999 9999 9999 9999 ]
[ 9998 9998 9998 9998 9999 9999 9999 9999 9999 9999 ]
[ 9998 9998 9998 9998 9998 9999 9999 9999 9999 9999 ]
[ 9998 9998 9998 9998 9998 9998 9999 9999 9999 9999 ]
[ 9998 9998 9998 9998 9998 9998 9998 9999 9999 9999 ]
[ 9998 9998 9998 9998 9998 9998 9998 9998 9999 9999 ]
[ 9998 9998 9998 9998 9998 9998 9998 9998 9998 9999 ]

Running insertion sort algorithm: 
Timer (sort): 157873ms real	157870ms user	0ms sys
The output is sorted!
[ 0 0 0 0 0 0 0 0 0 1 ]
[ 0 0 0 0 0 0 0 0 1 1 ]
[ 0 0 0 0 0 0 0 1 1 1 ]
[ 0 0 0 0 0 0 1 1 1 1 ]
[ 0 0 0 0 0 1 1 1 1 1 ]
[ 0 0 0 0 1 1 1 1 1 1 ]
[ 0 0 0 1 1 1 1 1 1 1 ]
[ 0 0 1 1 1 1 1 1 1 1 ]
[ 0 1 1 1 1 1 1 1 1 1 ]
[ 1 1 1 1 1 1 1 1 1 1 ]
[ 1 1 1 1 1 1 1 1 1 2 ]
[ 1 1 1 1 1 1 1 1 2 2 ]
[ 1 1 1 1 1 1 1 2 2 2 ]
[ 1 1 1 1 1 1 2 2 2 2 ]
[ 1 1 1 1 1 2 2 2 2 2 ]
[ 1 1 1 1 2 2 2 2 2 2 ]
[ 1 1 1 2 2 2 2 2 2 2 ]
[ 1 1 2 2 2 2 2 2 2 2 ]
[ 1 2 2 2 2 2 2 2 2 2 ]
[ 2 2 2 2 2 2 2 2 2 2 ]

Timer (generate): 5ms real	0ms user	0ms sys
[ 10000 10000 10000 10000 10000 10000 10000 10000 10000 10000 ]
[ 9999 10000 10000 10000 10000 10000 10000 10000 10000 10000 ]
[ 9999 9999 10000 10000 10000 10000 10000 10000 10000 10000 ]
[ 9999 9999 9999 10000 10000 10000 10000 10000 10000 10000 ]
[ 9999 9999 9999 9999 10000 10000 10000 10000 10000 10000 ]
[ 9999 9999 9999 9999 9999 10000 10000 10000 10000 10000 ]
[ 9999 9999 9999 9999 9999 9999 10000 10000 10000 10000 ]
[ 9999 9999 9999 9999 9999 9999 9999 10000 10000 10000 ]
[ 9999 9999 9999 9999 9999 9999 9999 9999 10000 10000 ]
[ 9999 9999 9999 9999 9999 9999 9999 9999 9999 10000 ]
[ 9999 9999 9999 9999 9999 9999 9999 9999 9999 9999 ]
[ 9998 9999 9999 9999 9999 9999 9999 9999 9999 9999 ]
[ 9998 9998 9999 9999 9999 9999 9999 9999 9999 9999 ]
[ 9998 9998 9998 9999 9999 9999 9999 9999 9999 9999 ]
[ 9998 9998 9998 9998 9999 9999 9999 9999 9999 9999 ]
[ 9998 9998 9998 9998 9998 9999 9999 9999 9999 9999 ]
[ 9998 9998 9998 9998 9998 9998 9999 9999 9999 9999 ]
[ 9998 9998 9998 9998 9998 9998 9998 9999 9999 9999 ]
[ 9998 9998 9998 9998 9998 9998 9998 9998 9999 9999 ]
[ 9998 9998 9998 9998 9998 9998 9998 9998 9998 9999 ]

Running insertion sort algorithm: 
Timer (sort): 166213ms real	166210ms user	0ms sys
The output is sorted!
[ 0 0 0 0 0 0 0 0 0 1 ]
[ 0 0 0 0 0 0 0 0 1 1 ]
[ 0 0 0 0 0 0 0 1 1 1 ]
[ 0 0 0 0 0 0 1 1 1 1 ]
[ 0 0 0 0 0 1 1 1 1 1 ]
[ 0 0 0 0 1 1 1 1 1 1 ]
[ 0 0 0 1 1 1 1 1 1 1 ]
[ 0 0 1 1 1 1 1 1 1 1 ]
[ 0 1 1 1 1 1 1 1 1 1 ]
[ 1 1 1 1 1 1 1 1 1 1 ]
[ 1 1 1 1 1 1 1 1 1 2 ]
[ 1 1 1 1 1 1 1 1 2 2 ]
[ 1 1 1 1 1 1 1 2 2 2 ]
[ 1 1 1 1 1 1 2 2 2 2 ]
[ 1 1 1 1 1 2 2 2 2 2 ]
[ 1 1 1 1 2 2 2 2 2 2 ]
[ 1 1 1 2 2 2 2 2 2 2 ]
[ 1 1 2 2 2 2 2 2 2 2 ]
[ 1 2 2 2 2 2 2 2 2 2 ]
[ 2 2 2 2 2 2 2 2 2 2 ]

Timer (generate): 5ms real	0ms user	0ms sys
[ 10000 10000 10000 10000 10000 10000 10000 10000 10000 10000 ]
[ 9999 10000 10000 10000 10000 10000 10000 10000 10000 10000 ]
[ 9999 9999 10000 10000 10000 10000 10000 10000 10000 10000 ]
[ 9999 9999 9999 10000 10000 10000 10000 10000 10000 10000 ]
[ 9999 9999 9999 9999 10000 10000 10000 10000 10000 10000 ]
[ 9999 9999 9999 9999 9999 10000 10000 10000 10000 10000 ]
[ 9999 9999 9999 9999 9999 9999 10000 10000 10000 10000 ]
[ 9999 9999 9999 9999 9999 9999 9999 10000 10000 10000 ]
[ 9999 9999 9999 9999 9999 9999 9999 9999 10000 10000 ]
[ 9999 9999 9999 9999 9999 9999 9999 9999 9999 10000 ]
[ 9999 9999 9999 9999 9999 9999 9999 9999 9999 9999 ]
[ 9998 9999 9999 9999 9999 9999 9999 9999 9999 9999 ]
[ 9998 9998 9999 9999 9999 9999 9999 9999 9999 9999 ]
[ 9998 9998 9998 9999 9999 9999 9999 9999 9999 9999 ]
[ 9998 9998 9998 9998 9999 9999 9999 9999 9999 9999 ]
[ 9998 9998 9998 9998 9998 9999 9999 9999 9999 9999 ]
[ 9998 9998 9998 9998 9998 9998 9999 9999 9999 9999 ]
[ 9998 9998 9998 9998 9998 9998 9998 9999 9999 9999 ]
[ 9998 9998 9998 9998 9998 9998 9998 9998 9999 9999 ]
[ 9998 9998 9998 9998 9998 9998 9998 9998 9998 9999 ]

Running insertion sort algorithm: 
Timer (sort): 163425ms real	163430ms user	0ms sys
The output is sorted!
[ 0 0 0 0 0 0 0 0 0 1 ]
[ 0 0 0 0 0 0 0 0 1 1 ]
[ 0 0 0 0 0 0 0 1 1 1 ]
[ 0 0 0 0 0 0 1 1 1 1 ]
[ 0 0 0 0 0 1 1 1 1 1 ]
[ 0 0 0 0 1 1 1 1 1 1 ]
[ 0 0 0 1 1 1 1 1 1 1 ]
[ 0 0 1 1 1 1 1 1 1 1 ]
[ 0 1 1 1 1 1 1 1 1 1 ]
[ 1 1 1 1 1 1 1 1 1 1 ]
[ 1 1 1 1 1 1 1 1 1 2 ]
[ 1 1 1 1 1 1 1 1 2 2 ]
[ 1 1 1 1 1 1 1 2 2 2 ]
[ 1 1 1 1 1 1 2 2 2 2 ]
[ 1 1 1 1 1 2 2 2 2 2 ]
[ 1 1 1 1 2 2 2 2 2 2 ]
[ 1 1 1 2 2 2 2 2 2 2 ]
[ 1 1 2 2 2 2 2 2 2 2 ]
[ 1 2 2 2 2 2 2 2 2 2 ]
[ 2 2 2 2 2 2 2 2 2 2 ]

Timer (generate): 5ms real	0ms user	0ms sys
[ 10000 10000 10000 10000 10000 10000 10000 10000 10000 10000 ]
[ 9999 10000 10000 10000 10000 10000 10000 10000 10000 10000 ]
[ 9999 9999 10000 10000 10000 10000 10000 10000 10000 10000 ]
[ 9999 9999 9999 10000 10000 10000 10000 10000 10000 10000 ]
[ 9999 9999 9999 9999 10000 10000 10000 10000 10000 10000 ]
[ 9999 9999 9999 9999 9999 10000 10000 10000 10000 10000 ]
[ 9999 9999 9999 9999 9999 9999 10000 10000 10000 10000 ]
[ 9999 9999 9999 9999 9999 9999 9999 10000 10000 10000 ]
[ 9999 9999 9999 9999 9999 9999 9999 9999 10000 10000 ]
[ 9999 9999 9999 9999 9999 9999 9999 9999 9999 10000 ]
[ 9999 9999 9999 9999 9999 9999 9999 9999 9999 9999 ]
[ 9998 9999 9999 9999 9999 9999 9999 9999 9999 9999 ]
[ 9998 9998 9999 9999 9999 9999 9999 9999 9999 9999 ]
[ 9998 9998 9998 9999 9999 9999 9999 9999 9999 9999 ]
[ 9998 9998 9998 9998 9999 9999 9999 9999 9999 9999 ]
[ 9998 9998 9998 9998 9998 9999 9999 9999 9999 9999 ]
[ 9998 9998 9998 9998 9998 9998 9999 9999 9999 9999 ]
[ 9998 9998 9998 9998 9998 9998 9998 9999 9999 9999 ]
[ 9998 9998 9998 9998 9998 9998 9998 9998 9999 9999 ]
[ 9998 9998 9998 9998 9998 9998 9998 9998 9998 9999 ]

Running insertion sort algorithm: 
Timer (sort): 158311ms real	158310ms user	0ms sys
The output is sorted!
[ 0 0 0 0 0 0 0 0 0 1 ]
[ 0 0 0 0 0 0 0 0 1 1 ]
[ 0 0 0 0 0 0 0 1 1 1 ]
[ 0 0 0 0 0 0 1 1 1 1 ]
[ 0 0 0 0 0 1 1 1 1 1 ]
[ 0 0 0 0 1 1 1 1 1 1 ]
[ 0 0 0 1 1 1 1 1 1 1 ]
[ 0 0 1 1 1 1 1 1 1 1 ]
[ 0 1 1 1 1 1 1 1 1 1 ]
[ 1 1 1 1 1 1 1 1 1 1 ]
[ 1 1 1 1 1 1 1 1 1 2 ]
[ 1 1 1 1 1 1 1 1 2 2 ]
[ 1 1 1 1 1 1 1 2 2 2 ]
[ 1 1 1 1 1 1 2 2 2 2 ]
[ 1 1 1 1 1 2 2 2 2 2 ]
[ 1 1 1 1 2 2 2 2 2 2 ]
[ 1 1 1 2 2 2 2 2 2 2 ]
[ 1 1 2 2 2 2 2 2 2 2 ]
[ 1 2 2 2 2 2 2 2 2 2 ]
[ 2 2 2 2 2 2 2 2 2 2 ]

Timer (generate): 5ms real	0ms user	0ms sys
[ 10000 10000 10000 10000 10000 10000 10000 10000 10000 10000 ]
[ 9999 10000 10000 10000 10000 10000 10000 10000 10000 10000 ]
[ 9999 9999 10000 10000 10000 10000 10000 10000 10000 10000 ]
[ 9999 9999 9999 10000 10000 10000 10000 10000 10000 10000 ]
[ 9999 9999 9999 9999 10000 10000 10000 10000 10000 10000 ]
[ 9999 9999 9999 9999 9999 10000 10000 10000 10000 10000 ]
[ 9999 9999 9999 9999 9999 9999 10000 10000 10000 10000 ]
[ 9999 9999 9999 9999 9999 9999 9999 10000 10000 10000 ]
[ 9999 9999 9999 9999 9999 9999 9999 9999 10000 10000 ]
[ 9999 9999 9999 9999 9999 9999 9999 9999 9999 10000 ]
[ 9999 9999 9999 9999 9999 9999 9999 9999 9999 9999 ]
[ 9998 9999 9999 9999 9999 9999 9999 9999 9999 9999 ]
[ 9998 9998 9999 9999 9999 9999 9999 9999 9999 9999 ]
[ 9998 9998 9998 9999 9999 9999 9999 9999 9999 9999 ]
[ 9998 9998 9998 9998 9999 9999 9999 9999 9999 9999 ]
[ 9998 9998 9998 9998 9998 9999 9999 9999 9999 9999 ]
[ 9998 9998 9998 9998 9998 9998 9999 9999 9999 9999 ]
[ 9998 9998 9998 9998 9998 9998 9998 9999 9999 9999 ]
[ 9998 9998 9998 9998 9998 9998 9998 9998 9999 9999 ]
[ 9998 9998 9998 9998 9998 9998 9998 9998 9998 9999 ]

Running insertion sort algorithm: 
Timer (sort): 166121ms real	166120ms user	0ms sys
The output is sorted!
[ 0 0 0 0 0 0 0 0 0 1 ]
[ 0 0 0 0 0 0 0 0 1 1 ]
[ 0 0 0 0 0 0 0 1 1 1 ]
[ 0 0 0 0 0 0 1 1 1 1 ]
[ 0 0 0 0 0 1 1 1 1 1 ]
[ 0 0 0 0 1 1 1 1 1 1 ]
[ 0 0 0 1 1 1 1 1 1 1 ]
[ 0 0 1 1 1 1 1 1 1 1 ]
[ 0 1 1 1 1 1 1 1 1 1 ]
[ 1 1 1 1 1 1 1 1 1 1 ]
[ 1 1 1 1 1 1 1 1 1 2 ]
[ 1 1 1 1 1 1 1 1 2 2 ]
[ 1 1 1 1 1 1 1 2 2 2 ]
[ 1 1 1 1 1 1 2 2 2 2 ]
[ 1 1 1 1 1 2 2 2 2 2 ]
[ 1 1 1 1 2 2 2 2 2 2 ]
[ 1 1 1 2 2 2 2 2 2 2 ]
[ 1 1 2 2 2 2 2 2 2 2 ]
[ 1 2 2 2 2 2 2 2 2 2 ]
[ 2 2 2 2 2 2 2 2 2 2 ]

Timer (generate): 5ms real	0ms user	0ms sys
[ 10000 10000 10000 10000 10000 10000 10000 10000 10000 10000 ]
[ 9999 10000 10000 10000 10000 10000 10000 10000 10000 10000 ]
[ 9999 9999 10000 10000 10000 10000 10000 10000 10000 10000 ]
[ 9999 9999 9999 10000 10000 10000 10000 10000 10000 10000 ]
[ 9999 9999 9999 9999 10000 10000 10000 10000 10000 10000 ]
[ 9999 9999 9999 9999 9999 10000 10000 10000 10000 10000 ]
[ 9999 9999 9999 9999 9999 9999 10000 10000 10000 10000 ]
[ 9999 9999 9999 9999 9999 9999 9999 10000 10000 10000 ]
[ 9999 9999 9999 9999 9999 9999 9999 9999 10000 10000 ]
[ 9999 9999 9999 9999 9999 9999 9999 9999 9999 10000 ]
[ 9999 9999 9999 9999 9999 9999 9999 9999 9999 9999 ]
[ 9998 9999 9999 9999 9999 9999 9999 9999 9999 9999 ]
[ 9998 9998 9999 9999 9999 9999 9999 9999 9999 9999 ]
[ 9998 9998 9998 9999 9999 9999 9999 9999 9999 9999 ]
[ 9998 9998 9998 9998 9999 9999 9999 9999 9999 9999 ]
[ 9998 9998 9998 9998 9998 9999 9999 9999 9999 9999 ]
[ 9998 9998 9998 9998 9998 9998 9999 9999 9999 9999 ]
[ 9998 9998 9998 9998 9998 9998 9998 9999 9999 9999 ]
[ 9998 9998 9998 9998 9998 9998 9998 9998 9999 9999 ]
[ 9998 9998 9998 9998 9998 9998 9998 9998 9998 9999 ]

Running insertion sort algorithm: 
Timer (sort): 169106ms real	169110ms user	0ms sys
The output is sorted!
[ 0 0 0 0 0 0 0 0 0 1 ]
[ 0 0 0 0 0 0 0 0 1 1 ]
[ 0 0 0 0 0 0 0 1 1 1 ]
[ 0 0 0 0 0 0 1 1 1 1 ]
[ 0 0 0 0 0 1 1 1 1 1 ]
[ 0 0 0 0 1 1 1 1 1 1 ]
[ 0 0 0 1 1 1 1 1 1 1 ]
[ 0 0 1 1 1 1 1 1 1 1 ]
[ 0 1 1 1 1 1 1 1 1 1 ]
[ 1 1 1 1 1 1 1 1 1 1 ]
[ 1 1 1 1 1 1 1 1 1 2 ]
[ 1 1 1 1 1 1 1 1 2 2 ]
[ 1 1 1 1 1 1 1 2 2 2 ]
[ 1 1 1 1 1 1 2 2 2 2 ]
[ 1 1 1 1 1 2 2 2 2 2 ]
[ 1 1 1 1 2 2 2 2 2 2 ]
[ 1 1 1 2 2 2 2 2 2 2 ]
[ 1 1 2 2 2 2 2 2 2 2 ]
[ 1 2 2 2 2 2 2 2 2 2 ]
[ 2 2 2 2 2 2 2 2 2 2 ]

Timer (generate): 4ms real	0ms user	0ms sys
[ 10000 10000 10000 10000 10000 10000 10000 10000 10000 10000 ]
[ 9999 10000 10000 10000 10000 10000 10000 10000 10000 10000 ]
[ 9999 9999 10000 10000 10000 10000 10000 10000 10000 10000 ]
[ 9999 9999 9999 10000 10000 10000 10000 10000 10000 10000 ]
[ 9999 9999 9999 9999 10000 10000 10000 10000 10000 10000 ]
[ 9999 9999 9999 9999 9999 10000 10000 10000 10000 10000 ]
[ 9999 9999 9999 9999 9999 9999 10000 10000 10000 10000 ]
[ 9999 9999 9999 9999 9999 9999 9999 10000 10000 10000 ]
[ 9999 9999 9999 9999 9999 9999 9999 9999 10000 10000 ]
[ 9999 9999 9999 9999 9999 9999 9999 9999 9999 10000 ]
[ 9999 9999 9999 9999 9999 9999 9999 9999 9999 9999 ]
[ 9998 9999 9999 9999 9999 9999 9999 9999 9999 9999 ]
[ 9998 9998 9999 9999 9999 9999 9999 9999 9999 9999 ]
[ 9998 9998 9998 9999 9999 9999 9999 9999 9999 9999 ]
[ 9998 9998 9998 9998 9999 9999 9999 9999 9999 9999 ]
[ 9998 9998 9998 9998 9998 9999 9999 9999 9999 9999 ]
[ 9998 9998 9998 9998 9998 9998 9999 9999 9999 9999 ]
[ 9998 9998 9998 9998 9998 9998 9998 9999 9999 9999 ]
[ 9998 9998 9998 9998 9998 9998 9998 9998 9999 9999 ]
[ 9998 9998 9998 9998 9998 9998 9998 9998 9998 9999 ]

Running insertion sort algorithm: 
Timer (sort): 157117ms real	157110ms user	0ms sys
The output is sorted!
[ 0 0 0 0 0 0 0 0 0 1 ]
[ 0 0 0 0 0 0 0 0 1 1 ]
[ 0 0 0 0 0 0 0 1 1 1 ]
[ 0 0 0 0 0 0 1 1 1 1 ]
[ 0 0 0 0 0 1 1 1 1 1 ]
[ 0 0 0 0 1 1 1 1 1 1 ]
[ 0 0 0 1 1 1 1 1 1 1 ]
[ 0 0 1 1 1 1 1 1 1 1 ]
[ 0 1 1 1 1 1 1 1 1 1 ]
[ 1 1 1 1 1 1 1 1 1 1 ]
[ 1 1 1 1 1 1 1 1 1 2 ]
[ 1 1 1 1 1 1 1 1 2 2 ]
[ 1 1 1 1 1 1 1 2 2 2 ]
[ 1 1 1 1 1 1 2 2 2 2 ]
[ 1 1 1 1 1 2 2 2 2 2 ]
[ 1 1 1 1 2 2 2 2 2 2 ]
[ 1 1 1 2 2 2 2 2 2 2 ]
[ 1 1 2 2 2 2 2 2 2 2 ]
[ 1 2 2 2 2 2 2 2 2 2 ]
[ 2 2 2 2 2 2 2 2 2 2 ]

Timer (generate): 5ms real	0ms user	0ms sys
[ 10000 10000 10000 10000 10000 10000 10000 10000 10000 10000 ]
[ 9999 10000 10000 10000 10000 10000 10000 10000 10000 10000 ]
[ 9999 9999 10000 10000 10000 10000 10000 10000 10000 10000 ]
[ 9999 9999 9999 10000 10000 10000 10000 10000 10000 10000 ]
[ 9999 9999 9999 9999 10000 10000 10000 10000 10000 10000 ]
[ 9999 9999 9999 9999 9999 10000 10000 10000 10000 10000 ]
[ 9999 9999 9999 9999 9999 9999 10000 10000 10000 10000 ]
[ 9999 9999 9999 9999 9999 9999 9999 10000 10000 10000 ]
[ 9999 9999 9999 9999 9999 9999 9999 9999 10000 10000 ]
[ 9999 9999 9999 9999 9999 9999 9999 9999 9999 10000 ]
[ 9999 9999 9999 9999 9999 9999 9999 9999 9999 9999 ]
[ 9998 9999 9999 9999 9999 9999 9999 9999 9999 9999 ]
[ 9998 9998 9999 9999 9999 9999 9999 9999 9999 9999 ]
[ 9998 9998 9998 9999 9999 9999 9999 9999 9999 9999 ]
[ 9998 9998 9998 9998 9999 9999 9999 9999 9999 9999 ]
[ 9998 9998 9998 9998 9998 9999 9999 9999 9999 9999 ]
[ 9998 9998 9998 9998 9998 9998 9999 9999 9999 9999 ]
[ 9998 9998 9998 9998 9998 9998 9998 9999 9999 9999 ]
[ 9998 9998 9998 9998 9998 9998 9998 9998 9999 9999 ]
[ 9998 9998 9998 9998 9998 9998 9998 9998 9998 9999 ]

Running insertion sort algorithm: 
Timer (sort): 155591ms real	155590ms user	0ms sys
The output is sorted!
[ 0 0 0 0 0 0 0 0 0 1 ]
[ 0 0 0 0 0 0 0 0 1 1 ]
[ 0 0 0 0 0 0 0 1 1 1 ]
[ 0 0 0 0 0 0 1 1 1 1 ]
[ 0 0 0 0 0 1 1 1 1 1 ]
[ 0 0 0 0 1 1 1 1 1 1 ]
[ 0 0 0 1 1 1 1 1 1 1 ]
[ 0 0 1 1 1 1 1 1 1 1 ]
[ 0 1 1 1 1 1 1 1 1 1 ]
[ 1 1 1 1 1 1 1 1 1 1 ]
[ 1 1 1 1 1 1 1 1 1 2 ]
[ 1 1 1 1 1 1 1 1 2 2 ]
[ 1 1 1 1 1 1 1 2 2 2 ]
[ 1 1 1 1 1 1 2 2 2 2 ]
[ 1 1 1 1 1 2 2 2 2 2 ]
[ 1 1 1 1 2 2 2 2 2 2 ]
[ 1 1 1 2 2 2 2 2 2 2 ]
[ 1 1 2 2 2 2 2 2 2 2 ]
[ 1 2 2 2 2 2 2 2 2 2 ]
[ 2 2 2 2 2 2 2 2 2 2 ]

Timer (generate): 7ms real	0ms user	0ms sys
[ 10000 10000 10000 10000 10000 10000 10000 10000 10000 10000 ]
[ 9999 10000 10000 10000 10000 10000 10000 10000 10000 10000 ]
[ 9999 9999 10000 10000 10000 10000 10000 10000 10000 10000 ]
[ 9999 9999 9999 10000 10000 10000 10000 10000 10000 10000 ]
[ 9999 9999 9999 9999 10000 10000 10000 10000 10000 10000 ]
[ 9999 9999 9999 9999 9999 10000 10000 10000 10000 10000 ]
[ 9999 9999 9999 9999 9999 9999 10000 10000 10000 10000 ]
[ 9999 9999 9999 9999 9999 9999 9999 10000 10000 10000 ]
[ 9999 9999 9999 9999 9999 9999 9999 9999 10000 10000 ]
[ 9999 9999 9999 9999 9999 9999 9999 9999 9999 10000 ]
[ 9999 9999 9999 9999 9999 9999 9999 9999 9999 9999 ]
[ 9998 9999 9999 9999 9999 9999 9999 9999 9999 9999 ]
[ 9998 9998 9999 9999 9999 9999 9999 9999 9999 9999 ]
[ 9998 9998 9998 9999 9999 9999 9999 9999 9999 9999 ]
[ 9998 9998 9998 9998 9999 9999 9999 9999 9999 9999 ]
[ 9998 9998 9998 9998 9998 9999 9999 9999 9999 9999 ]
[ 9998 9998 9998 9998 9998 9998 9999 9999 9999 9999 ]
[ 9998 9998 9998 9998 9998 9998 9998 9999 9999 9999 ]
[ 9998 9998 9998 9998 9998 9998 9998 9998 9999 9999 ]
[ 9998 9998 9998 9998 9998 9998 9998 9998 9998 9999 ]

Running insertion sort algorithm: 
Timer (sort): 151888ms real	151880ms user	0ms sys
The output is sorted!
[ 0 0 0 0 0 0 0 0 0 1 ]
[ 0 0 0 0 0 0 0 0 1 1 ]
[ 0 0 0 0 0 0 0 1 1 1 ]
[ 0 0 0 0 0 0 1 1 1 1 ]
[ 0 0 0 0 0 1 1 1 1 1 ]
[ 0 0 0 0 1 1 1 1 1 1 ]
[ 0 0 0 1 1 1 1 1 1 1 ]
[ 0 0 1 1 1 1 1 1 1 1 ]
[ 0 1 1 1 1 1 1 1 1 1 ]
[ 1 1 1 1 1 1 1 1 1 1 ]
[ 1 1 1 1 1 1 1 1 1 2 ]
[ 1 1 1 1 1 1 1 1 2 2 ]
[ 1 1 1 1 1 1 1 2 2 2 ]
[ 1 1 1 1 1 1 2 2 2 2 ]
[ 1 1 1 1 1 2 2 2 2 2 ]
[ 1 1 1 1 2 2 2 2 2 2 ]
[ 1 1 1 2 2 2 2 2 2 2 ]
[ 1 1 2 2 2 2 2 2 2 2 ]
[ 1 2 2 2 2 2 2 2 2 2 ]
[ 2 2 2 2 2 2 2 2 2 2 ]

Timer (generate): 4ms real	0ms user	0ms sys
[ 10000 10000 10000 10000 10000 10000 10000 10000 10000 10000 ]
[ 9999 10000 10000 10000 10000 10000 10000 10000 10000 10000 ]
[ 9999 9999 10000 10000 10000 10000 10000 10000 10000 10000 ]
[ 9999 9999 9999 10000 10000 10000 10000 10000 10000 10000 ]
[ 9999 9999 9999 9999 10000 10000 10000 10000 10000 10000 ]
[ 9999 9999 9999 9999 9999 10000 10000 10000 10000 10000 ]
[ 9999 9999 9999 9999 9999 9999 10000 10000 10000 10000 ]
[ 9999 9999 9999 9999 9999 9999 9999 10000 10000 10000 ]
[ 9999 9999 9999 9999 9999 9999 9999 9999 10000 10000 ]
[ 9999 9999 9999 9999 9999 9999 9999 9999 9999 10000 ]
[ 9999 9999 9999 9999 9999 9999 9999 9999 9999 9999 ]
[ 9998 9999 9999 9999 9999 9999 9999 9999 9999 9999 ]
[ 9998 9998 9999 9999 9999 9999 9999 9999 9999 9999 ]
[ 9998 9998 9998 9999 9999 9999 9999 9999 9999 9999 ]
[ 9998 9998 9998 9998 9999 9999 9999 9999 9999 9999 ]
[ 9998 9998 9998 9998 9998 9999 9999 9999 9999 9999 ]
[ 9998 9998 9998 9998 9998 9998 9999 9999 9999 9999 ]
[ 9998 9998 9998 9998 9998 9998 9998 9999 9999 9999 ]
[ 9998 9998 9998 9998 9998 9998 9998 9998 9999 9999 ]
[ 9998 9998 9998 9998 9998 9998 9998 9998 9998 9999 ]

Running insertion sort algorithm: 
Timer (sort): 154726ms real	154720ms user	0ms sys
The output is sorted!
[ 0 0 0 0 0 0 0 0 0 1 ]
[ 0 0 0 0 0 0 0 0 1 1 ]
[ 0 0 0 0 0 0 0 1 1 1 ]
[ 0 0 0 0 0 0 1 1 1 1 ]
[ 0 0 0 0 0 1 1 1 1 1 ]
[ 0 0 0 0 1 1 1 1 1 1 ]
[ 0 0 0 1 1 1 1 1 1 1 ]
[ 0 0 1 1 1 1 1 1 1 1 ]
[ 0 1 1 1 1 1 1 1 1 1 ]
[ 1 1 1 1 1 1 1 1 1 1 ]
[ 1 1 1 1 1 1 1 1 1 2 ]
[ 1 1 1 1 1 1 1 1 2 2 ]
[ 1 1 1 1 1 1 1 2 2 2 ]
[ 1 1 1 1 1 1 2 2 2 2 ]
[ 1 1 1 1 1 2 2 2 2 2 ]
[ 1 1 1 1 2 2 2 2 2 2 ]
[ 1 1 1 2 2 2 2 2 2 2 ]
[ 1 1 2 2 2 2 2 2 2 2 ]
[ 1 2 2 2 2 2 2 2 2 2 ]
[ 2 2 2 2 2 2 2 2 2 2 ]

Timer (generate): 4ms real	0ms user	0ms sys
[ 10000 10000 10000 10000 10000 10000 10000 10000 10000 10000 ]
[ 9999 10000 10000 10000 10000 10000 10000 10000 10000 10000 ]
[ 9999 9999 10000 10000 10000 10000 10000 10000 10000 10000 ]
[ 9999 9999 9999 10000 10000 10000 10000 10000 10000 10000 ]
[ 9999 9999 9999 9999 10000 10000 10000 10000 10000 10000 ]
[ 9999 9999 9999 9999 9999 10000 10000 10000 10000 10000 ]
[ 9999 9999 9999 9999 9999 9999 10000 10000 10000 10000 ]
[ 9999 9999 9999 9999 9999 9999 9999 10000 10000 10000 ]
[ 9999 9999 9999 9999 9999 9999 9999 9999 10000 10000 ]
[ 9999 9999 9999 9999 9999 9999 9999 9999 9999 10000 ]
[ 9999 9999 9999 9999 9999 9999 9999 9999 9999 9999 ]
[ 9998 9999 9999 9999 9999 9999 9999 9999 9999 9999 ]
[ 9998 9998 9999 9999 9999 9999 9999 9999 9999 9999 ]
[ 9998 9998 9998 9999 9999 9999 9999 9999 9999 9999 ]
[ 9998 9998 9998 9998 9999 9999 9999 9999 9999 9999 ]
[ 9998 9998 9998 9998 9998 9999 9999 9999 9999 9999 ]
[ 9998 9998 9998 9998 9998 9998 9999 9999 9999 9999 ]
[ 9998 9998 9998 9998 9998 9998 9998 9999 9999 9999 ]
[ 9998 9998 9998 9998 9998 9998 9998 9998 9999 9999 ]
[ 9998 9998 9998 9998 9998 9998 9998 9998 9998 9999 ]

Running insertion sort algorithm: 
Timer (sort): 152003ms real	152000ms user	0ms sys
The output is sorted!
[ 0 0 0 0 0 0 0 0 0 1 ]
[ 0 0 0 0 0 0 0 0 1 1 ]
[ 0 0 0 0 0 0 0 1 1 1 ]
[ 0 0 0 0 0 0 1 1 1 1 ]
[ 0 0 0 0 0 1 1 1 1 1 ]
[ 0 0 0 0 1 1 1 1 1 1 ]
[ 0 0 0 1 1 1 1 1 1 1 ]
[ 0 0 1 1 1 1 1 1 1 1 ]
[ 0 1 1 1 1 1 1 1 1 1 ]
[ 1 1 1 1 1 1 1 1 1 1 ]
[ 1 1 1 1 1 1 1 1 1 2 ]
[ 1 1 1 1 1 1 1 1 2 2 ]
[ 1 1 1 1 1 1 1 2 2 2 ]
[ 1 1 1 1 1 1 2 2 2 2 ]
[ 1 1 1 1 1 2 2 2 2 2 ]
[ 1 1 1 1 2 2 2 2 2 2 ]
[ 1 1 1 2 2 2 2 2 2 2 ]
[ 1 1 2 2 2 2 2 2 2 2 ]
[ 1 2 2 2 2 2 2 2 2 2 ]
[ 2 2 2 2 2 2 2 2 2 2 ]

Timer (generate): 4ms real	0ms user	0ms sys
[ 10000 10000 10000 10000 10000 10000 10000 10000 10000 10000 ]
[ 9999 10000 10000 10000 10000 10000 10000 10000 10000 10000 ]
[ 9999 9999 10000 10000 10000 10000 10000 10000 10000 10000 ]
[ 9999 9999 9999 10000 10000 10000 10000 10000 10000 10000 ]
[ 9999 9999 9999 9999 10000 10000 10000 10000 10000 10000 ]
[ 9999 9999 9999 9999 9999 10000 10000 10000 10000 10000 ]
[ 9999 9999 9999 9999 9999 9999 10000 10000 10000 10000 ]
[ 9999 9999 9999 9999 9999 9999 9999 10000 10000 10000 ]
[ 9999 9999 9999 9999 9999 9999 9999 9999 10000 10000 ]
[ 9999 9999 9999 9999 9999 9999 9999 9999 9999 10000 ]
[ 9999 9999 9999 9999 9999 9999 9999 9999 9999 9999 ]
[ 9998 9999 9999 9999 9999 9999 9999 9999 9999 9999 ]
[ 9998 9998 9999 9999 9999 9999 9999 9999 9999 9999 ]
[ 9998 9998 9998 9999 9999 9999 9999 9999 9999 9999 ]
[ 9998 9998 9998 9998 9999 9999 9999 9999 9999 9999 ]
[ 9998 9998 9998 9998 9998 9999 9999 9999 9999 9999 ]
[ 9998 9998 9998 9998 9998 9998 9999 9999 9999 9999 ]
[ 9998 9998 9998 9998 9998 9998 9998 9999 9999 9999 ]
[ 9998 9998 9998 9998 9998 9998 9998 9998 9999 9999 ]
[ 9998 9998 9998 9998 9998 9998 9998 9998 9998 9999 ]

Running insertion sort algorithm: 
Timer (sort): 152751ms real	152750ms user	0ms sys
The output is sorted!
[ 0 0 0 0 0 0 0 0 0 1 ]
[ 0 0 0 0 0 0 0 0 1 1 ]
[ 0 0 0 0 0 0 0 1 1 1 ]
[ 0 0 0 0 0 0 1 1 1 1 ]
[ 0 0 0 0 0 1 1 1 1 1 ]
[ 0 0 0 0 1 1 1 1 1 1 ]
[ 0 0 0 1 1 1 1 1 1 1 ]
[ 0 0 1 1 1 1 1 1 1 1 ]
[ 0 1 1 1 1 1 1 1 1 1 ]
[ 1 1 1 1 1 1 1 1 1 1 ]
[ 1 1 1 1 1 1 1 1 1 2 ]
[ 1 1 1 1 1 1 1 1 2 2 ]
[ 1 1 1 1 1 1 1 2 2 2 ]
[ 1 1 1 1 1 1 2 2 2 2 ]
[ 1 1 1 1 1 2 2 2 2 2 ]
[ 1 1 1 1 2 2 2 2 2 2 ]
[ 1 1 1 2 2 2 2 2 2 2 ]
[ 1 1 2 2 2 2 2 2 2 2 ]
[ 1 2 2 2 2 2 2 2 2 2 ]
[ 2 2 2 2 2 2 2 2 2 2 ]

Timer (generate): 4ms real	0ms user	0ms sys
[ 10000 10000 10000 10000 10000 10000 10000 10000 10000 10000 ]
[ 9999 10000 10000 10000 10000 10000 10000 10000 10000 10000 ]
[ 9999 9999 10000 10000 10000 10000 10000 10000 10000 10000 ]
[ 9999 9999 9999 10000 10000 10000 10000 10000 10000 10000 ]
[ 9999 9999 9999 9999 10000 10000 10000 10000 10000 10000 ]
[ 9999 9999 9999 9999 9999 10000 10000 10000 10000 10000 ]
[ 9999 9999 9999 9999 9999 9999 10000 10000 10000 10000 ]
[ 9999 9999 9999 9999 9999 9999 9999 10000 10000 10000 ]
[ 9999 9999 9999 9999 9999 9999 9999 9999 10000 10000 ]
[ 9999 9999 9999 9999 9999 9999 9999 9999 9999 10000 ]
[ 9999 9999 9999 9999 9999 9999 9999 9999 9999 9999 ]
[ 9998 9999 9999 9999 9999 9999 9999 9999 9999 9999 ]
[ 9998 9998 9999 9999 9999 9999 9999 9999 9999 9999 ]
[ 9998 9998 9998 9999 9999 9999 9999 9999 9999 9999 ]
[ 9998 9998 9998 9998 9999 9999 9999 9999 9999 9999 ]
[ 9998 9998 9998 9998 9998 9999 9999 9999 9999 9999 ]
[ 9998 9998 9998 9998 9998 9998 9999 9999 9999 9999 ]
[ 9998 9998 9998 9998 9998 9998 9998 9999 9999 9999 ]
[ 9998 9998 9998 9998 9998 9998 9998 9998 9999 9999 ]
[ 9998 9998 9998 9998 9998 9998 9998 9998 9998 9999 ]

Running insertion sort algorithm: 
Timer (sort): 157741ms real	157740ms user	0ms sys
The output is sorted!
[ 0 0 0 0 0 0 0 0 0 1 ]
[ 0 0 0 0 0 0 0 0 1 1 ]
[ 0 0 0 0 0 0 0 1 1 1 ]
[ 0 0 0 0 0 0 1 1 1 1 ]
[ 0 0 0 0 0 1 1 1 1 1 ]
[ 0 0 0 0 1 1 1 1 1 1 ]
[ 0 0 0 1 1 1 1 1 1 1 ]
[ 0 0 1 1 1 1 1 1 1 1 ]
[ 0 1 1 1 1 1 1 1 1 1 ]
[ 1 1 1 1 1 1 1 1 1 1 ]
[ 1 1 1 1 1 1 1 1 1 2 ]
[ 1 1 1 1 1 1 1 1 2 2 ]
[ 1 1 1 1 1 1 1 2 2 2 ]
[ 1 1 1 1 1 1 2 2 2 2 ]
[ 1 1 1 1 1 2 2 2 2 2 ]
[ 1 1 1 1 2 2 2 2 2 2 ]
[ 1 1 1 2 2 2 2 2 2 2 ]
[ 1 1 2 2 2 2 2 2 2 2 ]
[ 1 2 2 2 2 2 2 2 2 2 ]
[ 2 2 2 2 2 2 2 2 2 2 ]

Timer (generate): 4ms real	0ms user	0ms sys
[ 10000 10000 10000 10000 10000 10000 10000 10000 10000 10000 ]
[ 9999 10000 10000 10000 10000 10000 10000 10000 10000 10000 ]
[ 9999 9999 10000 10000 10000 10000 10000 10000 10000 10000 ]
[ 9999 9999 9999 10000 10000 10000 10000 10000 10000 10000 ]
[ 9999 9999 9999 9999 10000 10000 10000 10000 10000 10000 ]
[ 9999 9999 9999 9999 9999 10000 10000 10000 10000 10000 ]
[ 9999 9999 9999 9999 9999 9999 10000 10000 10000 10000 ]
[ 9999 9999 9999 9999 9999 9999 9999 10000 10000 10000 ]
[ 9999 9999 9999 9999 9999 9999 9999 9999 10000 10000 ]
[ 9999 9999 9999 9999 9999 9999 9999 9999 9999 10000 ]
[ 9999 9999 9999 9999 9999 9999 9999 9999 9999 9999 ]
[ 9998 9999 9999 9999 9999 9999 9999 9999 9999 9999 ]
[ 9998 9998 9999 9999 9999 9999 9999 9999 9999 9999 ]
[ 9998 9998 9998 9999 9999 9999 9999 9999 9999 9999 ]
[ 9998 9998 9998 9998 9999 9999 9999 9999 9999 9999 ]
[ 9998 9998 9998 9998 9998 9999 9999 9999 9999 9999 ]
[ 9998 9998 9998 9998 9998 9998 9999 9999 9999 9999 ]
[ 9998 9998 9998 9998 9998 9998 9998 9999 9999 9999 ]
[ 9998 9998 9998 9998 9998 9998 9998 9998 9999 9999 ]
[ 9998 9998 9998 9998 9998 9998 9998 9998 9998 9999 ]

Running insertion sort algorithm: 
Timer (sort): 152739ms real	152740ms user	0ms sys
The output is sorted!
[ 0 0 0 0 0 0 0 0 0 1 ]
[ 0 0 0 0 0 0 0 0 1 1 ]
[ 0 0 0 0 0 0 0 1 1 1 ]
[ 0 0 0 0 0 0 1 1 1 1 ]
[ 0 0 0 0 0 1 1 1 1 1 ]
[ 0 0 0 0 1 1 1 1 1 1 ]
[ 0 0 0 1 1 1 1 1 1 1 ]
[ 0 0 1 1 1 1 1 1 1 1 ]
[ 0 1 1 1 1 1 1 1 1 1 ]
[ 1 1 1 1 1 1 1 1 1 1 ]
[ 1 1 1 1 1 1 1 1 1 2 ]
[ 1 1 1 1 1 1 1 1 2 2 ]
[ 1 1 1 1 1 1 1 2 2 2 ]
[ 1 1 1 1 1 1 2 2 2 2 ]
[ 1 1 1 1 1 2 2 2 2 2 ]
[ 1 1 1 1 2 2 2 2 2 2 ]
[ 1 1 1 2 2 2 2 2 2 2 ]
[ 1 1 2 2 2 2 2 2 2 2 ]
[ 1 2 2 2 2 2 2 2 2 2 ]
[ 2 2 2 2 2 2 2 2 2 2 ]

Timer (generate): 4ms real	0ms user	0ms sys
[ 10000 10000 10000 10000 10000 10000 10000 10000 10000 10000 ]
[ 9999 10000 10000 10000 10000 10000 10000 10000 10000 10000 ]
[ 9999 9999 10000 10000 10000 10000 10000 10000 10000 10000 ]
[ 9999 9999 9999 10000 10000 10000 10000 10000 10000 10000 ]
[ 9999 9999 9999 9999 10000 10000 10000 10000 10000 10000 ]
[ 9999 9999 9999 9999 9999 10000 10000 10000 10000 10000 ]
[ 9999 9999 9999 9999 9999 9999 10000 10000 10000 10000 ]
[ 9999 9999 9999 9999 9999 9999 9999 10000 10000 10000 ]
[ 9999 9999 9999 9999 9999 9999 9999 9999 10000 10000 ]
[ 9999 9999 9999 9999 9999 9999 9999 9999 9999 10000 ]
[ 9999 9999 9999 9999 9999 9999 9999 9999 9999 9999 ]
[ 9998 9999 9999 9999 9999 9999 9999 9999 9999 9999 ]
[ 9998 9998 9999 9999 9999 9999 9999 9999 9999 9999 ]
[ 9998 9998 9998 9999 9999 9999 9999 9999 9999 9999 ]
[ 9998 9998 9998 9998 9999 9999 9999 9999 9999 9999 ]
[ 9998 9998 9998 9998 9998 9999 9999 9999 9999 9999 ]
[ 9998 9998 9998 9998 9998 9998 9999 9999 9999 9999 ]
[ 9998 9998 9998 9998 9998 9998 9998 9999 9999 9999 ]
[ 9998 9998 9998 9998 9998 9998 9998 9998 9999 9999 ]
[ 9998 9998 9998 9998 9998 9998 9998 9998 9998 9999 ]

Running insertion sort algorithm: 
Timer (sort): 154140ms real	154130ms user	0ms sys
The output is sorted!
[ 0 0 0 0 0 0 0 0 0 1 ]
[ 0 0 0 0 0 0 0 0 1 1 ]
[ 0 0 0 0 0 0 0 1 1 1 ]
[ 0 0 0 0 0 0 1 1 1 1 ]
[ 0 0 0 0 0 1 1 1 1 1 ]
[ 0 0 0 0 1 1 1 1 1 1 ]
[ 0 0 0 1 1 1 1 1 1 1 ]
[ 0 0 1 1 1 1 1 1 1 1 ]
[ 0 1 1 1 1 1 1 1 1 1 ]
[ 1 1 1 1 1 1 1 1 1 1 ]
[ 1 1 1 1 1 1 1 1 1 2 ]
[ 1 1 1 1 1 1 1 1 2 2 ]
[ 1 1 1 1 1 1 1 2 2 2 ]
[ 1 1 1 1 1 1 2 2 2 2 ]
[ 1 1 1 1 1 2 2 2 2 2 ]
[ 1 1 1 1 2 2 2 2 2 2 ]
[ 1 1 1 2 2 2 2 2 2 2 ]
[ 1 1 2 2 2 2 2 2 2 2 ]
[ 1 2 2 2 2 2 2 2 2 2 ]
[ 2 2 2 2 2 2 2 2 2 2 ]

