Timer (generate): 8ms real	0ms user	0ms sys
[ 73 31 7 11 59 89 83 38 66 80 ]
[ 15 43 9 22 42 7 16 3 6 19 ]
[ 48 93 18 76 48 35 32 28 73 41 ]
[ 36 46 73 43 57 84 32 40 23 50 ]
[ 72 38 93 81 60 88 40 28 43 47 ]
[ 0 44 92 70 20 92 5 5 20 30 ]
[ 98 56 76 23 52 85 8 36 77 83 ]
[ 87 49 73 32 31 85 20 23 14 64 ]
[ 70 66 60 14 36 80 6 41 37 79 ]
[ 24 88 87 0 63 39 38 71 28 15 ]
[ 6 15 17 79 47 0 17 20 23 31 ]
[ 36 94 97 96 60 33 28 19 26 18 ]
[ 98 50 6 37 3 69 29 93 93 57 ]
[ 60 51 24 77 83 71 77 0 43 1 ]
[ 83 79 47 32 27 59 65 56 78 43 ]
[ 74 28 46 32 66 1 53 95 94 98 ]
[ 4 6 2 28 84 85 51 61 85 95 ]
[ 14 68 26 61 0 54 21 17 62 51 ]
[ 12 36 80 10 20 98 11 25 45 57 ]
[ 76 49 64 78 29 0 63 80 61 0 ]

Running insertion sort algorithm: 
Timer (sort): 21864ms real	21870ms user	0ms sys
The output is sorted!
[ 1 2 6 5 55 10 28 11 15 4 ]
[ 4 19 27 0 10 4 10 35 11 26 ]
[ 25 2 24 7 0 28 45 18 3 8 ]
[ 47 0 15 0 44 16 1 33 2 8 ]
[ 35 15 6 1 6 3 22 17 29 47 ]
[ 15 43 9 22 42 7 16 3 6 19 ]
[ 18 8 17 3 3 21 29 4 7 73 ]
[ 98 5 43 2 12 1 2 0 9 13 ]
[ 16 5 15 7 0 78 48 6 3 14 ]
[ 3 15 13 58 33 4 32 12 13 11 ]
[ 8 18 0 5 0 10 38 12 26 79 ]
[ 51 29 2 3 8 32 1 16 5 51 ]
[ 1 17 11 12 47 42 23 18 20 8 ]
[ 5 16 3 10 29 14 57 16 23 26 ]
[ 15 58 15 8 31 8 30 17 10 9 ]
[ 1 36 4 17 26 32 17 51 11 7 ]
[ 59 15 15 20 6 26 3 50 9 0 ]
[ 5 12 18 8 17 34 4 84 16 7 ]
[ 56 0 1 11 24 17 72 16 7 1 ]
[ 9 24 16 33 7 55 5 0 24 32 ]

Timer (generate): 9ms real	0ms user	0ms sys
[ 6 11 86 87 63 35 70 98 60 90 ]
[ 96 6 33 97 35 46 1 81 93 22 ]
[ 64 2 58 87 31 37 73 94 38 19 ]
[ 98 97 30 36 36 45 71 6 95 84 ]
[ 49 44 42 82 41 78 28 94 59 21 ]
[ 16 75 75 26 63 58 63 36 52 54 ]
[ 7 2 3 90 38 39 87 62 46 83 ]
[ 98 47 79 40 29 20 70 9 66 81 ]
[ 30 34 57 58 60 20 16 75 8 21 ]
[ 81 68 75 84 58 14 24 45 28 22 ]
[ 80 26 69 59 66 50 31 89 59 49 ]
[ 70 41 83 79 99 43 99 68 71 60 ]
[ 41 4 28 16 89 38 30 65 83 58 ]
[ 87 16 36 8 75 3 58 59 92 17 ]
[ 8 14 58 92 94 10 87 45 30 10 ]
[ 5 71 15 85 87 4 23 70 21 59 ]
[ 80 8 75 17 68 2 72 26 61 16 ]
[ 95 22 30 5 14 24 15 53 22 45 ]
[ 64 79 68 31 65 56 35 40 78 8 ]
[ 99 58 16 26 75 84 29 47 62 42 ]

Running insertion sort algorithm: 
Timer (sort): 22696ms real	22700ms user	0ms sys
The output is sorted!
[ 15 40 1 7 10 5 2 15 0 32 ]
[ 14 14 10 12 8 11 12 19 40 10 ]
[ 1 1 21 3 89 4 23 3 10 2 ]
[ 4 2 47 26 43 8 14 7 26 2 ]
[ 18 20 20 4 22 8 39 1 43 5 ]
[ 72 16 20 1 1 4 0 60 3 5 ]
[ 58 10 6 11 35 13 2 21 20 8 ]
[ 29 17 39 18 11 13 4 42 4 8 ]
[ 4 1 30 25 31 40 37 2 16 1 ]
[ 9 78 38 2 4 7 32 8 1 8 ]
[ 14 3 0 15 21 52 22 39 12 11 ]
[ 46 13 37 4 30 3 3 2 27 25 ]
[ 7 16 9 41 34 64 5 5 9 0 ]
[ 0 21 20 0 8 17 20 30 21 53 ]
[ 1 52 14 6 8 0 55 12 14 29 ]
[ 31 3 3 2 41 4 11 51 10 36 ]
[ 6 11 24 9 37 14 50 34 3 4 ]
[ 1 39 9 44 2 11 28 43 10 8 ]
[ 15 2 26 56 26 27 6 7 17 14 ]
[ 6 6 21 5 81 14 9 13 1 41 ]

Timer (generate): 10ms real	10ms user	0ms sys
[ 68 62 84 60 57 20 52 0 54 6 ]
[ 69 72 48 3 5 4 14 86 48 76 ]
[ 21 85 53 76 39 90 62 56 85 88 ]
[ 25 53 2 61 65 59 34 17 59 88 ]
[ 75 28 61 24 32 18 28 98 56 76 ]
[ 26 77 13 31 53 4 21 67 13 6 ]
[ 55 38 11 57 52 76 16 86 93 27 ]
[ 74 69 56 87 45 40 5 25 90 61 ]
[ 1 16 90 66 47 95 22 69 63 35 ]
[ 27 70 26 39 28 78 67 96 64 61 ]
[ 24 38 82 32 78 79 24 83 4 14 ]
[ 97 57 82 87 23 81 35 45 50 98 ]
[ 33 30 20 59 21 0 37 88 97 1 ]
[ 49 73 91 83 57 69 62 81 5 18 ]
[ 47 2 75 29 41 50 10 28 48 13 ]
[ 26 81 95 47 40 16 99 77 4 96 ]
[ 30 6 21 21 89 30 91 4 11 48 ]
[ 22 10 2 50 39 95 0 2 24 48 ]
[ 67 2 29 62 1 69 78 1 98 82 ]
[ 49 28 88 71 2 30 1 45 86 65 ]

Running insertion sort algorithm: 
Timer (sort): 22422ms real	22420ms user	0ms sys
The output is sorted!
[ 2 9 37 5 1 6 2 4 29 17 ]
[ 6 45 0 17 2 6 64 18 3 1 ]
[ 0 26 29 33 26 7 2 22 14 13 ]
[ 7 3 17 12 9 48 7 35 26 9 ]
[ 2 13 20 10 2 2 8 29 28 60 ]
[ 3 43 12 2 30 40 9 6 14 15 ]
[ 4 27 5 17 1 49 59 1 1 16 ]
[ 0 3 32 38 4 14 26 49 9 5 ]
[ 17 39 17 18 4 8 16 36 9 18 ]
[ 16 25 3 33 30 7 3 3 14 48 ]
[ 38 32 33 1 14 13 3 8 27 18 ]
[ 22 9 36 13 13 56 6 29 0 4 ]
[ 1 13 39 32 28 24 1 17 17 18 ]
[ 9 9 0 1 3 32 59 14 16 48 ]
[ 81 11 1 27 19 22 8 15 0 12 ]
[ 22 0 0 4 18 13 28 34 7 71 ]
[ 39 34 30 1 0 18 4 6 9 57 ]
[ 11 1 31 66 16 15 18 0 18 24 ]
[ 16 52 41 17 7 0 15 6 23 24 ]
[ 23 59 4 14 3 2 17 4 17 58 ]

Timer (generate): 11ms real	0ms user	0ms sys
[ 52 36 58 84 89 46 58 8 47 74 ]
[ 39 18 67 72 37 20 18 98 31 71 ]
[ 36 86 81 57 31 2 71 93 63 85 ]
[ 33 15 21 91 51 62 90 61 22 37 ]
[ 35 61 56 55 33 45 75 3 43 6 ]
[ 75 31 44 56 88 27 10 60 20 73 ]
[ 97 6 40 70 97 44 32 87 5 54 ]
[ 77 41 67 85 96 0 30 23 56 25 ]
[ 29 31 56 25 39 44 53 49 56 25 ]
[ 75 53 31 15 23 81 59 7 20 65 ]
[ 61 97 58 28 34 54 81 64 77 89 ]
[ 41 58 72 97 35 11 94 88 12 50 ]
[ 66 87 56 49 55 31 30 14 39 3 ]
[ 31 52 52 89 33 87 43 14 3 72 ]
[ 3 45 82 27 42 18 38 36 58 2 ]
[ 39 24 42 95 26 97 78 8 63 17 ]
[ 11 47 70 64 36 3 51 32 69 6 ]
[ 4 24 51 39 51 46 57 41 34 15 ]
[ 43 73 92 37 20 18 86 99 26 2 ]
[ 68 90 49 38 54 85 93 57 17 62 ]

Running insertion sort algorithm: 
Timer (sort): 24777ms real	24780ms user	0ms sys
The output is sorted!
[ 9 2 8 31 3 12 62 3 3 22 ]
[ 1 63 24 21 3 17 0 12 3 23 ]
[ 34 0 22 14 21 2 2 38 12 23 ]
[ 1 0 8 36 32 0 12 14 5 60 ]
[ 4 57 2 5 1 7 12 9 67 7 ]
[ 12 10 10 17 4 23 22 67 4 9 ]
[ 7 32 74 3 2 7 14 16 24 1 ]
[ 8 17 13 87 2 12 5 0 14 22 ]
[ 11 13 14 1 3 59 16 46 4 13 ]
[ 5 65 2 0 28 8 3 22 32 20 ]
[ 19 0 3 3 8 10 15 38 31 61 ]
[ 28 18 50 43 1 13 10 1 16 9 ]
[ 16 16 39 5 17 30 24 12 31 1 ]
[ 26 40 2 7 3 11 87 2 13 1 ]
[ 1 42 36 7 19 1 5 0 33 48 ]
[ 29 8 16 0 31 18 5 47 26 12 ]
[ 0 28 27 5 13 31 23 31 34 2 ]
[ 2 6 18 73 18 11 28 9 10 20 ]
[ 57 18 52 37 16 3 1 7 4 0 ]
[ 2 25 8 29 3 5 19 66 24 15 ]

Timer (generate): 13ms real	10ms user	0ms sys
[ 3 55 70 38 82 4 23 89 4 52 ]
[ 91 34 82 0 81 20 85 9 64 50 ]
[ 97 21 79 46 49 53 98 90 8 42 ]
[ 95 12 97 17 2 31 21 25 72 77 ]
[ 29 64 11 64 16 45 36 2 54 0 ]
[ 4 3 73 83 50 22 88 48 64 96 ]
[ 90 11 60 40 28 63 23 1 40 96 ]
[ 79 22 12 42 86 28 87 22 82 93 ]
[ 75 86 97 48 21 47 23 9 95 39 ]
[ 58 38 51 18 30 31 33 5 85 26 ]
[ 1 64 48 13 6 86 94 94 60 76 ]
[ 39 35 63 36 84 84 83 7 94 31 ]
[ 46 4 69 49 22 51 81 8 56 66 ]
[ 34 10 82 34 75 88 20 69 34 80 ]
[ 46 74 16 9 62 52 45 46 59 91 ]
[ 29 57 95 50 7 18 1 88 26 57 ]
[ 6 12 19 88 46 95 28 66 64 15 ]
[ 98 10 41 66 19 3 18 65 1 29 ]
[ 8 30 87 4 80 94 74 81 34 52 ]
[ 91 40 64 10 80 10 57 8 28 22 ]

Running insertion sort algorithm: 
Timer (sort): 24466ms real	24470ms user	0ms sys
The output is sorted!
[ 1 16 19 31 17 28 10 2 10 17 ]
[ 23 20 16 4 6 22 1 25 36 4 ]
[ 0 12 9 36 23 30 10 5 12 22 ]
[ 12 83 14 10 5 7 10 4 20 1 ]
[ 24 13 1 30 5 2 23 41 17 14 ]
[ 0 14 67 27 2 22 33 2 0 6 ]
[ 23 3 16 2 2 63 9 23 11 23 ]
[ 1 0 10 19 74 6 22 6 29 14 ]
[ 57 49 21 30 2 1 12 0 10 2 ]
[ 24 11 0 23 49 5 5 39 10 24 ]
[ 29 5 0 5 8 5 66 8 26 39 ]
[ 6 54 15 52 9 12 13 9 17 4 ]
[ 32 1 41 21 1 22 37 28 8 0 ]
[ 24 28 11 7 59 15 6 18 6 18 ]
[ 55 47 0 13 4 30 1 4 22 22 ]
[ 45 21 4 7 6 17 3 0 34 63 ]
[ 13 29 16 3 11 13 3 27 60 26 ]
[ 13 17 35 30 27 49 11 9 8 5 ]
[ 8 8 69 6 2 10 73 26 0 4 ]
[ 0 8 52 60 0 5 9 4 59 11 ]

Timer (generate): 9ms real	10ms user	0ms sys
[ 91 64 96 38 91 38 72 54 36 25 ]
[ 96 75 20 43 28 35 92 56 49 59 ]
[ 92 53 60 6 44 25 76 0 26 47 ]
[ 81 18 63 30 8 6 20 80 61 56 ]
[ 57 9 31 78 4 11 13 96 67 14 ]
[ 7 59 19 19 17 16 45 94 68 71 ]
[ 93 49 41 8 31 50 14 51 30 27 ]
[ 59 88 89 42 18 93 53 83 42 72 ]
[ 97 1 84 68 21 1 36 66 47 4 ]
[ 89 92 6 31 52 37 81 67 89 63 ]
[ 46 48 51 87 43 21 81 96 4 75 ]
[ 21 53 76 5 22 49 58 10 15 6 ]
[ 15 57 50 21 88 3 58 21 22 99 ]
[ 84 68 0 88 56 43 9 89 91 14 ]
[ 16 12 67 44 17 41 94 76 52 61 ]
[ 34 67 18 84 40 6 39 98 79 61 ]
[ 98 64 82 50 52 90 93 13 31 84 ]
[ 27 47 49 47 91 66 40 37 94 44 ]
[ 99 80 63 17 17 3 76 56 2 55 ]
[ 70 52 19 52 54 23 42 47 37 25 ]

Running insertion sort algorithm: 
Timer (sort): 22692ms real	22690ms user	0ms sys
The output is sorted!
[ 8 16 40 10 4 10 27 22 2 2 ]
[ 64 49 10 0 0 1 3 5 22 2 ]
[ 0 1 25 41 17 35 13 7 8 15 ]
[ 49 52 3 15 1 1 2 1 21 21 ]
[ 15 4 13 0 5 54 6 33 21 25 ]
[ 8 29 20 5 9 18 17 14 49 10 ]
[ 3 28 7 40 22 16 10 42 0 16 ]
[ 2 18 11 23 49 6 31 31 10 3 ]
[ 49 13 1 44 11 5 7 13 28 17 ]
[ 17 3 12 12 28 36 4 21 44 12 ]
[ 22 6 9 41 37 25 11 1 20 18 ]
[ 27 32 0 19 22 28 4 5 3 51 ]
[ 19 18 37 38 26 21 23 1 15 1 ]
[ 36 18 30 2 34 13 10 3 30 26 ]
[ 10 34 51 24 6 13 6 10 11 38 ]
[ 6 37 49 7 17 43 26 8 2 8 ]
[ 9 28 26 4 10 21 44 1 54 7 ]
[ 41 0 9 77 6 6 56 0 4 6 ]
[ 15 35 10 4 8 28 3 10 4 89 ]
[ 21 4 20 31 29 10 29 29 3 31 ]

Timer (generate): 11ms real	10ms user	0ms sys
[ 85 14 51 20 26 66 36 44 98 31 ]
[ 42 37 98 9 32 18 58 36 34 46 ]
[ 48 80 59 4 80 61 93 99 64 13 ]
[ 11 1 79 14 21 58 80 10 2 78 ]
[ 93 45 68 43 54 52 62 64 88 48 ]
[ 63 88 80 74 93 60 36 38 12 52 ]
[ 3 75 53 35 89 75 93 21 37 95 ]
[ 51 30 92 19 73 99 71 87 63 12 ]
[ 35 78 0 15 53 45 28 41 83 40 ]
[ 93 87 67 46 22 56 73 15 77 10 ]
[ 10 28 92 55 0 18 54 71 57 69 ]
[ 83 45 48 36 12 53 81 40 94 65 ]
[ 32 39 4 99 85 26 7 11 93 84 ]
[ 73 55 65 66 10 65 36 64 88 93 ]
[ 86 24 38 34 60 3 39 93 43 33 ]
[ 10 28 24 14 27 61 92 35 72 37 ]
[ 71 46 93 88 64 55 5 0 20 94 ]
[ 45 6 70 36 92 82 39 31 75 34 ]
[ 16 38 62 40 4 42 1 97 29 26 ]
[ 86 52 24 79 41 88 35 98 40 7 ]

Running insertion sort algorithm: 
Timer (sort): 24241ms real	24240ms user	0ms sys
The output is sorted!
[ 36 5 3 16 16 22 2 3 40 1 ]
[ 11 7 5 34 2 26 4 34 17 29 ]
[ 8 26 1 3 8 12 8 22 3 86 ]
[ 8 8 7 5 26 6 21 74 1 21 ]
[ 33 20 16 6 41 1 42 5 2 12 ]
[ 18 35 14 12 28 16 7 10 2 39 ]
[ 2 22 9 0 1 38 27 59 24 1 ]
[ 5 49 24 37 3 13 1 15 8 28 ]
[ 27 12 34 19 5 1 40 27 7 12 ]
[ 0 27 9 8 0 66 12 22 6 35 ]
[ 1 39 12 54 44 19 2 13 2 1 ]
[ 4 8 12 3 65 10 22 17 36 12 ]
[ 2 5 8 7 36 52 16 14 19 30 ]
[ 19 38 11 10 8 1 0 6 8 90 ]
[ 31 0 17 23 45 6 1 19 8 43 ]
[ 19 41 12 0 19 0 21 41 10 30 ]
[ 26 10 15 46 34 4 14 6 27 12 ]
[ 36 1 38 22 38 7 9 10 10 24 ]
[ 8 3 68 16 39 18 3 15 0 27 ]
[ 7 9 11 0 54 4 49 7 50 6 ]

Timer (generate): 10ms real	10ms user	0ms sys
[ 8 52 7 73 93 39 45 6 22 26 ]
[ 18 90 30 77 6 97 4 36 18 82 ]
[ 66 30 18 19 87 73 30 80 78 18 ]
[ 65 39 22 72 12 15 11 9 74 33 ]
[ 35 92 23 17 70 82 66 26 18 84 ]
[ 8 84 67 78 56 6 3 86 86 82 ]
[ 56 3 73 79 76 37 46 39 47 20 ]
[ 25 34 65 0 52 87 82 70 13 53 ]
[ 55 73 89 74 52 45 80 55 32 19 ]
[ 89 40 22 62 19 50 0 18 90 47 ]
[ 90 67 33 55 67 85 42 50 56 7 ]
[ 55 63 81 44 37 33 90 69 88 74 ]
[ 88 30 14 63 92 86 13 92 4 3 ]
[ 91 46 70 25 54 90 62 48 92 70 ]
[ 56 47 33 37 91 22 22 81 44 10 ]
[ 7 32 92 22 95 85 8 9 29 64 ]
[ 64 21 62 87 98 16 77 60 65 69 ]
[ 83 21 16 68 10 7 91 32 41 35 ]
[ 94 48 19 87 22 67 72 82 76 53 ]
[ 98 92 74 61 79 24 77 56 37 94 ]

Running insertion sort algorithm: 
Timer (sort): 22899ms real	22900ms user	0ms sys
The output is sorted!
[ 16 48 31 5 0 8 5 9 21 20 ]
[ 35 19 14 4 6 17 17 25 0 31 ]
[ 5 0 0 33 11 68 11 20 8 13 ]
[ 17 22 30 4 20 35 22 15 2 4 ]
[ 28 22 6 52 13 10 18 12 8 7 ]
[ 6 11 55 27 18 1 19 36 0 4 ]
[ 43 1 16 0 24 64 0 1 4 26 ]
[ 1 36 39 24 5 43 1 3 25 2 ]
[ 64 11 8 14 11 45 8 20 0 2 ]
[ 7 4 54 7 20 57 15 0 17 3 ]
[ 22 4 23 12 5 14 1 13 86 4 ]
[ 19 12 20 14 13 4 50 23 0 34 ]
[ 4 78 17 30 44 4 3 8 0 1 ]
[ 4 3 9 13 13 35 70 38 6 0 ]
[ 25 29 7 19 22 2 43 40 4 0 ]
[ 8 29 29 9 32 4 44 8 8 21 ]
[ 11 10 26 22 50 0 8 8 8 51 ]
[ 5 4 21 36 1 31 29 14 17 38 ]
[ 8 12 12 49 36 9 6 11 40 14 ]
[ 26 8 23 0 16 27 4 5 78 12 ]

Timer (generate): 10ms real	10ms user	0ms sys
[ 48 19 17 65 94 33 88 91 58 67 ]
[ 22 16 97 76 86 23 83 36 56 77 ]
[ 22 36 53 23 43 87 93 15 63 33 ]
[ 20 12 5 90 29 99 23 17 42 81 ]
[ 36 64 49 34 41 35 9 24 23 66 ]
[ 53 45 2 58 20 97 46 65 12 61 ]
[ 51 32 73 56 22 55 7 97 72 49 ]
[ 78 9 66 27 95 59 14 4 35 90 ]
[ 70 89 87 72 47 8 21 45 73 33 ]
[ 7 24 18 32 32 92 87 39 90 12 ]
[ 41 68 73 7 48 68 66 14 72 1 ]
[ 4 43 42 92 67 42 0 89 39 25 ]
[ 74 46 2 92 31 34 85 18 26 27 ]
[ 82 67 47 55 74 95 23 92 62 96 ]
[ 93 66 91 88 58 58 30 10 99 69 ]
[ 88 74 68 90 18 99 76 55 69 2 ]
[ 34 52 69 82 7 95 29 83 87 91 ]
[ 79 33 58 22 21 68 80 3 31 32 ]
[ 24 19 58 44 61 76 43 37 84 65 ]
[ 40 18 69 61 0 76 57 82 11 44 ]

Running insertion sort algorithm: 
Timer (sort): 23983ms real	23980ms user	0ms sys
The output is sorted!
[ 10 5 18 25 33 0 4 7 27 4 ]
[ 28 6 7 21 17 3 11 1 56 2 ]
[ 6 66 7 18 17 27 3 1 3 28 ]
[ 13 3 17 22 1 52 17 17 19 17 ]
[ 8 7 1 15 39 16 15 21 60 6 ]
[ 12 67 2 4 5 17 64 6 12 1 ]
[ 2 21 8 47 9 61 0 21 14 7 ]
[ 0 52 7 2 46 41 2 1 24 16 ]
[ 5 1 36 39 31 7 27 14 31 1 ]
[ 0 19 7 15 5 3 13 65 8 57 ]
[ 13 17 73 13 31 9 4 0 32 5 ]
[ 2 43 8 8 26 28 0 11 33 39 ]
[ 1 7 9 12 20 3 96 22 21 8 ]
[ 8 19 3 18 14 1 22 1 30 83 ]
[ 49 13 1 18 3 54 18 26 17 1 ]
[ 20 22 20 3 9 71 27 25 3 0 ]
[ 23 1 32 41 0 32 31 29 14 0 ]
[ 29 3 1 18 21 6 23 72 21 9 ]
[ 3 22 9 1 41 9 7 42 14 56 ]
[ 2 27 30 30 19 2 1 24 57 12 ]

Timer (generate): 10ms real	10ms user	0ms sys
[ 15 94 36 41 2 35 90 85 47 66 ]
[ 97 27 91 87 46 96 34 60 72 27 ]
[ 74 97 89 24 17 8 20 6 5 30 ]
[ 50 72 77 38 13 79 73 56 16 73 ]
[ 74 13 0 65 52 98 14 87 58 86 ]
[ 66 84 83 55 9 52 15 81 10 73 ]
[ 64 60 45 41 99 11 72 24 19 40 ]
[ 49 93 6 50 10 58 0 24 97 11 ]
[ 62 64 95 45 71 56 97 39 38 59 ]
[ 12 54 72 9 47 23 72 19 99 91 ]
[ 11 49 36 17 51 47 28 51 23 25 ]
[ 62 86 41 10 83 13 66 33 52 56 ]
[ 92 16 10 64 25 57 87 50 28 87 ]
[ 41 40 88 78 9 39 77 37 42 52 ]
[ 15 57 38 56 67 74 21 33 7 73 ]
[ 42 99 41 52 16 19 62 3 69 90 ]
[ 42 10 82 30 40 44 21 17 33 64 ]
[ 70 48 21 60 57 88 34 78 73 41 ]
[ 4 15 93 45 20 9 64 82 64 85 ]
[ 24 59 96 59 89 36 3 11 6 36 ]

Running insertion sort algorithm: 
Timer (sort): 25379ms real	25380ms user	0ms sys
The output is sorted!
[ 6 11 6 0 45 25 27 1 13 2 ]
[ 9 35 0 27 26 5 7 2 20 7 ]
[ 5 26 44 16 15 5 20 3 1 4 ]
[ 14 6 29 10 10 9 36 25 8 11 ]
[ 3 27 2 15 5 23 13 46 3 21 ]
[ 19 36 5 15 26 12 6 21 19 1 ]
[ 28 3 24 9 8 7 23 7 11 43 ]
[ 33 22 17 0 24 27 9 47 0 3 ]
[ 3 3 20 0 54 11 12 56 12 11 ]
[ 43 21 17 17 35 6 7 8 20 10 ]
[ 12 54 29 31 2 7 3 11 6 29 ]
[ 6 0 53 47 5 16 15 6 11 25 ]
[ 4 16 27 36 4 5 12 25 2 56 ]
[ 0 3 18 24 26 17 38 61 0 0 ]
[ 37 6 19 59 0 36 8 3 6 14 ]
[ 12 47 7 12 22 7 15 8 6 54 ]
[ 22 30 16 22 25 15 26 7 9 19 ]
[ 4 52 12 25 13 11 6 52 10 8 ]
[ 15 57 25 3 0 15 18 41 9 11 ]
[ 44 1 23 2 23 18 36 4 34 12 ]

Timer (generate): 8ms real	0ms user	0ms sys
[ 19 88 72 93 76 13 3 9 73 67 ]
[ 26 63 4 90 18 77 65 50 74 8 ]
[ 7 58 20 85 24 52 96 22 8 1 ]
[ 45 79 89 17 72 65 82 27 26 56 ]
[ 95 4 71 51 46 89 80 64 91 54 ]
[ 72 50 64 92 35 89 96 84 63 56 ]
[ 85 9 35 26 78 60 43 61 87 69 ]
[ 69 82 26 40 85 72 29 65 36 72 ]
[ 72 61 22 36 5 10 77 2 94 41 ]
[ 10 79 2 46 5 80 6 48 93 93 ]
[ 69 14 28 95 54 65 20 35 31 8 ]
[ 7 3 21 82 91 27 92 69 81 86 ]
[ 10 91 17 12 37 74 44 95 74 38 ]
[ 41 43 52 21 91 59 86 11 46 17 ]
[ 71 6 72 93 88 64 20 32 33 53 ]
[ 70 95 44 87 7 82 61 51 29 35 ]
[ 41 70 30 46 91 21 5 78 84 51 ]
[ 47 56 9 72 49 97 36 21 81 21 ]
[ 74 51 16 70 38 23 4 51 26 34 ]
[ 38 68 4 69 14 96 42 71 74 79 ]

Running insertion sort algorithm: 
Timer (sort): 20918ms real	20920ms user	0ms sys
The output is sorted!
[ 0 63 5 1 1 15 2 47 6 0 ]
[ 13 26 2 31 15 14 19 12 4 21 ]
[ 0 21 24 21 42 1 5 6 20 20 ]
[ 9 8 10 14 25 1 37 34 20 5 ]
[ 0 43 14 24 8 3 2 57 11 4 ]
[ 2 5 62 19 30 18 4 8 12 6 ]
[ 21 11 9 35 5 14 31 18 28 3 ]
[ 10 33 1 56 11 28 4 15 14 4 ]
[ 65 6 39 5 11 10 14 6 8 12 ]
[ 9 9 12 17 56 0 6 13 13 42 ]
[ 35 41 1 4 12 34 24 3 22 3 ]
[ 6 37 7 30 9 8 10 63 1 10 ]
[ 21 19 7 4 3 28 17 3 12 68 ]
[ 7 8 20 17 0 26 2 83 15 5 ]
[ 55 23 14 3 20 4 2 6 56 1 ]
[ 10 16 29 1 58 3 11 14 8 35 ]
[ 4 26 38 0 13 14 6 48 17 19 ]
[ 7 27 4 41 0 27 0 2 59 20 ]
[ 46 1 5 44 26 2 3 27 10 24 ]
[ 40 8 10 25 24 33 8 9 1 30 ]

Timer (generate): 8ms real	0ms user	0ms sys
[ 21 24 7 71 74 50 23 62 74 0 ]
[ 41 69 47 68 75 23 27 67 63 10 ]
[ 23 61 40 19 44 55 23 55 49 97 ]
[ 97 71 74 4 94 48 55 69 62 29 ]
[ 21 3 51 68 23 26 43 51 46 6 ]
[ 13 69 19 53 41 64 61 64 71 62 ]
[ 13 68 33 87 73 80 35 80 49 49 ]
[ 61 71 52 12 39 28 91 83 79 37 ]
[ 41 44 58 61 97 99 77 10 15 0 ]
[ 73 29 21 58 68 46 38 4 26 88 ]
[ 5 87 11 58 52 50 86 43 85 17 ]
[ 32 79 61 90 92 10 90 21 21 5 ]
[ 21 46 86 42 56 55 88 95 11 66 ]
[ 35 16 6 46 74 58 48 12 53 34 ]
[ 81 85 65 42 75 57 5 65 30 78 ]
[ 23 51 76 9 46 32 64 86 79 27 ]
[ 53 14 44 59 12 70 69 61 35 22 ]
[ 47 16 7 64 11 34 21 16 52 3 ]
[ 46 27 54 22 36 52 54 53 39 34 ]
[ 80 44 0 76 55 13 47 24 26 82 ]

Running insertion sort algorithm: 
Timer (sort): 21366ms real	21360ms user	0ms sys
The output is sorted!
[ 6 25 10 9 94 0 2 7 1 3 ]
[ 4 5 8 10 14 12 35 17 23 30 ]
[ 7 1 25 13 7 24 12 59 10 3 ]
[ 0 5 40 12 36 40 15 6 9 6 ]
[ 2 5 1 17 16 81 15 15 6 12 ]
[ 2 1 4 44 2 13 28 4 40 35 ]
[ 19 18 14 15 5 47 23 23 11 1 ]
[ 5 7 3 5 17 22 65 1 47 6 ]
[ 22 60 12 0 9 0 18 19 37 1 ]
[ 26 0 4 22 4 29 50 39 0 7 ]
[ 14 24 32 6 37 19 13 15 13 11 ]
[ 2 11 21 19 13 10 1 35 57 19 ]
[ 52 16 21 19 0 10 9 17 15 30 ]
[ 21 9 0 5 30 32 12 42 8 30 ]
[ 3 10 94 33 4 0 9 11 8 22 ]
[ 1 26 14 14 61 20 29 1 9 21 ]
[ 9 17 28 55 2 12 15 32 25 2 ]
[ 34 45 8 6 4 14 41 35 16 0 ]
[ 14 21 23 28 29 13 3 29 27 18 ]
[ 47 50 6 9 34 5 3 10 18 24 ]

Timer (generate): 10ms real	10ms user	0ms sys
[ 67 43 2 20 54 25 13 24 99 97 ]
[ 3 97 19 45 85 48 43 26 64 10 ]
[ 77 11 78 22 76 32 65 83 39 24 ]
[ 70 6 19 24 79 26 1 92 50 1 ]
[ 41 53 50 61 98 88 9 41 14 26 ]
[ 3 43 37 82 17 14 66 83 49 57 ]
[ 59 20 63 78 44 42 4 46 86 7 ]
[ 47 28 60 49 41 59 37 2 52 51 ]
[ 28 56 46 18 90 64 84 8 99 33 ]
[ 65 58 53 80 88 98 75 45 96 61 ]
[ 4 43 41 64 44 82 75 82 37 28 ]
[ 85 17 36 32 35 78 48 19 86 47 ]
[ 5 51 57 58 83 97 8 58 94 4 ]
[ 72 98 99 13 63 44 48 38 78 85 ]
[ 18 63 54 54 47 90 32 95 61 18 ]
[ 42 66 21 99 77 5 97 37 15 43 ]
[ 94 87 42 45 53 5 89 53 95 19 ]
[ 90 14 83 44 68 82 86 53 78 48 ]
[ 23 72 66 45 24 95 2 73 33 69 ]
[ 16 79 57 58 24 62 15 66 15 11 ]

Running insertion sort algorithm: 
Timer (sort): 21291ms real	21290ms user	0ms sys
The output is sorted!
[ 11 17 11 16 45 30 8 1 3 0 ]
[ 9 0 21 2 22 43 20 5 16 9 ]
[ 2 3 15 15 16 33 14 17 9 25 ]
[ 27 14 24 20 36 11 11 4 12 5 ]
[ 20 12 10 38 4 16 59 0 0 7 ]
[ 4 30 1 17 0 9 45 45 3 16 ]
[ 5 58 6 33 17 23 4 1 5 23 ]
[ 4 20 13 9 10 3 13 39 67 3 ]
[ 28 13 4 3 40 15 1 21 34 24 ]
[ 13 1 6 70 9 15 2 6 64 1 ]
[ 12 36 4 3 10 7 47 1 8 61 ]
[ 42 1 29 14 16 11 4 8 59 5 ]
[ 44 1 24 0 20 23 11 1 2 64 ]
[ 32 7 21 1 7 9 3 50 56 6 ]
[ 22 5 21 2 4 28 29 49 18 14 ]
[ 8 14 4 27 5 5 27 50 25 28 ]
[ 50 11 20 15 17 0 1 1 66 12 ]
[ 8 13 19 0 17 35 27 20 45 12 ]
[ 10 4 29 12 46 9 55 22 2 8 ]
[ 16 1 22 20 0 63 21 8 43 4 ]

Timer (generate): 8ms real	0ms user	0ms sys
[ 52 6 23 32 31 69 9 29 7 33 ]
[ 13 88 35 30 77 65 40 64 96 14 ]
[ 56 26 99 51 77 33 51 80 0 30 ]
[ 18 4 36 93 36 19 62 46 48 69 ]
[ 79 13 10 66 96 87 31 36 51 79 ]
[ 2 7 58 2 58 35 87 62 68 88 ]
[ 92 86 92 28 79 81 48 94 27 48 ]
[ 15 58 62 25 76 58 12 7 46 63 ]
[ 38 49 23 96 3 33 84 42 95 52 ]
[ 30 39 90 75 20 69 56 20 15 35 ]
[ 68 31 45 82 56 21 40 69 80 39 ]
[ 84 18 40 59 67 95 93 51 37 40 ]
[ 55 20 80 45 95 0 66 3 20 82 ]
[ 90 40 13 35 23 69 8 15 90 88 ]
[ 54 75 58 46 86 25 41 79 28 79 ]
[ 20 83 99 52 28 46 4 47 49 24 ]
[ 29 91 16 94 26 39 63 34 55 6 ]
[ 74 61 33 32 8 19 10 49 99 38 ]
[ 80 71 22 79 23 2 25 27 1 26 ]
[ 3 82 69 19 76 47 11 92 81 18 ]

Running insertion sort algorithm: 
Timer (sort): 22733ms real	22740ms user	0ms sys
The output is sorted!
[ 42 4 1 2 4 47 1 27 7 20 ]
[ 6 7 13 3 3 19 20 62 7 17 ]
[ 68 2 6 58 5 10 7 7 2 8 ]
[ 12 71 20 26 4 2 10 9 3 17 ]
[ 30 51 1 22 0 6 22 29 1 12 ]
[ 20 9 11 32 18 48 9 6 19 4 ]
[ 23 35 20 20 53 9 6 3 4 6 ]
[ 12 31 28 9 63 2 0 16 2 18 ]
[ 20 2 62 1 2 34 12 24 12 12 ]
[ 11 47 40 27 27 1 17 4 3 7 ]
[ 0 9 92 24 7 20 3 12 5 14 ]
[ 81 24 10 4 14 1 2 1 41 8 ]
[ 7 19 32 14 29 9 30 27 14 8 ]
[ 16 36 20 13 7 4 5 35 9 45 ]
[ 15 42 15 40 27 2 6 39 3 1 ]
[ 3 5 11 24 55 34 3 6 48 1 ]
[ 31 18 34 2 1 76 15 0 13 3 ]
[ 22 39 0 15 36 19 8 27 17 10 ]
[ 75 18 5 9 20 18 15 16 10 8 ]
[ 14 20 10 13 31 3 33 21 13 38 ]

Timer (generate): 8ms real	0ms user	0ms sys
[ 60 18 91 3 35 18 94 79 69 71 ]
[ 34 5 47 89 31 71 69 20 14 22 ]
[ 18 72 60 46 14 19 45 38 38 88 ]
[ 33 98 6 76 53 42 47 47 73 16 ]
[ 70 59 73 17 48 5 89 69 77 55 ]
[ 43 95 27 56 93 93 75 90 83 65 ]
[ 78 69 15 85 45 68 79 92 67 52 ]
[ 60 38 11 34 7 11 91 96 33 68 ]
[ 51 76 63 30 84 56 76 60 99 59 ]
[ 77 77 28 93 62 26 61 93 18 29 ]
[ 45 31 19 8 65 26 72 56 75 5 ]
[ 76 78 33 91 9 18 99 85 30 98 ]
[ 96 7 76 25 52 90 51 14 84 21 ]
[ 95 81 52 66 90 69 92 14 77 19 ]
[ 71 53 98 56 44 59 26 44 96 56 ]
[ 94 92 16 70 17 68 61 20 34 45 ]
[ 94 81 26 46 47 68 68 92 34 45 ]
[ 11 5 99 61 62 95 20 40 91 16 ]
[ 49 86 61 65 8 30 85 69 51 72 ]
[ 66 45 53 45 43 53 65 11 45 0 ]

Running insertion sort algorithm: 
Timer (sort): 22964ms real	22970ms user	0ms sys
The output is sorted!
[ 5 16 32 15 7 4 1 30 1 35 ]
[ 5 18 7 35 0 86 2 5 2 3 ]
[ 27 3 9 60 11 5 9 17 0 24 ]
[ 0 4 40 31 10 27 33 6 24 4 ]
[ 45 1 3 32 5 23 19 29 10 12 ]
[ 10 0 5 25 9 12 17 36 50 16 ]
[ 14 2 27 8 47 30 21 6 9 17 ]
[ 21 8 1 47 1 11 12 11 61 8 ]
[ 14 15 2 7 39 29 15 13 20 29 ]
[ 37 2 3 2 15 5 13 44 16 47 ]
[ 18 1 9 22 8 20 1 34 62 12 ]
[ 4 31 10 0 4 6 11 62 22 42 ]
[ 27 99 39 9 4 0 4 2 1 7 ]
[ 5 39 46 17 48 0 3 1 27 7 ]
[ 3 26 21 29 2 4 11 23 70 4 ]
[ 13 8 40 4 61 0 57 2 9 3 ]
[ 25 26 10 23 12 9 37 47 2 7 ]
[ 2 9 11 36 7 9 5 87 18 15 ]
[ 45 1 11 15 34 1 14 34 44 0 ]
[ 9 6 10 29 1 2 26 59 46 13 ]

Timer (generate): 9ms real	10ms user	0ms sys
[ 89 98 63 94 43 58 97 25 35 26 ]
[ 16 9 57 27 93 39 99 68 30 2 ]
[ 69 14 79 31 70 22 14 0 79 16 ]
[ 79 20 66 42 66 9 0 64 86 88 ]
[ 42 54 49 99 33 42 90 32 11 72 ]
[ 86 80 87 18 63 57 40 77 9 71 ]
[ 45 88 44 11 83 10 72 83 26 58 ]
[ 23 68 64 73 19 97 67 61 82 30 ]
[ 34 20 63 21 38 26 30 31 4 39 ]
[ 54 49 80 98 13 63 9 85 98 35 ]
[ 96 22 56 60 47 27 10 66 89 92 ]
[ 97 75 64 60 96 55 38 78 86 94 ]
[ 17 40 96 49 91 9 12 0 94 11 ]
[ 87 42 85 95 3 84 23 13 50 64 ]
[ 57 99 39 21 59 87 76 50 65 14 ]
[ 44 34 55 40 84 98 49 48 98 96 ]
[ 11 37 38 48 33 93 32 8 58 35 ]
[ 24 15 34 63 89 46 2 65 96 19 ]
[ 80 40 53 87 33 89 85 82 90 35 ]
[ 30 1 72 21 50 57 14 34 65 73 ]

Running insertion sort algorithm: 
Timer (sort): 21647ms real	21640ms user	0ms sys
The output is sorted!
[ 8 13 39 33 1 18 4 2 10 19 ]
[ 6 35 28 3 22 12 0 19 30 19 ]
[ 1 36 31 10 22 15 14 12 21 22 ]
[ 42 56 24 18 9 4 2 13 7 13 ]
[ 27 11 22 38 11 5 15 26 28 6 ]
[ 10 32 14 13 10 6 2 64 25 18 ]
[ 7 4 14 28 26 14 20 3 11 67 ]
[ 47 17 58 18 5 18 5 9 8 10 ]
[ 28 13 12 10 1 35 21 23 54 0 ]
[ 9 21 18 14 2 6 43 23 3 59 ]
[ 0 18 43 6 6 29 0 90 0 7 ]
[ 8 1 7 6 86 10 20 15 9 38 ]
[ 7 45 5 4 9 1 52 33 39 5 ]
[ 34 12 10 9 2 9 32 48 44 1 ]
[ 18 25 19 11 43 7 0 54 5 20 ]
[ 6 30 1 27 23 15 0 33 20 48 ]
[ 11 56 14 5 1 20 41 5 51 1 ]
[ 4 3 19 42 8 28 38 18 12 34 ]
[ 23 3 4 58 46 4 21 1 5 42 ]
[ 28 35 10 9 6 52 9 49 5 4 ]

Timer (generate): 9ms real	0ms user	0ms sys
[ 43 37 45 99 89 24 91 95 39 89 ]
[ 90 30 70 57 75 18 90 71 32 19 ]
[ 14 87 6 2 44 83 28 54 26 47 ]
[ 26 21 36 72 72 25 96 15 73 87 ]
[ 5 63 17 27 72 92 45 14 15 29 ]
[ 33 29 17 40 83 13 75 63 19 53 ]
[ 10 46 26 99 70 98 24 18 14 49 ]
[ 5 71 12 74 98 36 18 95 50 34 ]
[ 25 36 15 94 28 51 7 3 14 78 ]
[ 56 25 76 82 24 98 32 0 16 46 ]
[ 2 73 17 66 99 67 3 18 63 5 ]
[ 52 88 41 19 82 69 70 41 24 85 ]
[ 71 80 62 48 14 38 46 47 90 15 ]
[ 45 92 40 15 59 40 82 14 58 45 ]
[ 19 62 85 61 81 19 82 4 60 7 ]
[ 89 84 39 51 32 6 41 30 5 31 ]
[ 97 50 24 38 65 35 78 0 49 88 ]
[ 45 68 50 83 81 83 2 16 87 63 ]
[ 23 76 99 14 79 31 20 20 13 77 ]
[ 52 63 80 28 1 97 15 31 97 64 ]

Running insertion sort algorithm: 
Timer (sort): 20947ms real	20940ms user	0ms sys
The output is sorted!
[ 19 0 41 13 0 7 14 5 8 36 ]
[ 29 23 0 55 2 7 10 3 5 29 ]
[ 6 7 39 7 11 45 2 1 3 47 ]
[ 2 28 47 6 12 24 2 4 45 3 ]
[ 1 18 39 29 3 20 11 12 17 25 ]
[ 7 17 43 14 14 10 4 23 27 18 ]
[ 19 9 4 48 35 21 24 0 12 6 ]
[ 4 31 1 48 13 31 0 29 2 31 ]
[ 22 39 17 29 9 17 15 14 28 0 ]
[ 6 1 38 43 55 1 11 12 5 19 ]
[ 22 18 25 0 6 26 13 26 30 27 ]
[ 19 10 28 7 7 14 37 13 2 59 ]
[ 31 7 6 3 24 13 12 41 57 3 ]
[ 10 5 1 17 25 1 94 27 9 9 ]
[ 25 8 0 33 7 28 24 40 32 1 ]
[ 13 17 0 16 13 38 9 3 2 89 ]
[ 16 8 32 20 2 21 16 54 11 20 ]
[ 17 11 11 50 40 3 3 16 46 4 ]
[ 1 4 75 2 13 42 2 58 2 4 ]
[ 9 20 28 39 35 5 32 19 15 2 ]

Timer (generate): 8ms real	0ms user	0ms sys
[ 56 53 0 49 77 33 41 15 68 94 ]
[ 82 2 17 49 62 40 61 88 92 9 ]
[ 61 49 63 1 67 98 15 16 2 80 ]
[ 52 58 85 4 60 63 38 1 30 58 ]
[ 95 12 12 64 13 74 57 26 63 49 ]
[ 35 24 50 98 77 69 97 92 37 51 ]
[ 72 41 61 58 46 21 73 36 74 55 ]
[ 46 22 19 59 38 32 33 95 59 96 ]
[ 96 94 73 99 45 50 68 94 43 58 ]
[ 45 67 99 58 77 97 32 2 33 58 ]
[ 57 80 80 76 39 71 61 72 66 72 ]
[ 21 15 18 94 14 63 96 34 57 91 ]
[ 92 54 11 92 13 88 89 97 91 75 ]
[ 55 0 55 36 77 46 59 38 70 25 ]
[ 10 91 92 80 37 6 44 86 41 53 ]
[ 77 85 8 40 77 73 29 19 70 72 ]
[ 94 25 24 1 13 1 47 72 91 17 ]
[ 50 53 61 42 34 50 1 78 36 42 ]
[ 31 66 79 91 6 57 64 87 76 34 ]
[ 11 22 12 36 23 25 89 70 98 81 ]

Running insertion sort algorithm: 
Timer (sort): 20856ms real	20850ms user	10ms sys
The output is sorted!
[ 5 3 32 15 25 19 3 3 15 4 ]
[ 10 56 6 7 36 2 5 0 4 4 ]
[ 12 39 12 16 7 2 11 17 10 22 ]
[ 4 17 6 15 23 3 19 23 40 7 ]
[ 10 22 5 1 62 13 5 0 33 8 ]
[ 22 0 21 11 9 32 22 9 14 20 ]
[ 1 9 5 83 1 21 0 11 55 0 ]
[ 23 10 2 1 17 28 23 17 29 37 ]
[ 19 13 11 35 54 2 30 11 1 11 ]
[ 5 30 7 7 47 19 1 49 20 3 ]
[ 16 16 39 6 62 24 0 2 17 6 ]
[ 11 5 13 19 8 23 20 22 26 43 ]
[ 45 8 24 2 8 16 12 22 0 59 ]
[ 39 2 1 0 30 18 6 35 7 60 ]
[ 4 59 19 0 21 2 25 3 57 8 ]
[ 1 20 18 43 55 4 33 19 0 7 ]
[ 4 6 52 30 4 16 48 5 15 20 ]
[ 6 5 4 46 19 42 4 25 9 40 ]
[ 18 5 13 6 82 36 8 2 17 14 ]
[ 3 17 5 3 0 35 58 18 14 50 ]

Timer (generate): 8ms real	0ms user	0ms sys
[ 61 19 56 25 39 70 84 37 37 45 ]
[ 20 23 51 3 93 92 65 14 48 3 ]
[ 35 15 60 70 52 68 69 76 24 25 ]
[ 21 86 96 29 11 35 51 47 24 41 ]
[ 44 45 64 95 0 9 87 17 75 35 ]
[ 73 10 2 33 81 55 53 2 83 77 ]
[ 79 56 63 27 38 26 63 89 73 39 ]
[ 30 17 84 46 64 36 55 52 54 30 ]
[ 39 27 93 42 60 26 97 65 28 80 ]
[ 42 7 36 58 34 74 84 49 16 10 ]
[ 89 46 79 25 45 44 62 0 96 16 ]
[ 83 35 43 76 77 55 2 26 72 82 ]
[ 58 14 89 95 24 75 21 9 77 89 ]
[ 19 18 88 98 43 33 94 57 33 90 ]
[ 73 68 78 68 44 7 75 98 34 47 ]
[ 80 44 14 21 39 38 49 13 99 26 ]
[ 2 70 44 90 21 39 75 15 97 9 ]
[ 58 22 29 88 43 26 95 18 24 81 ]
[ 18 57 26 84 30 17 22 79 82 74 ]
[ 57 37 44 53 79 17 93 55 33 90 ]

Running insertion sort algorithm: 
Timer (sort): 21747ms real	21740ms user	0ms sys
The output is sorted!
[ 3 15 58 10 1 7 2 18 20 2 ]
[ 11 14 9 19 14 43 14 3 7 8 ]
[ 22 10 11 15 0 6 10 2 60 8 ]
[ 17 25 0 2 22 16 24 26 18 9 ]
[ 9 37 6 16 9 4 2 33 18 40 ]
[ 16 15 35 36 9 1 3 8 2 51 ]
[ 29 37 28 7 24 4 16 7 4 27 ]
[ 3 9 3 35 3 24 6 58 35 8 ]
[ 20 42 11 18 40 17 11 7 18 3 ]
[ 10 29 10 17 8 8 24 37 30 17 ]
[ 4 9 2 51 25 4 22 17 29 27 ]
[ 38 28 2 4 16 1 43 1 60 1 ]
[ 4 23 42 0 2 8 32 37 13 34 ]
[ 23 1 1 1 4 36 34 8 18 70 ]
[ 41 14 22 7 2 22 21 36 3 30 ]
[ 6 15 7 29 23 1 19 42 45 12 ]
[ 5 9 15 33 0 10 7 95 16 12 ]
[ 21 23 10 46 33 10 10 12 17 20 ]
[ 13 35 26 7 7 2 32 28 3 50 ]
[ 14 30 62 12 33 8 21 14 11 0 ]

Timer (generate): 9ms real	0ms user	0ms sys
[ 78 66 45 14 21 53 67 14 71 91 ]
[ 49 37 41 0 18 77 32 43 45 83 ]
[ 57 77 60 28 21 81 76 81 42 12 ]
[ 25 20 31 71 34 52 76 53 66 99 ]
[ 44 16 88 37 68 7 14 52 50 60 ]
[ 35 59 89 47 40 10 80 16 43 22 ]
[ 80 21 94 11 44 29 16 72 82 34 ]
[ 72 79 50 60 16 70 19 83 74 22 ]
[ 43 61 81 84 60 73 94 93 41 37 ]
[ 15 22 58 62 85 2 91 1 75 25 ]
[ 36 99 56 38 11 73 61 31 56 35 ]
[ 5 51 49 86 35 9 12 81 2 53 ]
[ 18 70 75 29 32 13 83 75 66 10 ]
[ 52 2 61 9 93 25 82 6 8 38 ]
[ 93 13 41 42 51 76 52 63 57 6 ]
[ 17 27 76 44 8 60 57 44 35 24 ]
[ 6 88 78 68 97 23 45 79 29 53 ]
[ 69 23 66 62 17 17 90 21 33 47 ]
[ 28 50 26 56 94 87 17 4 83 52 ]
[ 28 89 92 58 9 89 82 54 20 11 ]

Running insertion sort algorithm: 
Timer (sort): 19200ms real	19190ms user	0ms sys
The output is sorted!
[ 32 7 7 29 42 0 34 2 3 13 ]
[ 21 2 12 1 23 7 36 34 17 22 ]
[ 44 63 22 0 1 5 11 20 12 2 ]
[ 15 8 3 2 36 14 20 36 12 40 ]
[ 35 0 2 5 19 53 3 3 34 37 ]
[ 9 37 1 16 30 27 0 50 18 5 ]
[ 23 20 12 8 5 22 25 39 26 13 ]
[ 1 4 1 47 19 30 22 9 36 24 ]
[ 93 11 28 1 0 1 3 34 3 20 ]
[ 62 35 12 6 33 26 13 5 2 1 ]
[ 2 8 3 22 77 40 28 2 11 2 ]
[ 5 56 27 6 23 36 2 7 11 23 ]
[ 28 46 3 36 2 5 32 14 13 18 ]
[ 18 19 59 48 1 27 5 7 6 7 ]
[ 3 5 10 15 47 17 0 28 58 14 ]
[ 5 13 92 3 7 28 7 7 28 7 ]
[ 19 24 4 9 50 9 9 50 13 14 ]
[ 6 12 22 24 17 17 16 12 9 66 ]
[ 8 22 1 42 13 1 12 31 54 18 ]
[ 20 3 35 49 18 18 26 3 4 26 ]

