Timer (generate): 15ms real	10ms user	0ms sys
[ 78 27 21 79 50 36 73 77 91 26 22 1 68 62 74 79 78 57 2 25 94 32 96 22 83 ]
[ 59 11 83 41 33 69 19 61 90 51 11 79 76 41 22 3 15 75 71 78 49 2 56 59 56 ]
[ 82 5 89 30 79 24 42 90 7 83 23 28 54 84 71 5 48 50 34 89 72 37 4 47 60 ]
[ 82 48 62 91 59 71 25 16 60 55 95 84 49 85 43 32 9 72 39 45 43 96 93 93 30 ]
[ 82 65 19 39 64 79 73 64 94 64 24 65 89 40 25 97 88 9 46 73 52 31 34 76 70 ]
[ 32 19 66 25 12 49 60 29 68 99 45 48 24 10 42 89 86 7 78 78 84 75 66 45 74 ]
[ 92 49 5 78 26 75 10 45 93 36 10 94 48 91 63 99 37 63 23 99 5 12 37 64 43 ]
[ 15 48 70 34 93 44 78 42 49 56 68 76 67 66 22 55 76 16 3 19 31 54 56 94 77 ]
[ 7 99 90 44 15 85 12 63 55 98 56 52 76 51 53 32 19 30 51 85 4 6 13 72 61 ]
[ 33 4 15 41 50 93 49 50 35 45 17 72 9 81 27 7 89 79 35 40 33 20 12 15 71 ]
[ 97 71 78 63 43 91 96 99 7 37 50 52 38 52 39 36 69 11 97 2 38 57 92 70 92 ]
[ 32 55 64 44 22 36 94 93 66 9 36 57 5 88 16 94 38 68 85 90 7 73 11 70 22 ]
[ 14 9 79 58 31 24 90 38 88 87 60 24 33 53 42 42 41 0 99 29 68 45 19 89 30 ]
[ 61 96 55 73 19 78 39 80 57 97 11 33 39 49 22 78 9 98 63 14 41 5 55 93 56 ]
[ 37 61 2 56 50 84 70 99 40 43 18 18 34 98 27 31 61 61 22 10 35 1 71 33 64 ]
[ 85 74 22 92 19 78 81 81 80 38 83 65 8 34 57 3 52 75 89 2 54 20 63 15 42 ]
[ 25 50 95 48 36 60 85 62 82 30 82 12 11 15 45 1 50 62 61 85 19 64 89 46 53 ]
[ 44 0 25 7 68 20 85 70 15 85 6 27 71 21 61 1 55 74 12 70 19 66 72 81 27 ]
[ 57 52 92 99 98 97 43 50 75 2 18 95 87 41 62 73 47 90 96 20 51 49 75 77 13 ]
[ 97 96 79 70 29 7 79 81 51 78 31 48 21 82 75 76 0 22 63 41 85 88 41 75 36 ]

Running insertion sort algorithm: 
Timer (sort): 15330ms real	15330ms user	0ms sys
The output is sorted!
[ 58 33 72 42 21 12 55 35 5 12 21 29 38 51 15 30 44 19 19 18 14 2 45 4 7 ]
[ 26 3 9 71 26 24 42 12 1 17 62 6 8 16 47 69 35 20 52 23 13 13 22 32 74 ]
[ 15 10 93 15 21 24 65 27 24 51 13 25 33 13 83 2 9 3 25 59 46 0 7 54 13 ]
[ 76 65 11 46 41 0 4 0 36 52 88 21 25 48 23 18 0 3 8 10 39 86 0 34 4 ]
[ 6 5 3 67 49 11 2 22 20 79 50 69 47 19 49 38 8 28 44 48 6 15 7 43 5 ]
[ 15 30 13 23 5 40 21 93 60 38 4 13 59 59 2 10 44 46 13 34 85 7 14 9 5 ]
[ 41 28 0 10 35 46 41 29 32 36 9 17 19 40 41 23 44 5 20 79 50 32 46 16 4 ]
[ 17 40 9 28 58 43 37 2 34 0 11 9 70 5 76 15 66 63 35 8 6 9 0 21 96 ]
[ 2 10 6 0 33 67 7 19 26 70 12 78 35 43 0 62 22 70 17 3 32 0 49 47 53 ]
[ 6 21 25 38 3 19 6 5 68 5 4 16 78 20 89 3 20 88 35 19 24 4 79 69 21 ]
[ 25 2 94 34 49 6 84 16 2 34 7 28 5 45 19 1 7 35 14 91 36 43 29 50 9 ]
[ 1 18 15 31 41 28 21 27 40 39 45 24 16 44 7 40 71 31 35 15 12 65 8 38 61 ]
[ 14 87 13 74 20 77 18 4 3 20 15 27 17 32 39 60 45 34 18 0 8 30 10 14 95 ]
[ 7 58 1 16 1 11 84 22 45 3 21 17 8 87 21 73 34 43 21 39 25 12 45 51 30 ]
[ 9 51 51 22 67 45 45 7 21 19 30 15 29 46 16 10 4 29 38 65 1 21 76 13 46 ]
[ 49 86 11 27 41 75 18 34 6 31 48 16 57 20 68 7 5 38 15 12 24 8 56 18 14 ]
[ 12 67 65 36 59 18 38 30 23 44 17 3 7 69 69 33 26 16 1 12 16 31 61 23 9 ]
[ 42 29 40 73 21 30 3 47 16 70 22 8 49 0 24 28 51 31 25 26 1 65 6 46 40 ]
[ 42 7 7 60 22 69 33 34 27 1 71 33 9 8 31 18 45 15 14 17 3 81 20 27 99 ]
[ 46 12 96 2 24 27 31 13 94 8 45 11 9 16 47 35 44 13 74 9 18 15 18 43 45 ]

Timer (generate): 11ms real	10ms user	0ms sys
[ 61 14 63 63 87 45 26 52 7 3 73 75 28 73 44 2 36 7 14 71 22 65 69 67 47 ]
[ 50 27 5 81 73 87 42 40 50 57 27 47 84 79 54 39 4 29 19 78 74 21 66 33 36 ]
[ 37 55 53 58 75 1 8 2 6 89 27 93 31 67 95 89 46 94 25 78 49 16 82 30 35 ]
[ 12 56 9 78 90 45 67 97 50 26 72 51 34 26 9 76 54 2 7 21 49 48 68 44 25 ]
[ 46 45 41 80 75 29 93 84 38 23 26 35 91 75 85 69 48 37 55 26 98 31 80 1 91 ]
[ 54 2 91 74 46 17 72 43 10 52 71 39 97 55 77 21 81 64 64 56 50 85 56 39 40 ]
[ 35 37 24 67 90 67 21 93 58 47 91 27 19 87 38 24 58 77 21 13 7 94 46 71 58 ]
[ 54 73 43 63 64 36 98 2 60 65 44 27 39 37 37 86 81 65 58 68 55 82 78 84 55 ]
[ 43 91 50 89 15 60 95 40 56 58 5 92 8 7 4 26 51 83 65 41 72 3 74 37 61 ]
[ 94 92 95 72 29 51 15 20 53 56 87 13 3 28 69 14 33 13 22 92 17 0 95 52 65 ]
[ 36 25 21 62 14 82 56 59 30 80 88 81 47 8 86 55 48 99 59 76 21 73 61 86 47 ]
[ 53 4 0 48 8 65 37 33 38 99 48 73 56 7 3 88 95 36 36 55 22 91 55 73 50 ]
[ 31 94 75 44 33 75 49 89 75 98 97 92 87 31 31 86 31 4 94 90 59 35 37 95 71 ]
[ 44 69 62 0 42 65 83 89 92 28 22 67 77 11 94 27 8 39 14 91 70 53 74 26 99 ]
[ 16 37 34 53 32 5 98 1 20 50 95 85 33 84 29 61 58 49 39 21 43 18 82 82 33 ]
[ 25 4 38 0 82 89 16 19 24 22 3 81 72 56 53 22 52 90 55 88 20 17 99 69 8 ]
[ 20 64 78 2 99 63 28 3 1 80 38 91 96 57 67 70 13 0 42 69 54 64 73 44 20 ]
[ 62 64 89 61 33 49 33 50 27 36 49 91 16 4 44 96 42 35 44 52 54 15 65 55 9 ]
[ 86 9 74 60 53 46 22 70 35 35 55 36 20 5 63 8 54 6 24 59 51 72 1 38 69 ]
[ 5 93 36 70 0 45 57 9 71 17 14 17 91 84 4 78 40 40 98 97 56 59 52 62 83 ]

Running insertion sort algorithm: 
Timer (sort): 14857ms real	14860ms user	0ms sys
The output is sorted!
[ 0 34 9 2 0 10 69 35 26 1 14 69 2 65 57 36 37 44 70 14 22 26 8 14 11 ]
[ 7 7 91 15 2 48 7 16 7 2 13 5 69 13 10 94 61 1 29 8 9 89 16 1 60 ]
[ 4 4 28 42 15 25 29 1 62 66 72 41 21 11 27 25 1 12 65 29 46 12 2 12 57 ]
[ 61 29 51 50 8 44 3 53 24 9 13 27 1 13 49 72 69 8 31 11 36 14 7 34 14 ]
[ 18 33 1 12 4 2 59 36 41 24 80 2 21 9 23 64 4 72 92 0 50 66 9 6 13 ]
[ 23 43 14 16 3 13 28 17 0 11 2 44 1 92 36 25 5 90 15 47 0 51 21 88 58 ]
[ 29 38 0 59 12 37 26 6 17 3 22 85 8 4 38 10 23 31 4 0 1 40 87 95 68 ]
[ 35 7 22 46 40 36 0 39 3 99 17 26 43 13 34 24 0 25 43 33 31 28 16 87 0 ]
[ 6 19 34 25 85 39 14 41 9 45 12 19 69 35 44 28 20 24 38 13 29 14 21 62 4 ]
[ 71 7 40 79 6 18 21 7 11 5 17 33 27 25 56 0 45 9 83 10 73 3 2 33 70 ]
[ 19 62 30 12 19 92 15 93 28 8 48 19 56 13 22 2 48 8 52 26 72 12 3 0 3 ]
[ 24 19 2 63 10 4 4 77 5 27 79 12 7 8 68 58 24 24 55 21 30 76 43 4 21 ]
[ 35 19 84 32 78 9 40 11 72 22 29 15 47 36 77 6 12 32 6 77 14 1 1 3 11 ]
[ 73 23 38 24 23 10 30 22 34 11 21 57 23 30 81 7 27 21 10 3 38 13 24 34 93 ]
[ 18 7 0 19 47 65 69 18 17 28 15 12 24 2 46 4 76 67 4 16 40 96 15 48 18 ]
[ 10 45 15 21 12 73 53 6 32 47 36 1 16 72 2 39 61 42 19 7 90 47 0 24 6 ]
[ 43 7 31 12 1 1 16 53 67 97 69 22 21 9 18 79 93 35 27 3 3 32 8 17 14 ]
[ 27 2 76 82 22 60 20 78 9 3 5 23 33 4 61 7 51 5 1 75 22 18 9 7 79 ]
[ 50 67 28 36 53 7 84 10 69 19 15 43 17 35 5 14 3 57 11 15 48 28 9 30 30 ]
[ 14 2 74 22 41 40 9 6 4 60 37 34 37 35 44 5 3 37 3 45 31 44 91 37 37 ]

Timer (generate): 12ms real	10ms user	0ms sys
[ 58 93 13 68 20 27 71 60 79 30 11 64 62 34 44 3 39 80 52 20 13 2 64 41 52 ]
[ 80 70 41 50 72 85 60 18 50 28 38 77 52 51 56 34 14 73 96 49 17 51 88 49 3 ]
[ 61 14 57 77 7 62 58 78 3 8 50 40 68 68 91 49 59 68 53 10 77 87 76 50 35 ]
[ 25 19 87 66 20 42 27 35 0 4 42 62 14 20 17 22 23 58 43 43 1 44 54 69 97 ]
[ 16 98 36 93 0 71 18 71 58 84 92 1 63 27 53 20 21 15 34 42 32 57 17 42 52 ]
[ 12 43 96 67 65 45 83 15 81 76 68 52 47 39 63 83 31 64 47 58 17 67 32 84 1 ]
[ 74 68 10 43 63 62 55 6 10 74 23 7 58 91 88 86 59 93 33 98 56 17 30 20 64 ]
[ 40 89 83 72 25 36 98 93 47 93 56 61 49 15 24 23 90 31 33 81 20 20 40 13 53 ]
[ 91 21 22 21 93 38 13 82 21 38 59 58 36 4 57 30 61 70 31 28 94 6 70 26 92 ]
[ 52 98 12 44 63 17 35 84 40 8 29 78 74 63 52 12 22 62 0 26 19 82 39 89 65 ]
[ 67 36 72 90 14 64 42 64 28 38 27 45 74 63 37 34 92 68 8 55 72 72 77 34 73 ]
[ 55 5 7 95 94 73 14 82 97 4 96 13 98 60 41 37 87 38 63 2 28 49 46 96 58 ]
[ 1 20 30 30 54 55 86 59 63 33 5 88 99 88 85 4 84 98 54 45 39 91 84 29 6 ]
[ 39 57 56 85 5 66 39 25 48 21 31 4 7 42 19 92 48 7 92 36 44 48 72 42 2 ]
[ 69 33 46 6 14 52 45 72 60 82 29 26 73 7 75 95 38 31 54 81 2 47 81 61 39 ]
[ 69 5 39 41 99 41 63 84 87 69 98 92 66 70 52 0 52 79 74 59 6 69 49 89 23 ]
[ 82 91 70 63 52 61 32 9 0 74 8 94 37 92 81 58 90 73 24 13 78 76 17 9 50 ]
[ 76 15 19 25 56 43 8 47 65 23 51 79 56 60 31 82 20 25 71 64 7 29 6 32 5 ]
[ 71 62 33 88 71 84 16 38 3 94 94 98 54 93 16 77 44 95 85 56 78 67 28 4 90 ]
[ 44 63 71 51 95 76 74 10 10 15 81 46 31 72 1 25 66 52 79 60 68 9 56 15 94 ]

Running insertion sort algorithm: 
Timer (sort): 15297ms real	15290ms user	10ms sys
The output is sorted!
[ 68 12 4 17 47 16 36 15 1 74 7 19 9 30 38 16 20 3 30 0 25 14 83 6 24 ]
[ 87 35 26 6 6 2 15 2 16 53 25 13 20 56 31 37 20 31 76 8 52 20 63 12 20 ]
[ 24 2 10 45 2 40 83 21 76 12 0 18 27 29 68 60 2 32 8 41 1 15 21 81 23 ]
[ 14 24 24 9 84 54 34 4 12 9 17 16 37 15 2 3 49 11 53 62 44 49 53 22 43 ]
[ 78 78 69 27 1 6 74 29 81 78 8 2 11 1 7 11 13 21 12 58 13 24 3 9 36 ]
[ 22 85 6 27 5 20 19 26 59 3 48 53 48 23 28 18 27 9 67 44 34 38 13 5 33 ]
[ 41 29 53 58 8 25 46 10 88 2 60 65 44 18 25 1 9 53 8 37 3 16 8 9 45 ]
[ 71 6 99 74 19 26 34 13 27 4 2 9 13 24 73 22 7 14 41 24 58 16 53 26 7 ]
[ 0 0 13 36 14 17 13 79 17 36 40 5 3 63 9 99 10 65 25 40 52 93 14 12 8 ]
[ 24 33 55 37 0 93 23 36 20 12 14 7 11 11 68 31 1 61 5 85 8 0 27 81 22 ]
[ 54 56 16 15 76 37 57 93 5 8 42 37 33 12 5 12 30 2 54 21 17 60 7 1 21 ]
[ 50 54 15 5 25 16 88 11 14 51 25 38 24 28 14 33 7 33 29 79 38 27 6 26 36 ]
[ 9 35 34 52 21 87 2 31 36 6 17 75 86 76 1 23 9 13 20 9 3 13 20 38 69 ]
[ 10 2 3 19 34 94 81 7 99 71 8 17 51 23 6 23 6 21 43 6 9 35 7 19 94 ]
[ 32 6 65 19 89 3 49 15 13 12 18 33 38 63 35 3 39 9 91 28 10 33 21 5 63 ]
[ 26 33 90 3 93 44 1 24 46 43 23 6 8 1 15 86 22 40 16 9 18 28 29 77 13 ]
[ 21 55 63 0 12 16 14 12 26 7 13 46 22 42 90 8 0 82 91 22 11 21 29 37 58 ]
[ 15 13 36 5 57 5 61 72 16 62 32 53 0 14 7 39 70 36 50 56 0 26 11 43 22 ]
[ 3 46 1 55 4 86 28 47 7 81 24 8 68 18 91 23 19 34 48 21 10 3 37 21 19 ]
[ 24 24 39 57 22 34 8 19 25 47 6 45 11 8 31 42 3 18 70 87 46 13 91 34 1 ]

Timer (generate): 13ms real	10ms user	0ms sys
[ 86 28 55 44 7 28 92 48 64 71 77 33 55 80 38 96 60 50 63 85 14 74 43 54 89 ]
[ 1 94 76 28 99 74 66 28 81 62 35 61 55 36 78 26 65 11 33 97 49 29 9 0 45 ]
[ 94 66 71 37 20 60 38 66 89 67 66 15 33 94 96 96 81 58 3 69 36 81 34 99 14 ]
[ 31 49 96 40 1 93 86 67 64 23 39 76 62 6 17 81 72 32 66 66 29 14 99 39 17 ]
[ 69 27 98 3 26 65 87 27 13 79 28 58 66 47 74 41 87 2 55 45 20 36 17 52 55 ]
[ 35 81 69 34 72 39 55 51 89 59 78 54 98 5 19 29 86 77 95 85 3 37 72 6 44 ]
[ 69 26 33 86 78 88 73 12 57 60 84 48 15 36 38 26 66 44 24 23 64 54 9 93 1 ]
[ 95 97 90 19 3 35 89 29 68 27 59 8 1 71 65 13 8 66 28 96 4 55 62 48 31 ]
[ 85 64 37 47 58 91 94 7 81 65 62 68 6 91 88 34 2 96 87 74 14 0 82 80 80 ]
[ 78 84 35 92 84 19 77 49 56 76 59 47 70 66 81 36 28 1 42 71 90 28 73 38 67 ]
[ 99 52 67 33 84 48 11 68 35 55 5 54 33 54 63 61 13 62 32 31 43 20 59 45 14 ]
[ 82 87 43 7 25 10 7 78 30 40 14 30 4 83 65 59 40 72 44 94 35 6 7 97 90 ]
[ 90 93 10 49 90 76 83 77 19 90 54 82 97 84 12 90 99 42 94 34 7 5 74 31 2 ]
[ 68 66 60 27 16 50 17 61 12 18 3 88 1 32 8 43 86 42 41 71 54 83 70 96 29 ]
[ 56 55 86 30 87 88 50 5 48 77 73 98 46 34 62 64 89 51 17 21 11 60 8 53 53 ]
[ 31 59 88 53 7 17 9 62 4 39 1 92 89 59 93 18 32 43 16 19 6 32 8 9 49 ]
[ 30 72 61 90 77 67 21 36 55 74 43 73 83 57 29 74 59 21 15 70 14 85 2 58 1 ]
[ 21 16 33 82 25 34 64 97 95 54 74 62 75 10 70 1 5 43 84 62 72 10 73 45 77 ]
[ 43 12 14 98 22 15 71 38 0 53 63 34 17 12 81 71 38 44 98 0 14 99 5 9 35 ]
[ 19 33 45 93 78 74 88 90 88 86 12 55 58 2 55 63 17 89 81 29 71 4 19 67 3 ]

Running insertion sort algorithm: 
Timer (sort): 14932ms real	14930ms user	0ms sys
The output is sorted!
[ 8 20 12 80 0 13 45 4 13 74 17 30 56 38 3 41 53 3 37 18 86 6 14 18 1 ]
[ 37 40 9 41 17 3 80 1 33 2 24 44 14 24 22 9 9 67 29 39 70 37 0 43 21 ]
[ 16 73 44 24 8 70 12 57 6 87 17 3 6 32 14 9 61 30 16 12 2 15 39 17 55 ]
[ 25 1 0 7 67 40 31 6 60 1 52 27 6 98 43 10 23 22 28 38 22 27 2 17 85 ]
[ 19 21 28 21 67 8 77 50 1 93 33 4 33 0 3 24 26 48 72 2 8 80 13 15 3 ]
[ 55 40 11 43 33 13 6 86 47 34 17 5 5 33 47 50 50 42 11 3 8 64 12 20 16 ]
[ 11 48 34 8 12 24 38 27 4 37 3 65 9 8 97 40 48 17 7 57 11 55 47 32 17 ]
[ 10 18 7 31 60 59 17 85 11 4 5 12 32 55 33 16 68 7 17 21 17 47 63 61 4 ]
[ 0 42 29 5 30 89 5 22 69 8 29 2 24 27 13 19 31 66 15 80 45 18 24 33 38 ]
[ 6 44 16 3 20 23 90 32 67 2 98 28 26 20 33 39 28 7 5 72 46 4 7 34 14 ]
[ 12 9 13 16 67 26 25 30 1 86 40 16 6 3 12 56 6 3 16 92 53 8 84 54 34 ]
[ 21 40 16 16 37 3 23 35 30 2 6 4 99 2 40 75 5 8 12 94 76 20 50 38 17 ]
[ 54 42 6 22 29 22 76 14 28 1 44 46 6 71 18 1 57 23 19 16 15 35 29 83 12 ]
[ 27 14 19 49 17 15 87 64 2 29 14 1 4 24 7 71 55 59 30 41 6 5 36 3 95 ]
[ 38 71 28 64 2 41 78 5 24 93 14 66 43 1 1 26 4 81 9 15 4 11 32 21 3 ]
[ 26 0 92 20 63 8 65 4 30 21 21 0 39 27 8 71 13 26 44 60 15 23 32 6 62 ]
[ 11 78 13 30 91 93 25 5 61 0 26 22 6 4 60 42 27 8 12 33 12 6 40 29 44 ]
[ 4 36 2 44 0 0 51 40 40 5 48 82 77 21 36 28 0 23 75 3 36 30 23 62 19 ]
[ 37 1 7 8 2 31 3 40 36 49 54 63 63 14 28 6 20 89 10 72 35 9 8 99 6 ]
[ 56 3 55 8 59 47 21 14 3 86 57 37 2 53 18 4 25 9 34 73 10 36 48 32 3 ]

Timer (generate): 11ms real	10ms user	0ms sys
[ 36 86 70 91 87 87 50 4 91 37 68 20 90 42 89 75 14 4 40 44 81 51 82 74 82 ]
[ 58 72 24 39 43 38 27 29 9 19 68 48 21 24 91 10 93 11 0 35 52 75 1 56 15 ]
[ 45 37 19 28 63 1 86 36 25 77 31 15 56 13 76 75 81 24 49 6 15 59 51 79 60 ]
[ 38 83 87 39 40 3 85 29 22 65 93 23 3 81 0 32 64 67 88 77 96 64 11 20 13 ]
[ 17 88 24 20 19 84 58 2 72 97 94 27 34 76 1 51 21 76 54 2 28 86 18 95 75 ]
[ 96 91 91 59 64 56 28 4 32 48 23 69 6 77 41 55 72 20 42 0 21 93 21 97 48 ]
[ 23 77 86 93 72 13 41 16 56 0 32 64 28 36 97 76 11 66 34 40 59 42 64 79 84 ]
[ 64 52 29 85 1 29 60 78 16 54 2 81 95 18 38 96 2 54 76 38 51 5 1 69 39 ]
[ 42 28 33 6 59 17 71 63 47 56 64 28 17 94 44 23 97 78 18 67 68 66 70 22 43 ]
[ 60 26 48 62 95 39 4 24 73 62 35 42 33 99 41 42 63 70 11 58 66 34 7 44 4 ]
[ 74 12 71 96 87 14 57 13 14 19 8 53 75 84 78 89 20 21 75 19 62 17 34 84 80 ]
[ 92 51 66 51 47 70 78 12 93 74 99 59 31 12 73 2 72 79 29 57 57 19 29 78 46 ]
[ 48 93 15 82 77 95 27 80 13 78 80 83 8 92 29 83 91 88 66 55 62 69 79 41 50 ]
[ 36 98 21 17 29 67 65 74 82 0 3 29 27 84 42 57 64 78 66 8 7 49 51 95 15 ]
[ 58 9 36 37 50 39 26 1 60 43 82 80 9 56 62 9 59 92 88 95 34 45 11 12 63 ]
[ 19 71 64 70 67 32 28 76 68 18 79 59 44 32 72 39 14 52 0 70 66 61 81 58 49 ]
[ 77 45 47 88 9 10 8 81 75 30 0 59 11 76 27 81 7 39 77 39 11 16 5 63 17 ]
[ 75 81 30 57 40 80 86 37 79 74 46 41 34 27 68 17 27 27 28 56 7 61 15 46 38 ]
[ 55 9 54 60 24 23 88 5 54 97 97 86 83 34 65 9 81 58 96 60 27 13 40 6 93 ]
[ 48 13 54 63 11 92 70 20 46 83 96 22 23 2 76 20 99 14 55 34 31 16 67 89 12 ]

Running insertion sort algorithm: 
Timer (sort): 14894ms real	14880ms user	0ms sys
The output is sorted!
[ 59 4 71 72 31 77 12 22 17 51 12 12 18 30 68 40 8 31 26 7 9 8 25 9 17 ]
[ 52 11 81 92 31 9 1 69 32 42 4 5 63 16 1 2 54 8 11 10 80 53 17 2 8 ]
[ 11 65 28 77 37 15 12 53 36 2 6 17 0 23 69 31 24 97 1 1 39 29 26 0 57 ]
[ 30 9 78 11 50 70 73 4 9 3 22 0 21 15 33 53 50 35 43 47 17 0 18 2 65 ]
[ 41 11 36 39 14 12 67 20 6 22 57 4 40 36 92 47 17 64 4 0 60 4 37 12 20 ]
[ 1 56 84 9 9 28 9 22 25 57 33 6 20 20 79 54 51 21 12 12 12 69 32 18 26 ]
[ 12 8 6 21 4 59 62 2 70 34 7 17 46 13 12 82 10 50 2 28 49 81 30 6 56 ]
[ 14 21 52 44 6 16 22 7 73 26 4 1 82 34 20 79 7 5 81 11 14 40 32 21 57 ]
[ 9 67 13 0 39 46 50 30 0 30 72 22 12 16 28 51 34 82 17 32 28 13 0 16 64 ]
[ 12 3 79 5 65 77 46 6 25 5 19 96 59 27 18 14 23 6 25 25 14 8 3 49 68 ]
[ 9 70 85 16 44 79 44 2 0 7 26 45 45 15 32 16 43 58 60 2 15 16 13 13 25 ]
[ 7 18 0 12 50 8 71 7 56 30 46 13 8 1 5 25 62 74 39 38 56 46 85 8 19 ]
[ 62 27 28 36 15 70 23 49 24 4 2 19 6 10 22 8 74 70 26 33 38 43 4 33 59 ]
[ 20 0 83 13 17 1 72 4 4 25 13 66 61 57 14 97 10 14 18 11 52 65 30 11 31 ]
[ 19 58 84 9 18 85 34 6 8 4 29 28 43 33 38 50 26 0 56 16 39 32 43 30 2 ]
[ 80 2 2 60 3 39 29 61 19 26 15 21 28 57 45 78 25 58 4 19 23 1 24 69 4 ]
[ 7 58 52 33 13 9 62 18 30 38 57 30 34 47 53 49 3 1 48 10 7 39 9 19 66 ]
[ 15 6 39 29 12 22 21 33 35 52 1 76 46 51 59 74 1 12 50 11 82 32 9 24 0 ]
[ 34 34 40 16 44 2 56 87 21 9 10 58 26 40 0 35 29 38 26 5 78 31 47 20 7 ]
[ 18 8 30 21 94 13 53 6 38 36 36 39 10 39 7 13 63 2 62 99 11 5 67 18 5 ]

Timer (generate): 11ms real	10ms user	0ms sys
[ 87 33 12 6 96 92 77 41 87 68 56 98 68 42 10 33 46 10 67 98 90 73 17 24 38 ]
[ 3 87 9 60 7 48 47 92 61 6 88 5 83 82 92 3 90 43 23 32 5 57 30 15 76 ]
[ 81 57 2 98 34 92 1 21 1 61 29 1 61 21 14 67 62 20 2 44 12 5 34 7 81 ]
[ 19 12 38 1 79 66 82 37 68 32 71 12 86 92 13 99 73 67 60 47 81 27 61 1 29 ]
[ 5 66 87 91 25 68 62 38 58 64 17 24 98 6 45 31 77 57 69 22 23 68 47 90 29 ]
[ 94 71 8 7 25 90 64 43 77 56 68 97 70 58 7 34 28 83 85 86 28 68 64 38 37 ]
[ 38 61 5 85 3 86 32 26 47 39 51 37 4 46 66 12 67 15 82 77 22 69 5 5 54 ]
[ 44 86 22 8 24 11 98 37 16 35 92 55 67 18 2 59 22 39 15 68 57 79 35 72 61 ]
[ 13 94 82 70 51 36 14 37 10 74 13 73 24 50 90 60 42 97 27 13 99 38 35 90 53 ]
[ 3 47 32 91 71 46 56 65 28 78 68 17 45 6 79 71 19 53 96 22 95 56 16 92 35 ]
[ 29 43 26 64 33 31 20 32 16 63 3 62 19 20 42 49 88 11 94 46 43 18 66 48 14 ]
[ 40 43 22 56 87 57 38 30 35 54 15 67 26 47 83 89 2 45 60 22 39 10 62 3 56 ]
[ 9 46 74 27 94 88 67 89 10 75 28 20 13 10 55 20 25 74 46 24 57 36 78 54 96 ]
[ 52 94 58 14 49 15 23 47 89 2 93 30 69 82 92 97 62 64 10 72 72 82 49 46 29 ]
[ 25 4 17 3 58 65 55 4 24 69 5 91 45 52 32 47 45 62 69 79 7 66 41 71 28 ]
[ 65 43 63 14 90 92 39 46 61 42 56 26 49 13 2 19 18 93 16 23 26 15 68 40 36 ]
[ 0 47 2 41 71 83 7 14 46 73 56 90 65 54 51 59 63 29 9 76 32 80 46 25 96 ]
[ 69 3 63 90 96 0 90 43 54 83 66 37 42 33 35 68 89 25 33 96 28 92 59 58 53 ]
[ 87 90 33 85 67 81 7 71 45 97 19 97 39 62 51 22 81 41 17 14 76 85 3 54 18 ]
[ 51 82 62 62 40 16 49 30 49 35 50 31 94 73 28 91 92 25 82 6 76 56 87 17 73 ]

Running insertion sort algorithm: 
Timer (sort): 14698ms real	14700ms user	0ms sys
The output is sorted!
[ 2 8 10 49 14 39 5 47 39 15 79 41 4 14 25 10 87 23 20 30 17 5 25 25 34 ]
[ 9 4 5 72 1 8 1 33 13 8 42 1 14 58 5 46 16 59 7 16 58 86 2 58 59 ]
[ 22 6 34 16 14 16 22 53 13 48 70 67 0 41 14 0 54 38 13 23 94 4 15 11 3 ]
[ 5 80 81 5 4 46 20 0 92 18 19 39 41 6 9 23 6 34 4 10 27 7 14 72 38 ]
[ 12 10 55 10 21 13 31 5 64 11 7 43 84 55 17 4 36 42 1 30 50 36 16 18 32 ]
[ 26 67 6 20 9 27 37 26 39 24 31 56 13 25 29 17 51 2 38 41 70 2 7 41 3 ]
[ 14 21 3 1 2 23 22 9 29 21 5 59 81 29 36 59 62 11 39 52 51 16 18 58 0 ]
[ 43 19 8 19 30 45 10 10 0 23 69 45 3 32 6 13 40 56 5 9 30 42 27 61 88 ]
[ 8 43 23 41 0 4 14 12 97 15 34 26 16 11 15 0 26 10 51 89 63 56 18 6 56 ]
[ 5 46 44 35 74 45 21 20 4 41 19 28 83 5 2 39 19 80 28 0 21 42 21 0 21 ]
[ 16 5 52 12 13 0 79 48 4 29 18 32 33 58 32 15 34 45 9 91 13 0 3 63 45 ]
[ 1 14 47 6 30 69 1 10 12 27 70 42 88 53 5 14 18 3 16 22 32 19 15 61 74 ]
[ 0 89 8 11 82 4 35 9 17 5 72 5 5 14 7 26 14 13 87 16 26 23 89 86 18 ]
[ 61 0 89 2 13 9 5 45 36 3 73 19 95 5 29 15 22 33 13 7 10 55 81 42 0 ]
[ 9 29 89 50 7 21 29 12 1 72 22 66 0 16 56 31 58 71 26 0 7 30 26 14 26 ]
[ 19 14 41 50 20 0 7 63 21 13 23 65 42 46 27 14 72 7 98 6 35 11 43 21 11 ]
[ 37 21 45 39 45 17 18 88 47 3 25 1 60 43 17 10 35 18 15 8 10 46 69 16 39 ]
[ 24 7 19 18 49 30 4 20 47 36 15 3 31 28 26 55 14 26 42 42 94 61 11 41 32 ]
[ 30 60 28 18 33 89 5 3 78 16 19 17 40 3 20 2 56 54 28 60 64 12 6 16 20 ]
[ 5 80 11 72 83 0 0 38 10 17 19 1 51 20 21 14 91 38 4 59 21 18 69 14 22 ]

Timer (generate): 16ms real	0ms user	0ms sys
[ 76 84 56 62 96 19 48 46 21 64 87 67 88 97 87 41 90 74 52 35 17 48 79 53 47 ]
[ 19 2 98 98 26 77 74 10 86 36 59 57 37 5 78 1 45 97 42 94 85 35 37 59 88 ]
[ 72 28 88 51 34 87 23 36 85 21 63 14 95 25 52 32 84 9 69 42 40 22 87 37 64 ]
[ 81 22 52 70 34 40 42 14 80 46 48 67 69 37 4 90 52 18 85 77 23 69 14 32 90 ]
[ 56 72 13 95 10 29 76 84 81 99 70 73 41 37 53 39 85 20 8 22 24 50 74 95 88 ]
[ 4 70 57 18 2 48 74 27 13 69 89 94 97 25 76 96 48 1 90 85 55 29 70 27 90 ]
[ 45 4 40 71 51 28 75 21 38 93 75 86 19 2 51 40 43 45 90 69 73 38 17 75 80 ]
[ 54 82 10 24 61 52 21 17 92 93 68 73 68 41 11 14 17 49 85 71 0 78 67 97 68 ]
[ 88 23 58 5 98 39 59 32 1 35 45 53 57 63 97 2 31 70 22 25 33 88 94 82 26 ]
[ 65 34 4 84 84 24 72 7 82 77 57 73 88 89 74 76 34 27 85 97 25 87 81 47 61 ]
[ 6 81 50 0 15 76 17 50 32 2 86 56 74 93 38 4 50 12 44 91 38 72 25 66 57 ]
[ 75 43 96 8 42 58 14 23 60 66 91 88 35 93 20 37 79 76 64 72 66 20 22 30 64 ]
[ 13 69 89 90 87 46 17 30 95 25 24 5 91 48 65 57 39 53 93 84 73 82 63 1 98 ]
[ 35 67 18 9 98 35 74 19 76 64 6 74 82 88 69 59 12 74 51 12 91 8 3 96 53 ]
[ 87 21 88 50 22 38 37 42 9 98 92 96 72 11 72 89 69 46 23 57 16 82 21 42 33 ]
[ 86 86 94 89 82 47 29 4 87 31 78 78 21 20 87 19 12 83 92 23 7 33 44 53 56 ]
[ 53 21 38 75 16 72 13 2 66 54 84 65 83 40 5 67 19 83 88 39 70 59 52 5 3 ]
[ 27 12 36 72 65 92 25 39 31 52 55 55 65 57 21 72 93 38 55 34 43 74 53 26 62 ]
[ 44 48 22 48 53 25 76 65 14 0 83 6 77 74 89 82 29 44 99 38 17 71 31 56 27 ]
[ 17 99 53 70 78 16 67 26 90 15 32 67 43 49 81 43 32 40 73 58 29 55 87 26 54 ]

Running insertion sort algorithm: 
Timer (sort): 14119ms real	14120ms user	0ms sys
The output is sorted!
[ 0 40 14 24 28 83 6 17 36 7 30 5 36 13 47 41 44 1 37 81 45 4 54 18 10 ]
[ 12 3 42 41 10 62 18 15 11 3 86 19 19 16 32 39 5 37 25 7 30 30 59 25 77 ]
[ 15 29 9 0 72 19 53 2 36 80 22 60 8 58 19 0 53 21 34 14 36 12 9 21 41 ]
[ 18 25 83 8 44 71 8 20 35 5 62 4 91 37 17 7 1 13 6 4 36 8 37 40 58 ]
[ 5 33 3 32 12 28 40 32 7 37 56 42 84 2 21 51 30 62 41 15 25 29 8 35 16 ]
[ 1 9 44 72 23 16 64 7 85 50 2 6 20 11 1 64 16 15 59 52 24 7 36 17 49 ]
[ 19 28 38 6 46 92 48 7 11 4 5 2 64 16 66 83 26 15 21 54 16 31 29 19 7 ]
[ 10 15 52 75 58 25 41 36 23 60 8 21 25 77 42 12 41 17 4 5 17 2 32 42 15 ]
[ 28 14 18 65 0 38 57 3 1 9 7 14 36 4 20 21 19 13 83 98 70 25 3 71 39 ]
[ 0 75 6 4 11 95 6 11 84 0 85 10 59 2 92 28 18 1 2 3 60 62 1 34 18 ]
[ 5 46 2 56 55 28 98 25 24 22 24 25 54 18 23 25 39 29 41 0 23 84 7 19 0 ]
[ 38 70 26 41 26 56 20 16 29 34 41 39 29 22 49 10 69 13 55 13 8 0 27 41 1 ]
[ 4 18 32 62 27 76 4 25 2 3 60 15 36 19 38 48 6 68 56 31 32 21 30 31 29 ]
[ 14 75 91 24 44 17 34 26 2 27 41 55 38 16 19 14 6 22 23 54 36 37 26 10 23 ]
[ 46 21 2 21 20 4 4 36 69 0 94 34 7 24 30 9 19 47 76 25 10 19 58 66 35 ]
[ 61 26 10 63 41 8 23 3 4 88 29 67 9 22 72 9 13 19 21 82 17 16 2 28 43 ]
[ 59 10 4 74 3 8 25 5 49 36 8 29 80 1 30 7 55 7 9 74 54 62 68 2 19 ]
[ 47 30 8 11 17 25 32 38 60 16 17 13 24 32 62 84 46 91 20 12 31 4 1 12 45 ]
[ 33 80 2 5 65 4 41 27 13 56 18 44 20 3 89 5 79 14 2 5 40 7 16 83 31 ]
[ 15 3 20 14 15 4 72 1 36 75 67 59 28 59 9 87 17 61 0 33 46 28 17 6 11 ]

Timer (generate): 11ms real	10ms user	0ms sys
[ 11 75 95 56 5 38 36 42 0 6 39 79 69 78 36 54 6 66 63 55 74 18 48 12 83 ]
[ 89 70 23 79 68 93 42 96 88 51 53 79 87 95 79 46 86 10 15 16 98 69 23 64 84 ]
[ 78 91 54 26 3 38 68 25 13 99 94 7 42 42 47 93 95 78 32 42 57 78 28 67 94 ]
[ 45 17 15 68 82 52 46 25 6 24 80 96 92 5 10 92 51 69 86 93 68 31 88 47 63 ]
[ 30 4 42 11 24 88 56 41 55 76 75 7 22 0 66 46 32 62 91 38 24 35 41 93 21 ]
[ 35 62 52 75 61 15 58 17 9 69 93 49 77 35 5 53 62 64 27 15 30 25 47 93 16 ]
[ 37 17 51 79 63 72 14 77 76 41 38 92 99 55 53 20 49 3 49 36 8 2 50 24 29 ]
[ 65 55 55 65 0 23 2 69 75 81 32 99 47 9 76 89 99 20 40 7 25 13 8 28 62 ]
[ 44 88 17 46 13 46 12 68 53 77 20 77 31 89 4 13 22 55 60 83 31 1 83 3 42 ]
[ 42 29 7 50 9 69 46 98 86 92 63 85 56 83 90 85 3 19 17 92 23 30 14 79 42 ]
[ 50 62 44 85 18 38 27 99 45 29 8 66 75 58 5 19 21 90 76 4 80 61 59 0 78 ]
[ 52 75 60 18 6 55 68 21 99 53 39 89 32 90 86 61 98 52 88 9 57 8 82 99 84 ]
[ 39 32 45 98 84 76 50 59 88 21 18 43 89 39 94 95 78 83 79 68 21 41 18 74 29 ]
[ 79 83 37 14 35 73 53 67 71 3 51 99 6 10 87 27 80 31 68 19 25 15 49 61 95 ]
[ 17 82 36 88 56 17 19 92 7 33 27 32 38 94 3 94 97 2 0 59 42 79 40 73 99 ]
[ 59 98 15 9 59 10 78 42 98 18 50 67 38 94 26 23 73 59 62 19 62 56 16 17 8 ]
[ 76 59 39 68 84 38 27 82 53 88 94 15 67 88 65 85 90 33 75 85 59 99 10 18 13 ]
[ 30 33 69 98 2 29 26 13 68 94 97 6 22 79 12 10 25 79 29 65 45 67 56 78 42 ]
[ 93 37 41 3 8 54 85 41 75 84 95 56 10 8 24 5 5 83 79 36 47 41 62 26 71 ]
[ 79 71 90 35 49 32 28 39 26 84 47 32 69 40 60 5 87 16 16 95 41 21 0 76 52 ]

Running insertion sort algorithm: 
Timer (sort): 13379ms real	13380ms user	0ms sys
The output is sorted!
[ 8 3 31 4 0 75 20 14 4 0 50 11 23 91 32 6 16 34 28 49 35 3 33 33 13 ]
[ 11 36 45 26 3 92 11 13 60 30 98 12 4 29 1 14 15 5 6 32 60 13 29 39 13 ]
[ 27 3 11 27 49 61 5 21 42 38 5 8 29 25 8 49 34 18 39 25 63 20 24 77 1 ]
[ 9 25 31 30 61 10 35 19 36 2 6 21 0 17 12 88 34 7 37 6 29 27 53 74 42 ]
[ 5 2 8 6 56 96 4 14 29 27 38 14 38 40 23 12 36 11 13 36 7 67 26 58 45 ]
[ 36 10 35 4 20 14 51 2 3 70 5 52 7 9 29 74 28 7 33 26 92 8 24 25 57 ]
[ 86 11 40 0 77 6 38 9 10 1 27 29 59 16 21 78 22 52 1 8 14 30 83 7 8 ]
[ 0 10 19 26 84 13 39 7 34 98 23 6 33 41 65 32 25 7 11 8 11 9 27 29 82 ]
[ 21 51 35 54 6 56 23 13 23 4 5 2 65 14 5 40 48 30 63 4 3 1 99 55 29 ]
[ 73 86 56 4 19 33 71 5 62 35 1 3 21 3 64 13 14 4 44 45 12 45 12 24 2 ]
[ 32 20 33 82 66 25 3 1 19 26 9 9 2 60 41 45 4 35 13 23 59 47 42 55 1 ]
[ 27 83 37 28 13 45 64 2 29 22 6 42 7 1 6 6 56 71 37 0 52 23 22 32 54 ]
[ 3 50 84 2 13 29 23 39 72 17 23 11 24 8 36 30 52 0 65 28 4 58 6 55 38 ]
[ 77 6 12 18 27 9 8 18 14 15 2 8 46 64 14 90 44 92 18 59 25 4 55 36 15 ]
[ 65 6 39 3 7 55 70 14 55 15 5 5 75 97 1 58 8 23 5 3 88 6 43 17 20 ]
[ 20 26 24 34 38 47 2 65 52 15 5 84 7 4 29 80 42 8 77 8 8 4 15 42 48 ]
[ 52 22 21 41 4 1 11 12 2 61 27 29 47 29 2 23 62 36 27 5 69 68 87 5 42 ]
[ 14 73 37 62 7 13 7 31 62 12 4 86 50 10 25 5 37 8 77 41 1 16 37 25 46 ]
[ 15 13 32 2 50 48 4 13 1 12 1 1 54 33 40 92 27 15 7 28 83 84 52 34 46 ]
[ 40 46 3 34 24 6 1 11 47 57 4 50 8 11 19 96 15 36 60 63 75 13 29 20 21 ]

Timer (generate): 10ms real	10ms user	0ms sys
[ 78 65 12 3 99 71 76 55 85 71 94 26 78 22 79 24 90 43 51 35 57 90 23 54 63 ]
[ 89 98 53 40 37 64 71 3 76 74 54 0 2 61 37 74 7 63 52 29 95 28 72 90 79 ]
[ 59 99 21 83 5 84 72 55 37 64 93 53 35 48 82 61 2 82 64 16 19 90 23 35 94 ]
[ 5 30 22 77 72 53 88 23 74 71 80 10 95 35 99 12 28 52 99 76 86 61 31 68 77 ]
[ 47 88 19 70 75 13 27 57 87 56 29 40 45 4 66 68 84 28 16 19 27 28 0 31 27 ]
[ 76 18 40 59 38 17 6 78 36 29 53 1 56 10 88 65 91 28 10 95 46 30 31 74 46 ]
[ 51 1 74 3 85 54 79 3 94 91 93 64 97 72 52 78 25 54 87 36 42 52 79 23 14 ]
[ 75 21 44 6 96 43 9 49 69 12 34 23 44 89 18 35 83 34 84 55 86 15 32 92 2 ]
[ 20 87 6 0 10 20 27 31 16 85 79 59 95 29 29 59 15 4 55 5 74 42 40 8 27 ]
[ 47 47 94 79 39 96 0 26 54 0 88 26 27 72 42 12 3 54 59 32 35 71 0 39 26 ]
[ 57 14 69 97 22 48 44 21 42 23 13 90 75 91 44 75 80 70 54 4 64 19 7 18 30 ]
[ 92 53 1 44 45 28 1 59 49 98 33 97 94 55 39 17 68 81 93 11 25 20 91 47 27 ]
[ 47 63 98 7 34 28 51 87 30 95 84 10 48 43 59 98 29 56 92 36 47 61 56 80 6 ]
[ 67 57 27 11 4 6 58 19 4 17 53 84 20 93 14 67 77 76 15 73 87 13 2 95 5 ]
[ 38 42 67 94 74 73 61 31 52 72 87 10 83 7 14 0 60 51 21 53 65 88 31 94 56 ]
[ 4 81 69 58 77 27 96 71 46 90 46 71 3 77 24 76 65 86 59 72 53 11 84 4 84 ]
[ 38 21 25 21 15 81 77 97 50 35 26 77 83 97 75 25 95 47 28 73 71 56 90 9 15 ]
[ 14 62 79 98 66 63 88 88 88 9 55 21 38 4 72 73 30 1 8 80 77 33 75 24 62 ]
[ 0 47 18 42 8 86 56 71 65 7 89 80 95 29 21 57 85 42 95 89 66 69 72 20 77 ]
[ 52 49 63 79 25 25 32 24 95 26 32 81 83 55 98 42 45 79 37 74 52 94 59 94 90 ]

Running insertion sort algorithm: 
Timer (sort): 13055ms real	13050ms user	0ms sys
The output is sorted!
[ 99 60 23 16 24 12 30 32 45 8 44 11 16 8 44 2 1 80 28 4 4 7 97 1 22 ]
[ 9 22 14 90 84 11 16 33 27 3 12 2 53 10 12 8 56 28 40 13 6 54 64 8 48 ]
[ 3 13 18 47 12 23 0 5 37 75 67 28 2 30 18 55 17 28 14 26 42 43 33 60 32 ]
[ 35 37 3 79 5 6 24 29 54 11 38 17 7 70 45 0 31 20 0 14 54 31 69 25 34 ]
[ 27 41 27 0 80 4 30 9 43 11 22 28 23 3 46 8 81 31 1 39 34 4 60 42 44 ]
[ 14 16 40 13 6 40 75 14 0 57 21 10 8 48 32 3 89 39 21 44 1 35 1 90 23 ]
[ 8 26 29 14 66 11 16 1 68 45 0 35 1 85 69 3 7 63 39 11 93 4 17 33 0 ]
[ 1 11 94 13 47 0 38 5 18 17 9 49 1 23 11 70 4 96 29 63 60 5 14 13 55 ]
[ 47 20 2 38 5 28 71 3 11 20 43 57 3 87 1 18 32 34 0 48 38 52 27 35 34 ]
[ 3 35 5 48 2 25 6 27 0 56 81 42 20 10 81 69 9 43 42 35 44 4 2 26 40 ]
[ 38 40 52 28 2 26 16 9 22 1 53 23 44 31 14 21 37 70 50 11 14 15 25 97 27 ]
[ 64 31 1 29 1 3 33 17 32 38 21 51 0 12 18 78 83 37 23 0 83 38 3 14 62 ]
[ 13 1 15 25 19 12 72 74 0 21 11 0 49 6 18 65 33 71 19 32 76 84 1 0 55 ]
[ 1 13 5 36 3 11 77 51 4 30 70 11 37 8 4 8 27 14 98 67 28 44 23 53 51 ]
[ 61 13 85 26 2 39 37 3 5 27 61 11 44 20 48 2 12 10 35 40 47 24 28 53 41 ]
[ 15 62 9 17 7 23 41 42 74 37 15 21 32 50 24 37 49 20 30 12 6 23 72 20 40 ]
[ 0 86 16 16 54 15 27 61 5 7 52 14 23 33 34 97 9 3 35 18 68 63 12 26 5 ]
[ 10 36 45 92 33 20 24 21 68 28 12 35 25 12 18 48 11 3 24 82 13 34 0 39 51 ]
[ 17 51 15 15 22 59 4 45 26 33 52 92 99 8 39 15 11 0 46 44 14 6 11 25 41 ]
[ 15 13 11 46 30 11 27 15 68 1 16 42 80 53 88 21 27 21 42 14 69 27 17 35 4 ]

Timer (generate): 11ms real	10ms user	0ms sys
[ 29 58 69 39 4 7 75 62 12 27 0 48 77 85 28 32 34 70 76 91 29 86 61 2 75 ]
[ 91 64 25 41 6 86 71 16 55 10 21 15 85 35 79 64 87 79 41 73 7 73 7 30 49 ]
[ 50 11 87 11 13 15 2 29 40 44 36 26 67 4 34 77 77 1 14 64 80 78 52 59 19 ]
[ 77 18 45 36 48 46 86 59 86 98 73 1 52 2 93 48 90 71 15 47 57 92 24 58 58 ]
[ 89 38 36 93 49 8 70 20 53 6 68 51 92 80 37 42 5 38 95 59 31 43 2 55 59 ]
[ 49 12 3 73 71 62 14 61 98 7 11 6 29 83 11 35 3 63 80 83 0 22 40 91 69 ]
[ 0 74 13 2 29 72 3 42 75 76 65 89 43 26 88 50 89 46 32 72 10 67 76 73 99 ]
[ 11 73 74 52 64 43 4 39 56 6 20 80 9 14 8 37 79 97 32 58 37 83 47 36 15 ]
[ 72 46 34 0 19 86 63 44 12 15 61 55 71 52 64 29 24 96 90 39 4 28 18 54 60 ]
[ 76 43 95 76 79 62 0 77 49 52 48 87 15 93 99 83 6 54 54 10 70 84 34 67 74 ]
[ 73 23 54 44 29 67 72 73 62 0 4 77 0 82 26 52 30 13 20 75 64 3 33 70 57 ]
[ 43 41 93 30 60 68 55 35 22 51 65 89 24 38 4 24 94 81 77 76 59 81 59 24 1 ]
[ 86 88 4 20 58 14 15 51 7 97 11 75 53 47 50 4 64 91 80 54 47 5 48 80 34 ]
[ 77 39 15 36 15 17 74 3 73 94 14 87 62 65 95 59 29 22 12 28 24 69 92 16 49 ]
[ 46 63 6 46 44 40 23 35 8 11 3 77 86 6 50 32 72 90 94 90 85 54 19 59 18 ]
[ 47 84 87 91 52 37 37 67 95 35 63 88 59 51 96 22 54 73 8 60 75 41 85 65 35 ]
[ 75 50 41 94 62 60 93 98 99 84 50 88 73 17 84 8 33 72 19 84 20 42 38 93 50 ]
[ 50 68 43 35 34 31 10 36 24 56 50 36 49 48 36 85 98 76 10 68 60 19 1 84 90 ]
[ 85 56 32 75 49 35 25 70 30 61 56 61 23 44 38 32 95 74 33 95 10 19 94 87 29 ]
[ 14 99 0 67 36 91 4 92 75 79 94 62 4 16 93 17 72 6 41 68 44 25 63 19 58 ]

Running insertion sort algorithm: 
Timer (sort): 13384ms real	13380ms user	0ms sys
The output is sorted!
[ 9 0 2 10 71 61 39 39 25 36 3 0 63 0 76 6 18 37 7 97 5 3 35 10 26 ]
[ 34 5 29 28 23 49 11 45 40 71 0 28 10 70 2 45 13 66 27 5 1 19 45 0 23 ]
[ 4 39 12 38 15 9 23 66 7 48 15 15 54 6 25 3 0 12 81 7 48 19 84 5 55 ]
[ 58 0 44 15 68 2 94 47 0 1 9 47 13 64 23 37 5 7 27 34 17 17 29 21 16 ]
[ 29 15 8 1 11 65 4 31 21 28 9 41 28 17 45 10 20 14 20 33 35 41 60 49 78 ]
[ 9 38 27 15 69 52 58 36 1 25 0 55 8 24 22 23 33 5 78 35 36 4 50 2 14 ]
[ 49 13 31 28 3 64 1 15 0 42 26 33 15 58 21 18 31 26 88 77 28 8 38 8 10 ]
[ 63 75 19 27 25 40 70 26 15 84 4 38 9 1 5 26 51 0 34 4 24 14 4 45 30 ]
[ 19 73 46 35 61 12 3 66 9 43 50 49 63 51 1 4 22 12 4 25 1 25 0 37 41 ]
[ 45 5 54 51 63 23 10 16 41 7 0 1 0 93 2 16 40 24 86 29 26 29 24 59 15 ]
[ 14 31 3 3 85 51 7 38 16 24 2 16 17 9 71 36 41 52 36 3 5 33 81 26 61 ]
[ 66 45 64 25 2 40 13 4 64 4 17 13 32 37 29 26 9 17 87 32 37 25 13 42 18 ]
[ 12 57 52 34 21 46 0 2 19 10 30 41 0 53 22 10 7 33 54 34 34 8 12 86 90 ]
[ 5 29 49 34 0 25 15 53 47 26 8 3 61 53 36 17 84 57 33 6 6 15 23 27 58 ]
[ 5 47 8 83 41 18 34 73 8 54 26 22 41 20 17 92 23 37 1 19 34 18 26 2 27 ]
[ 36 79 37 2 36 11 0 41 22 32 25 13 83 15 45 33 0 35 36 34 16 73 52 13 9 ]
[ 13 21 84 2 66 12 32 89 54 26 0 56 16 8 46 66 47 36 15 1 33 3 17 28 11 ]
[ 34 42 18 30 44 6 59 33 6 60 22 0 39 22 35 7 53 72 6 2 98 45 44 2 3 ]
[ 81 37 35 60 27 35 5 60 33 26 38 1 36 33 6 9 40 1 28 1 1 10 55 73 53 ]
[ 24 22 56 99 29 2 3 13 83 15 10 0 7 22 21 41 18 57 27 29 90 10 2 21 85 ]

