Timer (generate): 8ms real	0ms user	0ms sys
[ 25 12 16 81 37 69 75 88 73 48 12 53 62 57 55 11 99 59 77 91 93 90 36 62 49 93 76 30 91 94 58 69 58 26 50 95 47 77 35 72 78 47 25 92 4 32 3 55 43 32 ]
[ 99 37 23 87 51 24 33 28 54 76 74 64 45 32 42 47 79 90 77 15 62 55 62 40 47 19 72 2 26 16 34 77 5 9 65 8 33 50 36 39 26 62 55 24 46 98 23 26 88 0 ]
[ 41 2 55 55 42 2 26 67 4 53 35 91 30 40 0 47 48 34 97 37 25 76 99 81 52 98 79 75 24 67 28 17 21 83 24 64 38 51 31 94 56 66 85 38 58 38 86 58 72 35 ]
[ 47 49 63 99 30 15 97 9 43 21 28 71 90 50 6 14 66 44 65 97 91 73 15 28 12 25 66 50 35 90 85 83 40 1 34 70 16 31 32 11 4 60 82 94 62 41 60 28 85 26 ]
[ 77 28 99 44 57 63 21 75 13 57 66 51 92 6 52 26 28 68 9 60 32 13 21 14 59 35 55 19 64 93 97 93 73 49 38 30 12 59 58 78 68 24 29 60 30 81 38 10 1 47 ]
[ 71 33 12 44 0 23 79 7 95 95 0 44 89 74 93 27 56 58 38 14 36 7 90 17 19 72 98 58 83 99 57 54 33 22 98 33 45 29 40 92 25 93 37 66 19 30 45 27 40 83 ]
[ 94 28 42 84 45 62 57 43 20 40 95 29 46 80 51 96 13 97 77 5 41 2 50 78 20 21 9 65 49 1 1 95 30 43 79 75 5 88 71 77 80 66 7 78 46 10 74 11 59 52 ]
[ 68 1 6 71 79 79 92 40 44 93 42 45 88 72 89 20 99 46 60 70 24 93 88 83 71 34 93 98 97 53 2 66 54 8 37 33 87 81 74 84 27 68 29 15 92 70 87 91 17 0 ]
[ 14 93 93 2 28 64 89 73 62 86 26 64 52 32 25 41 18 64 75 44 0 2 12 30 69 4 52 57 47 21 9 61 66 2 16 94 18 5 68 33 43 46 49 48 79 26 89 97 91 64 ]
[ 93 43 18 5 73 88 61 78 97 8 99 6 22 66 60 38 60 78 95 80 63 38 27 13 86 58 39 28 7 82 44 0 26 63 57 51 51 18 81 48 78 81 54 0 99 66 90 11 44 85 ]
[ 92 8 24 71 73 62 29 64 90 88 99 35 88 77 98 45 28 49 15 10 49 45 43 55 46 42 21 36 53 65 74 97 25 50 68 50 12 97 15 55 85 14 90 25 91 40 22 71 41 89 ]
[ 33 90 35 28 45 81 70 18 69 24 35 95 73 61 45 42 63 10 91 78 65 29 44 7 54 87 47 29 11 40 18 44 82 53 73 79 86 95 97 8 71 32 55 45 45 53 87 9 63 78 ]
[ 39 80 59 84 39 66 23 38 95 34 78 65 31 60 19 56 39 57 51 36 17 75 68 25 20 14 78 59 75 93 89 14 73 49 50 12 15 74 50 10 60 80 75 43 40 46 99 31 56 3 ]
[ 67 25 30 87 50 50 53 28 9 28 21 50 43 46 99 45 10 14 19 12 76 32 92 4 75 84 2 27 15 10 82 82 36 12 22 38 62 75 67 23 4 40 73 99 39 25 44 1 91 16 ]
[ 14 20 48 58 24 75 43 78 2 58 89 84 93 77 96 15 15 10 42 34 85 46 27 11 97 66 36 42 67 79 58 33 99 58 92 75 33 87 54 36 45 95 72 90 72 69 57 87 31 0 ]
[ 74 17 46 1 28 44 19 16 38 38 95 96 72 47 54 16 22 39 3 28 75 0 23 48 91 95 69 0 35 0 0 9 69 99 62 49 95 81 65 33 19 13 81 43 60 87 59 82 26 14 ]
[ 11 54 67 86 2 10 82 23 10 69 75 11 30 45 10 92 94 5 25 12 90 96 25 71 40 37 58 51 71 36 18 82 90 85 21 44 95 3 67 5 24 95 16 54 40 78 98 86 35 23 ]
[ 50 25 19 27 48 11 64 58 63 36 95 81 70 37 66 91 82 61 46 1 18 70 96 87 76 88 17 74 27 53 49 77 30 69 5 79 80 21 89 95 57 84 76 28 22 94 71 56 7 18 ]
[ 57 26 40 54 65 69 94 82 43 21 35 45 51 18 14 56 49 46 77 38 42 87 75 70 67 97 17 38 5 76 8 62 54 49 68 19 18 63 2 13 36 89 58 87 7 24 95 56 23 25 ]
[ 47 17 64 22 39 31 19 56 69 76 85 30 38 39 31 59 59 49 74 13 14 10 54 25 50 62 49 45 70 72 22 17 89 86 39 81 17 10 37 39 86 22 69 77 14 0 36 25 1 10 ]

Running insertion sort algorithm: 
Timer (sort): 5781ms real	5780ms user	0ms sys
The output is sorted!
[ 31 63 81 7 29 31 28 48 68 53 55 59 1 29 2 20 66 2 46 31 10 36 2 4 39 4 19 6 24 7 33 7 23 66 14 52 97 94 53 17 48 60 29 1 89 31 21 56 33 67 ]
[ 21 3 35 19 10 80 34 45 67 28 2 5 35 34 7 63 83 48 52 22 21 53 19 6 53 16 4 45 26 45 34 47 48 22 18 10 2 53 7 21 33 10 27 20 96 86 84 79 34 88 ]
[ 91 2 26 40 15 26 26 75 2 10 54 41 96 30 66 0 26 64 17 19 17 83 5 6 3 97 45 9 42 67 11 33 21 37 25 36 15 51 63 69 14 17 11 10 99 29 10 26 45 79 ]
[ 5 76 23 14 69 14 50 68 44 50 22 46 61 53 9 58 62 6 3 44 7 52 23 12 47 62 31 54 38 72 63 43 48 38 10 17 4 12 37 48 62 59 46 23 12 7 33 26 13 36 ]
[ 48 28 7 36 37 50 19 42 66 35 0 95 19 82 75 24 27 33 27 81 24 82 64 7 55 13 5 17 75 6 95 23 35 54 11 24 4 31 18 22 18 18 18 37 0 45 61 27 78 41 ]
[ 43 47 24 26 12 38 2 26 39 83 8 44 45 74 75 41 71 45 10 59 39 25 88 42 29 44 30 4 83 10 82 26 10 6 4 22 97 6 0 36 41 8 32 39 82 7 32 6 5 94 ]
[ 23 54 4 69 34 96 45 17 24 4 49 61 55 35 62 39 47 47 66 79 36 35 17 25 18 21 10 48 10 4 12 33 10 16 2 45 64 0 14 89 4 63 2 11 50 64 50 98 64 17 ]
[ 5 8 66 70 26 61 55 9 11 46 33 40 5 39 14 56 19 45 5 46 85 1 26 57 71 39 97 66 17 52 88 22 12 54 45 38 67 0 0 31 46 33 23 4 72 37 12 44 34 18 ]
[ 62 41 88 22 49 80 45 7 36 29 13 30 8 36 97 39 47 7 5 20 10 44 35 12 61 50 16 54 37 71 13 51 64 53 26 13 34 23 72 22 5 37 4 65 73 53 4 20 60 10 ]
[ 40 37 29 96 73 7 71 88 15 0 45 9 80 3 10 25 20 48 63 29 18 90 3 5 7 1 54 52 18 7 0 10 97 29 59 22 37 30 11 4 82 8 65 14 11 75 91 84 75 7 ]
[ 7 50 37 8 52 2 45 90 75 78 39 31 25 57 60 50 23 42 13 27 81 26 15 41 90 9 54 10 59 14 11 19 16 0 27 68 2 24 10 29 2 49 12 79 7 72 29 30 66 94 ]
[ 18 61 39 51 71 23 22 49 22 29 96 57 3 14 81 3 11 49 23 62 54 66 38 35 27 39 16 2 34 56 31 4 18 22 56 41 46 30 90 20 11 38 29 66 52 10 21 16 60 45 ]
[ 88 61 66 0 39 73 76 24 68 23 15 4 0 66 18 85 45 35 14 51 62 12 73 82 8 16 7 11 65 12 12 5 25 30 5 64 4 34 40 72 9 55 28 61 73 46 46 19 33 12 ]
[ 32 55 6 10 18 2 81 43 78 17 28 7 51 10 53 1 98 80 35 72 65 4 51 54 38 9 0 50 43 9 17 28 17 75 38 35 77 72 78 8 89 7 15 40 17 20 42 67 1 29 ]
[ 34 44 73 37 10 58 15 48 49 21 17 62 11 5 29 67 91 42 89 50 23 37 31 74 34 20 36 13 31 35 34 18 31 7 55 41 66 22 41 15 43 58 30 6 63 11 74 55 5 15 ]
[ 2 14 14 12 37 98 0 31 95 93 8 51 3 16 9 6 57 6 91 62 60 59 60 42 77 13 98 22 44 6 38 46 20 4 11 9 2 11 40 49 4 48 53 59 17 62 66 26 69 57 ]
[ 59 50 38 32 6 6 32 17 24 80 4 64 12 33 46 97 19 6 36 96 14 27 57 12 61 10 15 3 5 19 12 64 21 2 96 27 8 81 96 84 13 1 48 78 34 47 75 53 53 11 ]
[ 90 42 17 43 9 71 77 14 55 0 80 10 98 46 2 22 7 65 25 14 61 39 12 46 2 48 40 42 15 28 8 58 22 26 1 31 49 78 45 4 30 77 67 28 23 21 2 83 39 80 ]
[ 21 2 83 11 29 74 71 4 41 6 95 31 11 19 27 85 22 0 87 17 19 22 37 8 51 92 87 21 30 74 99 3 28 82 66 58 9 37 14 2 96 10 33 7 29 12 92 3 12 32 ]
[ 67 44 14 59 27 49 73 2 59 14 66 2 5 78 59 37 91 72 69 98 11 55 66 3 69 47 35 83 35 0 42 54 44 9 65 24 10 38 26 21 5 44 23 10 23 34 0 14 6 21 ]

Timer (generate): 9ms real	10ms user	0ms sys
[ 24 48 37 31 76 1 82 53 19 30 81 21 16 81 28 91 48 25 72 38 23 68 43 77 71 49 79 65 87 54 43 63 2 32 94 79 86 76 84 5 59 65 27 75 46 55 18 46 32 43 ]
[ 85 7 63 28 36 86 77 15 52 16 70 47 80 72 80 26 3 66 55 39 23 14 4 2 41 3 9 11 1 93 6 86 0 69 67 36 56 44 52 60 13 74 7 93 98 87 19 2 5 74 ]
[ 41 81 40 98 83 33 53 45 97 54 38 3 93 91 73 60 79 81 56 31 41 69 57 48 14 56 88 34 10 45 60 3 78 53 53 14 38 6 59 35 13 49 39 58 40 64 18 20 45 26 ]
[ 3 38 96 61 38 10 69 78 96 79 76 9 82 54 14 36 68 52 94 27 88 59 77 79 17 69 43 35 89 40 14 93 30 10 6 68 72 75 47 21 54 75 82 88 29 96 24 98 48 71 ]
[ 25 88 30 54 67 48 24 62 35 65 2 49 10 32 11 16 53 36 43 52 57 49 27 91 38 56 87 14 54 35 85 32 24 16 38 43 64 14 6 99 80 8 49 90 93 12 59 46 48 2 ]
[ 98 57 4 25 48 42 33 35 56 88 23 94 72 99 10 10 42 26 25 48 77 5 9 78 47 54 91 58 0 39 61 50 97 17 27 45 59 60 33 67 0 56 61 72 55 23 35 49 49 60 ]
[ 50 79 17 11 57 16 65 48 75 17 40 88 67 89 5 46 86 64 6 19 83 7 27 97 31 82 20 66 32 22 26 34 1 95 45 58 12 10 59 87 27 99 75 46 88 32 92 26 96 50 ]
[ 46 31 57 73 28 89 8 1 55 92 23 34 26 24 29 71 34 93 33 45 32 12 44 59 58 84 91 2 11 39 52 9 71 62 34 99 3 42 0 10 34 75 44 12 51 26 83 86 71 68 ]
[ 83 4 80 28 63 38 64 7 92 27 46 45 36 17 59 71 69 62 65 21 24 0 49 21 64 0 99 0 38 70 68 22 26 49 2 42 39 18 49 84 46 95 81 34 65 40 57 86 54 23 ]
[ 7 78 75 8 99 39 9 98 39 99 21 60 21 47 61 75 89 0 94 38 84 40 86 65 26 51 57 84 37 11 7 96 90 34 5 41 73 66 92 65 65 13 25 87 60 86 62 2 38 56 ]
[ 92 75 48 78 92 75 81 50 59 70 61 18 67 3 52 24 45 77 90 89 42 55 2 19 94 62 57 9 16 48 17 9 23 66 39 15 93 21 65 4 91 79 22 10 34 26 34 31 3 24 ]
[ 20 98 32 22 17 26 37 27 35 53 75 53 14 98 71 54 65 16 75 83 20 18 62 42 29 96 20 63 28 23 40 48 21 72 23 91 50 60 18 86 65 93 91 80 43 14 34 60 30 9 ]
[ 43 50 27 57 44 8 6 64 72 34 87 12 34 61 84 9 52 34 69 22 72 35 67 15 67 62 29 1 22 11 62 66 61 41 75 57 50 81 21 22 67 61 86 2 22 22 63 26 8 33 ]
[ 48 33 20 15 48 87 77 30 40 51 41 2 17 3 95 45 60 45 26 34 19 94 95 5 48 69 79 11 47 88 96 95 21 16 62 21 55 91 51 47 42 93 49 12 48 97 57 60 42 83 ]
[ 94 62 77 41 19 77 62 99 89 9 39 85 56 12 54 18 33 61 61 85 9 4 30 10 68 30 7 77 90 2 12 37 16 42 30 35 19 93 86 8 54 77 46 11 89 0 81 23 61 43 ]
[ 60 22 99 42 33 19 72 92 96 62 94 8 51 10 50 82 98 70 27 36 30 81 14 76 92 55 76 74 30 90 69 90 64 68 32 49 87 56 42 35 71 88 43 22 99 94 56 49 16 83 ]
[ 85 46 17 51 23 61 7 51 87 37 93 56 80 58 76 64 7 63 21 49 98 92 38 94 66 89 40 75 38 56 58 75 54 27 79 77 89 86 81 76 75 74 33 7 32 61 72 40 25 45 ]
[ 41 75 89 31 21 7 72 61 82 10 69 93 38 24 20 17 53 61 55 34 38 82 61 23 90 93 84 14 85 61 11 79 89 0 62 10 7 35 24 42 97 93 35 35 69 55 4 23 17 59 ]
[ 9 7 42 70 82 84 16 66 98 53 80 61 32 69 61 47 31 20 82 7 62 79 53 49 67 22 57 71 97 74 31 7 33 25 29 15 9 97 33 59 51 13 20 35 82 33 82 66 5 64 ]
[ 73 68 96 26 17 63 1 26 86 98 0 69 57 85 46 39 52 55 36 86 66 87 99 38 23 34 71 57 0 77 74 25 97 70 4 66 85 5 93 23 55 45 93 65 83 39 4 35 47 40 ]

Running insertion sort algorithm: 
Timer (sort): 5704ms real	5700ms user	0ms sys
The output is sorted!
[ 1 66 44 63 16 11 13 17 43 16 20 7 36 41 71 75 6 56 4 29 7 34 30 59 38 9 86 15 47 47 18 48 13 14 63 30 25 76 47 21 44 19 28 81 12 51 56 18 7 12 ]
[ 83 11 31 73 6 33 11 38 59 2 72 33 72 48 58 11 97 86 6 9 3 30 64 24 15 28 15 17 1 22 70 37 33 1 10 39 86 22 30 97 76 2 31 48 3 41 12 0 27 18 ]
[ 79 45 42 91 3 26 59 50 2 6 9 29 15 41 55 13 7 88 38 23 91 46 53 37 13 17 32 49 39 60 5 18 5 47 10 61 25 69 11 27 27 20 8 42 14 64 7 21 4 98 ]
[ 34 85 97 14 1 11 4 25 2 14 69 59 26 40 45 49 21 0 15 78 25 8 22 17 28 69 61 57 11 65 68 45 3 17 12 4 28 16 81 30 30 50 41 8 43 87 57 16 39 24 ]
[ 93 4 8 9 33 78 19 18 10 13 48 53 93 13 36 12 27 40 12 36 15 37 17 69 4 38 64 76 50 45 71 96 1 31 5 34 9 76 52 20 42 52 25 35 18 61 0 45 1 12 ]
[ 99 48 57 38 29 19 9 41 18 16 30 47 6 25 28 34 43 67 19 1 29 35 62 14 46 37 7 42 2 0 14 53 48 23 91 78 42 1 19 12 69 1 59 76 78 39 10 21 6 81 ]
[ 38 43 52 10 8 25 20 14 49 6 23 29 28 45 98 38 29 13 4 99 14 59 92 2 96 91 8 11 47 8 33 37 3 38 48 11 63 20 25 64 26 0 93 54 46 44 45 27 9 1 ]
[ 84 38 3 43 42 62 60 22 28 31 54 6 87 53 2 57 0 19 55 26 74 61 10 21 0 13 5 89 56 19 11 40 9 14 35 4 28 95 26 8 79 32 15 66 38 17 24 38 88 31 ]
[ 66 26 49 3 13 97 3 80 21 5 17 0 15 55 35 9 73 0 61 3 8 3 9 72 45 98 47 95 83 29 59 2 7 9 5 72 6 8 53 27 66 22 80 81 29 15 90 2 67 3 ]
[ 8 6 54 11 90 6 79 11 62 1 64 40 4 28 11 52 56 91 12 31 61 97 19 76 6 17 5 18 40 16 46 0 23 1 11 65 59 42 29 21 44 93 13 0 73 24 52 82 15 65 ]
[ 11 67 5 57 26 73 60 6 19 14 2 56 11 8 37 48 17 52 92 10 6 61 62 21 74 52 15 38 37 36 55 48 55 12 57 33 37 18 40 8 32 94 16 43 3 54 43 20 58 35 ]
[ 26 54 39 16 16 9 5 22 64 35 2 48 12 94 8 11 82 42 60 79 59 24 19 54 88 14 24 19 29 77 11 56 83 2 24 51 12 29 73 28 16 27 28 28 73 36 39 7 30 51 ]
[ 34 54 60 34 33 9 38 21 2 41 1 79 63 47 93 72 26 26 48 78 8 10 8 69 24 29 7 23 56 28 0 42 35 60 76 68 22 14 42 24 7 43 3 22 42 49 94 20 27 43 ]
[ 90 13 28 33 13 38 45 38 52 1 88 6 53 94 51 80 31 35 62 24 15 5 41 9 25 1 51 33 84 0 28 74 13 9 8 79 99 5 17 51 59 6 9 12 52 12 45 83 48 7 ]
[ 37 73 5 11 78 86 49 74 56 59 20 7 37 26 32 14 97 62 45 70 40 7 70 40 12 71 15 27 69 27 65 59 0 22 70 31 8 19 5 17 31 25 24 20 3 8 34 1 70 31 ]
[ 3 1 3 17 34 78 49 65 5 23 42 56 5 50 34 2 61 43 86 8 18 80 84 21 20 56 45 0 46 30 9 1 31 65 18 18 43 68 83 0 43 25 9 48 75 95 3 36 38 89 ]
[ 16 3 43 70 94 53 20 44 23 13 25 93 91 34 1 68 3 21 80 11 68 7 45 14 19 15 11 7 44 17 67 12 20 10 82 14 15 55 10 39 20 87 84 12 21 37 80 76 59 12 ]
[ 33 0 3 11 30 4 77 44 53 69 11 9 25 62 84 8 47 26 37 42 50 21 95 46 11 12 56 3 27 96 98 12 49 1 23 31 57 0 28 11 21 39 72 47 54 56 7 53 82 44 ]
[ 51 67 85 10 29 59 22 22 74 19 77 12 2 90 0 64 99 46 11 18 63 72 99 51 62 4 11 1 44 8 19 47 27 5 9 56 64 32 79 90 3 8 2 5 50 3 22 50 1 33 ]
[ 6 30 18 55 13 99 16 96 44 25 51 45 20 45 65 30 19 11 6 3 27 30 30 5 95 86 54 8 5 15 6 63 45 25 18 59 76 87 7 73 12 58 18 84 55 36 15 26 47 21 ]

Timer (generate): 12ms real	10ms user	0ms sys
[ 49 17 54 12 11 18 32 54 23 68 72 77 81 95 68 26 61 75 77 83 82 25 60 10 32 15 36 20 96 19 53 98 37 7 62 48 77 46 54 0 15 27 77 96 22 98 75 35 73 52 ]
[ 71 7 77 31 69 61 98 6 82 46 25 35 96 14 94 58 14 71 5 69 71 72 96 0 20 70 98 95 6 23 99 77 31 76 8 0 90 58 58 72 4 36 59 1 2 53 11 17 24 68 ]
[ 38 95 40 86 95 13 56 46 8 62 69 8 91 52 36 51 5 26 9 15 98 14 51 57 67 54 62 78 23 86 47 61 81 39 99 29 52 55 75 13 70 96 21 61 49 9 13 54 36 74 ]
[ 21 86 40 73 96 7 79 58 86 54 45 85 67 78 24 66 59 29 21 34 42 91 83 15 5 32 24 70 38 60 44 59 99 85 84 95 92 63 5 30 17 2 67 36 81 92 2 40 73 24 ]
[ 27 15 67 10 30 24 94 54 94 84 67 39 95 66 24 80 13 68 95 18 99 65 73 66 1 54 10 4 46 83 80 25 50 99 87 80 24 81 87 18 17 6 57 13 72 33 93 37 2 88 ]
[ 7 1 5 80 19 7 86 30 11 33 65 91 58 16 90 98 48 66 31 35 85 49 41 42 62 65 76 7 54 78 47 62 31 53 94 50 60 81 32 23 66 98 66 76 66 8 74 14 75 6 ]
[ 2 60 7 43 54 21 61 82 28 15 12 27 29 95 32 76 46 44 57 30 67 75 28 85 51 46 46 78 61 21 84 63 33 43 58 39 64 71 22 44 39 86 71 20 82 4 96 80 48 5 ]
[ 10 68 80 91 5 84 37 51 62 50 72 98 65 57 41 24 97 5 47 71 1 86 9 72 7 43 28 3 23 29 61 86 49 41 29 54 77 66 6 39 69 30 37 34 40 30 10 89 87 58 ]
[ 12 88 44 21 13 51 65 41 7 40 22 68 26 71 61 55 78 39 74 36 30 95 18 20 29 58 50 40 99 90 98 11 78 94 85 91 46 2 85 5 42 59 25 21 31 38 28 61 29 54 ]
[ 97 60 49 15 32 79 26 34 71 25 24 21 37 55 15 22 98 13 76 83 18 18 43 95 91 26 34 20 87 63 74 36 75 76 51 7 7 77 42 78 55 18 99 92 73 14 66 72 28 42 ]
[ 7 98 12 2 94 4 80 80 76 67 43 50 55 71 78 7 30 85 36 24 63 91 43 14 35 16 29 53 40 9 95 48 59 8 2 53 64 83 33 40 2 29 42 58 52 21 17 82 6 5 ]
[ 7 22 97 2 36 84 18 17 38 11 78 33 11 38 93 13 43 9 48 29 49 51 10 92 61 62 65 78 44 23 83 3 97 32 5 86 17 76 55 55 39 34 40 50 24 86 63 19 95 12 ]
[ 48 45 15 58 89 76 72 6 6 69 29 41 72 79 74 30 65 43 58 20 98 97 6 90 47 82 76 62 2 72 26 2 69 41 61 10 69 33 16 75 54 97 17 27 76 43 9 41 86 67 ]
[ 14 84 64 20 26 11 3 3 25 57 27 52 59 96 93 72 58 63 58 74 90 12 23 7 39 0 50 0 93 36 67 59 72 31 32 99 94 87 54 20 44 81 72 3 29 17 28 87 80 86 ]
[ 13 23 98 36 30 90 88 33 90 34 21 58 93 94 41 77 45 36 64 99 8 8 32 32 64 61 49 92 0 82 78 13 5 76 1 35 18 42 20 9 28 42 19 73 88 60 51 85 48 15 ]
[ 36 8 24 68 40 40 81 90 32 81 72 62 46 77 90 99 64 9 41 37 70 69 79 89 43 19 1 46 56 2 61 92 10 37 60 51 77 93 93 61 74 17 23 72 46 66 71 10 75 65 ]
[ 47 45 34 78 86 29 49 39 75 5 41 89 97 52 26 9 55 4 2 0 17 28 17 93 0 63 59 24 25 34 89 25 31 75 55 69 5 5 8 32 62 50 21 60 54 48 21 61 4 24 ]
[ 13 73 4 30 66 57 45 25 81 70 11 70 95 42 45 51 63 2 8 72 87 70 74 8 82 80 8 4 93 12 80 6 86 84 88 4 93 33 30 74 3 41 96 51 36 94 2 99 96 10 ]
[ 23 35 32 49 44 15 81 52 19 74 17 99 32 55 35 20 59 29 53 89 55 57 83 52 60 19 46 62 70 94 24 46 30 56 95 26 71 77 78 42 3 47 41 36 2 29 56 14 10 62 ]
[ 55 65 71 38 17 31 9 15 45 32 10 69 78 92 77 25 18 1 54 48 43 58 96 37 46 98 18 54 64 28 16 20 93 87 10 11 18 20 78 63 4 88 84 82 32 14 7 50 15 14 ]

Running insertion sort algorithm: 
Timer (sort): 5648ms real	5650ms user	0ms sys
The output is sorted!
[ 64 44 67 17 0 46 26 54 34 24 6 4 50 12 94 27 22 71 0 96 65 13 21 7 10 9 15 4 89 17 44 5 13 11 23 66 9 1 20 95 77 26 99 27 90 93 6 12 16 6 ]
[ 8 93 96 64 22 20 20 52 6 29 4 71 64 22 23 1 49 3 67 22 79 5 29 17 83 6 47 3 14 29 3 22 23 51 39 97 24 11 49 30 40 5 53 57 79 28 10 28 31 30 ]
[ 95 7 46 69 77 28 50 11 55 26 4 74 33 49 6 7 57 9 36 0 20 50 39 33 1 2 4 28 41 95 44 88 55 43 9 32 71 11 43 26 37 99 0 23 0 6 30 10 15 66 ]
[ 11 8 34 35 63 8 38 32 28 18 3 11 47 38 80 55 5 38 38 0 58 15 0 46 98 1 88 58 16 3 78 79 64 64 15 27 72 5 11 53 23 14 64 22 4 96 30 10 35 68 ]
[ 43 12 2 22 7 63 34 12 4 10 24 28 30 24 20 47 70 0 22 6 18 65 67 30 44 35 71 35 38 38 7 81 51 9 56 10 72 42 75 29 52 51 57 83 27 29 30 97 29 4 ]
[ 10 21 72 57 31 98 80 16 17 35 12 23 68 0 51 33 22 93 57 6 19 34 18 54 30 5 18 44 67 29 89 77 2 13 86 34 11 18 2 28 6 14 3 74 66 55 59 40 0 16 ]
[ 77 15 17 30 73 92 2 41 7 28 1 7 89 1 16 45 57 7 19 35 17 73 46 20 72 62 25 8 68 86 50 46 1 19 28 26 12 31 19 19 11 21 78 0 74 46 45 83 5 64 ]
[ 42 70 33 69 50 21 2 8 59 81 21 77 49 63 70 12 88 19 40 15 52 17 3 4 11 61 28 49 2 17 22 44 39 55 66 42 29 20 50 88 1 23 17 2 38 40 14 26 59 6 ]
[ 31 52 0 38 29 11 33 75 49 7 59 8 31 72 29 21 49 49 50 59 18 19 0 1 51 45 51 87 42 72 6 25 24 6 15 5 70 49 80 19 8 39 27 39 64 8 12 65 58 62 ]
[ 16 45 40 20 5 38 18 34 11 26 79 3 26 39 51 27 23 38 60 63 17 89 18 42 0 7 21 25 28 87 3 44 33 95 16 90 85 86 25 96 12 4 0 38 43 3 18 18 41 78 ]
[ 14 63 31 9 43 38 2 7 19 29 39 19 31 71 21 13 94 41 91 18 0 54 12 13 29 50 11 19 81 23 29 47 86 12 9 29 50 11 88 22 40 80 41 24 51 62 37 97 3 28 ]
[ 1 15 85 26 81 38 71 27 61 45 52 17 2 1 1 77 14 22 60 96 45 14 72 2 21 2 69 20 28 19 31 29 34 68 8 67 6 31 95 19 76 47 88 31 1 41 8 15 63 20 ]
[ 59 8 89 8 7 34 42 13 27 30 10 89 0 44 6 11 39 59 13 97 56 44 2 51 29 54 13 21 31 16 6 42 76 47 2 83 82 96 48 9 27 59 51 27 3 57 90 42 16 3 ]
[ 38 11 16 0 31 0 19 39 86 22 55 65 68 92 47 43 48 20 8 72 86 22 27 35 4 18 31 86 23 39 11 13 3 27 13 34 27 32 73 14 7 81 31 75 25 79 18 25 51 79 ]
[ 10 33 93 40 30 1 98 23 72 5 32 15 87 11 27 2 42 37 37 59 95 5 91 8 87 0 82 75 8 18 11 18 3 56 11 85 9 9 8 82 66 41 49 5 4 29 8 46 66 45 ]
[ 19 16 4 0 12 40 30 12 33 24 69 4 2 57 13 64 50 93 47 66 0 22 64 6 52 46 11 5 11 59 17 31 76 73 83 40 13 13 52 99 37 21 3 91 79 16 8 81 61 55 ]
[ 15 8 3 40 38 10 93 4 79 7 27 45 93 84 94 7 14 46 69 72 54 10 40 23 60 0 1 45 1 54 12 16 63 15 8 53 77 1 9 56 9 37 1 2 21 95 10 88 93 79 ]
[ 3 1 36 65 83 3 75 48 39 63 43 67 53 17 8 47 17 50 55 40 65 3 23 6 88 33 10 64 0 27 15 55 80 3 21 64 6 48 12 45 63 7 12 16 76 72 16 45 23 71 ]
[ 9 10 37 30 50 72 78 31 51 43 22 37 51 85 9 17 8 5 17 92 36 49 25 34 31 45 2 78 8 5 8 69 67 46 99 17 18 77 48 69 20 22 59 24 8 20 41 68 25 10 ]
[ 97 6 52 10 97 52 92 43 89 4 19 72 56 26 19 24 18 9 13 49 22 86 92 9 37 64 58 36 51 13 26 0 20 30 10 17 34 54 13 23 58 32 48 66 11 19 42 29 28 8 ]

Timer (generate): 8ms real	0ms user	0ms sys
[ 20 78 59 30 93 35 10 76 21 19 28 38 52 66 35 42 39 48 36 19 92 84 60 0 45 86 30 20 9 89 70 30 68 29 12 61 65 74 90 86 45 18 25 49 36 12 92 28 12 80 ]
[ 47 4 16 7 4 61 45 34 82 55 24 4 37 44 34 1 57 99 76 47 37 73 18 14 23 54 26 15 82 38 47 81 94 64 88 98 25 86 85 59 41 61 64 30 5 98 31 62 49 59 ]
[ 10 86 33 80 1 56 34 79 23 17 18 70 98 64 86 39 63 12 25 0 23 18 61 87 0 66 37 31 80 86 91 90 25 24 70 26 32 57 5 55 26 75 77 76 40 64 15 55 76 92 ]
[ 7 51 62 68 39 62 34 28 46 14 67 89 57 92 13 79 18 45 88 75 52 14 3 29 91 95 93 58 50 21 3 9 73 65 77 64 80 63 92 78 77 59 67 86 51 80 18 21 77 6 ]
[ 49 81 73 52 10 64 47 56 22 49 77 25 58 2 43 35 66 75 98 59 53 27 70 20 66 74 52 84 95 29 42 44 62 15 48 72 31 95 28 54 44 58 31 2 60 26 89 79 1 87 ]
[ 90 54 67 60 74 33 34 78 69 82 59 63 78 21 31 27 94 62 22 74 68 19 84 0 73 45 26 63 24 80 2 14 34 21 26 61 54 13 39 75 95 99 91 25 72 22 4 66 84 27 ]
[ 93 53 98 77 5 71 74 83 86 50 63 89 16 50 10 43 63 17 8 2 44 3 53 35 80 26 9 85 44 94 64 37 99 62 67 56 85 93 39 72 44 55 13 60 5 75 55 68 92 63 ]
[ 22 89 18 28 24 99 6 86 36 50 80 0 40 31 14 59 39 99 52 30 23 96 85 36 9 42 12 64 10 56 80 85 45 98 13 22 49 19 8 37 21 40 37 61 23 3 20 62 55 25 ]
[ 92 78 21 78 15 82 20 79 99 83 35 79 68 33 29 33 55 31 52 15 68 73 7 58 87 30 61 59 44 16 84 36 47 58 66 14 40 39 93 39 22 80 70 42 13 52 75 20 83 79 ]
[ 35 3 4 94 61 91 24 75 51 68 43 87 57 90 45 23 4 38 62 49 77 36 30 0 30 43 4 57 16 87 36 3 42 41 98 4 32 22 31 35 43 74 23 0 17 68 75 73 58 38 ]
[ 23 88 26 5 88 9 48 92 66 64 31 3 20 73 96 18 29 80 40 60 16 35 87 91 35 56 11 11 29 70 1 4 58 79 9 98 88 10 90 7 26 73 62 46 46 58 16 28 38 57 ]
[ 88 6 44 27 49 32 83 61 95 65 83 48 21 41 27 83 39 68 45 81 27 23 6 89 22 52 47 38 80 37 47 21 96 92 0 45 24 84 58 19 1 41 67 74 82 46 57 73 66 54 ]
[ 6 93 78 12 82 0 17 29 38 49 19 86 22 15 78 23 60 54 59 19 73 60 12 92 86 47 38 44 20 5 50 79 98 28 43 33 28 60 14 19 62 33 5 84 48 35 7 61 89 18 ]
[ 32 14 30 96 58 17 43 96 13 16 53 63 95 4 92 38 37 72 51 51 91 13 37 48 49 37 35 57 98 76 75 82 42 6 79 0 75 74 49 88 90 2 51 37 58 95 28 47 68 79 ]
[ 99 11 44 88 12 93 25 99 2 76 76 30 58 70 88 89 71 63 64 20 51 6 74 54 44 33 50 24 80 70 3 31 33 99 19 45 44 45 45 47 21 73 29 31 43 17 73 66 32 89 ]
[ 86 35 47 13 89 91 46 39 15 78 61 70 62 95 21 81 40 66 78 37 65 51 62 46 35 58 15 60 24 47 49 63 82 96 76 71 40 74 63 7 52 24 30 14 19 3 48 12 21 26 ]
[ 49 38 30 64 84 65 22 99 25 46 46 26 9 80 74 85 4 66 59 67 74 64 43 56 78 63 59 26 75 33 5 76 71 35 40 56 52 62 55 77 61 54 3 70 86 29 8 90 96 19 ]
[ 57 22 83 1 78 14 16 89 92 43 22 97 19 46 84 12 2 36 26 9 65 87 15 20 10 2 50 18 92 46 89 2 68 73 3 98 39 71 39 31 14 14 81 85 60 65 49 14 54 76 ]
[ 23 19 15 91 40 25 93 90 95 37 88 85 39 8 10 94 6 49 65 45 80 31 11 13 17 71 79 66 85 33 94 61 4 10 52 44 35 45 86 31 82 26 68 74 34 78 68 40 79 86 ]
[ 38 11 17 1 25 86 73 4 5 10 89 99 71 45 9 75 42 97 20 28 80 55 55 0 81 41 78 49 34 57 35 72 68 5 73 45 91 98 49 96 9 90 48 32 36 9 8 30 58 80 ]

Running insertion sort algorithm: 
Timer (sort): 5154ms real	5160ms user	0ms sys
The output is sorted!
[ 14 5 29 18 80 3 1 67 3 32 31 16 2 17 11 82 50 30 51 89 49 74 8 80 44 32 23 13 35 52 47 1 9 28 20 89 32 21 8 35 5 91 4 7 8 15 41 10 97 45 ]
[ 62 9 46 27 37 52 77 4 53 2 52 32 5 46 17 22 4 45 5 64 83 34 42 40 21 46 4 46 20 12 20 34 21 18 61 10 23 91 14 28 45 18 60 51 16 29 73 20 27 30 ]
[ 28 49 18 98 44 48 2 5 8 64 79 91 12 13 32 21 10 6 1 40 73 17 24 27 21 65 38 49 33 10 40 62 11 59 60 55 59 15 12 19 31 44 10 43 9 94 16 20 0 17 ]
[ 18 62 26 18 12 42 44 35 0 82 52 32 65 26 18 93 65 24 62 29 60 24 2 27 18 3 61 12 37 3 82 7 65 8 25 77 3 22 13 3 4 65 88 21 43 58 15 8 83 29 ]
[ 36 98 57 24 28 69 15 63 61 68 7 72 1 11 29 27 98 24 59 16 23 97 3 41 24 3 23 14 23 1 37 11 0 47 35 28 16 3 91 77 23 51 2 24 62 31 51 13 7 62 ]
[ 90 39 33 57 5 6 37 36 40 7 28 11 2 30 10 41 2 9 50 2 71 7 20 87 39 93 29 9 27 28 13 17 19 98 26 24 5 15 61 97 22 89 8 77 19 70 70 73 31 20 ]
[ 52 37 5 69 10 10 58 51 56 40 0 27 29 7 5 28 2 67 81 3 27 60 47 28 56 21 22 38 23 3 88 75 40 46 45 3 8 55 54 16 47 6 43 76 13 48 5 67 68 38 ]
[ 37 25 6 94 78 37 23 14 40 8 54 21 32 18 59 7 24 30 57 89 80 13 19 0 53 36 19 34 1 84 84 38 62 90 84 40 80 7 7 20 16 13 41 0 31 1 7 7 83 17 ]
[ 11 98 44 74 68 1 4 37 22 30 88 86 4 43 6 86 22 20 99 81 4 21 4 45 25 61 8 53 42 1 14 5 52 10 31 20 11 36 9 86 18 97 24 22 41 30 9 63 2 60 ]
[ 4 80 29 38 51 16 3 20 24 93 60 43 8 27 32 2 4 86 76 21 34 44 37 48 14 5 36 76 19 27 89 23 8 18 14 11 35 69 83 11 14 95 55 23 23 87 25 27 25 54 ]
[ 70 41 68 39 37 55 40 48 20 44 31 32 2 21 41 3 15 92 26 68 42 34 43 6 31 45 45 86 19 64 28 90 5 48 29 95 3 21 95 23 18 26 7 20 47 0 23 15 44 2 ]
[ 0 82 89 70 35 5 42 23 43 5 13 53 2 2 2 17 6 9 51 13 28 31 66 17 26 35 15 45 79 99 92 79 33 33 1 20 39 95 44 34 0 9 39 55 11 41 72 70 3 75 ]
[ 19 86 8 13 34 28 18 68 97 82 74 29 29 27 51 12 21 33 22 7 81 11 10 24 59 45 29 10 48 17 27 19 3 35 32 89 15 50 57 12 32 84 93 13 11 45 25 84 30 0 ]
[ 34 82 1 22 57 45 36 0 38 46 22 10 37 37 37 37 11 49 24 47 65 38 39 46 82 47 42 32 19 75 22 5 10 23 27 67 20 15 19 11 61 94 21 50 31 10 39 94 59 15 ]
[ 22 34 25 88 94 7 32 37 20 26 39 57 20 15 53 24 79 73 52 15 61 0 1 33 3 0 2 84 17 47 93 39 34 18 28 28 78 60 17 98 38 8 7 10 24 60 34 55 34 38 ]
[ 23 31 73 33 56 84 6 78 87 4 46 6 22 18 7 66 92 58 91 26 36 21 6 5 6 11 72 59 39 96 6 14 27 79 0 36 15 6 14 2 11 12 60 33 30 20 99 74 30 43 ]
[ 27 1 9 71 9 29 33 80 17 30 46 96 38 71 68 3 28 29 46 2 60 4 59 16 36 66 28 16 92 69 69 19 70 30 42 79 12 27 59 29 9 58 25 0 29 46 3 10 75 1 ]
[ 22 97 4 66 24 9 2 21 68 82 1 9 45 88 31 18 63 41 56 13 9 24 35 86 72 3 24 69 28 8 2 2 5 58 68 81 19 23 2 87 5 55 97 50 43 80 20 7 22 28 ]
[ 62 25 13 84 9 33 85 50 32 16 0 3 49 8 33 10 3 30 8 85 70 19 75 50 5 53 54 57 53 10 51 15 35 64 51 44 49 36 95 33 5 95 36 6 3 69 17 7 0 77 ]
[ 2 54 42 99 79 5 48 1 36 15 26 14 13 79 71 38 45 17 4 18 30 85 39 27 18 7 26 60 63 49 59 17 3 1 16 34 7 16 35 95 32 62 9 97 93 32 35 90 2 39 ]

Timer (generate): 9ms real	10ms user	0ms sys
[ 78 60 19 77 29 1 6 53 16 68 44 17 62 52 33 40 44 49 92 66 11 26 10 81 25 75 27 87 28 87 29 59 99 1 36 80 54 94 86 22 14 30 39 77 34 25 17 78 74 62 ]
[ 45 85 88 55 66 65 82 45 53 62 33 34 21 84 87 9 65 42 4 51 64 18 33 56 47 67 81 17 98 7 79 43 45 19 50 63 36 32 9 41 46 94 76 68 78 63 29 95 57 85 ]
[ 98 22 56 31 30 3 51 63 20 49 70 51 44 67 70 46 31 7 78 92 48 76 86 76 96 16 40 26 12 49 11 62 23 67 94 53 23 97 16 43 46 39 95 42 6 17 88 89 76 18 ]
[ 81 25 94 19 1 91 88 93 69 52 43 32 14 18 52 8 72 75 57 40 70 55 79 65 97 38 35 85 79 11 3 13 36 50 32 90 41 72 35 10 24 30 42 39 49 94 99 73 21 57 ]
[ 13 92 12 93 9 62 83 44 47 62 56 3 75 44 53 60 86 46 32 74 8 9 4 2 48 5 97 99 78 70 8 44 62 73 89 72 35 72 16 34 86 24 37 62 69 42 74 7 40 6 ]
[ 81 48 15 38 51 15 43 0 67 74 70 75 70 33 48 59 57 83 31 73 18 17 50 7 31 19 2 5 26 42 64 60 43 31 98 94 99 93 94 66 67 16 41 37 1 90 96 58 73 79 ]
[ 84 43 49 34 3 80 5 5 38 31 99 2 91 42 85 41 88 84 35 34 50 2 51 92 92 52 34 40 11 59 72 47 3 21 81 58 53 86 15 43 69 14 97 13 9 83 54 97 67 89 ]
[ 32 70 44 83 62 36 87 48 28 50 7 52 97 62 73 78 20 79 16 35 22 86 2 72 51 11 55 5 8 74 95 40 44 91 75 58 79 63 6 7 13 14 60 63 76 85 93 49 16 10 ]
[ 84 91 48 86 63 99 97 70 56 58 44 51 98 41 94 74 99 73 89 58 81 54 24 93 17 52 30 11 1 47 73 38 90 21 24 53 72 74 23 28 32 19 80 82 60 74 8 12 0 97 ]
[ 70 81 52 46 26 69 98 56 32 0 55 5 38 45 26 14 50 98 40 25 27 72 45 59 7 57 85 15 69 85 13 91 18 17 89 96 86 88 53 71 40 60 76 30 58 55 44 8 5 37 ]
[ 34 84 9 31 95 68 88 33 84 10 70 97 53 89 66 43 85 4 83 90 75 23 3 4 5 61 59 1 69 16 38 55 1 0 86 96 68 27 29 52 89 0 1 94 41 67 89 78 72 72 ]
[ 21 47 47 24 51 4 37 62 6 58 79 44 14 32 44 52 28 13 31 10 17 72 62 19 67 55 38 8 33 10 33 6 10 32 82 13 37 19 28 43 30 7 87 44 39 84 48 19 49 32 ]
[ 81 66 4 43 37 23 50 76 32 84 38 65 42 0 97 25 14 86 96 94 29 26 1 17 22 92 53 71 11 2 3 45 68 59 88 6 83 39 34 67 75 24 84 17 25 33 94 91 20 91 ]
[ 85 49 69 38 18 92 30 71 63 93 73 18 38 94 29 79 52 64 70 86 31 97 62 67 14 87 1 61 78 21 4 15 22 73 53 93 65 83 64 80 29 90 50 67 84 80 46 88 44 68 ]
[ 26 28 65 88 95 32 76 96 93 6 69 49 22 44 22 75 37 40 11 53 72 40 43 75 59 79 7 58 67 3 26 93 31 92 34 79 24 10 27 69 68 49 18 90 93 92 18 82 84 81 ]
[ 35 9 73 31 84 32 62 43 90 82 46 69 27 30 13 61 61 89 23 88 58 92 37 28 34 82 72 52 16 9 85 4 18 58 35 54 91 49 97 33 31 95 54 59 25 67 20 86 56 44 ]
[ 27 14 88 16 94 22 51 19 27 67 28 12 71 98 71 58 52 14 8 1 99 39 96 54 50 74 21 23 12 78 19 39 44 7 8 91 29 59 10 56 78 38 69 50 36 92 60 40 6 68 ]
[ 41 57 60 37 11 10 11 85 33 76 63 4 15 59 11 23 50 41 34 60 49 13 98 70 15 86 62 75 26 20 44 19 78 4 57 41 66 20 26 52 96 41 56 64 1 20 39 51 13 74 ]
[ 12 62 39 62 33 54 1 47 29 27 68 25 99 98 81 56 91 0 28 18 52 25 11 60 41 12 80 80 64 45 6 28 60 45 90 93 51 91 92 81 71 12 58 70 10 40 78 54 40 6 ]
[ 24 44 83 35 4 24 48 37 57 12 34 63 92 94 61 82 39 12 26 32 45 97 44 4 19 7 44 97 61 36 55 85 80 91 20 36 67 20 25 24 84 60 40 76 54 53 11 94 65 37 ]

Running insertion sort algorithm: 
Timer (sort): 5218ms real	5210ms user	0ms sys
The output is sorted!
[ 20 28 23 29 19 23 2 10 79 73 6 28 6 17 0 26 76 65 65 43 22 68 28 16 19 98 86 54 38 57 4 10 37 79 39 9 3 93 19 34 19 26 14 25 43 15 3 19 32 21 ]
[ 43 50 9 58 13 36 21 72 1 4 10 83 5 14 36 42 99 45 58 16 7 42 80 18 66 3 26 9 14 90 8 9 40 70 67 5 6 40 29 59 45 39 94 2 6 31 45 5 28 55 ]
[ 9 14 33 51 94 38 38 51 47 68 0 34 1 35 29 81 2 14 18 38 20 11 45 33 2 38 76 12 50 1 36 11 67 69 62 13 7 53 64 6 21 65 40 74 52 21 55 6 35 25 ]
[ 1 8 75 39 24 87 95 28 40 13 59 43 47 82 24 24 67 5 64 51 13 57 46 13 43 64 39 27 12 13 1 13 21 28 5 45 15 0 26 8 14 37 51 13 19 75 37 86 32 54 ]
[ 13 12 11 11 67 32 47 31 68 34 24 29 55 0 61 42 95 33 22 50 6 0 8 14 0 2 68 60 1 43 93 14 8 5 77 27 89 25 59 57 11 35 38 66 35 52 8 83 37 30 ]
[ 35 64 2 62 21 11 37 76 46 63 97 2 15 0 40 14 2 29 18 95 60 60 6 87 1 22 12 12 28 47 2 15 11 57 78 33 20 67 61 66 30 10 20 98 10 12 12 13 41 82 ]
[ 9 39 20 75 51 27 47 10 21 34 29 7 25 80 0 76 60 48 11 65 73 19 33 18 84 21 33 46 36 5 27 45 45 0 72 48 27 19 10 48 54 40 7 79 20 60 56 32 8 19 ]
[ 12 1 10 62 42 49 68 9 9 61 76 40 45 49 16 17 3 18 98 71 21 23 30 7 3 41 17 25 54 5 53 19 6 15 33 48 65 53 10 26 15 86 18 60 87 87 29 42 5 80 ]
[ 21 47 47 24 51 4 37 62 6 58 79 44 14 32 44 52 28 13 31 10 17 72 62 19 67 55 38 8 33 10 33 6 10 32 82 13 37 19 28 43 30 7 87 44 39 84 48 19 49 32 ]
[ 27 30 50 80 29 38 63 36 85 8 89 7 36 41 36 20 11 49 37 11 82 55 53 6 8 71 14 24 55 20 30 34 2 32 67 32 70 30 20 55 39 9 14 27 3 2 47 14 51 85 ]
[ 99 94 56 73 16 49 9 10 72 41 22 57 9 49 38 56 10 6 10 32 84 12 19 76 27 31 25 6 25 8 28 24 2 37 50 18 86 11 81 58 52 3 67 13 4 5 21 66 64 31 ]
[ 48 52 4 39 62 34 30 67 85 39 0 31 14 44 10 17 7 49 53 41 66 27 19 50 4 44 99 18 70 18 29 18 22 33 9 37 67 92 4 4 31 4 35 45 1 98 14 8 99 68 ]
[ 22 1 12 38 84 28 9 55 19 14 98 82 18 69 15 80 40 20 71 16 22 13 33 80 5 6 17 6 42 19 91 16 72 55 7 9 83 16 64 3 82 14 37 1 35 52 33 28 72 57 ]
[ 5 24 20 8 61 99 43 0 0 67 22 87 16 16 27 40 56 35 77 58 17 95 38 27 90 69 13 69 39 94 40 96 18 12 5 32 12 0 32 12 19 6 51 35 22 79 28 31 14 5 ]
[ 58 10 65 24 25 15 4 1 46 79 68 36 15 19 28 6 60 2 43 54 31 43 33 24 79 18 2 92 23 31 14 34 41 80 10 67 95 15 20 93 46 88 30 13 59 58 19 19 12 14 ]
[ 35 14 42 68 49 61 10 2 79 45 52 27 10 79 72 47 49 13 6 38 32 26 31 12 37 56 23 25 36 63 64 24 29 58 44 79 71 6 33 2 52 37 29 14 17 53 61 18 19 19 ]
[ 7 30 23 74 23 14 11 15 5 5 71 4 15 39 65 71 81 56 47 9 30 56 6 4 9 72 74 5 6 47 56 13 77 31 39 0 45 3 68 50 8 39 6 75 30 72 46 64 80 94 ]
[ 44 34 38 29 8 22 73 66 19 78 1 4 8 3 51 81 11 19 35 5 33 12 26 96 80 84 40 54 9 42 15 6 29 5 35 89 28 8 56 47 39 57 3 47 12 54 80 23 73 68 ]
[ 32 60 49 81 82 4 8 20 15 33 27 37 60 18 93 31 99 86 98 34 21 30 10 53 17 26 12 9 41 89 5 73 2 7 6 36 11 67 56 26 0 36 64 13 6 9 44 6 95 42 ]
[ 23 23 10 52 11 57 96 2 73 22 15 25 86 36 2 48 11 34 77 22 83 31 52 8 33 44 9 96 17 14 40 40 37 2 44 0 59 40 54 85 63 70 62 1 6 16 50 17 3 79 ]

Timer (generate): 9ms real	10ms user	0ms sys
[ 82 48 52 58 2 31 24 21 90 77 40 38 68 73 9 92 38 10 39 6 30 85 41 91 24 7 6 96 89 75 84 23 23 89 33 26 72 58 47 63 87 39 1 7 64 62 51 2 72 90 ]
[ 60 2 27 54 46 51 61 52 0 3 27 36 78 3 77 12 29 50 22 28 13 9 19 66 68 83 29 19 85 53 62 98 8 41 52 54 93 65 58 45 68 37 81 47 40 59 11 69 9 33 ]
[ 49 74 94 68 40 62 3 21 81 41 75 95 39 35 37 91 89 82 56 99 27 77 36 60 76 77 19 87 98 80 72 48 6 66 68 47 28 72 20 61 13 47 9 4 82 46 95 23 28 3 ]
[ 22 7 32 11 67 60 88 39 47 38 19 71 86 26 37 7 25 65 31 97 79 96 45 88 0 79 86 95 55 14 50 29 21 83 40 40 43 80 79 43 19 51 66 57 29 4 64 6 21 95 ]
[ 3 0 91 0 40 91 32 26 38 87 92 41 16 65 76 57 6 71 37 85 14 56 88 33 14 17 37 30 75 58 78 79 11 21 31 3 65 63 82 55 50 74 96 67 40 72 76 46 44 65 ]
[ 83 10 22 24 43 88 93 80 70 69 91 48 0 54 22 31 57 87 47 39 42 49 66 91 68 6 63 44 4 59 10 39 70 84 63 13 24 57 46 94 26 89 95 26 43 69 9 52 56 8 ]
[ 44 50 58 10 93 26 16 57 71 72 16 33 11 38 17 75 4 93 32 2 39 10 91 34 88 86 3 49 38 11 58 34 14 16 44 7 42 12 16 65 84 85 98 96 23 67 23 27 12 7 ]
[ 29 52 17 72 38 57 58 94 6 49 5 64 83 71 32 80 31 75 92 47 92 77 84 43 25 8 62 48 87 75 55 69 27 24 93 65 33 52 59 39 53 17 56 88 40 88 68 71 15 13 ]
[ 71 60 42 55 3 67 15 17 67 3 92 74 24 71 50 17 89 83 21 0 22 26 69 30 15 10 71 35 33 38 48 4 98 90 60 53 57 27 71 76 30 63 50 6 87 0 24 76 83 97 ]
[ 76 58 24 98 40 39 8 11 74 41 50 23 46 48 65 58 2 23 85 73 51 68 88 2 74 75 54 50 3 90 48 32 0 72 30 40 63 38 52 37 31 54 12 29 2 78 39 56 53 77 ]
[ 81 56 45 22 58 71 49 65 74 53 55 22 85 7 46 67 47 9 57 51 98 88 5 63 18 8 93 9 16 98 86 98 54 83 72 65 7 21 30 81 74 37 55 11 44 1 78 43 62 35 ]
[ 95 60 76 0 75 46 60 68 55 29 66 94 79 21 77 51 86 84 72 16 17 47 5 72 10 1 25 89 44 87 76 39 0 4 92 75 50 52 44 58 33 10 52 12 31 81 63 69 18 36 ]
[ 37 35 35 42 8 45 43 33 86 40 73 63 31 73 19 23 48 22 28 92 32 61 55 36 74 38 17 37 8 35 25 45 23 60 40 31 6 35 16 92 75 41 7 59 14 27 82 63 1 62 ]
[ 7 33 24 62 69 50 1 86 39 61 74 65 58 97 25 98 80 83 86 48 76 13 90 35 72 4 14 55 19 15 17 79 48 93 41 69 43 94 8 35 7 82 0 66 31 77 64 63 61 2 ]
[ 11 89 16 53 24 88 10 39 43 29 54 13 8 55 6 2 24 2 48 84 89 56 18 89 74 49 18 90 64 31 93 28 20 9 81 45 97 43 36 93 73 90 6 33 97 64 87 74 18 88 ]
[ 58 7 96 77 48 70 26 19 60 43 50 53 71 71 14 4 68 12 48 4 57 73 94 15 58 44 79 98 18 50 86 76 9 82 53 10 4 32 29 64 75 79 70 98 2 84 2 70 48 50 ]
[ 74 5 75 21 20 34 65 52 32 83 54 70 11 63 52 17 25 8 49 54 72 76 86 94 74 88 79 28 11 79 31 85 85 6 58 57 40 23 61 24 58 15 94 22 31 98 39 56 6 88 ]
[ 63 31 16 49 25 90 89 56 70 0 36 1 38 73 8 96 30 0 72 92 77 82 7 23 4 90 22 95 47 80 83 62 63 51 63 41 93 52 97 64 5 85 65 95 58 25 91 41 78 15 ]
[ 33 55 98 92 78 54 35 52 50 34 85 85 96 0 37 59 41 30 63 91 46 68 28 64 15 87 89 7 80 67 74 13 74 24 57 53 79 92 57 29 78 42 66 74 43 3 33 36 86 49 ]
[ 27 32 69 56 96 85 95 38 44 75 57 18 40 32 43 49 37 74 94 94 3 72 89 69 47 84 25 32 20 63 33 0 95 3 8 44 88 55 34 84 82 91 2 22 23 97 23 60 71 17 ]

Running insertion sort algorithm: 
Timer (sort): 5335ms real	5330ms user	0ms sys
The output is sorted!
[ 49 9 21 6 0 20 31 20 15 28 43 60 99 1 19 20 77 25 49 10 24 23 18 29 10 51 16 52 86 35 41 35 96 62 41 96 82 24 69 49 5 12 9 4 13 28 25 42 5 26 ]
[ 4 40 29 78 69 14 15 68 14 46 88 12 12 20 30 64 26 48 46 16 0 41 89 3 26 25 52 36 0 32 81 56 25 10 34 46 24 49 15 39 96 3 3 60 24 33 24 2 33 22 ]
[ 53 0 19 55 60 23 77 14 23 50 44 22 26 55 31 11 28 8 10 71 64 40 62 30 29 87 48 40 72 5 32 25 58 3 32 18 26 10 32 1 12 29 75 90 84 7 1 65 15 12 ]
[ 7 45 15 21 16 1 0 69 94 15 61 50 0 64 15 29 28 67 34 87 47 82 10 98 24 12 31 32 53 13 4 12 11 19 85 79 20 86 0 15 53 61 17 5 77 32 35 5 51 21 ]
[ 9 86 48 37 37 16 99 94 31 47 81 55 24 55 61 25 3 2 9 15 21 18 18 7 31 28 43 39 50 78 54 11 64 2 1 2 70 0 48 1 99 30 8 23 85 21 49 40 24 10 ]
[ 78 28 59 56 0 2 6 56 12 37 40 1 67 6 51 25 35 2 7 33 11 7 84 67 69 16 27 26 21 36 36 99 16 95 8 16 50 14 72 62 3 65 16 71 71 19 48 58 21 7 ]
[ 84 32 22 9 82 25 22 21 6 1 60 68 29 3 97 67 10 16 7 10 35 21 46 95 60 20 11 22 27 30 8 12 62 82 73 45 8 48 18 14 1 30 34 82 33 32 49 95 0 56 ]
[ 10 30 85 1 31 29 50 21 5 18 12 54 7 5 65 98 1 46 17 29 93 7 52 32 93 73 9 16 23 8 58 34 90 43 87 22 24 37 95 30 55 7 36 14 64 2 13 18 48 30 ]
[ 85 17 35 48 41 42 39 5 44 53 82 4 80 62 21 52 28 34 32 10 72 16 20 10 9 7 92 25 87 9 4 72 26 91 73 68 34 12 25 30 18 8 34 98 22 7 2 2 41 34 ]
[ 38 3 0 22 36 40 41 66 69 99 40 49 8 36 18 34 5 19 68 19 99 32 82 4 45 67 22 31 58 59 48 49 14 0 71 3 40 65 21 9 64 13 10 25 49 29 11 55 0 79 ]
[ 27 6 8 16 80 22 57 45 2 57 22 12 42 92 6 26 7 84 59 32 6 29 83 20 9 69 91 23 28 39 22 55 45 31 23 25 5 32 23 8 41 45 20 83 90 78 9 49 63 20 ]
[ 21 0 51 32 5 30 21 15 46 26 7 19 18 37 37 16 52 32 65 71 13 5 54 28 70 66 58 13 38 15 12 59 15 15 44 20 45 17 36 44 43 95 63 13 84 53 30 37 85 95 ]
[ 63 22 34 17 81 49 98 4 57 50 46 83 37 7 15 1 20 17 44 48 11 66 75 45 22 22 21 25 36 5 20 51 79 6 20 60 56 18 17 65 20 63 0 57 70 15 10 42 85 6 ]
[ 28 27 10 41 7 19 6 22 34 44 0 42 57 50 13 34 60 8 31 63 99 41 77 78 48 52 21 77 78 8 39 58 35 1 0 94 72 6 16 7 2 17 1 60 19 14 46 79 75 77 ]
[ 47 38 14 7 43 12 82 57 91 19 10 14 35 21 57 14 41 23 1 75 10 7 74 9 23 84 42 20 53 28 43 0 18 57 60 61 21 42 71 12 14 81 79 1 54 36 16 48 59 69 ]
[ 43 19 3 83 44 13 21 47 33 97 15 36 29 73 12 46 1 7 15 78 59 8 4 39 15 0 3 53 29 76 22 24 96 25 7 40 91 80 39 24 77 54 12 7 79 76 5 80 36 20 ]
[ 53 24 20 30 12 31 86 29 96 8 47 31 31 7 57 18 26 81 45 62 0 65 27 0 15 23 52 25 46 91 3 52 15 24 82 79 7 68 60 3 28 8 86 12 15 43 30 94 24 27 ]
[ 51 11 40 77 2 3 25 5 66 15 55 60 65 93 1 6 43 58 62 9 61 66 19 77 10 34 72 33 0 53 26 3 64 18 32 66 21 10 24 40 77 79 0 42 25 53 0 68 64 14 ]
[ 27 56 71 3 50 1 25 70 60 64 8 69 93 27 62 80 37 15 41 3 40 52 8 2 39 24 43 15 50 2 52 29 58 23 32 61 25 9 31 85 25 92 6 18 19 20 51 8 35 92 ]
[ 60 63 35 64 13 29 31 1 80 77 43 34 5 84 46 19 14 87 16 3 26 50 56 61 12 0 21 74 15 92 22 28 7 9 92 20 38 24 21 19 53 16 5 58 52 3 77 66 42 46 ]

Timer (generate): 9ms real	0ms user	0ms sys
[ 41 98 11 47 7 95 10 68 11 20 43 79 22 97 78 30 96 28 83 95 47 73 9 66 20 63 20 16 29 56 67 23 54 79 22 13 26 85 34 38 5 77 69 80 74 0 10 23 28 93 ]
[ 18 76 19 79 94 91 42 14 7 23 23 27 46 29 58 21 43 36 6 29 26 11 6 96 91 33 48 53 56 76 47 26 4 18 5 99 9 47 65 17 22 40 44 69 70 2 90 65 38 48 ]
[ 94 17 59 52 13 3 37 61 56 93 89 55 71 46 73 28 97 83 27 62 52 50 55 48 71 25 50 61 42 40 9 36 57 20 40 22 23 78 35 32 23 25 87 47 71 13 75 20 96 3 ]
[ 82 0 5 37 48 76 14 50 89 56 42 50 44 0 70 37 74 46 67 10 30 90 87 69 37 10 82 65 30 30 20 64 30 25 54 78 1 68 80 90 77 23 40 73 75 62 10 49 60 77 ]
[ 11 90 20 98 60 9 60 94 74 90 25 94 55 7 71 61 38 72 29 18 14 58 41 6 32 68 21 42 18 81 72 81 72 92 32 84 1 92 78 28 35 55 74 42 15 46 3 53 70 84 ]
[ 23 37 43 17 95 75 85 16 69 55 98 93 37 22 37 21 58 91 13 36 19 0 44 45 42 59 43 97 64 14 82 39 3 25 56 98 52 94 15 73 1 65 19 90 39 56 11 97 47 77 ]
[ 85 18 77 81 16 72 92 59 69 56 25 51 48 28 28 4 79 32 50 46 58 52 11 77 42 2 85 6 99 33 83 36 3 12 18 19 84 10 79 54 67 4 5 15 85 86 71 64 18 74 ]
[ 10 76 78 73 5 72 75 91 78 26 76 13 62 79 26 80 51 10 91 30 64 10 86 22 77 23 8 0 39 78 74 1 55 4 74 12 77 1 3 55 79 79 69 42 59 47 22 62 57 65 ]
[ 44 74 75 30 96 4 6 56 5 45 34 31 99 41 36 25 54 13 27 9 20 6 89 41 0 0 88 75 62 98 40 6 72 68 88 20 24 94 76 29 92 62 13 91 56 1 68 62 66 47 ]
[ 71 38 6 12 80 6 12 20 81 74 70 74 32 94 94 21 14 18 67 42 0 11 5 13 54 13 66 23 75 32 70 98 70 76 11 2 35 75 75 16 2 45 42 34 40 36 7 54 55 27 ]
[ 49 7 38 6 72 45 19 38 68 46 70 90 44 92 19 7 95 54 83 70 22 37 67 65 71 7 53 31 14 60 58 63 67 48 69 39 93 40 77 13 86 99 56 82 92 75 42 87 81 77 ]
[ 9 55 14 76 20 37 84 26 68 50 86 26 13 54 75 34 45 20 74 23 34 12 74 90 94 66 17 36 53 98 65 62 53 79 39 26 17 75 52 85 25 90 64 90 96 91 76 42 11 2 ]
[ 17 45 14 91 87 60 58 4 49 63 2 14 78 8 94 69 34 63 44 38 0 21 80 16 63 77 7 91 71 71 93 88 16 7 31 56 19 41 60 68 57 15 83 35 75 29 4 61 92 0 ]
[ 51 92 21 31 9 36 8 68 27 31 39 20 19 8 79 3 64 98 96 76 67 53 43 2 88 18 31 92 31 23 44 82 67 17 14 28 53 74 97 32 6 88 4 77 96 83 80 12 34 77 ]
[ 89 53 30 84 7 71 55 38 15 86 13 60 69 32 77 35 61 83 9 10 15 15 50 20 93 47 55 25 59 41 54 0 46 37 37 53 8 92 91 75 30 56 35 99 89 65 86 2 48 96 ]
[ 64 15 63 14 87 56 13 43 34 25 36 88 25 83 77 14 36 37 6 80 13 37 36 0 88 77 65 27 79 65 23 43 81 38 58 68 47 71 63 81 48 0 21 74 35 99 40 23 36 47 ]
[ 3 1 36 92 2 76 69 67 55 1 85 78 96 66 69 6 86 16 30 50 97 78 2 70 52 37 21 45 12 10 92 68 11 80 60 13 8 81 33 64 82 18 94 31 36 63 37 22 79 67 ]
[ 24 28 46 26 99 50 15 20 95 28 30 39 96 94 19 8 7 80 89 92 96 24 62 90 55 98 6 44 21 37 12 97 66 58 24 17 8 91 89 4 71 20 43 19 66 15 27 73 95 69 ]
[ 18 91 45 80 33 52 79 91 96 52 29 8 1 95 66 25 64 27 69 53 83 40 25 26 60 91 93 87 17 40 8 35 83 53 67 17 57 98 8 54 50 89 14 52 36 81 29 0 60 50 ]
[ 6 43 91 31 21 3 75 15 42 92 55 51 79 39 56 46 8 14 45 68 20 47 58 34 51 94 67 33 47 27 83 53 70 26 84 92 29 11 59 72 3 14 23 34 53 79 81 13 45 78 ]

Running insertion sort algorithm: 
Timer (sort): 5338ms real	5330ms user	0ms sys
The output is sorted!
[ 6 54 42 7 32 78 56 2 57 18 31 48 49 54 45 6 98 16 60 91 10 15 48 1 17 67 4 0 12 13 16 18 19 10 77 52 40 34 6 97 4 37 45 5 43 90 11 41 7 24 ]
[ 7 44 10 35 0 22 8 50 29 27 8 21 16 30 69 11 8 72 22 35 24 53 34 36 22 48 39 53 28 40 23 87 36 85 22 88 8 30 38 89 58 46 10 26 76 31 37 36 3 11 ]
[ 41 15 71 42 20 9 24 8 60 24 44 37 8 36 78 1 7 78 27 59 33 85 42 24 81 16 17 44 67 68 38 9 35 10 3 8 19 79 16 31 3 12 21 12 0 99 65 7 77 44 ]
[ 32 28 36 19 45 39 59 5 8 38 3 45 75 6 7 19 42 11 67 11 33 39 44 27 5 31 43 98 10 22 53 43 2 41 14 48 80 74 5 41 64 9 86 39 67 46 10 62 9 30 ]
[ 0 31 13 22 8 6 34 19 49 40 7 42 32 72 27 65 84 74 65 38 20 28 79 0 53 18 52 4 27 0 10 80 31 23 2 39 81 36 10 30 28 17 73 60 41 52 77 26 26 43 ]
[ 5 36 45 28 11 89 46 96 8 48 61 52 11 27 5 23 1 28 37 53 25 9 12 79 6 32 69 32 28 76 60 85 12 6 13 24 95 11 72 55 11 33 8 23 12 65 46 14 46 36 ]
[ 35 37 38 25 3 46 22 38 13 81 99 10 39 15 1 10 81 69 42 3 16 26 8 88 40 54 58 68 16 9 40 3 99 31 28 2 29 2 40 43 36 92 5 75 7 6 37 40 28 79 ]
[ 38 19 27 58 17 41 22 73 0 63 80 51 10 59 30 50 49 6 20 79 13 19 59 0 38 40 36 2 4 98 35 43 69 14 53 86 55 75 12 8 38 44 11 1 3 41 3 52 47 23 ]
[ 73 56 43 32 58 48 67 87 45 5 49 57 45 58 58 26 56 41 2 4 23 42 3 26 37 5 61 8 42 44 67 68 0 62 0 10 10 19 49 7 77 98 64 22 8 22 0 17 15 2 ]
[ 28 60 65 43 2 60 8 14 55 77 5 88 70 51 47 7 1 73 50 11 23 78 17 21 81 13 2 16 21 72 41 2 32 6 97 34 19 6 0 26 83 57 14 5 9 13 64 62 87 14 ]
[ 11 62 25 21 78 9 20 15 93 36 69 12 50 44 79 34 26 21 11 17 27 90 17 12 40 5 45 38 13 69 17 24 31 42 97 61 51 17 28 44 6 97 9 56 41 40 42 20 13 5 ]
[ 1 40 20 1 1 97 32 9 16 31 86 45 20 11 6 69 65 52 19 27 19 28 8 67 7 48 3 95 45 24 45 46 16 65 99 18 14 31 27 30 62 14 28 83 77 34 4 94 38 23 ]
[ 4 6 58 18 72 24 19 62 9 4 41 38 75 99 3 27 27 58 15 64 6 18 14 20 4 65 87 99 20 17 4 24 76 14 94 0 38 13 14 47 17 56 38 45 7 41 72 86 51 39 ]
[ 20 35 33 93 7 26 9 29 19 59 9 46 52 4 37 39 20 32 18 42 30 4 45 12 18 19 21 50 41 42 29 14 77 15 7 36 41 68 17 12 79 26 58 83 83 95 23 55 80 41 ]
[ 11 37 0 59 79 44 4 47 80 6 2 60 15 17 40 6 49 59 90 11 24 8 31 8 11 85 11 23 28 68 27 40 6 28 51 37 24 55 84 56 62 38 16 77 55 57 35 56 16 26 ]
[ 58 30 83 27 23 2 6 4 76 68 9 0 67 76 34 17 2 7 49 35 8 26 34 53 27 12 22 23 9 86 40 19 16 75 98 91 77 5 47 5 25 9 5 44 85 39 61 39 98 10 ]
[ 47 35 25 80 46 37 7 28 15 31 88 10 32 58 4 53 9 14 53 48 50 71 28 12 84 50 13 45 21 0 58 20 87 35 1 34 73 60 14 88 43 2 51 76 13 7 29 22 21 34 ]
[ 64 37 37 24 48 36 12 1 4 33 42 82 15 60 40 96 14 2 23 3 40 16 76 7 64 51 22 24 98 3 20 62 40 10 38 40 46 2 41 50 35 35 33 2 48 25 99 62 27 74 ]
[ 51 13 13 20 25 5 26 12 33 29 86 49 44 32 34 49 8 6 48 23 54 40 89 51 58 13 46 25 77 11 24 29 24 89 1 1 95 27 65 28 57 52 29 53 36 16 2 96 22 51 ]
[ 32 52 22 29 26 45 3 45 5 96 93 46 65 11 4 16 4 61 14 50 40 50 26 31 50 94 24 6 33 12 29 66 64 4 47 42 49 50 39 54 47 32 0 64 44 4 33 0 17 99 ]

Timer (generate): 11ms real	10ms user	0ms sys
[ 13 26 20 25 58 45 83 62 84 30 13 53 46 67 75 27 22 75 73 97 89 45 93 32 75 74 92 41 82 25 75 96 51 95 73 61 92 9 23 76 39 88 29 37 7 57 16 30 32 89 ]
[ 27 73 86 72 5 62 99 49 3 33 74 78 81 77 25 55 38 17 16 61 46 55 49 27 44 8 84 60 38 68 2 18 41 88 90 98 50 41 99 5 75 25 35 56 2 60 63 40 30 79 ]
[ 53 76 86 54 3 30 63 40 91 1 8 93 71 2 81 14 52 84 55 52 89 82 77 77 91 80 89 54 20 19 34 26 47 20 80 51 51 43 91 94 97 51 39 68 53 20 82 58 56 90 ]
[ 10 98 72 87 75 63 19 64 70 92 84 4 18 31 76 98 34 79 42 77 73 91 29 12 59 34 85 94 44 41 36 54 91 60 94 66 24 13 31 46 5 67 50 23 50 78 74 37 58 68 ]
[ 14 83 59 95 96 70 82 33 64 26 26 0 33 18 61 27 84 37 40 67 35 98 86 85 73 89 15 47 26 73 15 92 57 74 40 5 45 74 90 61 52 16 14 85 34 27 64 71 64 57 ]
[ 90 51 55 77 36 28 66 3 28 44 29 43 88 38 70 28 43 15 54 85 76 7 1 42 44 88 69 9 59 85 66 1 36 73 78 24 53 96 28 81 92 57 25 81 95 47 61 90 62 16 ]
[ 75 90 75 28 33 19 16 54 80 27 40 98 29 76 71 59 1 77 8 81 58 0 38 35 33 85 82 95 75 96 63 2 39 38 82 72 9 99 78 42 78 18 40 59 47 64 71 48 41 79 ]
[ 29 51 79 19 39 13 56 21 60 31 70 23 85 9 13 67 33 74 18 11 68 49 30 61 8 77 25 79 77 18 10 58 21 42 29 60 7 85 82 67 68 52 42 53 61 7 72 46 81 91 ]
[ 57 2 92 87 63 0 16 88 32 45 58 94 3 79 36 32 40 43 69 74 10 37 78 4 42 91 11 15 37 45 58 94 47 50 34 10 2 2 50 34 48 8 81 3 39 17 88 31 61 57 ]
[ 57 23 95 35 80 37 78 91 4 67 36 62 62 83 12 48 45 15 2 95 1 2 55 82 6 47 52 94 78 65 3 36 40 98 23 20 88 54 12 92 21 0 55 35 36 19 35 81 86 38 ]
[ 77 88 40 32 22 98 79 74 44 10 39 48 98 32 98 73 52 86 27 16 31 1 17 38 36 53 57 72 34 44 62 63 84 2 48 6 53 79 33 97 89 24 45 39 56 44 65 9 82 92 ]
[ 25 13 93 94 3 82 47 61 54 34 57 68 49 41 70 97 99 23 77 32 73 18 57 18 10 65 14 75 74 49 19 52 14 65 98 18 47 46 79 53 32 36 21 33 29 43 31 28 19 60 ]
[ 13 92 30 70 62 92 87 29 67 14 78 87 18 92 4 16 10 51 14 89 56 46 77 77 80 6 72 63 87 91 75 0 35 5 22 98 98 9 27 17 23 57 56 41 49 60 58 60 63 24 ]
[ 1 19 71 31 48 3 89 21 18 76 64 93 28 52 50 50 50 0 12 29 18 87 86 26 81 87 87 91 99 2 15 1 22 38 84 22 41 73 95 11 2 12 4 30 64 7 33 66 7 45 ]
[ 95 77 32 33 56 65 72 43 56 72 97 72 25 71 10 9 94 4 34 41 15 36 53 72 19 17 79 52 83 38 49 30 68 33 15 24 99 40 19 55 12 16 27 89 88 90 50 82 94 84 ]
[ 23 9 73 29 33 44 98 12 96 34 3 97 64 71 30 32 95 81 24 14 37 88 82 16 77 70 6 79 4 0 63 80 62 88 9 47 32 7 60 80 41 15 77 58 86 60 42 33 41 66 ]
[ 99 78 6 81 47 83 4 53 62 8 6 77 88 20 18 49 67 50 9 79 31 2 94 60 60 32 20 54 17 62 72 16 92 78 50 39 13 6 45 75 14 51 5 55 71 23 56 38 73 65 ]
[ 18 56 68 64 17 80 97 89 35 66 3 7 83 96 86 85 87 99 91 32 27 57 35 84 64 6 7 21 97 32 86 67 41 54 83 10 35 80 99 22 47 3 29 82 51 67 19 90 19 62 ]
[ 23 98 19 58 82 84 17 41 57 66 25 43 85 66 50 68 28 85 1 28 7 48 83 88 82 86 8 53 76 27 15 51 77 86 62 59 22 31 52 79 97 77 75 82 44 25 2 24 62 3 ]
[ 52 69 3 87 9 85 25 17 90 54 96 57 5 73 44 67 84 18 50 36 50 47 14 25 81 10 50 84 34 12 87 39 33 91 78 94 28 4 64 71 58 60 28 15 86 72 35 70 43 85 ]

Running insertion sort algorithm: 
Timer (sort): 5387ms real	5390ms user	0ms sys
The output is sorted!
[ 41 7 21 3 80 48 35 22 15 52 35 96 87 31 41 27 48 53 38 1 1 24 40 22 2 32 52 2 7 42 44 48 49 18 3 29 18 38 51 33 42 39 30 29 22 23 8 70 28 46 ]
[ 30 54 0 86 10 5 7 5 41 84 24 39 56 66 12 52 43 18 0 30 15 77 29 6 0 54 76 2 4 5 10 86 59 10 73 22 15 80 27 8 16 3 47 72 21 11 76 64 81 29 ]
[ 3 8 46 28 3 42 1 39 3 31 17 39 72 52 26 25 10 46 47 28 42 21 40 23 11 18 48 25 62 70 13 65 78 11 45 34 5 98 25 9 29 94 0 53 46 26 78 9 72 25 ]
[ 26 24 80 3 11 38 10 46 28 87 53 30 11 78 11 21 24 26 37 90 76 39 16 2 14 17 8 3 25 25 29 51 49 9 54 12 99 16 10 27 56 64 9 19 94 20 41 19 99 30 ]
[ 67 17 35 34 17 2 9 13 46 7 6 31 19 65 49 51 55 5 5 12 45 20 71 78 31 81 21 22 79 2 14 46 20 50 32 89 4 42 54 50 1 12 33 21 78 83 72 33 40 30 ]
[ 1 86 60 79 48 41 49 30 65 23 3 49 84 39 39 46 14 40 26 39 20 25 25 39 31 80 68 69 43 33 14 44 19 74 75 19 15 24 1 32 0 4 33 36 43 24 34 10 16 12 ]
[ 68 7 73 56 4 40 16 8 4 23 60 70 7 19 31 2 3 17 65 32 54 19 80 5 10 32 81 4 58 27 2 27 35 27 83 39 68 0 0 72 75 12 95 34 32 26 88 35 44 54 ]
[ 10 44 35 73 37 9 33 13 42 30 23 94 55 9 87 19 57 76 68 61 19 8 22 31 20 14 36 46 69 37 15 80 82 3 5 19 64 38 32 6 20 7 0 27 69 39 47 26 16 67 ]
[ 42 74 36 31 5 35 20 20 57 4 5 6 51 40 79 40 53 48 80 56 39 39 59 79 13 17 22 62 10 12 33 4 38 21 35 43 56 56 15 65 60 21 71 63 13 2 55 19 3 35 ]
[ 17 47 16 40 25 48 64 41 62 26 48 88 46 18 14 25 30 65 3 14 32 36 5 47 35 66 22 62 83 81 40 52 28 8 45 6 56 9 99 18 87 48 7 33 18 21 11 0 38 14 ]
[ 26 93 73 66 7 48 19 21 83 2 52 80 45 20 23 8 9 10 97 39 70 1 15 3 55 25 26 43 88 65 2 14 10 27 32 69 27 52 91 11 6 43 43 51 16 19 12 77 29 9 ]
[ 9 13 57 35 35 7 12 23 24 24 14 5 35 28 8 86 91 35 42 72 1 23 76 29 67 44 75 5 71 1 16 81 14 25 68 1 32 80 24 8 4 90 13 92 18 22 78 62 9 72 ]
[ 21 90 80 9 15 56 3 9 40 69 90 21 19 63 42 48 36 25 80 0 18 35 2 10 2 48 6 92 30 1 19 3 44 0 65 11 56 20 20 48 89 62 70 8 26 64 9 62 89 41 ]
[ 17 7 49 16 8 15 21 71 94 77 22 71 19 63 9 17 49 2 65 47 30 26 49 9 90 17 14 18 18 79 53 35 38 54 52 46 69 25 70 15 2 92 39 73 7 0 90 9 2 7 ]
[ 18 40 72 58 54 11 93 59 57 45 65 62 62 5 22 46 53 11 45 19 65 70 9 18 14 75 13 8 82 21 25 52 61 49 10 68 60 4 27 17 1 44 32 63 49 6 9 2 18 6 ]
[ 30 80 16 61 74 43 62 9 15 26 65 20 49 2 34 34 36 1 32 15 3 7 96 40 45 35 72 46 48 62 33 30 42 49 43 16 45 6 25 60 32 42 32 33 44 66 20 33 19 52 ]
[ 46 16 71 26 7 40 9 72 43 43 94 22 73 22 34 12 8 6 6 6 4 23 21 77 30 21 54 80 82 20 57 28 36 28 6 95 20 67 19 15 10 66 37 35 88 24 0 96 82 6 ]
[ 26 66 6 42 83 55 1 17 98 19 2 6 85 33 87 0 94 64 5 24 24 16 51 42 10 88 46 14 31 90 43 9 8 1 4 91 8 57 60 6 28 14 65 13 48 4 66 42 69 23 ]
[ 19 12 92 57 99 27 42 30 49 22 26 66 29 33 39 34 88 71 13 45 74 10 36 6 18 0 33 25 38 45 85 10 9 77 67 9 5 61 39 6 84 17 24 13 50 64 0 38 35 13 ]
[ 96 17 42 2 10 35 53 14 65 52 14 10 32 27 78 20 64 64 0 49 50 56 52 1 16 1 37 7 56 88 20 4 5 14 6 15 49 11 81 66 63 47 76 48 74 6 68 38 70 20 ]

Timer (generate): 12ms real	10ms user	0ms sys
[ 33 6 18 43 25 35 79 97 30 50 33 32 53 65 4 93 99 7 76 34 72 53 64 22 79 60 15 22 25 95 20 58 2 90 54 79 25 33 28 55 83 61 40 88 27 96 82 26 4 58 ]
[ 12 76 11 76 51 43 89 66 65 14 14 37 24 68 27 78 99 5 63 28 12 99 89 52 87 68 1 69 46 57 79 58 85 43 87 36 86 76 55 3 42 69 40 66 37 19 97 88 24 60 ]
[ 16 89 59 6 41 47 26 94 16 73 51 48 83 37 91 22 25 77 50 80 32 92 49 72 11 38 43 8 27 68 68 43 57 28 1 50 75 28 97 43 53 48 91 36 37 34 11 63 63 61 ]
[ 43 95 54 45 19 17 35 63 25 62 83 93 58 92 21 11 94 48 91 91 44 44 92 87 33 29 22 44 44 85 5 88 33 11 85 52 28 20 67 53 83 50 99 93 94 20 4 89 21 96 ]
[ 32 65 92 24 4 25 6 26 69 2 64 27 90 49 90 27 1 19 48 69 24 83 71 23 28 66 96 32 7 69 80 91 34 73 68 90 50 74 17 72 76 33 99 19 82 89 98 35 60 46 ]
[ 56 37 81 28 12 9 46 8 94 5 77 74 96 63 99 64 54 50 90 23 22 19 8 73 90 42 14 88 77 27 87 34 64 20 14 28 30 12 89 76 69 18 50 65 34 2 82 40 52 72 ]
[ 63 26 43 23 99 33 65 65 74 42 92 13 28 8 33 42 37 15 6 26 91 75 96 94 93 30 96 75 70 0 99 85 78 43 8 77 28 73 94 54 68 87 67 96 95 53 91 84 68 97 ]
[ 62 12 25 59 6 18 89 54 93 60 6 92 97 84 87 6 13 68 31 7 74 51 46 42 48 42 47 91 78 15 40 41 27 65 0 85 83 41 91 76 53 49 21 51 33 60 9 98 80 40 ]
[ 58 55 92 4 49 92 98 96 35 77 63 75 18 43 41 70 80 76 11 72 5 65 21 78 68 7 90 77 57 71 69 15 78 13 20 79 57 18 27 92 47 42 20 65 85 61 87 66 89 99 ]
[ 90 94 16 63 72 84 22 63 13 80 86 34 95 64 48 67 95 5 38 22 50 85 64 70 3 2 83 90 20 72 89 10 67 57 25 91 93 48 54 58 28 40 93 75 56 41 43 51 98 81 ]
[ 25 0 18 42 22 21 44 5 64 16 30 5 26 49 63 3 40 8 51 47 67 79 39 60 55 96 53 50 47 3 31 25 4 1 67 26 75 63 84 39 79 66 44 57 67 7 60 59 16 12 ]
[ 6 35 43 46 95 50 42 48 0 41 51 83 18 7 85 37 86 60 0 70 99 31 88 43 40 55 3 53 14 71 17 21 6 60 19 53 63 13 1 63 6 4 47 25 64 32 62 50 44 15 ]
[ 20 43 98 8 38 91 15 93 44 29 64 61 2 22 73 21 75 36 86 28 52 93 85 99 70 49 83 84 99 27 99 19 70 50 79 60 41 46 54 37 75 70 50 30 93 75 51 68 64 90 ]
[ 49 16 83 34 15 53 83 98 37 82 77 89 53 99 91 84 59 32 30 13 21 5 84 71 35 29 46 39 97 10 29 98 26 64 32 93 69 15 43 58 49 20 47 2 19 38 38 31 22 68 ]
[ 96 43 26 32 14 13 61 13 4 11 23 85 9 2 49 42 47 18 9 43 77 11 15 76 65 87 67 4 18 41 24 14 85 50 99 51 16 60 16 20 71 40 6 81 94 55 75 93 26 36 ]
[ 88 55 47 4 83 13 43 50 69 13 92 93 27 29 96 26 32 12 39 49 32 10 41 38 43 87 46 70 32 24 59 21 31 6 77 14 71 20 17 92 33 61 86 12 42 82 91 74 94 30 ]
[ 23 26 92 16 17 88 3 15 58 36 39 17 57 22 76 34 36 99 6 5 92 39 66 30 3 60 12 94 35 58 76 10 36 69 27 5 9 30 20 19 18 11 89 27 33 65 13 22 16 19 ]
[ 27 60 10 46 90 14 6 54 60 41 64 37 4 1 58 31 58 19 13 79 38 32 90 27 11 76 44 25 98 61 44 77 73 7 23 64 21 82 70 33 75 35 22 79 88 80 62 46 51 76 ]
[ 77 90 60 20 17 71 96 62 96 46 75 93 23 0 0 99 64 73 33 87 6 8 22 29 40 62 61 2 8 13 30 86 3 42 6 72 66 54 86 14 0 13 7 75 14 59 26 30 84 59 ]
[ 17 91 68 91 72 8 53 33 62 14 98 45 52 53 87 10 26 5 64 64 20 16 78 79 91 44 91 18 74 75 77 44 66 97 35 38 57 41 24 20 55 74 65 59 28 4 69 6 10 33 ]

Running insertion sort algorithm: 
Timer (sort): 5123ms real	5120ms user	0ms sys
The output is sorted!
[ 19 0 55 13 98 9 13 64 13 22 36 23 61 54 43 56 18 34 6 34 34 42 49 4 62 98 69 66 29 58 2 1 58 57 14 8 18 27 72 31 2 8 6 63 62 1 19 33 36 26 ]
[ 64 18 62 44 29 5 51 41 38 51 21 11 15 60 24 9 1 41 18 15 77 39 32 61 16 14 28 40 50 80 15 14 98 30 11 27 35 14 21 25 65 94 37 32 54 61 94 8 3 12 ]
[ 6 41 56 41 36 29 76 27 22 20 84 18 21 35 25 29 89 79 35 8 31 28 6 60 2 38 1 59 39 64 18 45 57 26 38 46 7 67 25 29 39 10 48 13 97 25 42 38 4 30 ]
[ 68 45 30 27 41 12 30 30 3 19 97 48 59 19 15 13 8 10 26 54 29 52 14 52 50 28 42 54 23 40 29 43 38 12 70 79 24 52 61 27 23 11 27 34 30 43 47 90 5 26 ]
[ 62 0 42 23 11 32 62 46 46 23 55 46 83 35 18 23 25 56 81 85 11 30 4 4 5 11 8 16 2 90 23 16 42 17 91 53 49 6 52 47 29 7 93 65 42 63 40 19 20 21 ]
[ 7 53 26 96 11 95 8 46 2 26 91 30 21 10 40 88 5 11 72 41 26 2 18 52 48 61 35 7 38 47 42 45 0 20 93 12 67 1 10 21 27 1 52 49 11 92 89 16 56 13 ]
[ 21 30 37 13 41 54 8 22 8 53 82 22 10 2 10 5 7 83 18 13 34 67 21 4 10 32 19 56 87 82 29 8 12 66 73 6 72 81 28 80 35 62 2 97 64 13 55 23 48 25 ]
[ 68 24 25 36 23 55 22 7 28 53 89 37 5 79 38 90 49 39 9 33 39 29 27 23 17 41 60 49 70 26 46 39 50 23 27 25 79 1 32 7 54 21 97 12 52 35 2 2 26 11 ]
[ 17 52 61 40 19 43 91 9 10 45 13 17 13 43 42 63 27 1 9 2 64 77 33 69 45 2 50 93 2 79 87 71 31 0 11 3 43 54 12 5 0 77 22 65 72 17 29 0 18 90 ]
[ 16 1 15 37 4 4 6 26 8 38 12 40 8 42 6 21 61 4 96 15 49 97 94 25 68 33 58 18 69 7 77 85 60 44 23 64 49 29 42 9 19 7 49 80 49 7 53 10 64 49 ]
[ 27 2 31 47 37 18 5 37 1 14 39 2 45 40 10 63 8 38 72 18 40 39 6 48 33 4 78 83 21 40 91 0 94 74 48 84 92 5 73 45 71 12 47 17 4 10 32 13 48 57 ]
[ 23 26 92 16 17 88 3 15 58 36 39 17 57 22 76 34 36 99 6 5 92 39 66 30 3 60 12 94 35 58 76 10 36 69 27 5 9 30 20 19 18 11 89 27 33 65 13 22 16 19 ]
[ 56 34 11 8 7 23 46 46 13 80 57 18 3 44 6 81 65 34 59 55 76 60 45 52 3 79 90 70 15 19 48 24 5 11 32 12 35 30 10 48 62 20 19 18 16 77 51 82 11 10 ]
[ 42 99 51 24 56 70 53 20 13 5 11 44 58 42 6 5 10 31 37 9 33 12 15 6 89 40 97 5 35 19 34 77 18 37 54 26 7 7 47 72 65 10 68 23 52 75 81 15 58 18 ]
[ 58 22 38 69 32 70 87 87 49 60 56 44 40 28 31 5 26 49 62 0 3 0 7 27 1 6 33 63 0 33 18 11 7 8 32 92 31 19 79 80 31 87 76 24 68 7 29 46 8 43 ]
[ 85 5 48 42 48 39 75 15 22 69 17 33 29 47 39 6 8 44 45 62 40 27 1 13 25 24 74 94 53 15 62 39 72 10 33 20 50 60 35 24 29 4 9 11 52 48 69 12 93 14 ]
[ 7 49 18 42 29 44 61 96 2 48 30 88 17 58 94 19 86 44 30 33 15 12 21 23 31 46 20 24 57 56 0 16 6 18 10 87 14 71 83 69 71 13 57 40 23 3 59 9 0 42 ]
[ 46 19 43 73 96 66 4 56 46 14 8 20 14 3 88 57 3 28 46 55 43 42 44 65 44 57 34 40 35 15 12 33 35 8 7 83 74 63 39 21 29 0 41 44 3 81 1 59 9 47 ]
[ 20 24 62 26 62 56 3 35 9 76 98 38 49 3 26 23 18 64 48 39 45 21 14 39 19 73 12 20 8 99 6 28 23 20 6 37 76 62 25 86 38 23 76 39 27 2 14 97 18 63 ]
[ 12 22 7 42 6 66 17 87 31 30 24 44 80 17 22 93 30 37 35 20 64 5 61 72 22 59 1 19 51 39 37 63 13 96 5 19 15 75 6 46 57 31 90 38 48 12 31 30 1 67 ]

Timer (generate): 8ms real	0ms user	0ms sys
[ 19 9 69 3 4 72 83 54 29 38 89 88 44 59 91 26 3 66 20 82 43 19 84 89 83 85 13 8 30 54 98 49 16 67 52 72 39 36 26 20 26 67 8 71 26 52 49 81 18 69 ]
[ 64 61 41 0 50 76 37 16 85 67 22 35 16 38 3 21 62 94 57 88 15 35 8 75 6 34 27 8 16 45 77 32 6 18 84 9 95 22 77 32 41 99 67 58 90 22 79 52 17 88 ]
[ 93 84 23 1 59 82 87 39 90 55 84 19 87 43 90 72 52 37 46 81 69 87 80 88 97 70 11 28 75 80 68 68 64 92 21 75 26 8 14 68 64 51 87 3 94 77 27 98 14 73 ]
[ 79 35 61 59 76 10 82 87 39 9 19 7 77 35 51 50 10 77 10 77 45 26 28 85 30 22 62 57 72 29 83 51 16 96 62 92 6 96 31 45 5 50 53 34 85 56 84 48 86 47 ]
[ 25 31 73 5 68 55 79 83 13 51 12 48 2 80 44 16 25 50 13 56 48 18 59 53 5 96 9 89 44 95 88 21 79 62 78 47 17 57 30 82 8 94 82 10 27 26 27 52 29 92 ]
[ 8 77 10 67 82 15 16 91 57 12 39 45 86 70 59 64 17 29 22 0 63 30 46 46 93 73 72 72 25 53 64 34 82 74 53 64 42 21 8 51 34 47 48 20 69 8 84 38 89 6 ]
[ 38 52 89 85 98 82 10 23 54 36 76 18 22 59 44 27 23 86 49 83 89 83 82 38 55 51 98 39 90 87 98 80 39 87 17 90 21 28 13 75 64 41 45 38 0 89 65 76 28 66 ]
[ 59 17 1 42 55 56 45 53 48 35 40 98 16 32 37 85 22 58 13 87 85 29 28 30 67 81 71 85 57 99 51 68 17 53 62 24 61 8 30 9 95 22 7 63 54 96 49 28 54 62 ]
[ 15 91 92 96 21 11 77 45 96 86 44 0 54 13 5 69 90 66 77 20 76 72 42 35 36 49 84 85 29 38 99 97 82 43 93 3 55 22 0 3 8 45 55 14 10 60 83 0 27 60 ]
[ 20 55 85 15 42 21 16 26 58 45 17 57 94 99 53 87 54 8 9 55 63 69 52 71 84 62 31 67 63 58 80 35 65 65 2 8 38 18 86 96 16 3 5 10 54 58 50 61 18 11 ]
[ 16 34 81 68 5 65 82 36 84 45 47 64 33 12 81 35 72 19 6 11 15 22 66 21 84 21 31 34 82 50 46 50 84 79 70 89 44 52 25 80 50 24 45 35 89 26 22 61 98 28 ]
[ 24 13 2 91 86 87 12 70 73 46 20 71 48 56 50 70 45 46 22 22 27 24 47 24 11 88 2 34 1 0 62 26 66 17 17 4 56 81 74 29 79 94 53 27 2 3 97 47 2 71 ]
[ 22 29 48 21 5 59 9 59 45 10 60 8 36 78 25 5 82 33 38 9 62 17 55 67 96 58 71 45 57 73 69 79 54 17 0 11 28 61 70 74 24 82 34 12 12 11 18 47 44 56 ]
[ 56 58 26 11 26 22 21 49 20 79 74 89 58 28 58 11 91 38 24 61 12 48 96 98 61 8 61 79 55 5 87 63 64 65 75 42 88 48 91 8 27 65 49 38 45 7 1 36 45 25 ]
[ 49 10 74 97 60 87 6 22 66 13 27 5 77 43 71 4 37 11 52 28 71 32 93 20 70 38 27 23 26 24 48 28 86 74 25 47 61 83 69 79 49 48 85 26 44 8 82 81 71 86 ]
[ 10 42 18 55 62 40 46 41 63 72 17 64 52 4 38 78 51 0 61 20 79 10 20 16 88 64 76 22 46 47 9 8 89 79 63 3 72 9 44 87 34 62 51 86 18 90 64 69 42 78 ]
[ 41 73 40 13 90 81 78 66 55 76 66 64 84 55 96 99 59 68 9 55 7 43 69 59 81 87 1 98 8 43 76 1 16 68 15 58 1 45 77 57 21 43 73 5 50 69 4 9 89 65 ]
[ 17 97 60 38 8 42 78 9 40 86 4 68 40 20 88 55 31 42 0 8 99 21 51 72 78 53 94 34 63 35 52 32 84 12 70 92 6 0 53 98 87 57 18 79 30 59 34 13 1 86 ]
[ 21 0 59 24 24 37 77 70 23 92 6 27 76 42 40 99 87 98 99 40 97 38 50 67 17 32 26 51 45 27 89 18 79 48 42 4 85 71 74 61 64 32 88 92 75 80 91 62 79 91 ]
[ 2 28 29 4 95 47 88 74 50 33 1 40 51 81 88 45 37 26 69 11 39 33 44 79 77 19 60 69 33 91 60 35 71 41 92 66 40 80 92 43 66 94 83 69 27 23 15 64 1 84 ]

Running insertion sort algorithm: 
Timer (sort): 5731ms real	5740ms user	0ms sys
The output is sorted!
[ 46 27 4 9 59 5 29 22 78 25 73 52 20 67 4 50 72 35 21 7 32 44 40 1 37 1 0 19 14 27 7 60 6 63 21 65 21 2 87 99 28 12 51 0 31 7 50 3 42 23 ]
[ 96 77 22 97 21 49 43 1 53 38 44 14 29 4 0 72 6 36 12 21 2 68 72 9 9 13 72 10 10 2 32 6 32 7 56 5 56 99 6 10 89 2 24 19 6 76 43 64 13 7 ]
[ 37 29 38 5 73 82 46 10 42 28 81 4 25 2 91 3 15 1 22 36 43 26 0 21 11 57 43 34 73 59 59 10 88 97 67 14 31 14 24 25 42 5 29 19 59 21 22 26 22 44 ]
[ 6 32 12 61 28 37 17 37 13 27 53 53 53 4 39 2 24 64 1 3 11 45 90 35 61 17 16 26 46 22 42 5 54 55 18 34 44 35 71 57 14 76 63 19 80 2 73 5 19 74 ]
[ 98 14 40 0 26 5 15 35 26 8 95 90 13 19 10 92 32 7 25 79 14 62 22 14 31 19 87 15 3 1 98 1 15 38 53 42 96 20 29 74 29 25 17 42 44 27 86 28 34 12 ]
[ 38 34 31 32 49 45 6 28 17 20 64 9 21 1 50 4 23 22 30 18 16 57 89 22 72 1 3 8 98 43 61 88 30 44 21 31 89 79 59 58 51 24 19 24 77 22 28 0 44 11 ]
[ 12 33 67 39 91 72 35 45 98 20 20 25 5 34 21 40 67 74 21 28 17 4 56 23 20 7 16 7 18 25 17 82 58 84 21 1 8 56 47 6 28 19 31 33 54 4 74 73 31 47 ]
[ 11 23 24 2 17 5 4 67 53 28 59 0 15 32 75 66 4 65 89 30 3 40 33 11 16 12 2 61 79 28 26 43 52 2 45 21 7 1 40 12 81 99 13 49 83 88 67 87 5 56 ]
[ 44 2 18 13 10 1 91 43 66 49 5 36 68 32 18 47 85 35 92 80 90 33 71 57 21 8 51 73 97 3 29 41 5 0 6 15 1 97 11 19 99 16 7 67 1 25 14 38 12 7 ]
[ 39 1 8 35 46 91 13 2 58 28 10 19 49 29 45 44 32 1 96 54 46 36 13 14 19 10 10 43 76 4 69 16 58 29 3 56 72 16 59 30 96 21 49 46 2 46 42 86 47 38 ]
[ 19 52 26 22 66 16 5 54 19 15 66 21 74 42 21 72 66 12 41 28 1 36 14 78 26 33 92 62 51 80 54 70 32 33 44 50 1 1 5 21 17 23 42 43 17 15 67 83 28 8 ]
[ 69 39 31 67 5 69 2 61 15 6 90 35 19 99 80 76 4 0 26 23 25 5 26 0 1 59 32 9 82 7 35 51 46 66 19 4 87 73 65 2 79 7 38 50 58 18 27 63 18 5 ]
[ 77 63 64 21 29 26 79 32 87 93 48 25 68 72 51 27 25 3 34 32 13 30 56 0 31 18 7 75 28 63 23 5 78 39 78 7 18 9 91 5 3 39 30 23 11 33 2 37 36 37 ]
[ 60 36 52 36 86 56 57 29 12 40 59 11 6 27 98 31 7 7 46 60 20 23 76 26 12 42 48 65 5 49 41 17 38 45 5 24 1 14 5 65 54 17 76 13 44 27 96 4 34 94 ]
[ 24 13 96 13 42 7 36 31 87 53 9 84 63 3 77 78 43 46 10 10 36 9 58 83 36 5 37 42 26 22 6 51 87 55 16 30 14 4 13 2 9 74 38 72 78 16 2 73 14 65 ]
[ 85 4 27 12 22 0 60 34 12 31 35 38 61 3 38 49 25 25 79 42 10 26 23 68 33 36 66 57 27 54 41 12 10 68 24 84 20 37 19 33 20 6 23 81 9 61 82 86 39 62 ]
[ 12 1 10 9 11 1 70 98 15 7 13 6 62 78 14 10 75 63 25 35 68 69 22 48 11 43 79 12 57 46 25 21 47 87 82 10 88 52 8 3 59 21 62 74 0 28 36 27 43 61 ]
[ 20 48 29 62 7 15 12 9 39 94 43 12 43 7 13 57 47 97 42 49 51 67 63 24 72 43 9 97 0 35 34 20 35 16 34 95 31 47 4 22 93 0 35 37 7 0 46 6 97 40 ]
[ 31 94 6 12 5 15 67 24 48 13 88 13 41 26 18 24 87 34 21 3 13 36 40 26 33 10 17 99 44 67 8 75 61 14 39 18 30 6 94 30 19 83 96 13 9 14 89 96 49 11 ]
[ 41 35 60 48 52 95 92 23 4 33 7 36 36 72 85 8 41 56 7 21 36 20 44 86 38 43 47 39 27 19 16 20 6 28 20 11 23 12 34 28 46 93 16 82 65 53 42 6 9 49 ]

