Timer (generate): 2ms real	0ms user	0ms sys
[ 86 70 71 50 54 33 69 11 67 9 ]
[ 56 44 5 23 8 6 18 16 56 99 ]
[ 79 90 95 50 69 29 31 4 83 94 ]
[ 56 69 16 27 71 22 60 40 33 79 ]
[ 49 41 75 55 17 83 13 35 52 69 ]
[ 86 31 60 33 81 81 62 64 85 45 ]
[ 10 41 66 26 20 37 49 32 30 34 ]
[ 12 79 76 87 86 93 71 0 80 75 ]
[ 21 18 58 33 51 39 15 14 56 52 ]
[ 11 66 94 30 93 66 19 42 99 49 ]
[ 28 11 81 4 50 67 49 73 19 81 ]
[ 48 93 99 6 26 51 98 41 17 54 ]
[ 94 80 72 40 62 65 6 82 59 5 ]
[ 31 88 68 64 44 71 84 94 44 3 ]
[ 75 45 48 27 3 75 78 1 16 47 ]
[ 7 62 79 80 2 42 97 61 24 9 ]
[ 18 7 97 39 72 93 10 56 39 6 ]
[ 11 15 3 60 94 7 35 72 60 3 ]
[ 71 20 18 50 0 72 44 49 33 68 ]
[ 58 4 28 7 43 0 1 5 8 40 ]

Running insertion sort algorithm: 
Timer (sort): 875ms real	870ms user	0ms sys
The output is sorted!
[ 61 18 2 20 9 11 29 3 3 26 ]
[ 15 28 18 10 11 17 39 13 27 4 ]
[ 13 31 15 9 45 1 9 16 47 0 ]
[ 0 0 13 60 31 1 71 5 9 1 ]
[ 58 4 28 7 43 0 1 5 8 40 ]
[ 6 7 16 53 8 15 11 63 2 27 ]
[ 50 1 36 0 29 52 4 34 3 4 ]
[ 3 2 21 16 49 0 4 37 72 11 ]
[ 54 9 31 50 22 2 8 19 3 18 ]
[ 18 74 3 6 60 0 3 16 40 0 ]
[ 16 40 18 7 3 42 7 14 25 49 ]
[ 25 15 6 6 27 91 23 0 6 25 ]
[ 38 23 22 28 0 5 54 11 10 33 ]
[ 13 43 87 1 21 3 18 0 17 24 ]
[ 49 3 12 11 20 4 37 22 1 71 ]
[ 0 2 0 82 24 45 30 29 11 9 ]
[ 7 41 8 57 16 13 6 14 22 51 ]
[ 2 15 42 52 0 9 4 61 43 7 ]
[ 49 27 24 16 59 47 7 0 6 1 ]
[ 13 50 40 27 12 6 2 48 16 24 ]

Timer (generate): 1ms real	0ms user	0ms sys
[ 49 33 21 33 63 74 14 63 53 5 ]
[ 98 81 66 46 31 12 34 28 64 57 ]
[ 4 23 90 29 60 10 65 20 53 0 ]
[ 78 54 33 99 88 48 26 54 64 31 ]
[ 12 62 12 78 9 95 90 95 23 6 ]
[ 52 79 30 94 8 42 5 73 14 10 ]
[ 25 92 64 10 43 4 59 21 11 23 ]
[ 52 23 37 16 1 46 11 91 94 34 ]
[ 50 46 66 80 93 26 74 50 0 88 ]
[ 60 25 32 76 36 27 33 47 49 44 ]
[ 22 53 67 59 70 68 58 33 11 52 ]
[ 20 61 50 86 93 43 12 19 93 64 ]
[ 7 5 42 91 82 30 19 15 29 20 ]
[ 11 51 73 78 62 95 98 20 81 61 ]
[ 24 1 75 75 39 20 70 3 40 16 ]
[ 68 99 21 62 91 55 44 10 22 73 ]
[ 82 33 24 7 63 86 55 13 59 36 ]
[ 27 83 89 54 10 28 74 81 31 14 ]
[ 97 51 66 70 65 57 26 9 19 48 ]
[ 82 1 34 58 8 97 97 63 63 56 ]

Running insertion sort algorithm: 
Timer (sort): 830ms real	830ms user	0ms sys
The output is sorted!
[ 18 2 1 18 45 12 3 8 53 20 ]
[ 9 9 83 1 18 2 11 12 31 11 ]
[ 51 22 14 18 28 13 5 4 12 25 ]
[ 7 32 36 28 18 7 17 6 31 15 ]
[ 41 2 12 14 24 4 49 1 54 0 ]
[ 13 2 5 96 28 9 4 10 40 8 ]
[ 30 29 2 5 13 25 23 38 38 15 ]
[ 16 15 4 27 17 85 32 3 1 21 ]
[ 27 26 8 5 18 7 15 26 89 4 ]
[ 2 15 60 14 2 57 59 3 4 12 ]
[ 50 24 24 4 28 30 13 44 10 2 ]
[ 72 18 17 24 6 24 4 38 12 15 ]
[ 88 23 7 10 12 16 29 5 17 24 ]
[ 2 4 15 70 7 22 32 20 31 28 ]
[ 32 30 1 27 31 13 15 42 21 19 ]
[ 27 9 46 4 18 22 39 10 18 39 ]
[ 15 63 23 27 11 38 9 13 29 6 ]
[ 0 10 4 15 29 61 16 22 22 56 ]
[ 52 58 11 7 8 38 1 17 30 16 ]
[ 4 27 64 5 6 49 11 36 26 10 ]

Timer (generate): 2ms real	0ms user	0ms sys
[ 79 44 72 0 74 37 44 30 88 50 ]
[ 41 43 74 98 13 19 16 80 93 2 ]
[ 61 3 19 13 7 65 58 15 78 61 ]
[ 22 57 58 47 9 32 84 5 14 72 ]
[ 55 55 67 82 53 81 53 69 13 46 ]
[ 23 26 2 43 39 9 60 98 76 90 ]
[ 11 51 99 69 98 8 1 82 65 67 ]
[ 7 21 22 74 3 27 7 56 48 20 ]
[ 55 72 99 57 67 38 18 27 88 94 ]
[ 70 0 97 69 21 95 30 23 78 95 ]
[ 90 37 16 65 11 71 92 71 80 41 ]
[ 91 35 65 42 44 32 81 62 11 69 ]
[ 8 81 21 6 51 43 53 81 18 83 ]
[ 76 60 20 45 25 84 68 70 55 48 ]
[ 63 98 35 28 41 79 60 74 93 71 ]
[ 43 54 53 17 12 4 60 65 37 78 ]
[ 49 65 38 21 10 16 5 79 86 60 ]
[ 79 49 11 15 77 52 46 89 26 92 ]
[ 60 21 98 13 38 62 69 98 27 58 ]
[ 28 28 24 67 2 34 83 7 65 21 ]

Running insertion sort algorithm: 
Timer (sort): 807ms real	800ms user	0ms sys
The output is sorted!
[ 26 7 41 13 30 1 33 10 17 2 ]
[ 21 74 9 5 9 11 31 3 8 10 ]
[ 26 7 21 2 28 6 33 26 9 25 ]
[ 2 4 9 25 34 18 72 10 0 11 ]
[ 17 12 19 1 15 25 0 6 8 84 ]
[ 2 78 24 6 8 7 3 31 38 8 ]
[ 39 21 16 14 26 8 30 12 1 39 ]
[ 81 7 13 23 59 3 5 5 2 13 ]
[ 19 18 9 1 9 37 3 13 41 65 ]
[ 10 8 5 11 19 12 13 59 14 64 ]
[ 23 15 63 12 11 1 47 2 23 20 ]
[ 28 14 18 13 16 0 23 25 19 65 ]
[ 68 70 7 4 11 24 14 12 12 2 ]
[ 42 5 6 41 31 2 4 40 38 15 ]
[ 61 28 9 23 15 6 5 4 56 17 ]
[ 4 31 3 17 30 13 63 14 17 36 ]
[ 0 0 56 7 44 25 11 31 25 30 ]
[ 21 48 51 39 16 10 8 1 15 26 ]
[ 51 0 23 41 14 2 45 19 12 29 ]
[ 13 9 31 24 34 7 10 38 55 15 ]

Timer (generate): 2ms real	0ms user	0ms sys
[ 69 65 81 60 27 0 79 33 1 70 ]
[ 62 30 21 16 79 24 90 7 96 4 ]
[ 22 30 94 49 95 48 69 32 49 10 ]
[ 24 71 75 57 83 2 57 62 87 58 ]
[ 84 49 40 57 66 20 82 8 79 30 ]
[ 13 2 12 7 51 8 8 20 92 9 ]
[ 30 68 80 57 26 64 12 35 78 99 ]
[ 46 63 49 86 72 67 58 6 27 38 ]
[ 37 40 40 1 0 43 9 8 15 54 ]
[ 69 98 22 50 7 0 66 19 36 96 ]
[ 19 82 59 20 68 84 87 27 90 14 ]
[ 65 27 7 57 81 7 52 42 67 19 ]
[ 96 36 69 71 38 77 71 56 96 7 ]
[ 53 15 41 64 35 10 48 74 89 39 ]
[ 41 6 18 48 15 99 7 67 42 26 ]
[ 86 90 14 56 61 53 85 85 61 81 ]
[ 44 14 97 86 79 84 48 27 11 37 ]
[ 18 52 95 37 52 10 88 11 29 82 ]
[ 37 67 73 51 75 34 56 60 71 18 ]
[ 42 16 84 91 2 63 75 50 43 38 ]

Running insertion sort algorithm: 
Timer (sort): 826ms real	820ms user	0ms sys
The output is sorted!
[ 3 29 32 40 4 5 14 1 13 22 ]
[ 23 19 4 46 19 39 0 11 10 22 ]
[ 63 1 6 1 50 16 12 8 27 9 ]
[ 1 29 20 4 1 17 2 17 14 92 ]
[ 11 0 38 47 25 5 13 7 53 6 ]
[ 1 80 48 3 8 8 5 10 28 16 ]
[ 5 31 33 23 14 25 22 6 39 18 ]
[ 8 26 3 16 82 20 32 7 10 13 ]
[ 13 2 12 7 51 8 8 20 92 9 ]
[ 28 3 32 23 69 14 9 3 14 30 ]
[ 16 0 24 97 0 1 7 58 12 12 ]
[ 34 8 14 16 2 11 20 32 2 90 ]
[ 3 48 1 48 25 1 2 38 56 7 ]
[ 12 0 86 17 35 19 2 21 27 12 ]
[ 27 5 13 89 19 8 13 21 5 32 ]
[ 15 39 17 22 25 11 15 31 37 20 ]
[ 6 3 20 9 4 58 73 57 3 0 ]
[ 17 55 15 4 22 25 0 1 93 1 ]
[ 4 60 3 91 19 7 4 13 20 14 ]
[ 66 29 1 0 66 29 7 14 20 4 ]

Timer (generate): 2ms real	0ms user	0ms sys
[ 3 62 64 61 84 36 88 34 76 86 ]
[ 28 9 57 64 95 94 34 19 61 95 ]
[ 37 84 88 68 24 80 92 43 76 47 ]
[ 93 79 62 9 40 46 45 80 32 74 ]
[ 66 12 83 75 76 78 21 62 97 34 ]
[ 9 87 71 98 7 95 30 51 38 6 ]
[ 99 83 85 61 93 77 59 90 9 91 ]
[ 64 28 55 99 3 83 29 77 45 79 ]
[ 11 7 18 82 5 25 78 35 77 68 ]
[ 93 28 4 30 41 49 7 0 91 68 ]
[ 43 56 96 50 7 52 33 37 29 30 ]
[ 68 40 37 86 75 42 11 5 29 40 ]
[ 25 22 20 29 52 61 30 11 13 22 ]
[ 80 8 30 76 58 37 80 91 26 9 ]
[ 22 94 2 11 80 77 54 44 82 35 ]
[ 36 7 58 57 89 62 70 19 26 36 ]
[ 41 6 96 71 34 7 61 15 50 87 ]
[ 76 24 34 78 36 14 55 90 10 89 ]
[ 77 47 49 87 56 38 50 78 57 76 ]
[ 14 99 34 63 22 20 70 83 87 20 ]

Running insertion sort algorithm: 
Timer (sort): 836ms real	830ms user	0ms sys
The output is sorted!
[ 17 23 69 4 2 1 0 16 42 1 ]
[ 14 0 24 69 2 7 3 26 17 13 ]
[ 9 24 29 1 35 1 22 24 15 25 ]
[ 26 1 16 5 19 7 33 8 4 66 ]
[ 24 2 29 3 6 22 45 25 7 29 ]
[ 42 9 1 43 19 23 11 10 7 29 ]
[ 13 4 47 9 9 60 11 12 28 1 ]
[ 4 30 12 8 14 38 10 51 22 10 ]
[ 0 7 40 11 15 66 11 13 7 34 ]
[ 30 9 8 3 7 8 5 16 94 24 ]
[ 8 57 3 24 7 33 8 60 8 4 ]
[ 21 23 21 1 10 16 27 53 10 40 ]
[ 0 13 23 14 52 36 16 9 54 6 ]
[ 1 39 68 5 6 14 8 12 50 22 ]
[ 19 19 3 4 21 2 34 23 9 95 ]
[ 16 4 1 3 76 12 26 11 82 0 ]
[ 16 10 22 29 14 77 15 11 14 25 ]
[ 6 14 6 32 73 34 17 1 38 16 ]
[ 7 0 58 14 33 47 10 33 27 11 ]
[ 29 26 15 46 24 25 30 1 8 36 ]

Timer (generate): 2ms real	0ms user	0ms sys
[ 89 97 1 10 24 56 63 0 58 93 ]
[ 80 69 65 5 0 62 71 6 87 67 ]
[ 50 26 73 60 99 50 89 15 54 5 ]
[ 70 43 55 72 5 79 80 68 31 90 ]
[ 14 11 59 79 16 12 94 39 18 33 ]
[ 7 68 59 80 81 10 31 70 25 37 ]
[ 76 48 32 31 72 37 62 52 57 94 ]
[ 95 23 57 6 3 26 18 49 65 89 ]
[ 82 24 9 41 57 90 3 40 13 28 ]
[ 77 89 76 61 72 48 98 34 53 7 ]
[ 80 0 31 90 6 86 16 77 87 33 ]
[ 66 69 10 75 62 67 18 65 7 31 ]
[ 45 36 20 22 97 44 22 47 30 27 ]
[ 6 11 27 89 1 86 75 69 15 14 ]
[ 54 81 83 64 8 45 31 26 62 90 ]
[ 57 8 26 29 82 23 25 4 22 56 ]
[ 84 29 67 63 18 20 49 46 41 64 ]
[ 60 95 97 44 60 6 41 43 84 4 ]
[ 34 94 64 60 75 46 36 1 2 58 ]
[ 57 86 87 76 50 6 48 51 52 89 ]

Running insertion sort algorithm: 
Timer (sort): 840ms real	840ms user	0ms sys
The output is sorted!
[ 8 31 7 8 23 16 21 9 25 24 ]
[ 18 32 16 29 26 0 28 20 7 9 ]
[ 22 32 4 22 45 7 4 5 51 1 ]
[ 27 56 2 24 10 5 33 2 18 22 ]
[ 5 80 5 17 0 17 7 31 1 47 ]
[ 4 8 48 8 23 57 14 23 14 16 ]
[ 65 36 11 9 7 2 31 7 45 7 ]
[ 11 53 45 2 44 0 22 34 10 1 ]
[ 20 5 10 36 24 12 7 15 79 15 ]
[ 11 22 12 9 38 26 7 39 37 22 ]
[ 30 51 28 5 26 13 5 28 33 5 ]
[ 13 20 23 18 16 38 21 12 50 14 ]
[ 16 11 21 40 4 31 52 42 5 7 ]
[ 11 3 8 66 12 1 24 41 10 53 ]
[ 10 25 41 17 21 22 14 61 14 7 ]
[ 17 4 33 81 4 30 28 10 26 0 ]
[ 6 16 18 33 12 4 27 64 19 35 ]
[ 25 45 4 13 38 40 3 5 39 22 ]
[ 10 8 59 4 4 60 11 19 56 5 ]
[ 2 75 24 51 21 22 18 2 20 2 ]

Timer (generate): 2ms real	0ms user	0ms sys
[ 17 8 32 32 34 74 57 68 78 68 ]
[ 89 16 63 90 66 84 11 57 10 65 ]
[ 58 79 63 8 12 14 94 93 1 89 ]
[ 52 18 49 85 50 84 11 59 4 41 ]
[ 28 45 58 43 35 76 79 98 85 41 ]
[ 64 43 21 27 3 33 93 97 78 94 ]
[ 39 82 64 88 67 15 72 78 74 28 ]
[ 20 54 74 30 49 9 6 80 8 91 ]
[ 22 24 86 95 3 89 80 49 38 10 ]
[ 95 77 92 60 18 60 27 42 38 53 ]
[ 71 10 8 97 40 9 58 46 90 18 ]
[ 89 12 42 75 59 98 16 39 47 55 ]
[ 49 94 84 41 54 2 1 81 97 92 ]
[ 87 68 2 95 65 95 56 75 41 46 ]
[ 94 83 10 36 10 69 86 27 8 85 ]
[ 34 57 80 18 99 86 73 52 20 70 ]
[ 96 7 90 51 54 55 46 10 82 39 ]
[ 57 76 22 67 65 33 89 51 60 97 ]
[ 37 94 7 69 64 58 55 37 10 27 ]
[ 7 59 34 97 10 88 4 56 99 87 ]

Running insertion sort algorithm: 
Timer (sort): 919ms real	920ms user	0ms sys
The output is sorted!
[ 11 5 19 1 7 4 21 10 24 33 ]
[ 24 0 14 11 3 6 25 17 1 76 ]
[ 26 5 3 13 0 48 60 10 6 8 ]
[ 4 44 60 11 16 8 5 10 13 17 ]
[ 16 24 23 1 17 2 27 6 72 17 ]
[ 2 5 2 69 60 3 13 8 17 28 ]
[ 17 17 46 18 40 2 7 7 25 32 ]
[ 39 56 25 1 12 40 22 2 19 1 ]
[ 18 28 2 45 12 4 50 22 38 1 ]
[ 7 60 21 0 8 33 30 7 30 24 ]
[ 3 46 86 12 5 10 13 14 30 4 ]
[ 14 9 58 24 29 18 46 26 3 2 ]
[ 26 4 1 11 14 3 68 42 47 13 ]
[ 22 41 1 20 21 17 22 28 35 26 ]
[ 6 99 23 13 0 7 33 18 14 23 ]
[ 16 11 23 1 3 55 2 36 45 44 ]
[ 19 72 1 1 5 8 7 52 9 63 ]
[ 17 15 62 24 12 1 6 33 48 20 ]
[ 0 3 18 21 41 38 43 72 0 4 ]
[ 19 18 15 8 29 8 11 13 70 49 ]

Timer (generate): 3ms real	0ms user	0ms sys
[ 23 48 43 70 5 44 35 86 1 48 ]
[ 70 8 25 36 89 82 18 28 99 57 ]
[ 65 9 42 19 40 39 35 97 26 66 ]
[ 70 49 66 13 71 24 57 6 10 59 ]
[ 54 80 19 32 69 60 14 87 88 65 ]
[ 44 5 74 39 76 66 78 64 15 56 ]
[ 82 85 6 48 98 77 24 56 36 34 ]
[ 67 42 67 86 26 36 46 40 75 86 ]
[ 58 71 43 84 10 72 51 41 36 66 ]
[ 97 18 52 55 18 2 85 43 10 73 ]
[ 29 77 67 48 15 94 36 13 86 11 ]
[ 51 96 83 47 81 45 19 84 86 55 ]
[ 50 36 25 54 43 95 9 28 38 19 ]
[ 53 20 97 21 68 64 67 5 78 53 ]
[ 68 29 2 51 28 83 97 47 67 35 ]
[ 54 69 23 79 24 67 75 33 47 65 ]
[ 4 53 37 1 74 6 66 93 63 96 ]
[ 98 31 77 0 83 6 83 32 53 2 ]
[ 19 8 72 43 39 48 62 66 33 61 ]
[ 84 37 14 21 39 40 79 57 33 42 ]

Running insertion sort algorithm: 
Timer (sort): 867ms real	870ms user	0ms sys
The output is sorted!
[ 26 0 14 16 52 7 39 4 2 1 ]
[ 5 51 19 4 40 9 3 6 7 28 ]
[ 6 2 24 40 20 3 35 33 19 6 ]
[ 6 20 15 0 61 3 73 3 0 12 ]
[ 38 15 8 15 61 5 24 1 0 35 ]
[ 39 18 14 21 0 46 0 3 24 42 ]
[ 2 24 0 22 4 34 63 23 32 3 ]
[ 28 35 36 1 4 23 8 24 43 11 ]
[ 1 8 27 11 2 3 37 17 68 48 ]
[ 66 44 11 16 25 38 1 4 0 19 ]
[ 2 6 39 67 3 62 1 26 8 11 ]
[ 9 10 3 35 36 11 3 69 37 16 ]
[ 14 10 0 15 16 21 40 77 20 18 ]
[ 17 30 12 57 7 20 0 22 52 14 ]
[ 9 2 2 45 69 32 15 11 5 43 ]
[ 32 50 1 26 7 58 42 3 8 8 ]
[ 15 84 19 29 34 3 9 14 11 17 ]
[ 3 67 15 34 9 15 5 21 14 55 ]
[ 8 45 21 13 18 21 43 16 40 13 ]
[ 3 8 2 31 10 42 16 15 23 90 ]

Timer (generate): 2ms real	0ms user	0ms sys
[ 0 15 42 58 98 79 12 40 92 13 ]
[ 55 74 53 34 43 15 46 66 87 94 ]
[ 51 28 69 26 98 43 31 39 76 6 ]
[ 47 28 74 89 86 72 20 51 64 13 ]
[ 64 71 87 18 58 30 33 4 49 72 ]
[ 50 0 53 19 79 51 14 10 42 90 ]
[ 69 89 70 43 30 9 67 51 60 32 ]
[ 16 24 55 55 42 13 37 28 17 86 ]
[ 52 67 87 5 38 18 9 52 28 51 ]
[ 94 49 93 65 44 23 74 12 26 86 ]
[ 96 42 10 51 49 5 65 87 85 34 ]
[ 25 37 54 64 43 92 82 52 97 63 ]
[ 55 91 12 48 8 57 72 34 21 50 ]
[ 20 69 45 83 20 94 88 37 33 25 ]
[ 24 59 62 78 23 57 22 58 61 19 ]
[ 21 17 63 85 17 23 94 41 58 15 ]
[ 92 30 84 37 13 57 83 53 46 17 ]
[ 78 70 76 41 48 51 50 23 9 64 ]
[ 42 82 33 57 68 50 81 62 92 91 ]
[ 30 36 21 66 73 35 23 56 40 22 ]

Running insertion sort algorithm: 
Timer (sort): 885ms real	880ms user	0ms sys
The output is sorted!
[ 11 13 2 8 7 18 1 28 24 14 ]
[ 7 19 8 2 39 24 3 6 65 2 ]
[ 26 3 57 2 19 27 12 7 17 11 ]
[ 7 10 21 16 0 24 58 10 32 22 ]
[ 7 21 33 11 1 19 16 69 12 13 ]
[ 7 53 22 33 40 8 7 24 9 1 ]
[ 1 59 12 39 31 45 9 0 14 5 ]
[ 24 46 15 26 11 19 0 16 52 8 ]
[ 56 13 5 18 13 20 11 46 28 10 ]
[ 1 7 19 55 8 18 48 68 1 4 ]
[ 58 25 8 11 48 35 2 11 16 16 ]
[ 1 87 11 15 2 11 7 0 11 87 ]
[ 76 5 30 2 15 12 0 4 39 50 ]
[ 20 3 14 24 2 6 85 27 33 19 ]
[ 69 24 2 76 9 15 23 9 10 0 ]
[ 10 7 5 30 11 26 68 3 51 28 ]
[ 22 27 31 51 5 16 7 13 21 50 ]
[ 15 61 0 20 36 13 13 46 18 22 ]
[ 8 15 50 21 8 18 31 43 22 30 ]
[ 62 6 6 19 19 1 7 3 42 82 ]

Timer (generate): 2ms real	0ms user	0ms sys
[ 1 9 85 32 71 88 93 89 73 99 ]
[ 90 35 48 79 98 39 25 74 77 62 ]
[ 70 99 45 75 50 27 64 96 8 38 ]
[ 43 61 99 80 46 71 68 91 12 93 ]
[ 90 55 80 91 34 79 30 59 5 60 ]
[ 22 27 11 19 3 13 98 19 61 58 ]
[ 58 4 20 57 36 18 80 4 9 93 ]
[ 50 52 48 82 43 34 13 25 45 19 ]
[ 37 19 46 48 90 1 13 89 21 74 ]
[ 99 31 30 71 40 66 89 21 23 99 ]
[ 66 25 51 66 7 46 0 21 71 97 ]
[ 92 9 69 90 9 59 92 23 0 65 ]
[ 49 0 96 80 71 88 46 61 61 69 ]
[ 12 27 94 63 93 54 9 45 27 32 ]
[ 43 19 41 12 9 3 23 1 26 24 ]
[ 18 75 76 14 7 47 55 54 60 16 ]
[ 75 72 44 22 87 89 28 96 35 55 ]
[ 81 30 74 74 42 83 77 17 37 55 ]
[ 41 7 31 17 74 90 17 29 44 29 ]
[ 45 72 54 41 46 41 31 74 90 66 ]

Running insertion sort algorithm: 
Timer (sort): 925ms real	910ms user	0ms sys
The output is sorted!
[ 11 14 11 23 17 31 0 11 5 50 ]
[ 25 5 27 7 10 22 5 13 13 54 ]
[ 9 52 0 27 24 5 28 8 5 24 ]
[ 15 24 18 43 44 26 8 10 5 1 ]
[ 43 19 41 12 9 3 23 1 26 24 ]
[ 1 8 32 13 64 1 2 36 35 10 ]
[ 12 74 6 0 35 37 15 26 2 6 ]
[ 3 8 35 10 12 14 8 45 38 42 ]
[ 3 4 3 25 13 1 39 21 67 39 ]
[ 17 31 49 20 26 14 0 14 29 15 ]
[ 54 33 31 13 3 4 11 27 20 26 ]
[ 15 3 16 5 99 70 0 9 3 3 ]
[ 53 31 3 28 3 21 17 41 22 7 ]
[ 6 15 30 16 0 35 53 31 4 38 ]
[ 11 64 22 14 47 3 11 27 9 22 ]
[ 21 9 43 40 22 17 28 11 7 33 ]
[ 25 71 33 5 6 45 22 9 8 7 ]
[ 3 69 2 9 17 58 10 44 5 14 ]
[ 0 13 12 56 9 2 28 71 15 26 ]
[ 33 13 59 6 4 11 80 7 5 16 ]

Timer (generate): 2ms real	0ms user	0ms sys
[ 14 21 95 93 80 54 78 62 30 11 ]
[ 15 30 19 56 76 56 75 72 97 58 ]
[ 60 39 40 74 66 99 88 54 48 81 ]
[ 36 62 55 31 56 87 85 86 2 15 ]
[ 49 17 97 21 74 74 29 49 98 26 ]
[ 59 58 18 99 85 36 50 25 42 50 ]
[ 7 78 13 14 9 21 1 94 59 3 ]
[ 62 8 73 59 81 47 85 11 48 83 ]
[ 89 7 42 7 59 79 43 61 4 86 ]
[ 12 63 64 25 77 74 98 31 20 57 ]
[ 86 82 17 59 42 51 58 27 62 6 ]
[ 11 3 66 5 11 77 36 6 38 40 ]
[ 44 50 56 61 27 85 87 25 16 7 ]
[ 34 3 90 4 14 84 55 73 11 69 ]
[ 31 74 72 97 31 35 26 67 42 65 ]
[ 60 86 67 68 47 95 53 34 72 22 ]
[ 94 7 77 84 63 91 20 18 64 83 ]
[ 87 48 58 59 45 41 95 24 61 89 ]
[ 89 73 75 56 41 75 3 46 61 28 ]
[ 68 55 87 45 91 50 37 11 68 53 ]

Running insertion sort algorithm: 
Timer (sort): 937ms real	940ms user	0ms sys
The output is sorted!
[ 45 17 0 7 9 21 6 1 37 27 ]
[ 18 36 0 0 6 34 11 28 23 25 ]
[ 12 7 0 10 10 41 28 60 5 21 ]
[ 54 4 17 17 5 17 18 0 65 4 ]
[ 9 13 22 3 21 4 9 0 78 42 ]
[ 0 10 23 20 21 54 8 19 17 31 ]
[ 7 3 41 46 35 0 46 6 18 6 ]
[ 10 85 0 0 32 3 2 10 37 32 ]
[ 2 54 51 24 52 10 2 6 6 4 ]
[ 10 53 29 56 5 15 15 3 5 23 ]
[ 2 39 7 16 9 4 1 16 61 61 ]
[ 0 8 4 1 32 75 8 6 20 63 ]
[ 27 14 21 12 5 60 46 17 18 1 ]
[ 7 0 3 49 50 19 44 14 27 12 ]
[ 16 49 2 6 1 14 10 38 59 32 ]
[ 74 38 9 3 0 4 52 10 19 23 ]
[ 79 72 1 8 7 20 4 4 31 8 ]
[ 11 42 35 9 41 16 6 13 53 9 ]
[ 21 48 14 24 20 1 74 28 0 9 ]
[ 0 37 47 9 37 89 0 11 3 6 ]

Timer (generate): 3ms real	0ms user	0ms sys
[ 26 79 55 94 75 87 23 31 14 38 ]
[ 10 55 45 71 18 53 90 15 86 25 ]
[ 76 28 29 35 64 83 46 30 24 95 ]
[ 66 50 26 21 45 53 8 20 84 74 ]
[ 58 47 30 55 70 48 60 60 15 46 ]
[ 37 91 27 67 26 91 2 72 73 26 ]
[ 19 39 29 98 61 26 51 21 46 88 ]
[ 96 56 35 78 63 57 78 23 69 94 ]
[ 22 6 85 49 25 64 92 27 36 65 ]
[ 6 8 4 35 6 17 13 57 91 11 ]
[ 45 39 67 32 17 30 41 95 5 62 ]
[ 89 27 69 75 28 94 39 20 74 27 ]
[ 37 80 87 94 67 93 11 80 3 54 ]
[ 91 0 93 10 85 10 92 26 58 97 ]
[ 89 47 77 10 74 57 56 65 30 30 ]
[ 93 67 62 32 61 29 26 25 61 81 ]
[ 79 52 81 25 14 66 87 6 93 45 ]
[ 56 34 93 33 44 19 90 52 85 20 ]
[ 83 30 88 45 62 1 27 88 78 88 ]
[ 21 58 93 3 35 7 69 22 14 14 ]

Running insertion sort algorithm: 
Timer (sort): 934ms real	930ms user	0ms sys
The output is sorted!
[ 1 10 74 1 17 7 4 2 25 15 ]
[ 5 0 1 36 3 3 1 21 49 41 ]
[ 8 9 27 28 19 5 32 18 28 7 ]
[ 6 81 5 8 8 16 33 2 37 2 ]
[ 31 47 4 15 12 4 32 2 0 53 ]
[ 5 77 47 3 10 39 1 16 3 0 ]
[ 34 2 5 12 12 66 51 2 1 16 ]
[ 7 53 15 17 40 3 1 46 9 13 ]
[ 16 14 24 41 16 55 3 14 2 32 ]
[ 8 0 22 2 54 37 17 44 10 27 ]
[ 41 39 1 26 13 17 6 28 18 32 ]
[ 23 16 2 30 51 9 21 2 41 28 ]
[ 87 6 73 5 5 22 8 3 12 3 ]
[ 32 36 2 8 18 23 16 26 23 41 ]
[ 64 54 14 4 2 22 10 7 16 32 ]
[ 6 11 16 9 52 23 16 15 66 13 ]
[ 5 5 16 53 55 7 3 36 18 31 ]
[ 14 13 12 6 50 23 13 11 63 26 ]
[ 37 3 11 29 20 5 80 23 5 18 ]
[ 31 20 15 8 2 6 6 35 99 10 ]

Timer (generate): 2ms real	0ms user	0ms sys
[ 40 77 32 72 97 32 45 45 62 23 ]
[ 60 75 3 24 11 69 66 72 56 30 ]
[ 59 55 68 23 24 85 47 1 35 66 ]
[ 28 76 43 12 0 41 96 45 86 10 ]
[ 20 99 85 24 75 49 93 41 73 1 ]
[ 71 32 56 91 8 32 76 55 86 12 ]
[ 21 66 40 17 78 40 10 26 37 96 ]
[ 36 57 47 74 81 22 23 27 63 96 ]
[ 28 86 81 37 77 89 69 6 96 7 ]
[ 18 69 73 10 86 3 50 96 29 87 ]
[ 45 18 96 92 92 78 67 15 57 30 ]
[ 63 37 69 44 26 98 85 48 4 81 ]
[ 55 74 51 29 84 89 32 34 86 14 ]
[ 73 83 32 70 75 24 0 42 39 9 ]
[ 25 2 46 46 99 25 44 36 73 49 ]
[ 18 28 75 21 57 60 62 42 46 48 ]
[ 56 72 31 88 42 59 64 94 53 3 ]
[ 55 78 57 53 76 8 78 21 45 51 ]
[ 22 15 80 97 88 89 9 50 31 56 ]
[ 51 39 28 34 79 22 93 43 68 99 ]

Running insertion sort algorithm: 
Timer (sort): 951ms real	950ms user	0ms sys
The output is sorted!
[ 23 59 25 1 7 6 3 16 6 15 ]
[ 14 14 80 23 7 10 11 0 3 5 ]
[ 14 13 0 38 4 3 46 55 18 1 ]
[ 1 52 23 32 17 11 8 16 35 5 ]
[ 86 6 0 31 5 2 17 34 1 34 ]
[ 5 36 10 20 9 42 12 32 11 42 ]
[ 10 13 13 35 45 48 27 9 19 3 ]
[ 25 30 1 4 19 10 30 63 3 37 ]
[ 37 24 2 8 23 92 23 10 1 5 ]
[ 0 2 77 9 27 46 5 9 9 43 ]
[ 27 19 34 25 45 25 0 11 31 12 ]
[ 35 75 46 9 3 4 6 7 38 8 ]
[ 28 24 39 22 7 9 1 51 3 49 ]
[ 2 5 11 8 33 9 38 79 8 41 ]
[ 33 13 29 29 29 37 15 6 29 15 ]
[ 12 4 38 4 26 16 32 21 57 26 ]
[ 38 38 12 28 17 33 2 1 6 62 ]
[ 29 40 4 2 1 12 41 7 56 46 ]
[ 17 1 0 61 52 34 10 33 26 4 ]
[ 13 0 31 2 65 74 1 33 19 3 ]

Timer (generate): 2ms real	0ms user	0ms sys
[ 18 51 8 50 64 70 66 96 54 15 ]
[ 64 84 22 79 85 73 39 82 18 17 ]
[ 61 4 2 34 86 88 19 57 74 0 ]
[ 53 44 3 13 95 67 83 61 64 90 ]
[ 28 80 26 51 59 11 76 50 94 94 ]
[ 19 7 50 21 41 37 10 12 94 84 ]
[ 64 99 81 67 13 76 35 48 89 51 ]
[ 38 70 31 17 21 91 28 49 93 74 ]
[ 43 13 82 46 86 75 83 96 88 29 ]
[ 33 52 29 14 20 94 42 7 42 31 ]
[ 58 33 1 41 50 74 32 78 23 78 ]
[ 53 19 43 87 17 29 62 52 26 50 ]
[ 81 11 3 62 77 23 56 19 82 51 ]
[ 2 40 84 56 81 34 82 66 64 6 ]
[ 96 69 77 39 56 94 68 19 98 94 ]
[ 69 79 57 24 94 86 99 2 5 81 ]
[ 53 60 21 37 16 55 23 98 73 40 ]
[ 56 69 61 85 8 18 31 76 89 29 ]
[ 23 10 61 80 87 7 67 86 9 24 ]
[ 68 63 36 41 52 52 48 76 3 21 ]

Running insertion sort algorithm: 
Timer (sort): 940ms real	940ms user	0ms sys
The output is sorted!
[ 61 28 2 1 11 39 1 3 5 8 ]
[ 7 14 17 17 20 41 58 1 5 2 ]
[ 12 45 18 22 3 48 9 13 7 13 ]
[ 12 4 39 2 4 7 37 64 17 17 ]
[ 38 46 17 3 7 49 5 20 5 19 ]
[ 14 4 18 40 5 7 29 26 24 43 ]
[ 0 57 12 3 37 26 2 0 38 38 ]
[ 19 6 0 5 8 23 39 50 50 14 ]
[ 3 31 8 5 13 39 12 64 18 28 ]
[ 80 24 15 19 3 17 18 16 28 2 ]
[ 58 1 51 22 15 4 6 6 61 0 ]
[ 6 9 21 64 3 76 12 24 13 1 ]
[ 28 2 27 12 25 19 10 52 7 47 ]
[ 52 45 24 0 5 0 25 19 49 11 ]
[ 8 14 9 8 14 8 44 46 3 83 ]
[ 50 2 15 22 66 29 3 9 39 2 ]
[ 4 19 55 4 9 18 3 71 29 27 ]
[ 36 48 11 10 18 4 28 28 51 7 ]
[ 36 6 96 8 7 4 20 15 0 49 ]
[ 72 20 5 49 1 43 3 34 0 15 ]

Timer (generate): 2ms real	0ms user	0ms sys
[ 90 33 64 9 91 43 42 70 14 64 ]
[ 1 62 94 94 44 89 35 55 12 71 ]
[ 57 52 32 66 2 10 99 58 73 87 ]
[ 24 15 20 89 24 64 32 18 34 98 ]
[ 35 87 60 29 82 57 19 69 12 83 ]
[ 40 21 35 25 87 90 87 39 0 60 ]
[ 26 24 75 99 13 51 63 97 22 49 ]
[ 95 57 36 8 86 70 65 57 91 77 ]
[ 41 84 98 28 9 37 18 96 28 18 ]
[ 9 7 43 36 6 8 88 21 6 10 ]
[ 70 53 67 58 61 5 81 26 63 72 ]
[ 55 56 56 5 84 17 95 55 66 23 ]
[ 73 75 30 16 11 88 77 51 61 83 ]
[ 13 83 88 32 42 50 38 23 28 53 ]
[ 47 36 61 56 41 45 73 36 0 91 ]
[ 12 26 18 94 94 82 83 71 33 44 ]
[ 6 47 80 95 31 22 97 69 97 25 ]
[ 74 96 13 35 52 55 33 78 43 85 ]
[ 69 7 11 40 2 6 22 85 29 7 ]
[ 81 36 6 61 83 38 35 80 7 84 ]

Running insertion sort algorithm: 
Timer (sort): 934ms real	930ms user	0ms sys
The output is sorted!
[ 26 1 6 12 17 9 29 22 33 22 ]
[ 13 8 25 7 2 1 24 77 20 5 ]
[ 4 19 99 14 14 21 8 1 9 2 ]
[ 70 1 30 21 47 7 7 0 12 2 ]
[ 17 0 26 28 43 3 39 9 23 15 ]
[ 61 28 1 0 12 16 0 6 85 3 ]
[ 7 36 36 41 17 18 31 6 2 19 ]
[ 9 16 13 18 15 15 3 38 90 0 ]
[ 62 9 47 20 6 8 5 5 52 5 ]
[ 28 19 26 9 13 29 0 26 55 15 ]
[ 26 20 9 48 11 15 2 17 39 36 ]
[ 29 28 2 4 27 15 41 46 1 35 ]
[ 6 1 27 13 15 62 51 2 42 10 ]
[ 40 36 29 15 2 21 19 29 30 8 ]
[ 60 20 21 11 45 3 13 6 6 45 ]
[ 5 81 5 12 2 15 1 71 27 11 ]
[ 9 7 43 36 6 8 88 21 6 10 ]
[ 45 20 5 3 37 0 38 2 53 31 ]
[ 26 15 46 14 4 13 8 19 23 67 ]
[ 0 11 11 25 36 9 35 40 58 10 ]

Timer (generate): 2ms real	0ms user	0ms sys
[ 69 66 75 24 79 10 84 9 47 24 ]
[ 15 47 73 0 55 31 60 23 56 79 ]
[ 63 7 14 12 58 82 79 8 23 44 ]
[ 27 44 62 2 68 42 12 5 51 12 ]
[ 81 18 59 54 71 66 37 31 41 93 ]
[ 63 4 1 29 16 11 11 95 19 34 ]
[ 92 46 79 6 1 99 48 65 56 52 ]
[ 77 37 22 88 43 93 54 32 77 95 ]
[ 78 92 51 79 21 20 42 33 67 13 ]
[ 67 11 59 98 18 12 98 18 78 6 ]
[ 22 55 96 45 96 39 90 50 24 67 ]
[ 98 2 59 1 33 81 21 75 14 89 ]
[ 88 33 52 99 32 70 12 82 41 42 ]
[ 88 63 49 84 8 45 76 99 48 52 ]
[ 66 46 54 78 99 87 59 73 62 25 ]
[ 62 2 58 66 1 42 37 65 24 78 ]
[ 7 65 93 57 1 2 2 29 53 50 ]
[ 81 71 48 35 49 48 74 60 21 36 ]
[ 85 35 90 96 53 92 38 42 9 15 ]
[ 72 69 80 66 26 33 20 80 63 73 ]

Running insertion sort algorithm: 
Timer (sort): 919ms real	920ms user	0ms sys
The output is sorted!
[ 7 25 8 18 12 4 40 14 31 26 ]
[ 7 26 70 6 21 3 36 14 7 3 ]
[ 16 11 16 26 22 15 5 16 55 12 ]
[ 17 80 12 18 1 0 28 31 3 7 ]
[ 11 31 66 13 7 4 7 5 30 30 ]
[ 33 32 19 7 1 7 6 37 21 42 ]
[ 15 15 4 2 18 51 9 12 40 41 ]
[ 29 17 3 41 2 59 34 11 14 7 ]
[ 61 5 5 28 14 18 1 7 4 82 ]
[ 18 62 52 17 35 1 8 4 6 25 ]
[ 20 16 5 7 1 28 53 19 22 57 ]
[ 16 31 44 10 53 16 5 4 18 35 ]
[ 19 73 6 50 3 25 11 28 19 2 ]
[ 13 0 64 32 32 27 30 31 3 5 ]
[ 19 13 8 14 0 14 44 58 58 9 ]
[ 67 18 0 65 2 0 28 12 3 43 ]
[ 51 63 11 16 79 3 8 5 3 0 ]
[ 34 34 1 13 9 97 13 9 17 13 ]
[ 35 34 27 11 1 12 28 67 17 9 ]
[ 80 2 15 30 0 43 3 50 3 17 ]

Timer (generate): 3ms real	0ms user	0ms sys
[ 82 16 51 73 56 94 75 28 79 74 ]
[ 51 40 11 24 85 99 93 66 97 23 ]
[ 63 4 56 45 16 76 68 80 66 59 ]
[ 41 0 27 92 73 35 86 0 63 18 ]
[ 26 15 58 90 91 43 89 84 61 87 ]
[ 59 76 91 16 22 60 44 42 40 62 ]
[ 53 81 62 80 26 87 67 64 40 31 ]
[ 82 66 98 93 56 89 88 46 26 2 ]
[ 33 85 78 76 53 0 36 97 95 29 ]
[ 59 48 62 73 81 40 13 0 5 53 ]
[ 31 39 19 81 84 28 71 73 74 49 ]
[ 75 59 34 5 87 88 6 76 37 53 ]
[ 57 97 1 71 22 34 12 87 35 69 ]
[ 40 18 60 12 0 45 92 23 70 66 ]
[ 72 97 77 58 2 16 46 60 44 84 ]
[ 13 1 33 67 73 7 1 37 95 88 ]
[ 6 87 7 66 51 59 63 43 34 33 ]
[ 61 6 30 90 64 85 7 63 45 3 ]
[ 99 59 5 32 78 30 91 79 67 38 ]
[ 20 25 26 27 91 77 38 7 73 72 ]

Running insertion sort algorithm: 
Timer (sort): 914ms real	910ms user	0ms sys
The output is sorted!
[ 33 1 16 16 17 1 26 12 28 5 ]
[ 26 34 43 19 30 3 21 29 6 2 ]
[ 4 3 22 91 0 16 56 1 19 2 ]
[ 33 9 38 5 9 18 31 68 9 0 ]
[ 26 11 28 30 2 46 5 40 10 24 ]
[ 52 6 10 12 33 33 8 14 24 30 ]
[ 27 15 4 57 38 26 12 9 25 9 ]
[ 17 6 67 9 7 5 51 26 32 6 ]
[ 48 14 5 3 34 0 21 30 69 7 ]
[ 18 3 16 41 45 16 0 43 5 45 ]
[ 7 14 1 22 38 26 89 12 3 23 ]
[ 31 39 17 18 13 25 11 4 22 57 ]
[ 64 9 3 4 34 13 24 32 47 7 ]
[ 35 6 6 13 64 34 5 2 9 63 ]
[ 2 21 7 38 75 16 21 12 33 13 ]
[ 85 5 41 1 17 17 23 3 5 45 ]
[ 3 16 7 2 29 97 37 5 3 45 ]
[ 30 1 48 36 8 72 0 3 3 44 ]
[ 71 22 8 5 76 14 11 10 15 13 ]
[ 32 20 53 2 44 24 23 24 3 20 ]

Timer (generate): 2ms real	0ms user	0ms sys
[ 13 31 97 20 14 27 78 22 14 93 ]
[ 74 8 29 85 36 53 77 73 93 98 ]
[ 1 14 69 98 73 1 51 33 96 71 ]
[ 81 9 2 79 81 68 6 12 91 20 ]
[ 57 17 80 87 2 68 92 32 42 38 ]
[ 30 43 4 52 93 78 5 96 63 1 ]
[ 67 45 62 69 24 96 90 82 8 81 ]
[ 55 65 50 35 4 52 4 49 84 98 ]
[ 39 67 41 43 71 86 73 76 82 37 ]
[ 77 50 82 91 71 58 87 61 92 47 ]
[ 94 99 13 44 35 69 49 91 18 85 ]
[ 89 57 52 82 53 23 68 26 51 2 ]
[ 15 28 52 49 72 76 59 11 37 52 ]
[ 59 84 51 24 28 38 93 29 81 64 ]
[ 15 22 73 19 56 26 43 76 5 94 ]
[ 79 20 75 83 70 99 59 29 10 49 ]
[ 33 69 33 37 93 13 27 39 43 9 ]
[ 3 58 83 76 77 40 55 72 16 60 ]
[ 19 95 80 46 79 2 45 90 84 55 ]
[ 39 17 77 72 54 70 38 34 61 81 ]

Running insertion sort algorithm: 
Timer (sort): 923ms real	910ms user	0ms sys
The output is sorted!
[ 7 6 5 8 10 22 5 23 30 44 ]
[ 45 10 19 2 24 17 6 34 6 4 ]
[ 7 12 14 17 23 32 9 7 50 2 ]
[ 0 80 6 17 12 36 13 12 2 0 ]
[ 4 6 32 35 29 0 28 0 34 11 ]
[ 29 2 45 11 17 19 21 24 3 11 ]
[ 1 8 18 6 61 6 3 62 7 10 ]
[ 40 9 29 2 3 4 19 9 0 80 ]
[ 3 18 16 30 4 22 40 6 43 23 ]
[ 26 69 4 37 29 5 1 22 5 12 ]
[ 9 19 4 11 16 3 31 35 81 3 ]
[ 1 4 42 31 14 90 16 2 7 5 ]
[ 69 20 35 50 2 3 2 9 14 9 ]
[ 19 34 30 4 4 8 24 85 5 4 ]
[ 8 16 1 1 44 21 18 5 91 13 ]
[ 7 2 57 3 35 9 49 3 7 49 ]
[ 20 22 20 0 18 19 6 35 68 19 ]
[ 29 2 43 11 28 5 40 39 19 12 ]
[ 16 9 29 44 39 1 4 9 11 67 ]
[ 17 30 8 16 20 46 20 60 1 13 ]

Timer (generate): 2ms real	0ms user	0ms sys
[ 94 50 81 58 3 6 54 40 98 13 ]
[ 85 30 20 35 95 85 61 60 81 58 ]
[ 33 94 65 62 99 33 89 44 47 49 ]
[ 89 42 99 22 52 2 28 7 94 78 ]
[ 20 79 8 93 14 56 78 28 68 11 ]
[ 86 1 5 3 16 57 37 5 1 36 ]
[ 54 90 30 5 65 83 59 45 42 54 ]
[ 24 14 33 84 7 0 40 37 28 8 ]
[ 48 66 62 6 70 78 63 7 35 64 ]
[ 95 90 6 26 47 71 9 7 17 51 ]
[ 61 93 65 46 77 25 46 70 62 26 ]
[ 30 11 93 92 69 63 22 32 22 58 ]
[ 48 17 0 54 95 47 78 4 6 47 ]
[ 7 67 40 25 14 69 50 12 39 12 ]
[ 39 70 75 84 14 44 99 37 76 21 ]
[ 47 24 90 99 31 38 98 9 42 5 ]
[ 8 2 24 48 27 90 17 77 3 9 ]
[ 89 94 79 65 78 45 9 29 82 38 ]
[ 2 81 14 92 80 45 30 31 6 25 ]
[ 36 14 27 12 14 54 3 84 83 6 ]

Running insertion sort algorithm: 
Timer (sort): 902ms real	900ms user	0ms sys
The output is sorted!
[ 9 39 5 7 5 14 0 22 34 30 ]
[ 15 11 8 18 49 10 2 47 17 1 ]
[ 22 5 0 12 51 24 26 22 9 22 ]
[ 51 4 1 55 10 7 13 7 36 11 ]
[ 14 14 66 52 5 32 0 3 10 8 ]
[ 45 65 20 10 1 31 10 10 10 3 ]
[ 33 6 0 8 92 31 3 4 16 25 ]
[ 0 28 40 15 10 33 18 35 33 6 ]
[ 23 31 19 12 41 1 13 22 6 51 ]
[ 7 25 43 16 43 11 54 13 3 5 ]
[ 22 3 9 31 15 37 28 29 46 7 ]
[ 11 7 42 10 10 14 3 22 41 68 ]
[ 65 22 9 14 35 41 1 34 5 3 ]
[ 32 6 34 31 42 31 27 23 5 0 ]
[ 51 0 29 5 40 7 23 11 46 19 ]
[ 35 21 5 26 9 0 15 75 44 2 ]
[ 86 24 0 4 58 26 14 1 18 5 ]
[ 16 1 75 1 8 24 15 31 18 47 ]
[ 48 34 23 17 21 21 29 7 25 12 ]
[ 9 3 7 40 27 20 94 8 3 28 ]

Timer (generate): 2ms real	0ms user	0ms sys
[ 11 90 10 41 80 40 1 30 61 17 ]
[ 43 46 23 47 0 42 56 78 53 86 ]
[ 83 45 2 16 16 59 26 58 70 4 ]
[ 8 34 94 18 27 27 10 28 57 71 ]
[ 97 52 70 21 0 22 63 8 52 69 ]
[ 46 35 14 49 52 82 60 30 92 30 ]
[ 34 0 16 81 71 44 8 33 24 65 ]
[ 5 22 69 27 95 21 1 58 30 53 ]
[ 79 28 41 93 29 45 27 89 75 71 ]
[ 72 61 72 88 42 95 84 2 28 9 ]
[ 19 85 83 89 12 78 10 13 88 92 ]
[ 19 68 73 60 13 2 57 41 92 32 ]
[ 12 64 45 36 4 40 31 89 42 12 ]
[ 50 62 97 33 51 62 63 13 75 51 ]
[ 6 94 71 79 6 85 33 63 78 25 ]
[ 47 42 41 93 31 46 33 14 87 27 ]
[ 26 37 89 76 22 92 38 85 58 13 ]
[ 88 16 60 12 95 18 49 80 34 79 ]
[ 58 81 73 99 26 4 97 11 71 84 ]
[ 39 97 73 80 73 47 73 63 32 31 ]

Running insertion sort algorithm: 
Timer (sort): 920ms real	920ms user	0ms sys
The output is sorted!
[ 14 26 4 13 15 12 35 15 43 0 ]
[ 7 48 9 40 1 14 3 9 30 18 ]
[ 49 30 27 3 5 35 26 6 1 7 ]
[ 17 29 7 0 59 23 19 3 13 25 ]
[ 2 8 3 63 11 6 50 17 14 24 ]
[ 27 10 6 34 8 31 5 27 6 48 ]
[ 2 5 3 7 20 0 15 34 39 77 ]
[ 10 29 54 28 1 26 6 19 4 27 ]
[ 9 11 17 30 5 4 4 24 21 79 ]
[ 26 7 28 15 11 6 25 1 54 31 ]
[ 30 19 17 6 44 5 3 23 12 46 ]
[ 9 1 37 1 44 39 19 23 10 23 ]
[ 27 11 44 13 45 0 1 4 30 37 ]
[ 1 37 2 19 11 6 7 60 64 5 ]
[ 46 8 30 33 24 0 16 12 12 34 ]
[ 10 7 51 48 18 2 9 18 46 8 ]
[ 4 1 14 22 3 23 10 88 43 14 ]
[ 8 0 1 18 4 52 2 32 51 56 ]
[ 43 4 47 18 3 4 6 18 47 36 ]
[ 14 90 0 2 24 9 15 41 10 22 ]

