Timer (generate): 19ms real	10ms user	10ms sys
[ 31 26 85 92 56 38 5 93 0 27 96 37 92 8 11 4 83 32 84 0 25 99 2 53 90 ]
[ 2 74 98 81 69 34 64 96 71 8 52 9 13 45 10 92 93 99 85 53 62 89 36 47 26 ]
[ 36 72 25 90 25 67 93 51 66 26 73 0 43 69 23 51 21 32 17 18 94 9 63 94 94 ]
[ 16 8 36 4 55 62 40 27 87 83 4 55 76 8 73 54 81 25 97 50 48 1 23 32 18 ]
[ 93 27 79 56 73 26 24 81 62 28 37 24 20 16 11 3 21 18 31 29 91 86 10 16 35 ]
[ 12 16 36 87 49 6 80 76 86 36 1 64 12 82 26 40 71 50 60 88 13 16 61 84 47 ]
[ 42 75 85 4 44 73 16 60 9 3 9 68 35 37 6 71 38 70 35 73 96 75 44 98 87 ]
[ 84 63 3 97 47 3 39 23 40 43 19 13 59 31 75 14 93 43 49 30 49 72 21 19 7 ]
[ 94 67 34 90 65 22 27 28 77 24 76 32 64 51 73 7 70 38 19 53 13 33 46 56 35 ]
[ 77 57 7 50 76 67 96 95 1 38 60 23 65 41 53 42 17 85 58 20 10 65 42 49 36 ]
[ 95 14 22 42 71 57 71 28 64 73 57 31 69 52 85 7 65 8 25 6 13 19 75 51 77 ]
[ 47 61 94 89 62 31 36 77 5 30 0 62 1 80 78 26 89 62 95 94 47 55 59 7 32 ]
[ 17 21 51 44 72 80 91 85 74 32 48 57 68 77 62 99 29 76 52 9 55 79 51 69 26 ]
[ 45 16 33 56 23 65 73 96 68 17 20 0 60 6 75 92 6 84 12 35 99 11 64 75 16 ]
[ 25 82 95 76 51 73 21 67 7 77 43 24 2 91 93 71 12 93 31 70 20 23 76 57 36 ]
[ 11 56 99 27 31 15 52 66 62 29 17 36 2 37 43 32 32 19 34 23 12 6 87 58 37 ]
[ 57 30 13 33 87 1 96 43 0 23 27 68 28 93 30 9 10 18 11 99 13 95 31 33 30 ]
[ 7 97 88 94 55 77 52 86 90 37 25 91 86 69 44 9 96 12 89 41 42 98 3 61 10 ]
[ 3 74 5 86 59 87 93 57 75 88 12 53 92 50 95 29 76 39 15 97 83 77 45 95 66 ]
[ 86 89 65 89 2 27 44 29 84 31 88 24 24 45 99 64 10 4 56 12 52 38 88 91 53 ]

Running insertion sort algorithm: 
Timer (sort): 52224ms real	52220ms user	0ms sys
The output is sorted!
[ 5 51 47 1 1 21 56 44 44 1 34 2 11 24 1 2 6 48 19 28 16 78 4 54 14 ]
[ 44 2 4 8 1 24 37 18 34 94 28 24 25 23 44 3 4 9 7 16 50 45 11 58 31 ]
[ 2 14 9 4 21 5 7 14 4 14 32 28 90 6 47 53 49 37 44 39 12 33 35 33 36 ]
[ 33 7 42 10 38 15 32 69 1 17 11 16 99 10 12 21 31 23 42 18 9 10 5 31 84 ]
[ 0 13 6 45 83 83 5 22 10 21 50 0 46 16 1 1 66 5 32 48 14 2 87 4 34 ]
[ 22 69 6 64 0 25 54 4 36 22 13 17 33 34 64 4 47 15 9 11 78 7 35 8 27 ]
[ 20 44 74 69 15 8 79 29 23 49 9 17 16 22 7 5 16 3 51 11 20 1 74 31 29 ]
[ 56 66 81 19 17 51 6 12 15 36 69 30 14 6 17 8 32 5 12 1 57 6 61 32 16 ]
[ 5 3 47 43 13 21 52 27 0 36 17 45 24 55 5 26 27 44 27 92 66 1 39 8 9 ]
[ 56 8 3 12 17 52 4 93 26 60 41 3 22 9 12 33 17 65 5 43 41 76 20 10 6 ]
[ 23 2 9 2 33 3 32 14 14 24 25 19 6 71 37 36 74 60 52 17 67 48 16 33 18 ]
[ 50 49 28 58 4 8 8 73 64 4 12 28 18 2 20 18 37 80 74 4 1 39 10 1 46 ]
[ 75 18 25 12 28 10 50 23 32 29 76 40 2 32 3 64 8 29 9 74 59 4 29 4 4 ]
[ 42 1 85 30 1 61 30 21 11 10 15 51 98 7 23 1 53 89 1 24 29 16 2 0 39 ]
[ 32 5 5 70 44 7 11 7 0 3 14 27 2 62 80 17 87 20 23 63 60 75 13 18 1 ]
[ 18 32 11 14 56 12 0 14 67 24 7 40 61 52 77 20 23 43 78 3 9 53 4 12 17 ]
[ 26 79 5 78 0 23 41 68 11 40 44 0 55 40 33 13 31 5 21 4 69 8 8 1 44 ]
[ 3 17 75 44 11 2 4 12 13 19 22 29 86 28 89 44 37 25 22 48 38 24 13 5 37 ]
[ 63 9 20 31 43 64 26 5 10 35 28 10 83 60 88 10 55 26 25 13 9 1 18 11 8 ]
[ 22 43 28 2 12 11 74 3 48 22 14 3 21 74 21 43 99 61 36 67 5 11 0 26 5 ]

Timer (generate): 23ms real	20ms user	0ms sys
[ 15 3 84 3 4 95 47 91 67 76 67 48 61 70 50 12 99 45 74 99 92 57 62 64 98 ]
[ 83 19 6 1 5 68 68 9 4 24 65 51 71 56 19 47 76 67 9 46 69 21 98 67 47 ]
[ 97 59 56 59 23 6 94 95 12 96 52 80 16 61 37 40 79 88 11 35 7 11 63 27 20 ]
[ 10 96 93 8 63 40 5 75 49 16 50 55 10 45 68 58 98 48 27 11 37 19 42 26 83 ]
[ 78 33 94 93 60 66 3 9 59 63 72 51 20 99 0 88 50 8 51 47 76 61 97 76 40 ]
[ 9 14 60 51 40 43 81 73 89 75 86 55 30 95 14 46 19 17 66 19 70 7 69 78 58 ]
[ 68 54 71 66 30 12 27 96 72 30 36 67 12 62 56 39 0 63 21 95 77 67 14 46 86 ]
[ 85 16 93 54 94 3 75 48 74 41 31 38 68 79 10 98 68 29 62 30 37 53 82 0 75 ]
[ 77 29 94 43 76 80 29 92 25 35 87 80 10 87 7 3 70 45 71 50 8 22 18 37 36 ]
[ 0 75 90 82 75 17 11 5 11 6 33 44 35 25 69 23 64 50 85 4 57 89 74 54 12 ]
[ 76 62 86 46 0 23 46 27 65 80 54 34 43 59 45 50 92 41 37 70 11 60 86 13 46 ]
[ 90 22 35 17 76 47 45 39 34 92 91 9 90 18 26 71 72 60 14 84 57 16 28 99 54 ]
[ 98 10 14 85 23 12 27 97 47 44 73 47 90 12 33 34 3 94 24 73 20 47 46 80 14 ]
[ 82 37 30 10 36 84 61 46 51 46 21 63 25 70 11 22 44 10 64 8 95 98 64 89 22 ]
[ 37 9 22 35 89 36 17 78 66 28 15 3 89 13 54 87 87 17 64 57 80 86 53 42 50 ]
[ 62 37 0 26 26 75 15 87 97 51 28 33 20 7 51 0 74 54 89 87 60 28 26 30 93 ]
[ 84 10 31 37 5 82 51 42 82 77 21 9 45 60 6 48 89 91 68 96 43 21 22 49 10 ]
[ 9 62 91 36 92 36 72 54 67 61 59 1 13 2 36 42 75 45 87 35 52 87 76 95 56 ]
[ 24 38 29 46 40 91 8 2 82 44 46 18 68 0 38 29 60 39 42 14 75 37 41 73 76 ]
[ 28 25 64 5 72 72 29 11 1 28 3 92 36 57 75 32 3 45 0 3 35 81 15 75 76 ]

Running insertion sort algorithm: 
Timer (sort): 53267ms real	53270ms user	0ms sys
The output is sorted!
[ 5 89 0 49 56 0 16 42 62 19 36 93 6 46 24 16 7 8 23 5 7 12 30 46 0 ]
[ 6 22 53 50 27 89 16 14 3 41 10 2 15 4 74 10 10 27 29 81 8 0 10 59 46 ]
[ 52 43 68 33 11 59 5 11 30 69 5 60 19 28 20 19 3 32 15 15 47 18 41 2 4 ]
[ 27 17 7 65 60 32 27 89 0 51 3 14 40 6 62 3 11 24 49 9 37 26 20 12 19 ]
[ 3 57 8 3 38 12 61 24 40 2 60 16 47 6 5 50 59 27 19 1 28 15 65 38 30 ]
[ 0 73 45 21 12 26 93 38 1 4 73 9 14 73 34 26 34 44 8 2 26 4 16 7 38 ]
[ 57 9 51 16 31 74 10 11 8 25 86 33 49 20 49 37 33 4 20 19 23 10 0 31 24 ]
[ 5 42 63 12 34 49 3 2 48 25 72 12 31 15 39 14 2 14 77 8 7 8 86 39 23 ]
[ 23 0 55 15 2 7 27 14 83 52 51 3 15 57 15 55 66 30 40 48 11 14 20 3 28 ]
[ 12 3 12 1 1 7 4 3 14 63 26 16 15 10 31 13 37 37 27 58 71 68 79 45 82 ]
[ 16 32 13 26 43 78 29 44 11 25 33 33 41 6 55 55 6 38 9 8 34 46 39 8 8 ]
[ 92 81 40 33 0 1 33 56 2 21 42 12 30 6 30 16 5 13 33 38 12 22 64 42 27 ]
[ 27 43 25 53 35 32 40 8 68 13 6 43 72 52 1 27 9 44 12 14 29 85 15 3 1 ]
[ 0 5 3 16 39 80 42 62 0 76 3 20 26 67 23 0 43 84 64 48 32 3 4 13 4 ]
[ 5 5 23 8 9 26 52 97 4 34 45 16 37 28 9 90 92 48 1 8 21 23 29 28 22 ]
[ 46 43 87 9 31 36 16 34 12 3 9 21 12 11 19 43 9 16 39 65 53 45 10 7 84 ]
[ 39 28 41 81 47 5 10 16 0 23 26 25 5 7 39 57 66 11 61 48 60 48 4 1 14 ]
[ 42 4 18 25 2 27 23 51 40 19 58 27 12 33 4 61 18 28 3 47 61 34 17 65 43 ]
[ 17 43 8 61 2 26 29 66 6 16 51 21 40 17 59 3 52 53 20 0 67 56 6 31 15 ]
[ 16 33 51 52 48 3 7 92 28 32 1 22 2 34 6 21 11 36 5 65 55 68 16 37 26 ]

Timer (generate): 22ms real	20ms user	0ms sys
[ 16 25 37 56 51 11 66 13 97 69 59 12 84 0 17 52 49 42 65 62 93 34 71 57 58 ]
[ 20 17 91 9 23 25 78 48 15 34 51 26 0 65 23 21 76 87 58 76 4 10 77 47 28 ]
[ 92 92 14 63 49 72 84 19 15 45 42 41 23 42 56 9 94 34 61 11 10 83 39 97 41 ]
[ 15 54 3 45 53 31 37 45 45 52 46 70 88 65 85 34 59 26 9 2 34 19 48 21 80 ]
[ 59 31 15 98 80 56 65 34 60 62 87 43 51 84 89 4 31 59 44 96 44 30 8 23 40 ]
[ 10 9 11 10 30 91 21 13 7 71 94 15 36 80 27 51 20 71 2 4 12 58 35 71 55 ]
[ 84 67 85 92 42 77 54 52 88 64 34 32 85 48 91 56 94 58 44 74 86 47 46 9 50 ]
[ 51 21 60 38 92 67 22 11 53 66 54 82 20 6 23 36 40 55 21 40 98 29 34 56 74 ]
[ 61 94 21 59 55 23 10 76 36 1 20 3 75 32 8 42 86 91 14 44 66 51 36 73 24 ]
[ 77 71 54 63 79 80 76 26 53 36 81 29 98 58 17 99 30 20 75 62 81 69 0 24 83 ]
[ 44 90 86 33 63 11 62 86 17 25 65 97 54 91 2 42 73 83 40 83 0 92 13 73 19 ]
[ 28 54 88 28 30 23 25 20 10 58 35 73 20 21 90 97 38 39 51 30 41 93 55 77 86 ]
[ 90 77 78 3 2 49 83 56 89 12 38 12 89 10 74 47 45 47 19 66 37 68 57 76 20 ]
[ 39 70 65 46 47 3 36 76 33 91 79 82 75 87 71 39 26 36 28 36 10 75 82 10 46 ]
[ 0 47 14 9 76 86 48 98 4 94 45 7 30 73 41 74 52 75 49 40 99 88 18 35 16 ]
[ 54 97 43 88 7 41 41 7 7 50 83 94 99 81 98 45 78 57 76 51 50 2 56 26 51 ]
[ 96 77 91 14 64 59 20 61 54 61 21 95 2 80 54 4 15 48 55 48 98 1 26 8 29 ]
[ 29 58 31 85 36 34 33 13 77 99 77 36 20 91 42 81 64 89 35 44 43 91 59 44 47 ]
[ 7 42 48 85 50 29 14 61 60 52 49 46 85 15 23 85 44 59 57 35 1 90 51 42 25 ]
[ 95 85 16 6 29 15 13 24 63 98 26 92 65 87 4 17 37 50 54 4 73 39 48 84 48 ]

Running insertion sort algorithm: 
Timer (sort): 53135ms real	53130ms user	0ms sys
The output is sorted!
[ 65 42 4 12 20 28 39 0 24 9 25 31 9 2 46 21 54 6 97 18 29 53 4 15 3 ]
[ 10 4 21 35 26 3 16 65 55 12 22 3 10 21 22 78 22 45 38 7 52 44 22 1 38 ]
[ 46 11 0 37 3 9 27 9 10 5 44 16 0 67 73 60 17 12 40 0 47 20 60 70 4 ]
[ 69 1 4 62 5 17 22 19 8 19 53 16 19 40 33 28 44 4 61 20 25 24 42 30 23 ]
[ 30 13 2 52 23 6 26 10 8 48 18 54 98 1 1 5 23 3 72 37 48 55 8 4 44 ]
[ 65 38 5 57 45 27 14 11 42 36 73 21 33 12 0 12 39 4 31 40 17 19 40 15 16 ]
[ 31 91 7 12 26 25 0 17 22 12 5 63 24 18 8 7 7 53 6 58 44 27 54 25 76 ]
[ 16 3 38 6 16 27 96 0 27 33 48 7 44 3 5 44 94 6 8 54 85 28 26 10 2 ]
[ 13 9 54 14 18 21 17 5 25 85 39 27 0 28 69 27 26 90 1 70 12 54 7 6 15 ]
[ 33 18 28 1 22 70 35 53 38 3 2 14 60 55 19 55 51 35 2 75 12 23 15 19 11 ]
[ 78 26 63 35 62 10 3 5 64 16 9 20 3 9 17 55 21 16 39 46 20 56 15 45 16 ]
[ 57 0 1 6 82 27 25 6 19 17 30 12 19 4 38 95 77 9 13 34 50 19 68 35 9 ]
[ 18 88 22 37 15 12 13 11 3 36 6 64 24 60 12 90 16 85 7 23 8 40 30 16 16 ]
[ 17 7 39 87 25 1 8 92 28 35 41 28 17 51 29 45 7 2 52 42 34 5 36 12 12 ]
[ 15 21 0 24 10 31 39 65 57 64 12 45 12 14 17 44 6 56 22 33 16 44 18 33 55 ]
[ 26 15 17 47 37 22 28 16 36 7 4 29 8 14 76 9 26 61 36 0 11 23 51 99 57 ]
[ 22 8 39 73 0 47 1 24 32 15 11 0 27 88 80 13 18 91 46 1 19 30 9 53 15 ]
[ 16 58 37 19 45 17 20 23 60 3 11 11 12 19 47 50 49 11 8 42 10 19 22 64 89 ]
[ 15 21 12 24 41 1 26 44 26 26 18 19 24 28 43 58 5 10 40 39 34 19 77 39 75 ]
[ 46 4 10 19 54 62 1 8 79 3 4 34 30 43 4 37 43 15 46 24 92 11 52 34 11 ]

Timer (generate): 20ms real	20ms user	0ms sys
[ 83 98 96 7 32 42 42 70 59 78 64 7 98 13 29 14 47 4 21 79 90 11 27 16 94 ]
[ 0 88 76 56 48 10 91 98 58 98 30 0 41 53 11 19 17 70 69 82 0 35 81 4 56 ]
[ 60 47 19 40 63 14 92 4 42 48 52 4 40 50 62 38 33 14 31 38 77 2 55 47 71 ]
[ 37 99 6 70 56 15 30 3 34 22 18 0 14 74 42 63 78 98 55 29 12 45 14 26 77 ]
[ 52 3 31 59 3 3 48 2 61 18 58 76 0 13 63 23 84 63 89 58 58 52 89 8 59 ]
[ 70 21 5 84 99 34 88 55 65 47 58 20 47 12 34 65 23 62 17 36 25 92 72 41 82 ]
[ 83 51 86 72 59 46 42 80 51 78 80 85 66 87 2 65 45 75 64 9 9 81 32 71 98 ]
[ 21 97 91 93 38 73 28 89 59 52 0 5 94 33 8 24 13 45 42 52 48 59 97 75 23 ]
[ 6 84 4 39 55 3 12 4 46 5 94 19 86 35 30 38 36 88 85 69 96 61 34 94 4 ]
[ 86 94 63 35 69 39 41 53 43 32 60 98 44 65 44 2 59 15 40 95 46 30 83 34 15 ]
[ 52 82 77 38 76 33 24 70 96 59 91 35 52 44 31 37 5 29 33 22 26 87 81 41 27 ]
[ 28 87 58 11 73 25 15 8 54 53 84 87 29 7 84 40 98 71 45 95 2 82 52 84 15 ]
[ 74 10 55 7 51 82 36 91 92 99 16 18 67 24 72 72 61 60 54 68 96 94 18 19 39 ]
[ 65 22 73 17 58 41 91 68 96 51 71 30 87 62 23 38 79 93 57 55 17 30 16 29 36 ]
[ 36 77 30 7 97 22 72 19 95 90 29 36 33 97 32 84 68 63 23 83 38 14 14 31 71 ]
[ 69 0 53 86 30 89 74 59 72 81 56 46 54 27 41 96 56 30 81 53 14 66 74 77 41 ]
[ 9 67 55 23 50 79 92 51 84 30 33 74 57 92 98 38 49 44 44 76 37 40 85 67 22 ]
[ 38 82 40 64 11 81 73 79 89 96 29 68 41 32 52 23 65 78 80 10 28 19 59 72 63 ]
[ 87 10 56 72 77 30 63 11 70 79 23 3 53 2 92 1 83 12 42 16 17 18 33 47 98 ]
[ 43 76 69 54 48 85 42 10 93 66 88 23 81 99 45 61 74 48 14 76 93 15 12 57 10 ]

Running insertion sort algorithm: 
Timer (sort): 52510ms real	52510ms user	0ms sys
The output is sorted!
[ 1 1 48 14 21 9 15 69 3 30 28 1 24 27 24 30 5 12 44 67 18 5 11 81 7 ]
[ 39 15 35 12 16 53 59 1 18 29 13 14 22 18 15 55 50 39 17 1 41 4 9 33 61 ]
[ 6 81 37 0 22 20 21 41 21 8 87 12 3 15 46 13 39 46 18 63 20 37 4 8 11 ]
[ 18 27 9 2 19 25 77 72 8 22 7 25 33 6 24 48 38 38 27 14 12 97 11 10 26 ]
[ 37 3 41 0 42 11 11 58 43 28 9 5 47 44 72 36 0 40 12 27 3 75 12 13 38 ]
[ 97 8 26 0 22 23 2 19 72 82 56 15 0 15 31 18 80 9 24 9 47 4 2 9 39 ]
[ 42 18 50 16 1 32 59 61 57 3 10 31 38 22 43 29 20 23 2 14 14 7 11 96 25 ]
[ 11 39 47 4 10 39 67 18 4 76 5 36 66 4 14 18 26 31 15 43 4 23 23 56 47 ]
[ 25 31 47 8 16 0 77 27 24 27 82 18 81 10 58 4 18 18 45 2 33 18 25 26 7 ]
[ 24 13 50 15 46 34 16 48 0 6 51 9 42 15 73 79 12 17 23 68 30 18 6 11 28 ]
[ 37 41 39 46 33 10 53 34 8 2 9 8 34 6 17 38 18 41 29 27 96 29 18 41 23 ]
[ 6 52 9 2 20 21 30 55 16 6 75 73 5 10 1 5 62 70 64 10 23 9 38 6 71 ]
[ 9 9 30 95 20 10 21 4 37 49 35 99 24 49 3 12 19 2 21 21 28 38 7 52 49 ]
[ 76 31 3 49 31 38 81 26 66 10 9 5 1 2 10 24 4 13 31 14 44 44 37 68 27 ]
[ 11 10 46 42 16 28 5 39 32 26 80 2 29 22 49 55 5 40 29 12 27 20 4 65 54 ]
[ 88 19 27 5 16 20 16 11 9 75 33 30 2 67 9 42 3 11 40 35 77 48 27 27 16 ]
[ 9 17 18 26 20 76 33 0 29 34 45 5 7 55 43 18 98 12 18 15 49 12 34 28 52 ]
[ 24 5 3 85 49 17 11 21 5 20 7 30 8 10 69 44 3 79 35 38 11 17 58 12 93 ]
[ 22 0 30 68 10 11 58 2 28 39 4 89 29 63 2 23 15 12 13 98 39 12 53 9 25 ]
[ 25 0 24 33 8 62 80 9 35 34 19 8 37 11 41 15 25 98 78 22 15 15 21 6 33 ]

Timer (generate): 21ms real	20ms user	0ms sys
[ 4 45 15 19 71 50 44 35 68 67 93 22 30 66 17 39 14 21 69 5 17 31 46 87 50 ]
[ 78 64 13 90 60 55 94 57 70 65 29 73 9 16 41 76 9 15 59 75 33 98 89 6 19 ]
[ 46 24 2 44 63 5 23 28 70 65 88 25 59 46 48 76 27 21 85 43 14 13 4 30 72 ]
[ 79 15 23 21 21 94 67 45 97 12 9 54 87 89 24 52 29 1 63 27 49 39 54 22 76 ]
[ 49 89 89 53 19 14 33 34 37 54 7 83 73 5 80 37 66 86 24 55 10 76 84 64 39 ]
[ 12 65 78 18 88 54 68 77 96 21 48 10 54 34 99 60 41 82 86 98 15 23 64 1 48 ]
[ 19 64 24 56 28 16 20 93 46 38 81 53 6 10 49 80 10 59 86 44 58 99 38 40 85 ]
[ 36 55 8 1 9 8 72 73 85 28 1 1 0 94 47 39 28 0 97 90 49 29 1 60 16 ]
[ 45 70 15 35 63 52 24 70 12 77 79 21 49 52 6 30 5 7 30 0 6 21 80 7 71 ]
[ 70 8 0 71 21 68 69 91 35 56 54 87 80 25 0 57 56 73 59 9 79 41 66 38 23 ]
[ 66 44 45 98 3 68 69 12 20 92 33 41 61 76 76 18 31 16 50 8 16 8 64 89 19 ]
[ 25 20 60 92 58 83 10 2 80 9 58 48 30 70 21 22 55 62 84 83 90 54 66 6 4 ]
[ 74 74 64 91 63 83 68 35 95 12 93 79 23 48 59 84 6 60 14 28 81 36 35 95 72 ]
[ 18 85 78 85 92 83 11 66 99 54 82 35 23 17 30 35 63 9 10 63 69 94 21 81 60 ]
[ 49 62 97 36 57 21 6 42 0 43 86 83 55 53 34 61 87 69 84 4 0 72 19 61 82 ]
[ 82 82 77 3 63 37 4 25 86 40 34 8 99 29 8 42 15 43 49 20 77 11 7 99 95 ]
[ 64 99 19 83 12 2 66 95 31 21 58 20 26 36 7 18 22 67 17 51 75 12 19 70 61 ]
[ 91 99 24 51 98 72 15 49 91 50 62 93 68 57 24 90 67 45 68 3 4 86 26 71 4 ]
[ 29 98 16 0 20 29 92 19 54 95 18 26 10 67 17 60 29 11 81 38 87 71 6 84 39 ]
[ 61 88 77 87 11 81 69 9 49 21 81 79 13 1 85 8 19 11 70 38 28 83 20 91 64 ]

Running insertion sort algorithm: 
Timer (sort): 54129ms real	54130ms user	0ms sys
The output is sorted!
[ 7 4 14 5 25 22 5 25 31 38 74 8 77 21 29 7 11 16 6 7 67 49 7 62 20 ]
[ 93 22 26 7 54 3 41 1 19 51 7 28 76 8 4 19 11 20 28 5 41 31 32 52 12 ]
[ 8 25 76 11 3 2 20 68 18 63 8 14 64 35 12 12 3 1 3 56 41 25 68 37 37 ]
[ 55 2 23 60 46 0 69 12 0 8 48 50 69 3 22 7 21 24 13 36 80 36 6 7 14 ]
[ 15 5 25 53 21 42 28 24 9 5 34 36 28 23 33 34 13 10 23 76 37 74 14 7 50 ]
[ 16 92 14 32 8 33 31 4 14 64 10 36 37 76 36 10 3 37 0 33 12 25 40 1 66 ]
[ 76 9 94 28 0 43 3 29 8 73 38 26 35 47 0 45 24 6 23 30 6 10 37 35 13 ]
[ 54 11 16 19 19 72 3 1 14 8 16 29 11 9 30 60 86 1 50 49 68 24 17 22 54 ]
[ 18 64 33 74 29 27 12 62 2 14 3 19 11 91 89 0 24 27 66 15 8 11 9 22 15 ]
[ 13 48 37 20 34 18 16 19 2 81 40 87 13 10 20 22 29 6 36 9 13 16 76 28 54 ]
[ 12 39 16 9 46 5 47 7 29 52 37 6 27 12 44 70 7 31 52 35 37 41 53 12 22 ]
[ 17 34 51 6 49 24 50 3 58 76 2 20 24 66 50 20 22 43 21 2 11 33 1 53 14 ]
[ 33 71 3 45 83 16 16 1 32 1 25 11 35 37 18 79 78 2 15 24 15 86 3 0 22 ]
[ 4 57 79 20 54 67 25 20 17 7 13 72 9 9 14 42 5 31 14 64 4 3 60 19 42 ]
[ 4 41 31 10 10 6 17 35 16 26 8 74 24 10 11 23 71 23 85 40 38 39 80 11 20 ]
[ 27 3 17 5 17 48 59 12 31 13 72 36 2 76 42 6 20 38 4 5 59 28 25 45 65 ]
[ 0 23 60 6 7 39 65 8 6 22 52 40 29 12 47 9 19 45 53 74 12 50 6 55 18 ]
[ 24 5 3 11 59 37 12 23 16 38 8 58 4 25 12 77 72 13 45 87 25 67 9 28 3 ]
[ 47 60 26 26 7 3 32 98 46 34 16 26 54 95 31 9 3 20 12 1 6 3 43 37 26 ]
[ 73 19 61 14 2 9 31 50 49 21 77 27 19 20 5 82 50 11 18 40 11 43 5 26 5 ]

Timer (generate): 20ms real	20ms user	0ms sys
[ 81 84 2 73 30 98 42 9 30 45 93 38 68 93 83 56 45 62 15 5 3 98 75 0 49 ]
[ 26 14 36 85 48 88 66 85 90 40 67 40 34 28 22 79 21 61 99 15 44 55 12 6 70 ]
[ 17 62 68 44 14 69 22 28 6 7 28 46 74 65 36 66 32 28 52 13 51 31 34 64 30 ]
[ 1 8 86 66 66 8 83 80 77 80 94 46 2 74 4 62 55 50 36 20 38 54 5 67 6 ]
[ 18 70 89 4 34 19 6 94 57 72 12 66 7 93 95 39 39 41 42 14 98 4 69 48 92 ]
[ 41 39 98 46 6 4 16 28 45 21 14 64 27 8 74 51 72 40 58 65 87 98 57 28 92 ]
[ 71 26 48 92 27 92 33 66 90 80 24 46 96 4 91 69 18 7 96 26 81 99 98 73 58 ]
[ 16 60 8 73 41 52 96 19 0 88 46 92 21 64 34 53 40 80 50 44 71 71 62 78 68 ]
[ 40 12 67 91 85 77 59 98 37 32 39 89 80 58 41 68 57 85 89 73 19 43 14 99 45 ]
[ 10 70 16 25 1 36 65 13 56 8 50 85 67 48 23 51 39 64 31 50 58 99 7 43 89 ]
[ 32 63 84 98 62 81 9 85 97 34 86 86 51 51 42 60 53 27 79 54 2 31 93 19 62 ]
[ 43 77 14 2 20 55 35 83 39 85 98 20 94 83 69 80 21 55 32 24 49 44 77 29 23 ]
[ 31 83 6 77 2 21 72 31 35 75 4 90 62 39 81 47 37 53 94 72 22 74 93 30 58 ]
[ 69 79 2 99 60 78 30 44 36 59 46 57 32 78 92 7 82 34 21 21 15 20 11 68 14 ]
[ 83 43 41 29 25 99 98 4 54 97 17 84 80 61 20 39 7 30 23 37 74 82 71 9 3 ]
[ 45 76 76 56 97 42 91 92 83 20 17 35 71 73 41 20 90 25 52 51 97 44 59 79 67 ]
[ 48 54 50 72 15 5 17 91 33 25 40 76 16 32 11 89 49 46 60 23 39 32 13 16 85 ]
[ 17 14 81 76 45 48 76 99 50 48 66 8 17 10 41 42 50 17 59 83 81 0 84 79 60 ]
[ 7 19 44 73 35 81 90 1 62 18 47 63 46 98 13 95 65 73 12 75 15 55 25 84 66 ]
[ 60 65 66 45 97 78 4 16 74 29 3 56 71 5 18 89 52 33 36 2 47 83 67 20 47 ]

Running insertion sort algorithm: 
Timer (sort): 53848ms real	53840ms user	0ms sys
The output is sorted!
[ 50 1 10 15 24 17 51 73 5 22 35 30 21 2 48 29 3 25 44 6 90 12 4 56 0 ]
[ 7 45 6 9 28 44 14 24 33 19 29 2 7 0 6 39 20 79 24 1 24 55 69 5 84 ]
[ 20 14 11 54 91 63 16 0 37 25 3 30 34 10 18 18 45 25 5 11 1 82 35 32 24 ]
[ 23 2 65 14 27 63 15 4 74 9 42 33 34 23 13 15 25 41 24 20 12 12 44 60 11 ]
[ 46 17 43 0 31 41 38 4 22 43 59 6 9 26 1 3 98 74 1 79 22 6 24 3 10 ]
[ 3 7 7 17 14 5 52 12 37 43 22 30 9 84 37 81 27 20 12 29 3 15 25 54 70 ]
[ 51 14 53 1 30 18 12 28 46 69 7 10 48 15 66 15 49 41 12 6 13 17 29 34 34 ]
[ 39 42 12 48 49 37 3 6 38 4 17 6 12 40 28 26 15 54 2 37 71 27 18 74 16 ]
[ 13 15 26 21 38 5 2 10 4 34 32 44 73 1 58 9 34 0 44 30 57 67 78 24 3 ]
[ 81 0 42 3 10 34 3 67 41 35 41 2 31 57 8 67 48 52 1 43 20 8 27 4 4 ]
[ 4 96 0 20 56 11 8 3 28 1 64 84 46 3 35 24 3 16 43 29 12 9 60 73 3 ]
[ 7 21 38 50 16 17 19 38 46 44 2 17 10 32 10 20 51 32 95 27 58 46 6 8 24 ]
[ 14 11 65 96 32 2 13 17 79 4 27 29 8 24 60 10 32 27 25 45 37 18 16 39 7 ]
[ 30 11 10 66 34 81 38 19 37 15 53 21 61 4 3 31 3 91 2 11 41 38 7 12 23 ]
[ 91 54 7 26 2 19 3 11 13 1 30 19 67 7 8 81 35 31 61 63 7 29 8 11 59 ]
[ 75 13 68 2 23 15 22 27 48 21 25 5 11 38 58 44 2 27 41 9 9 61 33 18 54 ]
[ 36 21 18 50 57 11 9 47 3 17 75 10 32 21 33 5 21 96 54 4 7 31 93 0 0 ]
[ 97 5 17 19 17 0 16 34 44 38 20 63 65 23 67 43 28 9 3 13 13 72 8 16 25 ]
[ 90 87 23 8 33 16 16 5 9 13 13 4 27 14 31 54 82 8 58 63 9 12 37 46 1 ]
[ 37 70 70 37 2 13 47 57 2 24 53 0 34 44 43 32 23 3 19 9 70 2 39 26 4 ]

Timer (generate): 20ms real	10ms user	10ms sys
[ 65 6 2 60 21 94 35 62 38 17 42 0 14 36 9 57 95 22 90 57 37 58 10 60 90 ]
[ 47 87 88 89 23 0 6 81 55 66 3 1 1 65 40 18 59 92 85 47 2 94 43 76 84 ]
[ 52 13 42 14 26 84 61 65 72 2 40 25 9 21 80 27 24 33 81 41 73 51 53 66 88 ]
[ 0 20 83 95 96 67 99 62 10 13 88 46 75 53 19 29 45 96 90 66 28 70 43 61 51 ]
[ 36 87 54 89 5 43 42 25 26 37 73 45 37 35 7 2 75 54 77 80 73 59 25 21 49 ]
[ 92 49 19 87 10 22 23 49 77 65 54 20 7 79 98 96 53 43 85 40 51 88 16 5 17 ]
[ 96 30 76 74 51 78 66 52 49 5 14 72 28 64 1 93 18 21 52 50 71 1 55 14 86 ]
[ 47 65 26 63 22 44 12 52 72 86 55 50 4 7 52 9 74 24 89 38 25 35 8 98 87 ]
[ 10 69 40 65 35 79 13 53 5 28 75 49 92 80 74 78 35 76 34 95 28 43 69 52 85 ]
[ 59 29 20 67 79 59 78 0 0 95 36 79 60 89 84 41 16 86 33 96 60 64 84 36 98 ]
[ 31 65 94 52 69 79 11 51 99 30 30 58 60 31 10 8 19 89 68 8 26 9 24 12 95 ]
[ 73 24 59 57 12 57 40 29 3 92 51 82 55 2 33 37 84 44 50 67 54 58 86 96 78 ]
[ 46 22 40 23 86 35 96 62 94 5 74 3 45 4 7 89 55 41 44 9 27 33 45 23 83 ]
[ 13 29 41 51 25 72 98 99 12 21 37 47 69 99 93 74 74 96 71 30 55 12 37 97 8 ]
[ 46 76 41 91 99 25 56 28 18 8 6 90 6 5 54 79 43 1 48 94 46 74 68 43 97 ]
[ 50 50 9 87 99 17 33 75 10 77 26 35 33 7 6 93 13 48 51 70 3 30 65 56 30 ]
[ 60 55 56 80 50 53 31 0 14 18 0 31 4 75 94 33 54 29 18 61 87 12 74 88 63 ]
[ 44 43 46 62 51 28 22 6 85 2 56 90 33 57 5 52 57 88 8 84 82 41 38 64 59 ]
[ 99 3 71 25 91 87 22 34 85 84 86 13 6 44 50 60 1 41 94 58 98 98 67 38 6 ]
[ 51 73 47 42 37 58 93 92 82 71 84 69 93 70 54 29 8 19 35 53 70 95 54 63 41 ]

Running insertion sort algorithm: 
Timer (sort): 57707ms real	57700ms user	0ms sys
The output is sorted!
[ 19 23 23 21 0 35 17 0 48 22 35 14 5 20 57 22 20 31 51 86 20 18 13 30 9 ]
[ 59 5 28 4 24 1 18 3 21 42 29 19 60 44 4 0 0 48 43 4 74 44 5 16 53 ]
[ 0 14 3 52 16 9 1 0 4 3 1 2 29 33 10 31 50 16 48 51 70 61 40 23 93 ]
[ 14 0 64 39 10 11 4 26 68 11 13 99 28 7 14 61 31 2 10 56 9 35 42 12 8 ]
[ 76 63 31 12 46 14 0 5 6 12 28 14 35 10 81 26 29 16 9 6 69 17 49 18 18 ]
[ 69 12 35 60 28 14 4 10 25 18 47 49 3 20 20 59 25 1 21 4 3 74 58 16 20 ]
[ 12 4 28 12 3 70 16 66 29 43 55 0 26 37 42 31 31 14 9 30 32 13 19 63 14 ]
[ 14 1 24 33 21 15 8 10 5 25 36 0 3 29 33 82 32 47 58 35 5 39 91 44 12 ]
[ 40 4 53 50 32 28 84 17 0 13 2 4 28 25 54 72 24 20 1 10 1 44 51 4 43 ]
[ 60 51 7 21 8 0 37 53 27 56 23 8 26 10 45 21 73 25 14 2 11 25 28 54 22 ]
[ 9 0 43 11 51 59 12 4 2 30 16 34 46 70 4 9 73 27 66 4 1 31 16 6 84 ]
[ 34 46 16 43 35 68 32 57 4 32 17 21 14 4 11 49 11 4 23 19 24 63 45 26 11 ]
[ 59 29 24 13 1 15 28 29 19 13 65 23 19 2 11 56 29 10 42 25 18 46 45 11 93 ]
[ 15 7 32 14 54 32 81 2 2 69 83 21 3 1 51 47 37 16 30 32 0 2 32 50 13 ]
[ 30 32 31 12 50 13 62 37 3 14 51 7 82 18 18 75 2 60 19 7 2 36 8 16 45 ]
[ 23 11 23 19 11 67 7 83 14 31 46 35 17 40 11 6 53 41 17 48 62 38 4 8 15 ]
[ 18 2 37 16 12 28 21 59 40 32 44 18 22 22 6 68 18 38 63 14 0 5 8 81 59 ]
[ 5 10 9 73 5 7 0 6 19 53 26 43 7 27 61 17 53 87 32 35 85 37 14 14 8 ]
[ 9 85 86 7 5 71 17 17 5 30 65 37 28 7 0 3 38 16 2 9 73 61 48 11 3 ]
[ 46 39 66 9 10 2 38 4 1 77 93 19 19 6 57 12 36 20 11 18 6 23 4 51 69 ]

Timer (generate): 21ms real	10ms user	10ms sys
[ 38 54 45 40 31 49 28 33 96 39 53 39 45 8 95 37 17 53 20 79 27 9 11 17 28 ]
[ 14 35 79 11 71 83 49 77 29 90 61 30 70 94 26 10 99 17 55 59 64 45 28 69 65 ]
[ 7 96 74 70 66 54 85 1 34 48 25 17 98 54 98 40 15 28 10 61 6 72 60 23 80 ]
[ 71 88 25 99 57 42 7 6 16 77 72 70 14 25 56 63 2 74 13 57 72 53 72 53 15 ]
[ 86 59 88 98 35 68 70 23 45 69 32 87 28 90 3 58 14 25 72 40 34 87 42 8 0 ]
[ 51 32 53 76 85 69 62 97 9 60 32 77 30 7 74 0 39 61 28 82 16 86 96 93 11 ]
[ 88 27 98 83 87 99 34 20 4 10 57 25 72 54 34 33 86 63 15 45 37 15 85 50 96 ]
[ 19 66 34 15 60 97 4 87 96 87 75 47 73 47 51 84 4 29 8 11 63 41 49 79 9 ]
[ 95 68 24 32 19 72 51 85 59 66 97 56 22 85 4 61 12 51 35 59 55 71 15 84 79 ]
[ 26 99 73 28 78 82 23 47 58 55 66 31 58 3 42 24 1 98 99 86 3 12 50 54 99 ]
[ 61 61 70 76 45 50 55 45 75 83 23 57 58 22 67 13 88 98 71 92 92 47 93 91 98 ]
[ 31 46 11 33 52 10 94 14 33 22 59 35 29 4 10 64 80 19 22 2 86 87 43 37 10 ]
[ 87 29 10 32 72 60 15 18 71 48 71 34 94 85 19 68 96 54 98 53 16 14 85 87 89 ]
[ 87 73 28 82 62 39 69 92 1 1 16 61 16 35 85 16 58 71 10 95 90 31 91 96 81 ]
[ 96 64 95 81 51 36 21 24 65 3 87 56 25 31 57 78 47 70 47 34 55 63 92 26 26 ]
[ 87 68 57 31 16 38 27 80 85 61 31 22 82 8 39 37 47 95 62 78 52 41 77 22 88 ]
[ 12 30 3 4 8 29 44 77 38 75 45 28 54 26 14 67 9 88 1 69 27 39 16 22 1 ]
[ 46 26 94 24 0 34 88 30 38 92 39 19 88 68 58 15 65 38 22 91 4 89 53 92 91 ]
[ 74 71 82 43 45 35 89 23 30 65 24 64 53 6 2 98 97 74 38 65 32 54 31 70 76 ]
[ 74 75 17 79 19 60 54 43 42 49 88 78 38 12 8 56 88 24 61 94 79 11 92 53 50 ]

Running insertion sort algorithm: 
Timer (sort): 55928ms real	55920ms user	0ms sys
The output is sorted!
[ 3 3 30 2 15 39 88 15 53 12 26 19 18 39 4 28 14 11 81 1 21 3 64 18 75 ]
[ 96 3 10 33 19 70 9 5 61 24 2 13 24 19 25 51 18 36 22 42 16 23 47 21 13 ]
[ 67 17 21 23 34 2 70 14 28 8 38 8 34 16 0 34 27 15 15 21 40 55 15 41 65 ]
[ 20 12 7 41 6 6 31 11 38 13 11 7 74 56 64 16 71 27 67 10 2 36 2 53 28 ]
[ 2 18 12 60 1 78 3 40 52 96 61 7 8 2 26 26 27 12 0 19 6 24 20 45 68 ]
[ 92 17 0 6 3 40 62 9 1 59 14 85 4 35 10 32 2 29 24 89 2 23 52 20 8 ]
[ 74 10 14 20 2 10 38 35 99 24 2 34 51 15 48 38 17 19 7 30 44 70 17 5 1 ]
[ 37 67 11 27 32 37 11 53 67 2 49 18 6 5 16 27 25 27 65 1 6 34 22 19 63 ]
[ 18 20 36 1 15 27 37 22 2 6 84 28 24 23 38 8 65 33 34 80 5 49 32 22 22 ]
[ 82 31 9 68 4 54 68 0 36 0 58 6 20 40 26 3 23 7 77 21 13 4 11 15 56 ]
[ 35 40 20 13 17 5 63 60 70 0 9 51 72 0 10 64 14 90 18 21 7 13 16 15 17 ]
[ 10 0 38 10 15 27 82 37 7 37 20 12 49 63 49 1 42 4 26 39 12 41 67 24 28 ]
[ 37 75 69 3 8 22 0 6 12 21 14 53 36 26 88 5 16 0 40 21 2 58 88 37 8 ]
[ 56 9 53 2 19 39 6 22 22 29 3 43 18 99 37 23 64 40 4 46 27 15 17 56 0 ]
[ 2 52 92 12 34 31 7 89 30 46 1 22 18 17 38 0 88 55 15 7 26 31 2 28 6 ]
[ 27 80 25 0 51 7 19 51 54 2 70 26 30 19 12 0 2 3 67 61 21 15 18 62 27 ]
[ 0 18 37 29 32 1 15 30 70 72 0 12 12 20 72 21 19 0 43 80 37 24 28 77 0 ]
[ 10 10 22 24 2 12 56 30 14 48 11 11 76 12 17 4 32 6 67 51 83 17 82 44 12 ]
[ 16 28 22 4 20 58 17 21 3 41 70 46 2 23 61 73 11 2 5 35 43 1 0 91 63 ]
[ 43 5 8 76 24 0 39 86 10 82 18 4 17 22 9 85 36 3 17 4 12 28 28 77 23 ]

Timer (generate): 23ms real	10ms user	0ms sys
[ 45 51 43 22 10 53 85 49 13 53 74 45 61 95 98 12 24 99 49 92 45 69 56 98 6 ]
[ 98 22 86 55 66 20 52 17 63 74 80 68 11 29 81 16 55 78 78 3 77 42 27 28 92 ]
[ 19 73 61 28 23 19 78 45 5 34 63 26 38 33 89 13 13 10 76 94 91 93 50 70 23 ]
[ 5 99 17 84 27 61 56 52 75 84 75 94 62 72 0 48 87 26 87 20 67 52 33 77 80 ]
[ 80 21 73 82 43 48 87 94 18 71 21 79 27 25 54 63 52 49 78 24 1 26 11 79 65 ]
[ 84 98 69 69 28 50 49 49 23 31 44 24 70 38 42 42 59 73 21 36 28 37 88 29 15 ]
[ 64 30 93 27 9 11 11 7 80 33 35 30 82 36 6 66 80 30 36 70 24 30 81 97 4 ]
[ 17 77 41 5 6 8 21 88 1 49 97 64 60 57 45 93 44 75 28 33 81 46 65 63 34 ]
[ 36 39 65 17 89 21 35 66 62 92 25 22 14 13 75 63 63 40 75 20 85 21 16 12 1 ]
[ 49 46 47 15 61 81 3 1 98 20 42 19 55 60 33 0 85 55 14 99 83 29 14 23 4 ]
[ 34 8 77 2 72 78 52 18 25 19 80 59 22 33 57 94 75 29 50 87 14 2 73 70 16 ]
[ 24 5 45 38 28 1 24 88 79 26 60 57 30 79 35 1 11 94 75 44 3 70 71 32 72 ]
[ 58 47 74 83 69 90 7 74 87 97 54 88 73 42 19 0 2 77 82 33 12 84 44 58 11 ]
[ 88 61 81 11 46 53 70 93 27 5 14 69 13 40 8 62 94 49 36 36 68 88 90 97 70 ]
[ 24 61 6 20 19 18 61 81 99 72 79 5 94 24 32 0 38 54 65 30 62 27 24 11 15 ]
[ 12 32 3 54 29 26 30 91 32 51 10 2 12 43 54 84 74 59 31 98 43 83 36 97 48 ]
[ 18 12 27 42 75 43 6 7 98 61 37 24 43 80 9 94 42 11 6 38 65 43 12 76 26 ]
[ 11 20 9 99 69 57 18 81 36 12 57 31 19 16 30 32 5 6 75 85 15 22 28 79 28 ]
[ 18 44 23 30 73 49 41 93 10 41 14 67 11 96 56 23 5 87 94 21 69 78 27 76 6 ]
[ 64 91 28 44 70 8 62 67 32 93 40 33 86 85 44 79 99 63 90 47 19 14 52 59 60 ]

Running insertion sort algorithm: 
Timer (sort): 54995ms real	54990ms user	0ms sys
The output is sorted!
[ 17 2 15 48 3 50 1 48 1 12 19 9 8 58 21 22 26 10 61 8 27 88 17 33 41 ]
[ 23 9 45 1 5 9 12 40 40 15 55 45 3 28 55 48 57 38 47 15 12 30 5 28 5 ]
[ 55 62 46 20 12 0 3 92 5 37 8 36 17 32 27 2 12 12 65 33 7 32 20 39 23 ]
[ 6 1 32 93 16 3 42 34 59 50 16 22 9 63 16 71 3 15 14 34 42 6 4 11 40 ]
[ 10 0 23 19 3 51 12 16 69 28 64 77 20 38 3 6 68 16 0 20 45 75 26 14 1 ]
[ 0 23 38 51 3 36 17 8 21 27 0 30 25 2 68 71 47 79 63 15 1 40 1 39 3 ]
[ 26 11 0 24 17 79 29 25 3 43 22 3 55 34 51 87 24 5 60 39 3 12 10 47 3 ]
[ 7 78 19 23 4 10 8 46 87 45 2 11 7 39 9 2 2 89 67 2 18 26 54 56 4 ]
[ 47 95 9 29 31 7 6 65 17 39 5 36 95 21 17 40 5 12 48 10 37 30 5 9 4 ]
[ 79 1 22 10 17 9 16 91 17 26 56 17 1 24 31 46 22 11 9 28 8 46 5 44 90 ]
[ 23 9 19 24 5 37 71 70 79 16 12 49 17 1 10 10 38 32 94 11 16 42 7 12 33 ]
[ 3 16 19 22 31 16 4 47 0 28 33 25 76 55 2 26 29 43 78 16 3 22 15 42 86 ]
[ 7 41 33 22 40 29 17 35 29 39 30 41 12 6 40 37 69 8 0 8 18 43 35 40 58 ]
[ 31 4 43 39 66 2 95 25 26 61 11 73 14 27 19 33 10 28 7 19 3 42 3 6 51 ]
[ 41 3 38 2 42 2 9 91 2 43 14 45 13 93 3 60 76 1 80 6 1 4 8 42 26 ]
[ 24 7 49 13 19 2 72 5 0 19 67 33 73 83 2 0 74 28 61 22 18 6 40 10 21 ]
[ 25 4 5 76 29 48 18 44 5 32 4 5 86 15 51 74 4 3 5 8 92 16 49 27 24 ]
[ 28 11 20 22 70 19 5 89 66 62 11 58 7 48 63 27 12 3 2 10 0 0 55 13 51 ]
[ 51 9 16 10 40 55 8 17 49 51 29 5 38 25 12 44 27 54 32 48 72 38 22 0 2 ]
[ 28 35 36 58 22 76 20 18 0 17 47 40 19 45 4 24 21 20 65 36 1 19 7 69 29 ]

Timer (generate): 22ms real	20ms user	0ms sys
[ 76 52 81 59 57 77 89 47 50 14 59 31 66 3 46 96 40 28 90 56 46 98 15 32 98 ]
[ 16 32 91 0 27 23 76 32 5 87 89 34 29 36 85 95 47 68 13 50 14 9 43 95 51 ]
[ 51 41 1 66 73 0 34 57 43 34 85 67 63 17 24 2 58 10 83 95 95 30 42 16 43 ]
[ 45 82 52 40 77 55 91 70 57 9 96 57 44 53 0 30 90 19 45 59 95 0 18 6 83 ]
[ 65 53 14 7 69 9 4 52 62 44 29 69 35 52 26 45 48 35 41 53 88 23 96 7 21 ]
[ 55 55 21 25 61 56 90 14 22 50 36 32 54 88 46 99 69 15 86 21 94 83 21 29 76 ]
[ 27 17 52 23 77 73 30 32 94 8 45 2 50 11 25 0 47 9 7 87 55 6 57 22 44 ]
[ 30 16 80 52 46 56 31 15 8 6 92 81 36 76 27 44 73 30 95 37 7 47 84 16 54 ]
[ 72 71 12 81 93 57 11 62 37 15 8 45 46 23 54 52 68 87 41 96 67 85 22 97 32 ]
[ 59 56 32 43 72 86 67 95 99 48 40 8 60 2 97 27 62 42 74 38 48 78 58 36 19 ]
[ 54 3 57 76 52 41 35 8 73 31 32 12 50 27 63 99 19 71 11 22 20 90 36 62 64 ]
[ 74 11 95 32 99 14 39 54 23 15 6 65 3 66 90 86 98 2 36 77 65 87 48 88 50 ]
[ 22 8 41 59 23 57 85 86 52 18 85 19 57 39 42 24 97 59 27 63 2 65 13 4 2 ]
[ 42 22 41 90 10 92 13 71 85 24 94 42 9 80 47 79 17 18 36 56 12 61 5 24 40 ]
[ 68 26 6 33 30 60 75 52 1 17 15 45 82 38 30 6 84 25 68 16 24 47 33 42 84 ]
[ 41 6 97 46 30 89 66 56 47 99 87 59 74 91 13 91 58 58 74 48 41 32 32 18 0 ]
[ 48 42 48 33 36 84 74 42 33 20 73 22 38 81 22 37 20 81 63 64 94 7 22 5 81 ]
[ 71 46 65 55 64 66 56 58 66 89 46 50 64 88 83 36 13 57 75 95 79 64 15 61 28 ]
[ 79 7 35 54 12 68 77 58 33 84 74 51 40 84 69 30 30 19 46 71 54 82 84 12 9 ]
[ 31 43 74 99 4 54 30 64 89 36 76 9 13 87 94 50 13 46 90 98 15 20 28 87 66 ]

Running insertion sort algorithm: 
Timer (sort): 59437ms real	59440ms user	0ms sys
The output is sorted!
[ 68 19 2 0 4 41 13 41 0 32 19 23 53 15 59 7 31 0 24 52 69 46 10 25 43 ]
[ 35 2 18 26 8 55 39 5 74 0 28 0 74 14 1 25 8 17 40 23 88 62 42 6 8 ]
[ 1 38 3 58 73 11 65 0 22 43 63 35 6 35 75 12 15 42 24 16 10 3 33 19 19 ]
[ 61 11 64 27 19 8 45 92 33 10 30 23 5 72 62 16 31 44 27 14 4 0 17 12 2 ]
[ 33 68 39 6 21 21 23 10 26 48 28 79 10 38 12 7 20 24 6 55 12 12 26 34 73 ]
[ 67 20 43 16 10 19 8 61 32 83 35 2 8 42 22 20 11 22 38 12 19 6 17 58 62 ]
[ 4 1 9 42 26 21 9 32 92 84 32 4 4 9 18 0 84 16 63 14 17 33 54 21 54 ]
[ 6 80 12 66 20 41 29 32 44 15 2 23 8 12 24 25 18 40 28 33 93 10 53 1 30 ]
[ 75 2 26 14 13 42 38 16 19 82 54 44 4 25 96 33 8 1 37 14 12 16 1 1 80 ]
[ 57 0 67 20 6 85 1 11 11 34 5 70 17 43 56 28 9 24 3 98 10 16 27 54 8 ]
[ 44 18 18 54 2 0 50 0 42 24 15 1 61 26 26 87 16 4 73 34 93 37 17 19 0 ]
[ 15 54 25 12 32 7 35 2 4 3 96 58 9 23 46 42 6 13 15 8 2 81 80 68 28 ]
[ 5 9 8 36 13 5 9 21 51 29 27 70 22 64 0 32 0 22 94 57 6 44 32 82 27 ]
[ 38 47 74 3 14 70 13 21 3 13 5 16 23 43 19 1 36 65 71 5 72 12 26 54 24 ]
[ 25 13 4 21 91 31 38 55 48 1 1 6 2 96 35 17 10 34 18 68 0 72 16 8 59 ]
[ 15 33 39 38 59 0 11 74 25 9 6 28 13 44 40 31 0 39 24 2 79 67 10 70 13 ]
[ 37 37 6 29 48 25 33 90 13 4 37 10 58 47 18 2 59 14 7 18 23 55 63 8 28 ]
[ 24 21 53 11 50 20 21 20 59 22 1 15 16 24 32 3 10 82 89 50 33 3 36 55 19 ]
[ 15 52 64 51 23 15 17 76 30 9 36 0 6 13 47 14 29 11 66 38 45 64 26 20 5 ]
[ 55 35 12 8 16 73 53 1 43 30 3 54 32 12 2 30 51 83 37 10 5 52 13 42 20 ]

