Timer (generate): 19ms real	20ms user	0ms sys
[ 4 90 25 80 55 16 81 92 37 30 7 92 81 69 84 83 81 38 92 72 49 90 13 70 36 71 80 28 58 76 33 62 66 58 42 73 27 75 66 16 57 73 8 39 95 92 22 76 82 66 ]
[ 48 83 56 13 5 44 37 85 24 95 14 10 58 80 68 52 6 47 28 72 63 85 45 71 76 92 16 98 68 50 17 69 34 25 82 39 70 71 77 46 67 91 56 77 23 77 81 29 24 61 ]
[ 1 88 47 99 11 23 91 27 74 12 30 43 81 64 68 63 3 90 87 32 37 54 23 45 83 47 22 64 28 99 26 82 39 25 81 50 0 24 30 26 36 12 69 69 76 90 33 31 80 20 ]
[ 64 69 26 39 67 61 86 41 77 67 40 55 49 31 32 82 82 33 58 64 11 47 76 33 16 4 23 1 35 55 73 51 25 99 91 44 12 29 85 90 96 78 45 97 9 78 31 43 63 90 ]
[ 59 74 37 87 7 5 91 82 7 79 38 80 30 15 32 73 59 44 3 44 86 51 74 84 1 84 62 32 27 77 74 39 3 11 26 63 69 18 45 76 97 83 8 79 98 40 53 9 37 8 ]
[ 54 23 59 80 59 60 64 73 93 44 50 67 83 54 31 9 69 0 79 14 28 28 50 36 8 0 29 13 10 66 21 16 41 80 96 53 93 61 26 86 57 77 5 92 83 88 53 52 40 33 ]
[ 18 20 13 68 57 21 21 38 86 31 56 7 47 97 40 43 50 33 56 29 71 65 6 28 57 41 17 11 45 9 96 15 30 9 36 39 83 57 77 69 88 33 77 87 82 17 82 85 2 91 ]
[ 14 73 56 72 1 66 13 70 77 10 80 25 25 10 86 61 1 69 70 78 91 58 11 68 97 93 37 80 30 91 71 44 64 79 16 17 45 81 88 74 91 20 51 69 82 38 82 83 7 53 ]
[ 61 98 63 24 18 61 69 7 93 0 98 16 44 14 95 13 32 93 94 72 19 86 92 71 55 74 9 89 57 68 42 70 67 6 94 37 19 63 45 12 15 95 80 60 10 27 73 94 20 19 ]
[ 66 92 5 58 63 12 32 72 2 41 40 96 11 59 2 57 49 73 72 94 37 88 41 17 0 3 97 25 97 17 44 63 61 2 73 24 14 57 48 68 98 41 65 61 0 19 70 49 45 43 ]
[ 95 82 83 37 52 83 40 49 60 90 18 4 5 80 6 79 4 73 36 5 93 87 46 10 0 46 82 71 48 27 66 43 61 1 32 13 36 25 14 96 67 33 52 72 65 59 51 21 84 40 ]
[ 26 77 79 72 40 79 71 22 2 19 49 20 14 10 21 99 76 9 76 90 5 43 75 10 15 40 21 19 14 5 59 40 34 90 13 74 69 36 96 24 55 97 96 21 8 70 20 36 79 96 ]
[ 78 37 91 54 47 7 46 68 78 60 25 89 53 11 79 18 86 0 54 34 76 61 32 73 82 92 43 55 28 74 3 58 11 95 12 10 54 11 30 84 23 55 73 76 67 4 94 5 4 0 ]
[ 39 81 61 23 6 96 15 1 3 95 75 6 54 39 53 18 49 59 81 80 43 5 87 68 81 6 72 28 63 77 80 55 10 94 78 16 42 46 69 45 41 44 51 47 83 57 66 85 16 47 ]
[ 17 12 4 56 80 38 63 53 18 78 82 98 33 44 44 12 12 86 58 81 31 99 25 35 99 61 44 17 46 60 16 63 24 21 71 5 59 34 10 29 13 92 27 46 88 24 10 0 10 68 ]
[ 81 94 20 58 29 19 19 73 88 17 85 4 32 62 25 4 67 36 38 29 65 3 73 45 2 61 69 12 61 31 33 42 25 53 52 6 24 72 31 12 89 69 68 74 31 46 78 50 82 68 ]
[ 79 0 24 52 97 26 13 18 90 74 49 75 68 27 80 20 33 4 44 65 68 86 86 89 60 17 35 38 67 69 6 98 69 30 50 18 8 15 36 51 89 38 26 9 65 7 81 98 63 26 ]
[ 15 84 64 53 73 24 70 8 14 89 77 20 87 99 3 89 69 63 4 6 14 45 44 41 54 61 48 88 11 63 66 27 47 30 32 20 54 3 80 68 44 10 40 32 61 95 21 30 59 26 ]
[ 36 73 23 32 14 78 93 14 18 5 78 84 84 77 14 16 50 20 71 30 40 16 92 80 0 53 76 73 84 87 51 72 60 75 57 27 5 2 93 23 59 23 7 43 1 21 12 51 41 35 ]
[ 81 81 3 74 13 3 79 41 77 15 28 28 88 89 3 97 68 8 99 61 31 59 85 90 54 86 11 18 89 4 54 22 85 57 96 51 13 28 92 90 43 21 70 83 62 26 80 82 86 32 ]

Running insertion sort algorithm: 
Timer (sort): 30665ms real	30650ms user	0ms sys
The output is sorted!
[ 0 11 1 32 89 20 30 37 90 86 32 19 22 67 40 27 56 44 22 39 21 18 67 43 26 5 34 0 77 51 43 30 15 44 14 4 16 45 41 6 31 25 25 5 93 18 32 1 62 7 ]
[ 90 11 17 13 61 36 7 0 75 29 19 48 27 49 15 35 81 16 4 9 11 29 13 42 11 94 33 26 5 86 11 95 49 28 60 10 16 19 11 91 1 30 39 28 32 7 15 13 75 72 ]
[ 1 92 22 23 28 0 1 18 6 2 15 26 49 7 78 27 39 8 42 78 21 97 18 64 3 28 39 39 77 47 80 30 39 2 53 19 2 7 37 8 9 53 87 11 12 65 38 51 25 80 ]
[ 7 30 24 18 33 56 20 6 94 16 20 56 26 26 93 51 78 12 58 59 22 90 7 67 1 0 6 35 32 51 76 39 33 0 9 66 8 30 24 2 46 45 58 24 71 4 28 2 16 38 ]
[ 17 42 10 34 23 93 54 7 68 51 6 35 86 3 63 11 84 88 38 6 67 12 44 88 1 77 5 15 3 77 48 72 19 10 58 42 3 13 49 23 16 7 10 2 11 25 13 95 14 3 ]
[ 77 28 92 14 14 2 10 67 8 33 51 46 39 3 8 55 76 45 11 29 48 5 12 7 5 79 85 1 24 14 56 1 42 0 68 8 54 30 76 62 63 27 8 3 82 68 10 10 13 73 ]
[ 79 18 81 28 53 3 28 24 32 5 37 68 2 51 36 31 13 40 23 33 51 28 9 1 41 35 16 50 23 98 76 2 68 57 31 21 61 11 45 45 16 34 13 70 38 1 1 51 41 24 ]
[ 7 38 11 3 95 32 11 4 18 72 10 5 89 57 69 96 81 10 30 72 34 42 31 18 31 19 46 31 30 10 9 37 0 20 41 96 4 4 0 22 77 62 79 18 19 0 66 53 10 48 ]
[ 63 54 19 18 49 40 12 12 4 40 10 42 63 78 8 25 33 10 16 35 89 89 39 33 23 94 46 14 27 12 1 90 19 21 9 68 13 21 33 17 13 95 60 28 74 20 6 59 30 22 ]
[ 2 91 67 33 84 0 30 59 10 7 7 37 99 9 12 18 3 34 75 26 9 65 24 45 14 30 16 53 3 9 75 6 0 42 39 85 94 21 96 5 29 55 42 80 16 6 50 20 40 25 ]
[ 77 85 2 15 13 29 16 21 25 0 8 11 13 68 95 21 71 31 13 8 0 8 11 11 39 57 45 9 4 78 96 33 63 98 0 29 28 68 2 5 68 10 16 82 79 64 55 2 95 20 ]
[ 36 57 52 78 46 12 82 12 50 24 55 96 11 67 19 32 55 3 46 17 25 42 85 41 64 35 38 25 40 6 13 28 15 18 6 14 30 40 26 32 64 34 80 27 1 0 59 56 3 6 ]
[ 0 72 9 48 26 79 46 64 46 76 41 11 37 87 18 43 4 64 18 41 80 20 49 30 53 28 34 89 6 3 2 7 76 12 7 2 43 53 18 41 30 11 4 19 98 22 14 54 38 33 ]
[ 31 34 51 18 26 5 68 0 54 1 38 27 48 7 14 56 80 43 26 75 3 13 50 51 2 3 56 53 14 5 10 45 39 14 63 65 19 32 17 25 85 55 52 85 15 18 41 95 13 68 ]
[ 27 1 15 74 45 81 1 45 42 24 90 2 6 10 57 22 91 6 34 0 12 8 64 12 26 78 30 30 71 20 52 50 21 68 24 18 1 26 15 96 2 57 98 9 67 7 83 11 65 17 ]
[ 11 64 78 71 88 9 8 65 0 39 8 95 9 92 24 4 30 29 63 2 16 66 16 62 32 98 24 44 1 18 29 12 83 7 36 23 17 44 40 69 35 49 17 44 41 41 1 23 22 16 ]
[ 4 4 34 33 38 16 27 10 24 29 36 83 8 20 34 50 85 24 43 43 44 1 51 32 43 88 58 15 11 17 94 67 22 28 0 60 44 28 22 21 9 58 4 69 30 91 71 68 15 14 ]
[ 81 2 48 66 46 16 77 12 29 16 23 18 61 20 59 32 95 6 91 63 4 2 64 8 64 45 36 85 75 6 8 8 8 9 27 7 77 4 19 7 20 94 25 33 14 36 65 61 42 8 ]
[ 18 66 4 2 44 16 21 33 65 5 35 31 50 46 22 78 16 61 59 15 86 44 14 11 61 45 10 25 43 51 0 61 70 5 16 14 73 37 99 38 94 35 21 44 33 43 22 2 5 34 ]
[ 7 62 43 85 2 1 11 8 55 7 2 89 24 12 2 7 29 50 23 49 39 15 38 14 28 51 46 83 14 34 75 21 48 70 58 51 71 21 11 26 80 65 68 4 29 22 11 10 72 86 ]

Timer (generate): 19ms real	20ms user	0ms sys
[ 43 43 76 70 48 73 70 76 86 72 60 54 8 20 48 41 11 74 34 46 71 18 51 95 11 88 41 66 49 56 82 44 99 11 66 99 84 36 27 70 8 87 77 69 7 77 62 71 51 49 ]
[ 69 74 67 72 70 30 60 63 49 61 19 83 5 18 94 71 17 31 60 45 53 20 84 82 41 92 59 4 15 11 5 84 37 72 56 7 54 68 71 3 29 90 87 86 9 33 9 78 64 21 ]
[ 75 70 42 60 52 83 4 12 39 19 75 44 55 12 68 63 20 23 31 43 78 12 33 17 50 94 51 59 25 67 33 0 37 75 12 90 10 68 54 2 39 81 98 94 93 67 57 65 42 40 ]
[ 60 72 4 94 90 54 40 41 66 65 8 99 18 98 26 82 88 36 51 94 38 42 75 89 37 20 56 46 38 50 39 98 74 43 92 64 50 85 57 16 2 66 67 72 64 93 55 4 29 58 ]
[ 50 20 52 77 9 41 97 17 88 35 19 79 34 93 74 78 10 24 15 67 40 18 33 59 90 49 52 97 5 82 7 7 54 60 84 15 1 82 32 41 69 3 72 3 96 47 34 58 71 49 ]
[ 26 64 19 11 23 10 13 76 59 70 10 19 78 16 31 14 31 84 96 15 78 18 18 50 73 66 97 7 25 21 9 51 85 28 62 8 90 75 36 50 46 46 21 76 62 52 90 45 36 39 ]
[ 60 66 57 78 17 30 97 66 90 22 87 99 25 72 79 39 33 70 67 69 20 65 68 93 41 82 45 83 28 33 22 40 0 31 71 69 14 68 35 4 42 23 55 67 47 34 58 80 56 25 ]
[ 2 76 90 22 21 83 56 66 67 84 52 41 77 4 73 48 73 87 16 8 43 58 83 50 77 31 84 87 11 41 13 65 69 55 87 43 91 44 61 10 80 13 51 57 69 24 5 42 63 73 ]
[ 3 6 31 86 56 60 17 93 48 81 86 13 46 7 20 86 50 11 82 12 21 62 25 25 72 95 1 77 89 65 51 44 71 34 31 80 47 0 25 95 33 11 60 32 18 80 18 69 92 0 ]
[ 33 65 14 58 90 86 5 92 64 47 9 67 91 32 53 74 12 0 27 89 47 60 0 7 92 71 40 62 92 84 14 25 49 29 35 92 15 93 36 31 40 97 50 83 29 56 10 94 56 37 ]
[ 83 56 97 36 15 42 7 55 56 99 39 71 76 41 52 11 85 19 4 73 51 96 70 53 32 99 9 42 45 18 79 29 74 28 65 89 22 24 97 79 75 88 2 51 29 54 62 66 73 19 ]
[ 39 76 67 9 30 99 61 91 41 58 61 72 87 35 53 4 77 75 80 26 6 55 14 8 6 44 62 21 62 88 92 2 64 59 63 46 11 76 38 4 35 99 77 74 87 82 31 16 9 11 ]
[ 42 16 19 8 24 77 4 39 98 67 27 90 69 91 2 84 90 13 61 28 17 48 79 46 22 18 28 53 86 38 17 28 6 36 89 82 13 93 73 64 60 0 6 81 44 8 66 34 73 79 ]
[ 14 91 27 45 89 1 16 18 7 2 8 24 83 14 12 72 48 25 65 22 41 26 22 48 7 18 8 25 4 82 4 70 25 83 16 14 85 32 84 44 34 92 68 69 58 32 41 7 9 7 ]
[ 29 51 85 3 51 44 74 59 70 78 93 26 49 18 62 17 85 99 49 69 43 35 14 63 57 72 95 98 31 4 57 12 7 42 68 58 87 42 70 9 20 63 87 21 34 1 38 19 0 39 ]
[ 40 95 27 54 58 84 79 5 82 62 62 40 75 69 34 43 80 21 85 50 82 57 13 22 79 99 23 17 18 76 9 59 71 36 13 30 20 44 87 54 7 49 46 34 71 81 77 3 54 14 ]
[ 53 37 71 18 11 2 18 34 72 88 10 81 47 34 17 13 16 89 9 3 43 16 5 90 50 76 23 79 79 77 45 84 66 69 54 77 71 24 64 43 13 26 24 12 60 93 77 76 82 87 ]
[ 32 78 55 37 20 58 13 43 89 44 20 35 80 87 4 34 16 75 59 80 71 24 59 47 36 71 41 14 48 23 53 80 53 8 69 73 18 34 16 8 78 37 43 10 76 99 96 92 26 7 ]
[ 25 97 31 84 45 20 55 86 86 55 61 39 87 15 99 56 88 18 90 5 78 20 94 21 82 70 20 79 14 46 86 91 96 70 75 41 90 83 79 28 90 40 19 78 7 18 86 96 88 29 ]
[ 53 66 1 47 39 84 69 11 15 35 10 1 27 6 23 54 99 13 89 78 93 80 70 12 10 78 83 48 26 23 77 31 42 31 30 81 15 99 45 30 86 55 83 13 13 7 20 12 72 9 ]

Running insertion sort algorithm: 
Timer (sort): 30270ms real	30270ms user	0ms sys
The output is sorted!
[ 14 3 70 7 3 76 71 95 12 25 1 8 43 5 32 18 32 8 30 32 17 56 38 47 10 19 33 3 43 16 57 58 19 28 65 75 4 88 22 68 13 23 77 9 28 9 27 12 70 9 ]
[ 20 2 20 40 78 27 31 53 20 36 63 65 47 93 0 15 41 48 18 41 14 16 84 0 1 18 22 11 90 19 67 10 21 39 3 51 19 34 4 39 22 67 57 21 13 57 36 6 57 6 ]
[ 42 2 4 78 73 36 0 8 15 4 34 0 50 0 28 43 66 71 27 27 49 12 90 85 7 15 9 51 50 44 42 44 46 47 22 20 35 23 80 51 79 15 3 81 15 83 24 33 6 3 ]
[ 47 98 97 8 3 9 55 85 81 95 40 49 3 1 44 66 49 24 24 83 8 85 9 20 38 81 34 87 44 22 11 43 20 60 3 23 21 11 8 2 6 1 4 10 2 0 28 51 76 5 ]
[ 55 52 29 24 0 45 74 96 13 68 4 54 25 83 93 2 18 50 43 46 66 48 3 84 47 74 2 38 3 96 10 11 0 92 35 0 37 9 48 2 29 52 56 6 35 1 8 5 4 4 ]
[ 47 26 60 1 45 6 11 13 39 12 21 33 8 12 72 2 90 10 47 37 12 39 18 22 32 81 12 93 48 45 15 48 24 28 49 69 34 12 34 73 76 56 6 36 20 30 39 10 93 38 ]
[ 19 55 29 29 72 10 8 48 27 4 2 60 25 83 33 80 44 15 72 26 38 13 4 62 56 37 44 45 59 43 12 30 98 41 59 22 3 20 22 31 24 24 43 1 7 76 34 4 91 6 ]
[ 15 37 25 75 13 10 7 14 85 75 56 34 12 9 88 72 32 73 74 0 58 17 8 22 72 4 31 20 3 23 12 70 60 90 45 25 0 4 39 37 31 47 23 43 56 12 15 40 37 42 ]
[ 7 82 9 14 32 53 64 55 12 5 7 2 39 73 17 59 71 61 86 37 4 19 71 22 18 29 12 5 42 22 4 1 4 14 15 88 19 79 96 83 36 3 85 27 29 54 87 0 15 25 ]
[ 48 31 3 13 12 68 40 75 4 76 2 8 0 83 21 42 50 81 43 73 33 0 45 46 22 9 14 62 24 30 12 24 61 67 37 73 36 29 1 40 57 3 1 58 86 22 0 88 4 43 ]
[ 13 55 87 23 75 7 32 3 21 0 44 61 87 25 63 9 2 33 59 45 49 32 20 23 34 27 18 12 35 7 44 0 14 84 23 42 91 8 45 12 8 41 25 47 66 89 56 20 22 67 ]
[ 71 6 17 14 8 9 56 18 21 73 66 43 48 72 22 23 30 15 13 78 34 4 36 84 65 33 5 66 2 44 44 26 50 62 40 11 23 48 29 45 74 47 40 22 19 15 45 1 30 58 ]
[ 1 10 16 18 56 37 77 85 91 16 25 35 71 29 13 93 9 23 22 6 91 51 41 32 26 82 33 22 47 1 4 0 11 72 18 67 9 47 5 0 16 30 87 39 59 1 32 20 76 54 ]
[ 86 32 36 9 15 0 5 12 19 46 73 89 41 9 15 5 2 99 13 63 64 24 53 48 7 65 58 83 62 0 35 48 32 24 9 0 24 14 12 44 13 38 85 54 99 53 11 1 4 76 ]
[ 55 26 39 63 1 72 12 46 26 26 4 13 56 9 98 59 44 44 4 80 65 7 13 33 29 52 24 18 23 27 17 31 6 56 94 7 81 6 5 7 32 9 73 40 19 23 99 15 67 55 ]
[ 32 12 22 54 23 34 62 75 25 13 78 32 13 28 35 13 58 4 16 15 92 19 19 0 86 27 66 63 42 18 9 75 82 32 29 5 18 43 33 43 8 11 75 22 39 63 35 49 19 51 ]
[ 32 1 16 69 62 41 38 64 9 27 72 6 10 55 31 15 25 42 14 53 45 12 84 12 54 38 11 47 6 2 7 38 55 75 8 69 16 98 85 26 25 10 32 35 65 15 51 42 9 65 ]
[ 79 65 13 21 57 20 99 73 12 1 9 87 73 3 33 56 44 3 55 24 13 26 8 75 4 15 10 10 77 48 17 8 66 82 29 23 2 81 48 14 34 9 53 7 12 86 16 8 41 71 ]
[ 63 5 7 52 28 73 34 30 2 38 39 33 32 31 74 8 54 2 39 34 70 54 44 6 47 65 4 48 37 22 22 52 27 30 5 8 3 91 38 58 29 29 43 13 60 17 74 67 71 13 ]
[ 17 62 72 63 2 79 68 15 15 1 27 6 13 97 88 30 39 16 0 74 58 0 5 2 25 12 44 12 6 58 90 23 20 63 38 22 94 6 89 9 60 16 15 73 66 55 55 5 23 8 ]

Timer (generate): 20ms real	20ms user	0ms sys
[ 22 67 17 17 13 10 3 70 99 85 91 90 8 19 24 96 55 83 32 92 70 98 18 73 91 80 5 49 74 38 70 49 57 88 18 70 98 22 41 49 59 84 92 19 3 16 67 58 0 0 ]
[ 2 70 98 20 44 41 53 1 42 27 39 13 28 96 53 47 19 3 69 60 52 28 44 44 99 99 61 67 9 61 19 12 83 17 84 79 10 37 80 52 17 71 17 45 20 22 44 39 77 13 ]
[ 99 30 93 95 26 93 46 39 12 55 52 31 67 36 0 52 15 10 41 48 14 58 19 84 56 39 58 0 78 36 66 29 66 11 76 44 56 22 84 68 78 36 51 97 24 51 49 40 13 43 ]
[ 88 80 53 59 16 9 99 74 62 77 10 80 59 28 91 35 73 48 10 9 68 88 97 20 37 74 23 39 14 37 82 54 17 35 65 33 97 64 59 11 94 70 91 53 50 34 40 75 34 50 ]
[ 36 3 90 34 75 28 8 98 67 74 35 1 80 4 36 45 89 85 62 49 96 56 71 39 61 21 74 53 97 8 56 85 63 46 19 38 26 79 37 45 5 72 46 85 29 35 83 18 20 45 ]
[ 19 69 53 90 60 66 64 34 19 13 95 75 98 10 74 18 49 52 49 38 98 55 62 96 40 91 31 75 10 4 20 81 73 25 72 33 91 36 20 63 49 67 90 47 77 64 17 78 69 67 ]
[ 16 67 22 79 15 14 70 47 42 32 3 14 14 76 40 38 61 31 74 33 46 75 52 37 74 30 1 92 60 22 11 77 89 85 56 57 51 78 4 93 63 7 8 77 35 48 67 48 31 93 ]
[ 34 78 68 86 15 42 16 68 86 29 91 97 6 32 82 14 89 86 92 45 79 55 4 87 84 91 87 3 40 71 96 74 1 64 60 68 59 29 36 45 10 79 95 16 64 29 30 5 15 74 ]
[ 3 95 82 7 34 18 51 74 22 43 97 18 69 98 35 81 66 94 62 54 91 72 86 38 88 50 68 70 7 83 97 10 30 31 70 17 49 21 91 23 16 88 42 85 38 29 66 4 75 29 ]
[ 58 18 1 44 57 42 46 25 12 54 60 61 16 43 92 86 60 94 59 3 17 75 43 11 12 81 92 79 37 67 8 47 86 61 92 43 3 90 20 68 96 80 29 13 23 74 51 35 68 63 ]
[ 38 37 90 33 1 3 14 93 82 3 61 42 51 47 3 95 42 7 85 62 75 34 94 56 47 70 30 50 5 50 13 96 88 56 29 89 59 96 82 93 99 95 87 50 94 42 45 36 1 83 ]
[ 50 28 17 97 85 16 67 67 66 24 18 32 72 58 40 54 47 51 50 81 96 1 77 83 4 23 25 1 60 79 84 62 7 53 59 92 21 78 12 40 3 30 72 27 88 64 81 87 15 31 ]
[ 68 11 85 97 94 89 21 71 90 33 50 27 47 10 32 7 54 54 37 66 94 92 48 18 20 88 82 1 75 97 85 96 60 70 45 54 11 66 77 53 51 80 32 99 90 65 6 96 71 95 ]
[ 63 65 88 11 35 8 0 17 61 27 66 46 23 26 68 69 32 79 87 61 33 39 93 17 90 35 82 96 32 5 43 95 70 31 58 57 91 10 26 53 38 44 51 13 70 20 34 54 51 74 ]
[ 68 36 65 61 54 55 97 88 3 29 94 46 76 16 78 34 74 21 97 0 74 35 45 26 0 67 98 35 74 49 9 42 86 74 55 40 29 4 28 32 85 22 30 61 39 8 48 65 82 45 ]
[ 65 56 32 62 34 32 82 84 19 56 34 28 50 20 54 5 12 35 10 92 19 95 67 50 9 6 10 57 23 92 54 40 1 86 3 87 18 37 72 38 93 6 18 95 78 25 0 42 12 62 ]
[ 34 84 10 1 86 19 59 96 28 34 41 82 75 94 20 30 81 38 67 53 28 60 11 99 7 41 24 7 83 88 22 70 72 32 23 58 3 35 7 31 69 0 65 44 94 85 74 75 75 41 ]
[ 81 56 53 44 55 60 86 31 20 21 19 42 43 92 26 67 50 81 54 9 64 23 9 29 20 3 66 94 31 93 88 64 49 93 8 4 6 46 35 26 20 55 20 15 99 98 34 49 79 88 ]
[ 59 43 12 20 24 84 24 42 78 7 35 18 71 85 12 31 41 70 78 77 48 50 84 20 65 83 18 0 84 49 40 95 44 52 16 20 36 40 62 67 47 97 37 70 34 1 1 76 71 31 ]
[ 53 19 81 89 91 99 72 9 99 56 10 91 52 54 44 68 74 32 60 88 51 59 86 41 29 72 42 30 48 66 62 53 85 95 42 29 94 14 38 45 23 1 37 75 55 33 95 82 17 7 ]

Running insertion sort algorithm: 
Timer (sort): 30455ms real	30450ms user	0ms sys
The output is sorted!
[ 1 51 37 5 50 25 84 1 64 33 4 74 44 16 50 95 22 70 15 33 7 58 2 5 50 4 20 6 29 5 30 82 8 19 88 10 45 24 11 9 57 15 35 1 32 86 48 6 8 63 ]
[ 12 44 6 39 5 42 10 20 60 18 4 60 99 41 17 7 21 35 33 51 26 22 7 28 18 59 22 94 75 40 45 40 36 3 79 42 45 41 14 5 59 70 18 11 11 87 18 32 22 4 ]
[ 12 11 89 31 18 22 28 59 39 54 11 42 33 61 1 6 0 58 35 75 8 86 26 11 15 0 74 18 7 66 5 20 29 46 51 0 68 31 59 7 85 22 2 18 83 3 25 83 61 12 ]
[ 54 67 94 20 75 38 28 28 6 74 83 25 98 15 20 46 0 76 7 20 28 33 25 8 38 22 27 30 75 32 13 29 51 7 49 27 46 29 7 4 3 42 29 54 9 49 0 10 77 7 ]
[ 37 77 10 24 7 3 28 7 19 61 12 55 3 17 48 14 47 87 34 50 23 83 94 41 16 20 15 14 47 32 18 36 9 28 60 68 31 89 27 2 2 39 57 6 8 58 72 55 45 6 ]
[ 47 3 50 98 45 99 29 25 27 30 1 59 61 1 4 28 40 63 20 3 3 24 15 14 36 53 25 49 1 40 10 48 43 13 99 40 64 28 65 91 10 18 50 71 19 6 0 11 21 72 ]
[ 56 0 7 52 9 24 50 40 28 48 2 27 29 86 43 6 47 61 45 1 50 25 33 81 29 48 53 6 57 9 53 14 10 12 66 19 88 16 12 16 17 14 96 46 52 91 4 51 52 1 ]
[ 13 26 83 44 7 21 85 88 8 5 94 32 23 43 44 11 3 21 11 47 0 22 2 8 32 97 22 22 56 86 83 69 12 19 66 71 40 3 59 0 8 5 32 84 0 28 95 3 2 59 ]
[ 24 42 0 21 43 2 20 9 33 76 59 21 32 68 32 18 4 81 23 1 98 39 8 34 11 11 27 10 20 6 20 44 48 21 17 44 75 37 5 60 14 64 81 98 85 65 17 41 46 40 ]
[ 8 48 6 80 33 22 13 25 24 12 74 78 18 46 37 3 28 57 21 27 98 56 0 26 19 4 13 1 15 62 50 24 11 56 56 96 31 69 21 55 33 48 33 52 46 22 7 74 31 28 ]
[ 76 57 47 20 28 83 0 66 9 90 2 36 8 51 1 5 43 35 32 31 98 33 28 45 15 70 43 32 18 16 22 46 25 69 18 5 5 18 72 14 60 26 2 68 29 55 25 72 42 9 ]
[ 35 2 60 24 9 87 89 16 49 10 66 22 46 17 32 83 12 94 0 21 30 57 6 64 5 4 53 99 6 49 3 93 51 64 17 12 3 6 80 4 68 47 27 67 16 59 2 28 5 2 ]
[ 97 45 10 83 28 66 15 1 19 46 33 74 92 1 60 87 4 41 14 16 32 11 20 80 69 66 12 12 67 3 24 17 0 34 0 28 1 67 82 20 66 15 46 58 16 6 45 20 48 11 ]
[ 46 25 8 14 44 85 64 38 36 0 43 2 51 2 16 3 41 34 14 15 25 48 65 98 41 54 73 38 21 49 66 19 74 26 33 18 12 97 9 0 98 4 2 1 6 71 5 99 5 71 ]
[ 27 21 12 15 44 3 25 75 17 68 32 12 96 18 53 31 12 58 67 94 24 56 93 66 69 15 13 2 12 6 40 39 79 5 7 23 8 32 51 25 1 35 38 49 54 43 80 18 1 47 ]
[ 54 58 32 61 1 63 14 72 29 91 21 76 25 36 89 22 70 10 30 28 37 39 24 17 54 61 17 14 44 56 12 50 14 44 11 16 8 77 40 37 21 13 13 46 1 55 20 71 17 3 ]
[ 34 41 33 37 6 53 27 31 5 12 29 92 10 87 37 22 78 84 10 2 72 22 18 32 25 12 69 74 26 48 40 13 90 25 50 48 78 29 31 36 42 12 28 4 0 18 26 30 2 89 ]
[ 81 47 49 32 22 19 41 13 57 39 81 15 5 65 0 45 91 41 52 53 8 6 5 21 10 81 0 47 28 0 0 9 0 1 93 22 21 34 35 78 74 17 45 31 82 97 29 26 39 33 ]
[ 15 0 0 6 40 24 36 23 2 31 71 18 55 99 71 64 9 61 11 16 23 33 10 31 70 84 31 14 21 28 69 36 29 21 94 21 97 31 44 0 62 67 18 18 18 41 82 28 2 46 ]
[ 52 53 27 48 27 84 0 51 20 95 45 63 29 7 1 11 45 72 73 0 67 2 1 27 52 1 7 54 96 67 12 0 21 39 48 0 75 0 3 96 47 1 11 77 8 12 40 5 85 65 ]

Timer (generate): 19ms real	20ms user	0ms sys
[ 78 28 49 30 42 10 20 44 57 69 13 95 6 94 31 42 55 64 68 2 12 14 59 80 72 3 91 77 63 34 29 41 14 78 24 56 88 44 52 97 14 66 45 72 60 28 15 67 92 35 ]
[ 69 56 49 28 37 73 83 80 2 46 14 31 40 81 62 64 37 2 60 90 52 26 56 49 99 68 77 14 36 21 1 5 77 3 86 66 76 21 99 31 20 65 62 12 46 76 28 84 31 88 ]
[ 26 83 15 82 84 66 2 13 32 38 34 33 96 63 36 34 82 65 55 81 96 27 46 10 39 45 87 67 29 70 56 7 53 23 41 89 41 43 2 73 82 88 6 30 51 95 64 85 60 71 ]
[ 18 8 99 17 18 38 62 57 6 43 27 14 50 32 89 91 21 30 34 75 3 68 63 61 98 67 56 62 52 68 34 23 76 33 40 47 23 54 4 29 97 84 95 47 68 84 90 42 14 24 ]
[ 17 17 45 81 31 43 48 39 58 52 8 44 27 36 29 67 83 52 21 40 34 70 76 29 69 44 14 59 38 80 36 56 50 81 89 81 76 89 20 34 41 80 30 21 17 59 88 52 64 62 ]
[ 44 98 84 72 27 54 69 93 13 7 74 49 63 24 82 4 57 59 93 77 45 87 10 76 8 27 87 48 31 51 62 76 49 47 0 29 1 69 74 66 77 0 16 92 76 50 97 33 9 90 ]
[ 63 7 77 73 83 37 0 22 86 83 74 48 11 75 95 12 56 48 81 31 15 10 31 83 3 8 33 52 41 43 42 56 50 72 29 85 9 81 7 47 65 33 96 76 61 43 40 17 92 22 ]
[ 48 7 32 32 42 87 40 75 39 33 70 34 42 20 58 71 57 19 53 17 67 70 50 63 98 63 6 39 81 50 13 29 57 97 13 99 37 5 27 28 91 97 62 33 70 72 4 27 92 9 ]
[ 96 59 31 99 74 82 62 80 21 43 31 86 25 40 35 38 92 72 44 71 1 35 68 15 68 38 88 24 18 80 86 14 91 17 13 65 99 76 45 72 19 28 10 44 21 46 35 65 18 79 ]
[ 36 71 66 4 87 86 95 27 10 13 59 96 27 50 66 41 15 17 69 12 90 88 93 0 85 14 98 20 31 69 51 19 40 69 75 79 55 70 6 17 83 65 66 63 67 32 56 82 49 25 ]
[ 95 91 65 40 44 50 54 42 22 37 11 25 56 4 94 31 83 1 2 42 19 37 59 85 52 27 69 60 61 70 85 8 62 3 48 58 5 54 0 80 91 64 5 99 68 52 31 3 53 85 ]
[ 45 72 74 57 9 27 36 78 87 97 49 25 6 63 80 6 21 85 61 73 65 4 89 71 4 57 23 35 13 28 72 10 1 46 67 10 25 3 41 65 53 90 42 11 5 22 17 78 7 30 ]
[ 51 73 35 93 96 39 2 71 26 15 99 50 26 52 96 45 15 74 49 56 39 54 98 81 65 3 55 34 81 62 65 84 87 52 77 83 43 80 6 21 95 6 71 73 10 67 19 25 93 20 ]
[ 33 32 74 31 65 91 86 20 25 67 35 42 4 22 94 81 58 37 13 16 58 9 74 81 34 85 1 53 62 94 73 96 79 99 79 44 90 66 17 68 85 4 10 89 78 57 23 36 46 36 ]
[ 53 5 97 27 38 32 64 39 37 27 34 63 75 13 14 54 9 5 72 78 25 58 82 87 99 61 44 74 49 91 11 54 48 60 34 86 44 98 26 82 77 12 97 52 25 11 59 34 68 31 ]
[ 13 93 41 47 81 41 8 77 15 58 20 78 64 68 39 98 7 35 49 85 17 26 97 14 31 22 78 90 8 46 73 73 40 15 21 73 8 29 50 75 39 71 54 4 91 45 54 98 80 3 ]
[ 35 50 82 32 16 13 6 94 55 15 41 28 88 33 95 9 6 3 91 8 79 30 31 85 86 23 82 41 73 14 96 9 16 78 93 33 91 0 79 46 15 72 27 55 57 22 17 63 78 8 ]
[ 24 9 90 7 94 77 82 28 70 56 42 66 17 59 45 62 44 88 62 23 87 29 48 14 85 5 88 2 21 66 10 45 27 52 4 73 29 87 1 51 95 44 18 12 55 15 26 99 55 89 ]
[ 74 42 18 22 8 55 80 97 57 1 15 19 98 95 24 2 68 5 89 70 57 84 66 27 48 21 42 75 72 97 16 46 92 34 21 0 42 1 49 51 2 17 23 0 12 47 54 80 52 44 ]
[ 50 9 28 16 36 29 89 30 4 61 80 20 8 24 6 81 24 0 82 26 52 84 43 75 36 55 22 90 87 74 86 38 36 67 6 24 96 96 55 52 9 87 24 17 11 82 98 87 83 32 ]

Running insertion sort algorithm: 
Timer (sort): 30896ms real	30890ms user	0ms sys
The output is sorted!
[ 0 31 29 50 2 54 8 13 30 45 37 45 14 74 0 43 7 66 17 0 11 9 41 98 27 32 54 60 64 17 38 16 0 20 18 2 74 26 15 57 71 4 2 38 30 54 33 38 20 2 ]
[ 27 84 13 6 76 51 41 28 2 76 4 7 13 0 25 98 17 2 40 14 2 64 49 21 12 55 32 16 95 13 3 22 50 16 80 26 20 21 6 22 98 62 81 63 14 6 13 31 61 5 ]
[ 25 69 52 19 87 1 41 34 71 43 26 24 81 36 12 24 33 13 48 65 9 23 28 48 63 5 22 75 8 10 51 34 31 3 5 18 56 46 5 28 42 83 4 23 19 16 48 4 30 48 ]
[ 58 43 39 21 35 96 16 16 25 26 26 24 93 69 47 14 52 8 25 8 67 19 84 16 22 2 32 28 23 2 6 33 46 46 6 33 42 23 49 20 1 76 44 47 45 43 13 49 4 38 ]
[ 6 1 56 50 28 64 78 53 18 46 5 31 33 16 90 17 34 14 57 30 26 95 53 15 11 91 66 8 49 9 50 7 10 6 58 38 23 36 43 41 34 0 24 19 16 14 36 50 29 93 ]
[ 11 41 89 19 34 29 47 6 26 99 82 16 58 9 58 69 48 15 53 31 36 92 5 51 22 7 7 5 21 20 11 32 13 1 3 47 30 51 5 8 2 87 25 12 49 83 81 49 50 34 ]
[ 91 71 38 34 55 20 14 21 2 8 40 34 82 69 11 31 18 58 2 64 15 27 19 57 6 42 3 5 74 13 63 65 36 1 0 44 73 66 17 27 74 57 13 8 27 25 39 45 35 42 ]
[ 24 0 76 32 26 62 76 70 18 61 12 0 71 13 15 11 3 16 22 1 56 51 3 30 10 4 98 94 11 27 74 87 27 50 19 6 64 47 28 83 8 40 35 31 6 50 43 61 19 17 ]
[ 14 12 35 20 94 65 70 2 78 60 23 21 35 29 62 34 11 80 6 0 20 82 15 38 51 8 37 68 14 6 0 80 18 87 0 12 4 23 15 83 83 90 4 71 19 18 5 30 50 12 ]
[ 14 35 35 1 31 55 11 18 71 55 6 8 99 33 13 51 21 21 34 5 12 2 24 57 35 0 1 48 26 30 62 40 17 50 94 0 57 57 18 29 12 76 89 63 61 2 67 82 75 1 ]
[ 20 15 32 13 67 24 29 75 39 30 0 45 9 21 1 25 21 91 61 83 17 28 61 71 91 17 3 44 65 84 2 37 99 34 3 18 10 32 46 2 14 46 47 23 19 0 0 41 91 61 ]
[ 41 70 6 11 56 25 2 39 21 37 1 57 40 66 6 9 25 86 54 56 15 4 71 2 37 5 24 13 5 0 82 98 23 88 9 79 65 11 70 86 1 23 44 41 90 2 2 15 41 56 ]
[ 27 25 72 6 39 40 33 48 29 94 47 5 13 85 51 79 30 0 47 24 64 4 63 34 53 15 49 53 90 1 38 17 27 10 76 18 2 9 18 32 55 18 37 20 3 88 0 34 41 47 ]
[ 29 4 23 43 13 25 63 3 7 81 47 76 61 5 76 90 0 7 30 57 15 41 2 4 19 79 94 5 48 30 37 30 34 13 73 99 90 36 3 97 69 2 25 30 7 2 20 7 61 2 ]
[ 23 15 2 93 40 42 95 23 31 38 14 45 41 23 35 25 29 23 33 33 9 91 51 9 52 2 0 55 54 98 86 29 13 41 22 6 35 70 29 18 8 95 63 1 18 50 26 47 25 11 ]
[ 52 6 48 47 12 41 28 25 9 51 15 75 76 3 55 69 34 83 5 60 37 60 4 50 8 62 70 53 97 56 16 1 63 16 0 27 9 29 5 19 32 20 46 9 76 1 30 10 85 35 ]
[ 2 53 26 4 32 9 28 21 31 98 66 22 33 23 73 52 5 69 62 35 94 96 28 5 17 65 49 34 11 5 38 65 10 16 70 43 25 50 16 56 49 34 31 34 10 4 38 15 73 1 ]
[ 63 22 44 30 37 43 73 33 1 9 77 48 71 3 9 75 5 55 5 2 48 40 75 20 38 35 1 10 27 18 73 42 93 17 73 30 12 46 15 13 7 92 13 78 47 22 5 52 29 63 ]
[ 29 15 11 8 51 8 2 34 9 60 35 67 11 51 13 35 53 42 61 4 68 53 14 5 78 77 86 12 18 89 39 48 4 2 8 7 10 10 93 72 22 29 39 85 32 4 21 85 98 34 ]
[ 11 82 46 5 63 23 9 11 82 58 73 3 42 9 59 56 99 81 5 53 13 55 3 2 99 66 1 13 40 19 0 3 54 46 8 17 21 69 80 4 27 53 7 21 15 18 77 66 51 34 ]

Timer (generate): 24ms real	10ms user	0ms sys
[ 35 11 73 44 46 90 67 49 27 22 11 5 78 67 3 22 97 88 8 51 11 51 85 79 62 7 25 22 46 72 81 33 84 7 77 82 97 97 83 24 19 94 81 49 13 36 71 11 24 31 ]
[ 14 35 34 51 66 96 58 44 70 57 16 52 90 52 59 20 87 56 17 70 32 36 17 66 85 30 2 8 93 79 39 59 14 73 11 33 22 21 77 92 78 45 44 21 50 55 41 37 63 58 ]
[ 7 48 46 24 14 31 7 16 39 0 47 30 60 62 3 71 47 25 44 76 18 23 21 14 96 71 22 37 60 85 47 68 85 93 44 51 76 51 68 67 52 15 97 64 29 0 87 28 26 31 ]
[ 4 96 6 78 62 2 1 84 39 62 22 86 30 59 31 26 11 7 78 31 74 82 98 71 46 28 24 85 8 2 16 13 50 75 43 12 77 44 49 69 6 23 55 88 82 39 15 93 46 45 ]
[ 24 73 79 23 96 25 3 20 62 11 22 78 76 24 53 71 37 83 16 86 52 22 9 59 63 43 98 30 37 97 75 13 70 54 36 66 31 91 87 93 55 61 23 83 86 29 55 75 12 71 ]
[ 13 64 45 74 75 60 17 74 90 6 71 65 20 93 71 8 59 2 0 98 47 7 12 23 90 50 52 45 25 16 68 90 32 66 64 7 26 81 33 17 88 56 34 8 49 6 68 9 60 68 ]
[ 59 60 27 23 83 18 73 35 15 50 51 36 40 83 2 4 42 80 38 76 49 78 32 84 38 82 42 6 43 2 27 2 62 54 26 45 72 51 32 40 2 35 76 94 70 30 51 13 10 89 ]
[ 89 12 19 21 96 57 55 38 63 98 92 90 53 55 45 31 52 69 82 37 9 36 72 37 83 43 67 34 56 30 75 97 42 94 18 90 3 74 28 66 24 72 9 29 79 54 60 32 75 95 ]
[ 21 85 83 93 22 66 88 42 52 96 72 79 93 66 25 12 56 28 38 36 95 14 8 4 44 88 10 4 72 37 51 93 74 35 38 97 53 27 91 58 23 63 37 69 81 63 81 37 43 71 ]
[ 73 38 37 33 94 81 21 56 38 45 46 41 38 20 76 29 17 82 8 60 92 31 23 29 0 56 44 33 93 88 56 18 78 94 52 25 27 25 33 65 71 79 7 61 0 35 90 69 69 98 ]
[ 30 61 82 5 43 34 62 39 20 7 79 28 26 10 74 30 87 54 7 20 71 78 52 30 92 4 66 34 73 87 85 55 1 19 13 96 5 27 87 77 86 19 6 64 29 32 94 16 86 2 ]
[ 88 58 32 92 88 76 96 6 11 22 46 48 29 99 67 94 95 24 21 34 2 8 53 60 24 82 92 19 50 31 73 91 89 57 35 29 34 32 36 97 6 34 45 35 33 64 30 28 88 3 ]
[ 14 90 63 68 50 88 2 95 59 5 26 32 48 15 41 83 44 75 15 32 24 73 66 21 61 51 85 43 31 74 46 46 16 62 14 19 2 16 14 61 73 40 45 21 7 86 5 3 14 72 ]
[ 36 90 46 54 12 7 6 97 2 37 23 0 35 40 62 49 59 64 18 25 77 91 65 74 13 72 61 70 27 27 42 63 17 40 70 29 99 28 79 1 17 2 2 53 94 16 54 5 33 72 ]
[ 30 62 16 47 37 81 19 50 51 47 77 45 62 46 86 84 76 37 64 7 39 82 9 93 35 4 61 41 9 94 14 92 57 82 39 46 63 11 96 66 10 73 11 24 71 49 9 47 87 25 ]
[ 54 26 7 16 71 94 72 32 36 33 79 2 25 88 84 65 34 47 28 30 65 38 3 76 62 26 26 23 26 13 1 80 91 8 48 14 55 20 46 43 54 25 45 79 13 29 96 47 28 76 ]
[ 29 93 14 84 21 29 11 47 4 37 12 5 69 55 66 18 69 21 38 68 64 44 93 61 76 59 90 24 58 70 1 88 15 67 72 88 96 35 36 53 72 0 10 42 56 76 60 77 49 50 ]
[ 45 13 47 91 74 23 2 16 99 12 38 0 0 5 20 25 94 16 60 82 21 85 34 32 27 42 60 39 20 10 89 65 75 88 8 2 63 10 70 63 23 61 15 75 66 35 52 12 4 65 ]
[ 46 25 50 81 9 77 23 22 68 43 32 9 61 59 98 21 13 61 32 84 24 7 97 92 82 15 27 87 28 31 52 74 9 54 7 18 83 31 40 51 26 24 60 39 36 10 61 49 72 93 ]
[ 33 48 52 82 40 86 98 20 73 26 51 77 52 60 31 12 31 14 43 23 17 21 0 30 61 36 40 22 85 12 67 71 13 19 53 5 5 51 25 79 29 29 8 34 41 40 46 24 6 41 ]

Running insertion sort algorithm: 
Timer (sort): 29620ms real	29620ms user	0ms sys
The output is sorted!
[ 25 12 11 1 35 9 88 9 4 39 23 66 52 19 54 82 11 58 45 42 54 6 4 13 33 47 31 93 13 4 78 90 69 41 43 4 50 31 14 7 22 37 25 27 8 31 9 20 90 7 ]
[ 9 29 6 71 22 16 13 0 75 1 86 76 26 2 61 27 80 8 8 57 22 67 2 6 32 43 9 84 55 2 0 64 31 6 35 54 75 1 6 50 2 44 78 28 46 40 7 27 48 68 ]
[ 37 33 54 53 38 19 18 43 26 60 54 16 25 12 6 56 22 29 56 3 12 6 28 1 10 16 67 47 13 37 12 3 70 66 56 60 37 74 55 16 86 61 32 12 25 38 20 47 19 28 ]
[ 78 29 15 3 20 18 95 13 75 51 93 61 3 2 83 28 8 25 6 25 1 61 41 27 35 23 25 38 82 18 43 12 99 10 15 19 28 11 84 4 14 77 17 17 31 0 98 39 25 4 ]
[ 14 90 2 48 1 18 7 37 2 3 19 83 19 2 51 30 27 16 10 14 8 65 81 95 31 94 0 99 50 77 4 16 19 58 65 20 76 24 57 31 27 28 14 46 30 17 28 10 33 38 ]
[ 63 82 4 7 10 42 41 90 39 15 61 40 21 47 8 42 67 91 0 46 54 32 4 68 39 18 12 51 5 26 73 20 8 78 79 70 20 20 61 11 35 22 51 8 21 11 3 40 2 3 ]
[ 14 14 36 34 80 4 3 2 16 9 36 9 73 15 70 56 85 76 40 43 21 24 38 1 31 28 61 54 52 10 26 19 24 14 53 5 18 8 7 87 69 43 96 42 10 19 51 48 47 43 ]
[ 38 36 17 4 32 5 57 27 93 5 7 55 0 6 5 20 61 11 77 34 11 74 20 58 45 67 49 62 64 33 44 3 69 13 7 1 19 17 28 64 22 87 19 74 46 24 94 7 35 24 ]
[ 8 11 26 67 13 30 30 39 49 53 16 39 20 9 78 4 1 27 33 58 20 3 88 51 30 61 75 22 2 8 84 62 19 10 30 33 40 60 24 41 65 40 32 37 1 11 94 3 90 27 ]
[ 7 45 1 31 51 27 59 15 25 5 5 39 22 4 58 9 18 2 75 80 37 4 43 0 10 61 38 20 8 53 75 67 50 76 99 2 4 58 17 81 63 75 20 37 31 30 46 49 32 22 ]
[ 41 37 12 6 30 35 11 30 42 79 72 63 48 6 51 37 46 62 21 34 12 79 68 24 87 5 5 74 10 34 0 52 71 12 10 54 0 21 36 94 0 9 9 0 67 60 37 13 74 11 ]
[ 35 16 51 63 25 11 19 56 79 55 20 66 29 48 45 16 8 48 29 33 82 49 19 84 44 15 23 26 3 3 53 38 20 5 53 45 68 24 1 47 32 21 66 61 21 11 30 29 59 11 ]
[ 6 57 43 98 19 14 31 18 14 56 49 20 15 50 24 44 11 38 34 81 36 84 19 22 25 90 20 13 70 49 29 28 6 72 27 26 38 10 44 5 18 45 25 34 95 1 30 58 39 16 ]
[ 31 52 38 15 17 2 40 45 61 93 17 81 12 17 12 41 41 93 0 47 16 59 42 82 7 87 60 33 5 4 15 37 56 5 4 25 7 44 22 21 90 39 2 2 8 66 95 50 11 47 ]
[ 55 8 18 72 39 33 4 34 21 43 31 14 28 4 11 16 58 85 65 6 19 16 5 91 22 46 18 98 36 18 90 91 26 8 15 17 42 19 51 15 14 34 30 94 39 41 10 49 79 27 ]
[ 8 25 8 3 63 24 47 76 60 45 73 47 25 90 15 40 2 39 75 37 78 31 38 4 45 23 4 24 1 86 18 9 63 26 64 26 2 64 2 14 9 27 61 87 18 77 27 20 16 54 ]
[ 20 28 67 63 23 18 8 76 73 63 4 13 51 14 82 25 5 58 99 28 6 35 59 7 34 1 24 33 68 65 0 88 45 19 4 21 89 64 49 63 27 53 28 31 19 10 8 25 20 7 ]
[ 30 70 82 53 10 19 59 82 19 5 4 10 1 38 67 76 6 87 18 32 27 93 35 19 13 11 53 47 17 44 8 47 14 42 0 77 61 11 11 33 68 15 43 22 5 62 98 11 49 16 ]
[ 94 31 55 23 83 39 4 77 4 66 7 19 17 2 23 54 83 24 2 68 42 38 17 4 32 15 33 73 31 21 5 26 5 60 1 88 99 6 18 55 72 25 27 41 27 2 47 62 26 49 ]
[ 55 56 68 28 53 15 19 4 30 17 46 23 15 42 72 38 65 31 44 30 73 17 27 8 43 46 86 48 17 71 12 24 27 32 5 32 47 24 36 30 41 34 53 8 28 25 46 45 57 42 ]

Timer (generate): 20ms real	10ms user	10ms sys
[ 23 0 86 67 4 6 49 55 57 24 7 1 77 28 63 99 8 51 52 2 31 84 78 63 35 91 87 78 32 29 34 55 30 72 22 86 78 71 93 87 95 52 89 73 80 4 24 40 55 77 ]
[ 95 39 61 73 2 96 16 89 27 48 19 13 55 1 86 77 87 64 49 32 52 44 85 93 69 17 97 94 58 4 23 5 43 84 30 98 32 46 87 59 46 58 25 1 59 11 78 98 27 79 ]
[ 31 31 76 16 24 45 85 73 91 43 78 14 0 73 50 30 71 83 28 11 94 74 69 71 27 81 82 58 31 62 37 14 93 65 82 18 63 68 43 54 63 21 21 64 95 71 94 66 6 75 ]
[ 29 53 49 99 24 29 32 59 87 15 21 76 30 14 42 12 84 5 80 28 11 96 1 32 60 96 56 6 15 14 81 44 19 83 95 96 64 27 55 3 43 76 31 25 42 25 37 27 30 70 ]
[ 7 94 18 8 78 78 57 86 36 72 1 70 16 72 5 64 68 69 91 23 24 86 51 55 11 94 81 1 73 63 23 80 57 41 40 88 71 97 74 7 69 27 29 38 0 34 2 20 55 45 ]
[ 44 79 84 95 35 47 41 68 48 14 31 23 46 89 64 39 29 87 36 3 47 58 83 76 48 35 63 2 55 70 47 99 2 83 47 89 31 88 57 31 55 88 55 53 29 71 92 10 11 81 ]
[ 14 58 91 49 86 39 84 49 93 39 72 92 91 74 76 90 15 7 30 72 90 37 12 97 91 94 21 35 4 32 16 70 90 59 19 76 50 55 78 43 47 50 36 38 76 64 80 91 23 10 ]
[ 15 13 48 27 11 91 73 32 26 78 64 95 48 6 54 20 82 57 75 60 0 22 62 88 12 38 52 92 81 75 55 96 89 55 76 52 46 49 36 24 79 52 71 28 58 78 0 92 35 75 ]
[ 5 35 50 67 76 14 58 28 59 91 4 14 40 45 21 16 49 67 17 85 43 97 37 15 77 47 93 77 39 28 4 96 15 6 16 91 21 26 72 80 17 76 46 57 73 67 25 22 86 43 ]
[ 59 81 92 96 96 69 95 41 98 86 21 2 83 89 61 99 32 82 25 4 14 94 32 12 52 5 31 29 79 69 72 38 50 64 86 47 85 81 40 83 20 62 38 55 3 99 54 35 33 31 ]
[ 40 99 25 24 11 29 30 42 59 61 63 83 0 13 0 38 12 85 72 53 21 92 67 11 47 70 62 53 5 95 36 97 46 61 22 57 43 4 51 2 65 14 37 17 27 37 56 92 75 80 ]
[ 45 96 72 12 59 71 34 21 24 39 68 60 37 14 73 11 23 68 15 26 22 80 40 60 50 19 97 58 11 72 38 8 20 62 72 31 33 6 52 9 98 72 21 87 86 46 98 61 15 13 ]
[ 87 37 45 27 97 95 99 47 53 62 71 43 71 44 5 43 75 38 2 80 99 0 52 20 87 91 67 85 52 82 50 40 19 95 19 69 43 18 16 48 81 87 92 4 31 97 99 59 88 1 ]
[ 39 87 1 91 8 40 82 27 77 87 9 27 27 80 75 46 49 18 17 17 66 98 57 10 54 40 60 53 99 48 55 38 87 8 82 47 1 16 74 78 3 35 6 82 68 33 29 17 51 46 ]
[ 87 69 96 44 80 50 84 40 3 36 40 10 26 27 71 8 27 72 77 1 50 32 89 8 15 57 41 96 26 92 42 13 14 90 9 94 92 94 86 47 30 78 58 8 57 29 17 84 1 46 ]
[ 38 3 78 27 12 45 84 5 41 10 50 83 76 64 25 85 10 17 31 48 65 13 26 75 22 83 4 91 68 57 37 6 12 67 85 24 13 21 82 54 83 32 90 59 96 15 97 6 85 28 ]
[ 54 2 42 32 77 64 15 33 55 35 42 44 93 54 11 30 31 76 51 13 31 35 45 73 46 41 40 43 99 25 72 5 27 66 37 56 82 4 89 89 92 31 33 37 38 96 68 69 73 19 ]
[ 34 56 6 79 29 53 72 69 96 23 47 20 28 74 86 17 31 68 73 72 57 17 56 42 55 94 91 75 15 64 46 49 72 53 28 1 58 52 70 54 75 69 75 55 44 13 72 27 34 97 ]
[ 51 91 15 7 86 22 1 77 97 68 93 95 17 65 48 97 66 6 49 88 13 76 58 40 31 54 53 55 33 87 53 84 31 20 92 69 42 45 46 91 14 39 86 31 4 87 81 22 45 30 ]
[ 10 10 7 20 50 90 74 56 46 7 95 99 92 78 19 36 47 13 81 93 4 95 84 42 79 88 29 60 62 27 42 73 37 1 45 88 92 20 96 38 79 91 89 23 70 60 59 17 73 93 ]

Running insertion sort algorithm: 
Timer (sort): 30396ms real	30390ms user	0ms sys
The output is sorted!
[ 7 2 7 71 66 1 11 11 12 29 38 9 1 65 4 5 82 38 6 6 85 69 13 19 8 5 4 56 43 78 6 50 32 13 21 51 14 32 62 78 14 0 87 67 17 91 72 0 29 30 ]
[ 7 45 5 0 12 34 48 21 16 85 38 0 50 12 65 7 43 28 3 4 4 49 40 48 63 14 68 65 10 95 16 17 92 21 69 5 55 18 78 23 3 16 75 5 28 40 13 23 21 68 ]
[ 40 10 62 33 14 73 94 48 0 29 73 62 25 24 33 10 17 23 37 40 10 3 65 0 1 41 18 4 23 20 16 15 83 30 1 97 3 95 45 55 24 71 18 1 95 3 63 64 27 1 ]
[ 1 14 23 59 15 37 68 12 66 18 6 15 54 31 17 11 9 58 87 69 72 43 79 7 51 83 35 8 8 23 28 9 37 51 68 4 41 88 16 7 7 23 74 13 6 92 24 15 50 12 ]
[ 1 66 31 36 19 46 23 27 12 33 14 55 67 38 55 4 26 13 76 5 80 23 77 14 12 54 79 51 12 7 20 13 25 4 1 44 50 24 71 14 9 38 70 28 28 25 33 54 90 61 ]
[ 27 29 62 16 1 28 93 23 5 65 55 55 14 12 67 22 0 42 6 50 46 52 55 12 6 78 14 19 31 76 1 58 58 63 26 11 92 19 35 49 36 42 4 50 55 23 25 7 17 31 ]
[ 52 10 5 65 38 27 18 3 67 13 72 57 99 43 29 44 90 84 31 0 13 42 76 32 16 36 69 16 9 5 20 13 16 25 79 6 4 49 9 24 62 34 81 13 77 10 10 19 46 41 ]
[ 17 46 32 32 7 93 41 98 92 6 33 20 50 14 6 50 39 38 8 29 33 44 65 39 96 38 70 83 12 3 31 29 1 16 13 8 61 7 7 53 13 40 25 15 6 32 65 98 22 25 ]
[ 5 56 3 67 10 17 25 41 79 36 11 29 47 10 18 23 43 76 79 18 80 40 48 40 22 37 10 7 14 49 0 19 58 4 87 68 73 12 9 52 0 73 33 99 35 4 22 31 80 2 ]
[ 40 26 38 21 25 1 30 24 52 58 27 74 13 28 37 45 27 99 95 70 51 73 22 11 3 80 8 94 7 13 20 48 39 10 21 16 12 3 92 16 14 72 43 27 0 32 72 28 31 20 ]
[ 0 28 28 96 14 22 41 73 59 66 75 67 8 7 2 28 43 56 71 42 6 6 52 19 49 74 94 7 10 0 21 10 28 49 6 42 24 0 67 83 18 42 50 78 1 5 7 96 13 30 ]
[ 25 27 54 34 38 42 31 36 73 28 15 56 82 34 94 11 9 36 32 29 8 85 11 11 11 46 16 36 54 0 32 31 79 38 17 17 32 0 6 6 29 21 14 63 56 61 75 17 97 59 ]
[ 18 11 88 52 36 62 65 11 29 81 3 5 5 1 58 25 82 74 4 24 15 20 21 53 26 16 0 12 50 58 61 69 21 50 73 9 12 39 21 93 20 76 50 25 78 8 3 12 34 59 ]
[ 82 34 35 3 41 92 69 11 50 87 36 76 11 30 25 26 12 10 35 51 5 42 61 0 13 64 16 30 68 19 79 2 5 66 5 46 11 26 10 13 13 46 89 77 29 15 3 41 25 90 ]
[ 15 32 33 24 15 50 60 71 57 20 93 42 45 62 98 29 49 41 40 41 69 15 76 11 53 2 32 2 12 31 15 27 63 1 3 30 51 15 2 8 36 47 2 81 61 1 62 10 94 3 ]
[ 12 21 35 0 35 16 2 37 18 5 59 4 1 22 22 83 40 68 58 2 78 12 36 27 24 47 96 96 26 82 18 90 4 5 42 39 21 44 76 39 1 36 95 54 10 69 38 2 38 48 ]
[ 72 14 24 15 45 6 9 7 30 80 79 85 11 9 13 55 97 76 2 5 61 40 36 88 74 16 16 28 61 66 55 33 33 32 0 30 38 9 89 20 41 20 57 5 30 22 12 27 50 14 ]
[ 65 32 17 21 69 21 31 23 29 28 20 5 50 59 29 37 68 73 53 57 38 53 30 18 52 20 0 1 23 28 16 89 61 86 10 82 7 93 6 37 22 26 42 24 37 23 61 5 48 14 ]
[ 9 19 52 7 54 49 60 42 30 72 51 72 69 8 39 67 3 81 12 8 5 9 69 3 5 24 9 79 21 85 23 82 57 75 41 11 25 1 5 7 74 8 80 43 16 71 10 71 4 22 ]
[ 26 92 23 75 69 0 0 42 65 20 31 16 29 20 14 43 2 57 51 8 0 97 1 65 9 9 49 41 60 94 68 38 38 43 14 8 43 66 2 60 38 34 28 67 6 43 62 60 0 14 ]

Timer (generate): 21ms real	20ms user	0ms sys
[ 40 9 54 80 17 42 87 83 46 5 68 44 34 59 75 65 33 15 21 22 79 56 74 53 12 75 20 51 84 72 63 77 33 69 57 50 12 44 85 10 2 53 54 88 64 29 53 98 97 26 ]
[ 72 76 83 46 29 47 74 2 98 10 26 13 87 59 83 97 61 47 41 46 57 95 0 11 83 16 92 88 14 41 15 86 17 50 85 99 97 11 53 47 21 79 61 9 38 44 58 99 91 99 ]
[ 97 48 47 97 11 30 66 55 19 80 97 86 19 14 36 56 65 85 67 18 32 88 49 93 49 87 89 7 38 80 59 36 80 6 85 43 88 51 99 59 84 96 45 55 62 33 11 28 18 78 ]
[ 98 51 18 48 44 20 87 86 79 26 66 38 14 99 96 51 42 37 3 93 96 39 89 94 94 52 27 5 32 46 35 82 49 5 30 45 25 18 31 5 96 98 95 62 49 92 13 43 29 16 ]
[ 37 77 55 78 71 49 30 99 6 14 97 41 97 46 47 79 91 24 49 23 29 45 73 25 7 74 69 21 17 50 89 6 27 97 85 99 98 67 50 5 34 47 98 31 93 97 10 36 22 60 ]
[ 11 51 57 84 28 17 58 97 90 28 47 79 86 27 28 71 26 27 91 28 32 25 75 82 56 20 80 18 8 2 30 20 5 40 4 34 57 15 83 47 95 83 78 81 10 7 5 88 34 96 ]
[ 16 18 21 43 52 29 15 32 99 23 86 30 43 92 70 0 78 79 67 13 78 62 96 8 95 58 15 0 98 1 96 66 71 69 9 24 98 24 8 98 0 95 80 43 39 2 95 69 81 62 ]
[ 82 11 24 31 19 72 41 87 72 40 40 21 6 64 90 68 40 41 44 48 39 44 43 71 40 34 73 35 3 6 98 38 17 74 21 88 46 62 27 71 54 68 92 61 84 34 81 24 75 25 ]
[ 72 66 22 68 37 62 54 10 97 58 68 95 48 37 22 69 26 68 31 5 91 86 25 83 99 9 18 80 33 45 57 58 12 79 78 1 41 32 12 39 42 32 86 90 70 8 59 48 29 43 ]
[ 53 20 29 79 56 80 40 26 60 74 71 17 84 35 49 62 37 90 94 1 81 89 33 68 79 3 28 39 51 9 82 57 30 63 36 38 43 76 64 55 2 87 24 38 23 73 0 60 64 47 ]
[ 13 45 36 46 65 67 50 94 6 53 3 40 10 85 55 98 23 98 27 39 53 81 27 78 20 2 51 72 14 67 19 27 65 7 73 30 75 75 76 33 81 32 26 43 69 81 42 45 80 21 ]
[ 84 85 2 63 15 22 65 19 47 31 86 18 58 3 26 84 34 53 59 62 86 92 46 12 36 16 46 78 61 26 99 97 63 53 61 79 28 78 98 75 10 36 93 20 40 71 4 26 24 16 ]
[ 88 63 8 35 27 44 3 73 74 64 51 25 13 15 31 26 46 59 57 96 86 67 32 31 39 24 3 96 50 79 12 91 42 72 78 70 69 81 95 95 97 47 73 10 14 4 89 60 63 46 ]
[ 56 1 65 40 32 4 65 35 0 67 67 64 58 9 89 88 31 58 69 27 53 18 26 26 81 40 82 70 52 97 16 60 98 33 0 31 37 17 18 90 85 85 54 95 47 43 36 78 53 57 ]
[ 57 59 76 35 37 9 27 20 79 79 17 47 39 68 80 92 51 69 9 21 59 46 59 66 94 6 61 30 36 67 87 46 26 15 81 15 24 9 87 55 40 57 2 32 25 34 24 28 56 85 ]
[ 49 67 84 8 85 78 66 47 60 55 66 99 1 44 15 34 59 91 95 99 47 36 56 1 68 33 88 44 61 44 29 10 11 13 71 49 43 89 48 55 44 14 55 97 58 22 84 69 65 79 ]
[ 20 64 67 76 66 87 9 6 31 70 50 61 33 13 26 56 62 22 45 10 77 42 76 84 39 86 58 75 8 76 55 28 40 74 5 58 62 14 64 93 37 66 6 70 32 85 26 94 7 23 ]
[ 57 36 65 85 73 57 72 83 32 80 59 39 60 0 14 65 58 76 32 75 69 69 41 28 91 73 13 69 20 20 92 29 8 10 14 81 67 38 65 51 70 76 91 31 76 5 48 87 33 80 ]
[ 62 54 1 55 82 44 29 95 13 49 67 58 30 28 20 44 61 39 83 26 90 5 55 81 36 31 38 85 70 71 17 84 78 19 40 60 15 21 8 81 70 27 39 0 55 59 96 17 98 31 ]
[ 95 40 37 50 74 25 34 12 10 56 36 80 41 14 51 33 26 66 54 34 47 24 62 86 76 69 97 24 86 47 8 34 40 97 84 14 22 70 78 85 27 66 65 68 80 16 1 59 82 55 ]

Running insertion sort algorithm: 
Timer (sort): 30866ms real	30860ms user	0ms sys
The output is sorted!
[ 33 46 38 50 0 34 14 2 32 47 34 49 25 57 23 64 38 71 23 85 79 5 28 52 0 98 9 33 3 14 46 36 60 36 38 12 23 52 15 7 51 1 8 76 10 31 40 49 54 16 ]
[ 14 3 20 61 77 4 72 43 15 45 53 40 72 62 8 1 3 49 25 11 22 2 68 83 10 42 13 16 77 37 30 44 40 50 5 69 7 30 13 22 75 18 14 48 81 74 1 36 23 27 ]
[ 26 0 80 63 73 6 19 62 8 99 50 91 49 11 9 7 20 42 15 3 32 46 4 16 88 45 49 1 33 64 71 11 64 3 74 38 9 45 0 69 96 2 12 45 13 22 5 34 16 20 ]
[ 33 11 54 10 60 75 69 10 18 12 46 58 15 20 38 41 51 99 44 6 24 44 55 7 23 56 64 98 16 12 1 1 23 55 63 35 30 33 45 0 97 43 11 64 15 1 6 66 1 2 ]
[ 78 0 91 2 29 22 16 86 68 1 0 47 15 46 19 2 14 5 81 8 25 90 6 84 68 15 2 7 2 53 12 80 5 55 34 86 29 50 72 98 51 25 45 19 23 16 21 37 21 2 ]
[ 23 0 60 36 8 8 64 40 0 22 39 80 21 1 7 6 81 48 36 33 17 32 14 50 77 26 17 54 94 82 0 17 34 60 6 42 20 22 82 72 97 22 5 18 75 12 76 8 12 13 ]
[ 62 35 43 3 73 21 17 21 59 84 50 34 42 18 32 0 42 11 25 32 46 45 80 77 0 25 50 6 90 13 43 4 1 87 8 74 60 25 47 71 10 49 5 4 67 38 4 9 1 30 ]
[ 20 88 36 27 3 86 2 21 25 38 34 69 4 7 15 1 38 18 51 55 8 68 42 0 54 14 15 11 54 65 36 74 5 72 54 8 10 8 81 87 46 67 56 2 74 24 55 12 42 6 ]
[ 12 61 13 2 5 64 54 18 10 66 56 33 16 20 17 34 0 55 11 69 57 64 56 4 97 12 28 19 11 1 9 24 62 22 78 67 38 84 37 0 2 93 85 70 13 3 4 65 10 68 ]
[ 3 0 17 55 81 2 21 83 32 40 0 82 81 75 47 20 0 62 26 52 23 28 30 19 26 21 3 98 49 11 22 4 11 92 11 44 46 32 28 78 24 28 60 6 56 60 26 8 74 4 ]
[ 3 89 89 38 57 4 41 59 9 92 37 16 3 5 48 28 92 20 80 22 82 23 49 21 5 1 6 15 65 57 77 68 46 67 58 3 23 52 15 32 44 4 0 0 9 48 28 53 21 8 ]
[ 74 22 11 65 60 15 19 91 41 30 2 8 12 34 18 16 22 73 30 6 6 99 15 72 38 27 52 53 30 27 11 4 1 74 21 62 41 41 53 34 23 7 42 87 41 12 4 15 85 86 ]
[ 35 42 40 1 39 10 17 44 7 10 15 23 6 68 46 18 51 22 13 31 74 30 81 0 59 31 6 84 1 48 22 36 42 14 37 81 24 55 77 83 65 93 6 23 13 52 41 64 27 7 ]
[ 30 88 66 0 23 14 76 61 17 62 17 3 18 12 29 26 55 58 27 23 21 27 55 45 23 98 42 23 48 13 68 30 53 86 30 76 0 7 38 17 69 7 20 40 71 2 18 27 12 45 ]
[ 47 35 56 54 27 18 46 67 20 55 34 9 55 30 55 14 85 18 73 24 63 33 22 51 1 41 73 13 4 16 1 3 4 9 57 83 27 55 2 0 11 36 61 18 66 16 84 3 86 57 ]
[ 0 7 6 54 79 73 73 68 21 23 44 7 48 22 67 66 91 36 28 67 3 78 27 6 28 9 35 37 51 66 11 3 73 17 57 4 43 31 24 16 6 68 24 54 42 43 20 33 31 1 ]
[ 37 9 96 46 8 17 14 43 19 87 31 11 40 12 6 51 23 59 36 37 38 10 21 54 73 0 21 26 82 36 55 19 97 3 17 5 72 31 0 43 70 31 6 62 95 12 66 18 23 54 ]
[ 4 24 6 25 18 82 3 87 51 29 69 19 6 7 79 67 96 41 24 74 44 45 72 20 39 71 1 29 37 1 14 93 77 72 18 95 6 73 35 10 3 4 29 61 12 8 28 8 2 4 ]
[ 13 7 22 33 94 15 14 16 18 31 9 10 64 51 13 83 47 1 11 52 11 50 6 11 59 5 94 90 87 35 33 0 42 8 86 36 23 0 5 94 31 66 4 47 18 17 82 65 70 45 ]
[ 91 6 41 9 30 6 45 45 23 43 49 0 6 7 13 16 27 50 82 95 80 39 6 49 18 6 53 78 18 63 91 9 21 32 18 3 38 15 49 14 58 50 14 16 9 80 32 89 30 67 ]

Timer (generate): 19ms real	20ms user	0ms sys
[ 29 72 57 58 16 67 43 5 89 42 61 84 0 77 4 4 8 98 61 57 20 85 31 70 78 83 40 52 3 5 69 84 77 26 42 45 45 85 3 87 80 16 71 80 93 27 36 53 25 49 ]
[ 11 45 34 42 16 64 78 8 17 33 13 38 18 43 64 12 40 61 50 43 48 82 60 20 14 5 47 50 59 73 51 22 70 86 64 38 2 94 46 71 28 60 9 98 55 25 62 95 39 12 ]
[ 39 87 46 51 59 60 8 59 62 67 84 14 89 54 52 6 93 54 52 91 26 80 51 87 30 58 13 93 54 52 57 45 91 4 48 51 16 56 62 79 76 46 93 65 52 45 23 97 99 76 ]
[ 89 77 8 92 65 39 51 78 84 57 82 93 2 73 49 50 76 66 6 38 45 34 36 38 0 41 35 75 38 34 3 79 64 12 24 29 3 27 59 39 84 41 32 86 66 34 88 43 0 46 ]
[ 33 97 81 70 87 33 63 22 8 53 56 64 33 72 76 9 1 79 36 12 18 72 5 2 10 72 36 98 15 88 96 0 85 77 22 72 62 85 94 71 39 3 87 24 75 63 33 29 94 21 ]
[ 41 64 93 99 66 55 71 55 53 38 43 49 38 81 79 61 53 41 98 0 64 37 55 51 61 82 66 46 11 60 67 5 24 12 4 43 67 27 50 72 65 93 74 55 26 53 68 32 46 67 ]
[ 32 11 4 39 14 18 21 81 16 85 93 84 42 18 48 98 13 16 25 63 40 42 8 14 97 35 19 66 19 18 33 51 81 89 90 95 59 63 28 76 48 22 60 90 92 60 88 57 28 65 ]
[ 20 69 7 80 35 5 67 55 23 86 73 56 89 54 97 79 1 57 95 30 33 43 4 45 34 96 5 74 53 34 40 25 55 47 5 90 4 25 45 27 11 70 35 1 76 33 32 78 90 27 ]
[ 60 75 23 64 72 57 60 77 83 65 63 23 90 18 23 47 61 27 72 58 7 36 29 42 37 5 75 21 35 17 1 95 92 24 11 64 33 71 94 16 88 9 92 78 80 15 26 41 94 50 ]
[ 99 1 86 80 44 75 38 71 97 73 89 50 21 33 74 32 50 59 56 96 75 96 57 19 75 37 86 53 78 33 55 30 86 42 10 82 17 48 54 66 74 95 16 95 80 42 79 82 1 87 ]
[ 78 29 84 36 0 11 25 87 16 4 20 71 86 58 65 96 41 35 45 95 1 19 42 70 66 22 12 45 57 66 85 87 47 69 23 47 32 1 34 48 57 6 71 43 65 37 39 58 72 36 ]
[ 53 73 55 47 95 21 69 8 19 78 26 56 66 73 77 41 20 9 42 7 57 99 65 28 42 82 17 82 40 89 18 45 15 26 92 10 99 14 70 70 92 96 26 58 21 3 0 42 12 42 ]
[ 1 21 42 66 2 36 1 71 18 41 61 89 87 76 67 79 38 66 93 9 89 86 57 15 96 79 71 96 73 35 91 74 9 33 92 63 69 93 34 40 35 95 81 74 23 48 53 62 66 99 ]
[ 71 7 37 28 75 33 59 46 82 32 81 73 58 42 58 3 5 79 96 40 71 83 35 52 57 59 52 63 73 71 14 44 78 51 24 53 36 84 99 18 68 33 43 79 27 1 82 33 33 30 ]
[ 73 4 14 60 57 23 71 61 38 44 32 52 40 11 55 17 16 92 53 68 62 21 1 6 52 80 59 34 13 44 65 38 49 31 99 58 6 22 19 45 19 52 49 59 15 5 28 31 97 81 ]
[ 99 11 55 52 69 7 33 81 42 98 25 59 37 74 42 88 32 48 62 4 45 81 8 95 93 23 0 21 6 49 3 6 60 58 10 30 65 95 11 59 94 88 70 83 63 64 71 47 13 33 ]
[ 3 58 67 11 5 60 86 5 81 93 6 84 51 67 94 13 49 12 9 12 23 55 0 94 38 15 10 9 15 23 94 18 34 61 82 39 21 68 97 55 13 3 91 16 22 86 30 23 50 91 ]
[ 35 73 46 88 19 84 55 30 45 22 5 39 93 39 53 75 31 26 95 28 81 61 83 73 77 6 11 59 29 13 50 17 86 96 57 58 32 64 88 77 87 45 69 80 37 22 7 68 0 2 ]
[ 48 82 63 83 7 93 89 70 52 71 83 55 40 21 51 49 79 36 13 19 13 0 65 34 80 2 8 39 22 9 42 22 43 57 5 50 2 47 72 7 18 55 62 10 76 65 59 56 1 72 ]
[ 27 15 25 44 1 57 46 10 97 20 71 39 42 14 48 48 16 3 47 88 10 65 43 72 27 71 37 86 27 39 10 7 6 35 51 7 93 50 69 90 70 40 81 65 54 81 65 70 84 12 ]

Running insertion sort algorithm: 
Timer (sort): 30272ms real	30270ms user	0ms sys
The output is sorted!
[ 14 91 16 3 9 1 12 33 41 9 75 24 21 52 18 6 14 86 57 67 84 17 92 33 18 56 18 46 34 59 34 0 2 2 4 11 3 16 44 96 25 19 73 46 23 91 4 37 78 14 ]
[ 16 20 7 47 35 36 10 45 37 2 12 34 61 59 27 51 36 98 57 47 71 66 1 16 8 38 43 36 43 12 12 11 84 19 58 20 8 20 17 45 22 30 32 35 89 11 38 25 9 95 ]
[ 66 17 14 41 82 44 14 4 7 28 64 2 43 2 40 36 13 62 5 87 35 71 70 29 83 70 94 7 48 1 16 14 18 31 7 0 27 21 56 34 1 21 36 45 75 28 33 40 43 38 ]
[ 43 3 20 57 23 41 46 24 49 3 83 15 90 5 43 36 13 21 30 7 50 15 36 97 15 44 19 3 58 75 26 1 78 46 11 53 87 9 30 89 13 65 4 3 22 47 40 35 20 22 ]
[ 41 57 21 81 2 13 16 30 12 11 45 11 27 45 8 34 83 11 34 14 3 61 26 60 10 7 45 83 73 64 18 14 73 40 96 27 53 12 58 17 75 55 29 3 0 37 37 35 48 24 ]
[ 69 26 18 21 16 5 50 93 47 0 43 42 31 2 46 63 47 16 1 7 57 66 30 86 10 23 19 4 58 31 35 79 57 5 1 25 10 51 71 58 4 14 52 87 16 50 3 63 67 4 ]
[ 22 13 32 11 26 47 15 46 76 54 35 69 48 49 21 13 47 7 0 24 38 29 13 73 3 46 1 77 60 15 52 35 28 84 46 7 31 13 5 60 68 41 29 16 42 2 81 42 9 82 ]
[ 26 11 14 51 19 61 74 21 19 3 6 24 53 95 22 4 50 81 29 33 1 24 0 9 7 46 19 39 14 65 49 41 29 16 44 0 77 18 73 48 73 31 72 26 26 95 82 28 28 11 ]
[ 90 97 47 96 30 27 22 6 31 26 41 77 84 39 62 15 14 9 19 23 9 67 8 38 10 62 15 6 77 29 18 68 26 17 16 8 44 39 14 27 65 7 5 2 46 67 17 12 28 88 ]
[ 18 29 29 63 14 14 36 34 12 15 18 62 96 6 52 3 34 66 72 81 79 39 12 19 99 87 1 11 31 32 38 49 13 19 12 27 33 49 14 46 16 32 8 13 90 13 16 24 79 40 ]
[ 35 53 62 59 74 36 4 0 22 62 18 17 83 76 21 1 48 57 84 28 29 0 7 19 0 18 21 74 22 52 42 9 57 4 68 32 40 25 32 14 87 2 84 23 31 5 24 79 14 60 ]
[ 97 33 68 56 34 8 7 35 43 63 56 16 12 61 9 60 48 24 64 0 48 80 17 39 64 16 29 23 7 45 0 56 31 20 13 65 29 72 52 24 36 60 40 0 21 1 60 22 26 24 ]
[ 24 30 7 69 15 46 21 98 51 64 32 6 0 30 47 6 47 63 10 7 87 52 70 9 12 43 62 91 63 22 53 39 4 12 8 20 58 29 18 9 93 2 67 45 85 15 4 32 30 14 ]
[ 6 33 71 20 22 35 4 3 60 49 97 13 43 41 94 9 30 22 20 5 22 34 32 23 64 82 50 99 77 75 3 83 8 26 55 30 13 59 34 25 8 83 39 4 24 33 13 6 7 33 ]
[ 54 15 26 1 20 30 57 27 3 58 44 41 39 60 63 42 47 49 27 56 57 32 2 51 47 19 93 15 31 29 3 38 96 29 39 16 12 48 43 15 6 88 8 45 0 23 39 47 73 19 ]
[ 51 79 11 6 82 66 23 62 82 15 92 32 9 11 5 16 42 13 2 13 40 43 25 54 39 37 28 70 40 36 20 91 16 31 50 50 50 73 12 32 40 4 16 1 67 21 17 9 86 19 ]
[ 96 29 50 2 94 1 34 4 23 3 42 6 14 32 9 38 3 21 30 0 71 22 41 76 11 41 64 52 3 11 73 51 40 75 53 87 28 39 91 51 95 33 9 9 18 18 47 21 39 30 ]
[ 76 83 16 8 53 11 18 20 95 17 61 56 20 55 16 62 25 20 10 25 23 6 41 18 4 7 77 48 73 5 1 49 40 70 58 93 81 28 65 28 45 27 36 18 34 4 32 12 24 42 ]
[ 76 57 7 62 5 79 15 25 2 74 32 31 54 28 60 45 32 34 39 49 1 14 62 2 67 47 6 85 25 13 59 53 23 18 15 28 97 31 53 0 57 37 31 11 17 92 8 2 78 0 ]
[ 39 45 13 23 13 39 11 33 19 8 12 4 48 79 52 2 41 35 22 39 6 88 31 80 58 44 68 31 5 18 85 44 63 51 20 28 90 31 61 9 39 26 65 40 5 18 42 98 5 17 ]

Timer (generate): 19ms real	20ms user	0ms sys
[ 70 46 3 78 61 15 6 27 47 44 22 83 58 45 40 21 71 4 85 35 10 3 70 96 90 59 70 54 86 94 36 8 40 92 86 54 7 44 81 55 88 3 90 98 1 83 20 72 39 57 ]
[ 59 50 12 29 98 3 40 20 57 26 15 94 86 7 38 24 61 45 68 94 52 8 50 95 7 3 78 79 75 17 36 34 19 48 15 70 3 7 90 61 85 5 7 71 65 45 95 78 42 15 ]
[ 73 47 23 23 42 30 26 20 61 53 89 97 39 61 98 6 31 1 13 73 14 98 31 73 21 96 70 16 74 13 83 99 60 6 22 2 89 0 74 50 5 15 0 44 76 98 2 59 51 15 ]
[ 33 66 65 64 91 86 12 62 54 38 75 37 38 87 44 12 41 85 13 15 35 18 30 35 15 59 85 17 18 37 85 3 55 50 19 46 89 31 8 43 70 35 33 8 22 77 72 63 14 85 ]
[ 78 49 56 61 37 23 72 22 92 42 11 29 46 66 32 17 13 21 49 73 64 71 9 49 31 31 26 3 95 92 41 25 42 49 38 79 72 10 53 16 5 65 46 3 31 78 20 96 51 69 ]
[ 70 15 92 79 65 23 62 43 79 9 88 20 87 30 69 25 61 93 88 66 61 45 31 59 48 15 37 68 11 88 90 33 56 82 64 73 6 27 68 37 36 56 57 23 38 78 1 51 23 41 ]
[ 18 84 86 49 44 34 16 33 2 28 74 92 13 30 27 78 55 85 57 75 22 93 32 79 69 22 9 22 74 32 63 92 16 1 93 12 87 10 46 89 90 20 34 3 2 13 33 57 98 90 ]
[ 32 20 36 16 51 5 91 60 79 65 92 94 9 60 95 2 73 82 64 71 23 54 91 9 10 93 22 43 2 20 86 86 92 22 3 43 27 46 55 6 11 99 0 20 60 47 74 85 29 39 ]
[ 56 4 45 47 14 7 92 36 3 94 57 89 32 1 11 87 45 90 33 52 48 44 52 48 16 12 47 43 49 28 34 5 32 31 4 46 39 48 83 42 94 92 31 26 93 94 14 90 84 47 ]
[ 43 32 44 47 32 60 59 79 55 60 7 89 65 39 21 21 38 12 69 73 54 63 65 37 89 10 31 55 53 15 3 48 47 99 95 31 11 6 10 67 66 69 56 83 60 29 4 98 41 73 ]
[ 23 47 88 88 84 29 51 67 85 4 34 40 52 33 39 99 64 50 5 74 17 71 95 26 54 56 7 10 6 49 35 30 48 23 70 33 4 73 52 89 29 87 29 33 20 68 32 85 19 37 ]
[ 11 88 60 59 14 14 15 22 76 73 23 11 55 71 86 78 56 91 51 61 80 33 48 62 66 20 82 51 5 1 88 69 42 49 28 8 15 95 82 44 20 57 55 76 29 94 6 37 85 57 ]
[ 50 17 42 98 79 9 19 62 60 76 15 0 45 57 1 25 18 69 20 0 13 93 58 20 69 39 14 27 28 99 84 79 17 79 29 48 88 48 10 0 77 26 52 74 35 54 0 53 75 72 ]
[ 6 88 65 64 60 86 55 75 13 83 26 50 62 43 29 92 44 69 92 54 21 69 32 73 44 68 79 96 73 54 68 79 94 34 95 55 20 50 30 34 34 56 84 48 52 65 92 96 34 37 ]
[ 2 55 6 35 28 2 55 60 98 28 14 67 60 9 53 7 16 25 58 46 59 44 54 95 44 58 12 89 54 46 26 57 53 32 44 82 87 99 94 85 79 8 4 91 69 9 99 85 35 9 ]
[ 83 94 5 38 42 49 96 54 38 3 53 64 12 6 49 8 40 88 7 34 73 38 43 30 82 64 39 81 50 74 42 33 21 47 23 15 96 72 21 87 27 74 3 39 81 52 99 21 40 58 ]
[ 8 66 96 51 48 78 67 39 11 17 14 5 3 87 52 78 54 1 2 75 88 29 2 91 20 83 96 19 56 88 77 64 6 26 67 54 56 35 94 68 4 60 73 59 99 78 90 53 79 92 ]
[ 80 67 22 82 10 42 17 6 14 74 47 91 90 53 17 58 8 74 45 54 94 1 14 19 61 65 97 51 70 76 95 50 95 17 33 58 12 50 64 26 76 11 17 67 17 87 77 25 13 74 ]
[ 79 7 75 45 78 88 62 76 91 32 4 87 82 52 56 67 10 68 18 26 94 46 90 64 65 7 51 42 84 64 68 15 23 44 12 1 84 74 29 28 6 86 15 40 90 71 8 52 40 78 ]
[ 78 86 24 20 50 90 27 53 84 63 69 53 78 44 49 90 98 85 64 27 13 22 65 28 63 7 52 71 59 44 49 90 30 25 10 33 67 90 38 4 53 60 9 32 4 58 22 2 95 39 ]

Running insertion sort algorithm: 
Timer (sort): 29755ms real	29750ms user	0ms sys
The output is sorted!
[ 27 84 4 7 86 26 36 64 11 20 35 27 12 20 72 4 33 33 17 2 94 11 20 5 19 7 17 70 28 80 7 56 64 12 15 2 90 4 18 2 24 5 29 89 26 53 45 59 38 62 ]
[ 40 65 38 4 78 72 38 80 24 10 86 13 44 32 19 30 24 27 6 13 45 23 1 30 21 46 35 3 12 16 16 4 33 6 60 64 30 98 44 7 9 30 20 53 14 39 35 39 18 93 ]
[ 70 53 1 19 50 31 50 12 14 16 21 42 10 10 28 1 81 70 0 16 30 11 4 30 90 79 34 26 7 59 58 77 13 12 49 15 43 99 27 9 15 49 3 77 11 32 30 92 2 31 ]
[ 34 18 52 12 26 30 9 59 75 52 2 31 2 6 29 29 75 95 8 42 11 20 21 24 21 87 29 83 4 8 2 38 26 54 3 5 85 12 64 60 16 18 43 18 77 24 99 52 20 7 ]
[ 21 50 73 82 11 15 29 13 63 17 18 23 18 11 52 84 30 10 38 24 0 17 69 59 21 37 52 24 48 41 68 69 44 42 3 7 9 33 20 73 2 90 48 20 1 0 4 31 62 43 ]
[ 0 10 8 7 37 83 52 46 16 21 50 43 47 44 15 29 29 15 59 22 11 19 9 97 12 10 59 64 17 0 93 17 10 2 25 47 37 29 46 5 2 48 0 49 44 68 79 73 83 38 ]
[ 35 30 17 5 94 15 3 21 16 13 3 29 47 92 2 67 32 31 80 34 2 25 27 18 98 0 58 10 47 55 37 82 37 6 39 31 22 94 5 90 8 8 19 55 0 21 23 84 5 55 ]
[ 68 33 49 21 55 34 90 6 0 28 1 1 58 5 42 27 41 4 31 13 37 43 31 3 31 20 74 3 65 21 72 33 7 22 6 14 56 96 20 9 24 73 10 35 79 53 62 72 9 45 ]
[ 23 21 46 62 43 12 92 67 78 20 72 5 19 8 9 30 9 12 94 80 64 13 72 33 9 23 21 63 15 33 5 90 7 3 4 50 16 49 70 46 69 42 4 40 2 13 22 12 26 16 ]
[ 80 0 72 61 0 3 32 35 24 31 65 16 24 41 51 67 39 30 30 0 16 44 45 32 36 3 20 28 73 16 24 5 16 48 18 68 52 50 3 28 82 68 44 58 9 47 25 0 78 7 ]
[ 47 43 43 49 38 3 91 92 34 17 29 1 48 4 45 67 44 31 51 1 75 7 49 41 4 71 23 0 57 46 11 4 42 7 53 32 10 97 24 45 14 6 46 62 10 43 29 6 27 32 ]
[ 94 56 9 10 41 2 48 8 44 99 27 3 3 35 7 11 48 45 14 32 37 32 35 12 9 36 51 7 71 52 65 17 8 26 27 49 28 28 9 25 79 88 28 83 24 87 46 24 33 12 ]
[ 36 3 35 9 39 10 6 37 91 6 56 39 2 53 4 30 3 24 6 38 40 87 92 38 10 38 81 49 50 61 15 38 16 50 99 56 12 6 45 3 12 1 42 14 54 98 97 9 22 3 ]
[ 27 22 22 3 22 61 1 31 32 91 72 14 85 26 18 65 35 3 15 34 74 50 66 46 13 43 90 60 29 4 23 8 26 46 12 49 59 13 32 43 57 56 9 42 34 27 7 21 31 22 ]
[ 60 50 1 84 37 19 2 11 41 10 19 36 7 8 30 11 0 24 70 7 61 12 29 40 81 1 4 30 33 9 8 94 59 9 78 49 80 32 60 21 42 31 57 1 92 39 65 44 63 35 ]
[ 59 30 86 17 14 55 76 12 34 37 3 22 11 49 78 30 24 60 0 27 30 31 54 11 24 14 24 48 69 54 21 28 36 60 45 50 15 73 15 49 11 18 23 74 20 2 4 44 62 56 ]
[ 43 48 2 73 92 53 95 43 64 5 1 50 37 43 23 8 52 17 14 67 10 61 1 20 30 10 2 26 32 55 4 75 55 7 0 47 12 47 42 29 5 43 79 42 39 54 2 43 72 16 ]
[ 11 0 38 14 58 38 41 74 3 61 0 17 33 76 22 86 97 16 12 12 16 25 7 96 45 26 10 77 50 21 41 13 21 31 79 31 69 21 6 24 34 58 93 67 34 16 5 31 32 18 ]
[ 34 11 73 12 20 25 9 42 91 88 20 86 41 7 22 4 70 24 3 72 21 4 14 13 5 11 97 37 18 19 1 4 82 75 16 55 0 26 49 43 66 69 30 7 28 4 63 51 80 67 ]
[ 71 6 43 5 19 54 2 22 6 45 61 58 17 88 6 68 59 47 47 89 67 12 74 9 17 28 45 20 48 7 42 20 13 85 77 32 39 32 6 45 29 20 55 46 8 14 14 19 61 14 ]

Timer (generate): 20ms real	20ms user	0ms sys
[ 77 62 82 15 49 42 0 17 29 79 50 58 9 35 61 17 44 58 5 19 84 2 2 92 68 40 31 47 50 45 51 27 7 33 42 56 75 94 73 56 26 75 66 87 62 79 4 59 89 61 ]
[ 78 25 16 33 69 36 73 1 84 75 46 35 55 53 20 49 61 47 44 86 55 70 13 73 9 76 52 13 35 93 75 65 19 91 98 88 27 24 89 63 99 87 50 54 92 70 4 53 69 0 ]
[ 39 76 22 53 49 31 81 53 96 68 47 23 33 18 14 84 6 94 60 48 9 11 35 60 18 28 82 74 33 4 74 25 80 48 78 30 79 11 35 75 79 82 99 12 0 65 48 59 11 8 ]
[ 7 21 20 94 33 38 74 15 12 8 19 38 33 52 86 63 82 17 74 69 44 53 52 95 17 4 61 18 15 24 26 22 97 98 69 30 88 43 98 52 3 69 90 36 21 28 51 55 45 77 ]
[ 25 90 82 29 37 0 85 98 18 1 75 96 23 24 95 44 55 83 88 5 36 43 74 78 32 96 7 83 51 4 61 76 46 95 57 84 95 43 34 65 44 9 14 19 34 9 64 41 44 4 ]
[ 46 32 47 20 11 79 16 70 15 20 74 28 96 21 23 6 5 71 49 39 88 93 1 2 12 87 63 28 28 60 32 74 92 32 94 55 11 63 25 78 83 52 58 31 25 82 37 82 5 86 ]
[ 21 93 31 74 48 96 61 11 24 89 23 57 15 68 89 62 23 52 25 1 83 60 5 41 43 30 23 33 12 80 19 85 74 3 12 74 99 73 37 23 15 61 32 30 29 21 92 52 26 69 ]
[ 5 9 81 10 50 25 92 26 58 56 6 29 42 32 32 54 6 83 79 44 7 94 5 39 25 86 13 69 90 91 91 96 0 72 58 2 49 51 80 7 7 39 89 1 23 73 55 30 57 87 ]
[ 26 16 81 83 55 58 69 20 28 59 11 19 55 63 91 66 18 93 17 50 0 76 89 89 78 13 15 85 95 72 72 21 88 6 4 95 64 73 16 92 32 79 63 40 95 7 6 13 0 75 ]
[ 63 52 51 5 94 81 18 9 19 13 81 91 86 21 97 90 16 14 15 84 6 99 16 22 39 11 29 97 24 81 24 39 33 28 44 27 9 14 36 80 79 69 72 65 90 21 7 59 35 22 ]
[ 95 94 22 11 68 13 74 97 63 98 78 87 90 63 67 86 91 29 1 79 9 80 49 33 46 91 55 53 2 42 28 98 88 50 61 56 15 36 5 78 86 35 18 76 99 85 63 90 66 16 ]
[ 21 76 96 22 9 94 14 16 0 16 11 28 66 99 78 28 8 45 64 13 24 50 49 42 79 0 79 94 90 98 10 63 74 6 86 35 53 52 4 53 68 67 33 87 18 63 15 26 8 31 ]
[ 40 32 33 41 26 64 41 58 58 83 56 68 46 82 27 84 17 32 36 73 85 57 40 18 44 59 81 11 85 89 94 77 74 27 70 52 92 63 10 2 46 66 71 45 0 50 29 18 34 18 ]
[ 43 19 75 84 89 71 95 22 82 32 63 76 62 89 55 32 42 47 96 52 50 94 71 73 91 71 75 73 41 9 91 85 80 66 21 21 89 16 95 71 0 58 99 62 48 54 95 42 54 43 ]
[ 46 56 37 69 81 29 41 56 2 34 17 45 71 49 63 44 70 52 12 65 23 13 75 22 75 75 28 70 17 82 65 16 38 3 85 71 84 78 79 38 13 96 83 36 97 46 81 67 98 93 ]
[ 84 73 6 60 47 82 87 75 4 57 10 70 73 0 25 58 72 9 37 51 47 2 0 82 38 97 28 19 17 78 13 53 3 19 65 50 53 53 77 58 10 39 28 35 40 53 93 64 14 30 ]
[ 67 13 84 19 95 23 17 75 42 86 53 55 39 8 27 5 58 80 58 87 90 20 27 70 55 19 23 0 35 89 83 54 2 67 74 97 90 43 24 33 29 77 40 20 85 67 25 95 0 35 ]
[ 35 90 55 14 61 62 85 36 63 20 26 46 26 80 13 0 78 4 43 54 89 24 32 29 45 69 97 22 17 97 58 4 39 65 18 0 80 3 37 43 75 15 41 1 95 6 54 25 62 49 ]
[ 80 51 74 64 81 71 85 30 93 2 79 3 6 18 21 76 71 1 79 8 44 6 23 37 8 70 43 14 96 6 63 76 57 89 40 90 60 25 72 6 80 3 61 38 22 82 15 93 83 46 ]
[ 53 79 53 28 16 13 98 12 27 94 18 42 22 27 32 62 70 92 40 42 50 72 46 12 62 20 94 77 65 30 76 18 9 81 98 78 94 96 90 73 43 60 15 65 39 47 80 9 92 72 ]

Running insertion sort algorithm: 
Timer (sort): 28919ms real	28920ms user	0ms sys
The output is sorted!
[ 62 13 77 0 73 53 5 72 12 17 6 41 29 30 17 24 9 8 1 2 78 45 2 1 8 75 68 9 81 3 1 43 16 78 43 41 32 1 65 44 18 72 37 47 2 6 71 63 15 24 ]
[ 2 98 72 5 13 29 0 33 64 72 9 38 52 51 42 12 80 2 31 39 48 50 65 10 40 16 1 3 42 67 2 97 65 26 2 30 8 2 16 72 26 25 10 30 29 4 95 9 6 26 ]
[ 63 51 4 55 12 30 30 74 2 7 37 1 2 78 76 24 83 46 20 31 36 57 21 24 16 4 16 8 62 25 95 25 28 51 32 40 33 14 14 35 21 4 36 23 82 65 0 18 63 20 ]
[ 38 27 24 43 53 4 11 4 84 80 30 1 62 99 34 11 30 57 19 83 14 19 30 33 40 66 1 41 16 47 7 6 26 83 1 32 39 64 36 23 44 18 25 6 17 11 70 0 68 41 ]
[ 17 62 28 17 11 40 21 23 57 78 2 17 23 18 27 63 12 2 19 87 67 97 22 92 1 40 5 0 70 0 87 39 14 15 8 25 55 29 48 64 8 2 81 31 21 61 47 33 15 18 ]
[ 41 11 60 1 76 59 74 51 80 7 84 27 25 41 0 3 8 70 44 6 34 2 33 7 4 11 19 10 37 25 50 79 36 10 32 65 22 6 16 2 65 0 82 90 41 82 45 2 4 42 ]
[ 4 11 64 12 93 14 41 8 82 43 84 17 14 30 14 35 53 17 48 27 32 11 24 23 64 31 97 16 1 17 73 6 28 37 70 73 3 11 34 38 6 18 7 21 49 73 8 2 90 57 ]
[ 69 87 96 29 6 27 14 19 93 20 20 5 25 36 18 32 10 63 15 15 24 23 0 63 11 25 36 79 10 37 81 31 24 30 61 31 9 27 2 2 47 74 8 24 11 78 57 73 42 24 ]
[ 57 10 25 83 17 90 5 9 30 13 58 68 3 79 0 6 8 78 7 25 34 50 83 25 18 88 30 9 48 7 6 6 70 32 41 87 74 98 49 4 11 7 24 14 38 24 21 46 2 28 ]
[ 15 24 20 0 26 13 19 18 14 33 74 12 25 60 96 43 59 17 56 90 1 55 27 17 11 37 14 17 54 59 55 22 35 27 22 13 40 41 32 7 26 58 19 52 19 67 47 78 84 3 ]
[ 80 96 47 71 19 89 14 36 26 32 58 38 1 79 1 11 21 46 40 36 8 22 45 9 50 66 22 94 11 36 3 43 33 51 14 4 40 29 93 18 13 51 8 14 30 10 25 51 8 18 ]
[ 22 10 66 14 62 8 53 79 48 4 18 85 8 25 22 25 68 5 33 44 19 19 94 47 51 0 12 3 14 53 77 36 63 43 3 25 3 8 57 3 12 27 89 20 4 11 97 72 69 31 ]
[ 37 4 52 83 38 3 7 52 4 41 16 41 37 72 37 20 75 77 24 8 3 54 6 33 28 30 45 0 60 22 3 50 27 7 85 17 10 92 69 66 33 37 59 22 9 48 42 36 25 18 ]
[ 45 6 7 13 48 36 24 75 0 10 89 83 4 73 26 97 46 38 29 57 86 39 0 65 45 38 30 17 1 5 4 47 64 11 12 12 48 36 40 0 99 29 83 3 2 10 53 0 48 34 ]
[ 24 21 81 8 35 37 25 29 68 24 7 73 26 27 3 95 6 20 24 83 9 2 8 40 77 0 12 33 49 30 11 73 3 44 33 38 81 58 20 1 82 27 75 60 6 30 56 13 2 80 ]
[ 35 6 51 8 67 19 39 30 30 36 47 16 64 20 54 1 44 63 4 24 36 14 49 42 86 42 28 37 15 82 13 2 89 16 11 8 36 2 39 18 90 38 87 55 58 41 8 2 56 12 ]
[ 38 13 15 81 13 55 26 73 16 37 48 14 19 24 15 11 11 65 19 5 10 27 86 18 12 2 87 63 8 13 16 46 26 83 79 91 38 5 64 6 94 12 73 14 36 40 25 0 57 44 ]
[ 10 28 9 22 35 22 6 8 30 59 17 3 34 19 16 3 83 16 60 4 78 37 3 33 91 67 34 75 75 61 45 85 89 6 59 24 28 65 32 10 24 2 13 10 21 30 66 4 98 26 ]
[ 22 40 40 90 11 86 35 56 10 19 73 40 25 66 47 30 91 25 33 3 50 40 11 6 60 32 21 8 1 9 21 75 49 61 17 12 0 5 21 62 76 46 2 2 64 1 84 55 26 17 ]
[ 37 49 21 58 29 42 2 56 1 3 18 54 86 38 97 87 4 46 74 90 47 68 35 75 78 1 80 63 12 28 34 1 29 7 12 58 49 14 15 2 17 33 8 4 24 6 43 28 4 17 ]

