Timer (generate): 6ms real	0ms user	0ms sys
[ 90 54 10 24 14 19 47 31 36 33 ]
[ 37 73 84 11 92 68 71 19 70 65 ]
[ 22 49 41 94 73 97 57 56 63 4 ]
[ 44 53 58 6 29 73 26 28 56 14 ]
[ 14 93 87 98 4 32 66 28 3 37 ]
[ 93 77 38 86 72 64 84 29 20 99 ]
[ 33 16 4 44 23 33 69 1 13 25 ]
[ 67 27 71 7 26 27 91 44 55 94 ]
[ 33 1 71 72 87 43 36 23 25 56 ]
[ 22 10 25 26 54 48 11 75 1 25 ]
[ 1 68 4 72 75 82 51 66 27 59 ]
[ 12 60 60 84 32 47 79 20 71 4 ]
[ 29 45 15 54 72 21 54 83 97 55 ]
[ 60 98 23 65 22 51 47 25 69 74 ]
[ 84 82 87 44 18 19 44 97 92 67 ]
[ 54 21 12 69 75 84 42 29 20 39 ]
[ 84 80 89 59 45 63 10 93 41 80 ]
[ 19 25 14 6 22 32 78 66 81 70 ]
[ 33 35 43 97 56 18 82 99 99 2 ]
[ 90 35 82 32 94 80 47 57 73 88 ]

Running insertion sort algorithm: 
Timer (sort): 6231ms real	6230ms user	0ms sys
The output is sorted!
[ 39 4 21 2 17 23 2 17 22 6 ]
[ 7 35 17 10 12 29 0 9 40 6 ]
[ 7 23 18 4 17 21 43 1 3 35 ]
[ 12 8 3 18 34 5 13 16 24 41 ]
[ 8 28 55 19 3 22 8 0 14 21 ]
[ 19 48 11 13 4 21 33 14 1 19 ]
[ 19 3 25 17 11 41 10 6 12 42 ]
[ 1 1 0 5 54 52 17 26 29 1 ]
[ 1 0 47 1 17 9 21 5 74 12 ]
[ 4 1 34 6 11 20 57 4 33 30 ]
[ 41 17 8 20 14 14 4 44 18 26 ]
[ 9 29 32 40 11 1 4 19 43 18 ]
[ 33 43 12 4 10 5 22 41 29 12 ]
[ 27 1 58 23 1 15 17 47 8 16 ]
[ 27 6 32 50 26 34 10 13 17 0 ]
[ 49 51 5 11 22 16 6 15 13 28 ]
[ 53 0 11 62 34 1 2 45 5 4 ]
[ 7 21 36 18 6 31 22 20 35 22 ]
[ 43 2 23 15 60 57 0 7 6 6 ]
[ 39 17 39 21 8 14 1 11 47 24 ]

Timer (generate): 5ms real	0ms user	0ms sys
[ 40 53 46 90 64 61 28 96 73 73 ]
[ 83 25 57 31 79 2 31 27 74 22 ]
[ 49 62 53 55 65 30 63 46 95 6 ]
[ 69 88 11 68 30 76 81 58 24 6 ]
[ 31 8 31 40 39 63 95 71 90 21 ]
[ 45 91 83 50 99 48 32 62 46 79 ]
[ 69 16 19 80 36 50 8 17 60 33 ]
[ 23 92 41 54 84 80 69 31 3 12 ]
[ 53 0 3 88 2 2 89 34 65 35 ]
[ 14 86 3 33 18 39 83 27 8 44 ]
[ 12 31 88 53 38 24 85 59 56 41 ]
[ 71 61 93 75 1 96 77 90 30 94 ]
[ 26 44 80 81 30 51 73 65 30 81 ]
[ 9 42 65 49 47 55 74 32 14 82 ]
[ 25 86 95 19 13 96 15 90 87 45 ]
[ 37 65 42 69 46 24 20 71 89 50 ]
[ 53 51 44 70 0 91 77 26 24 91 ]
[ 8 1 29 55 20 42 52 87 85 39 ]
[ 85 74 56 27 43 54 3 64 26 92 ]
[ 66 31 43 11 1 96 2 78 22 78 ]

Running insertion sort algorithm: 
Timer (sort): 6275ms real	6270ms user	10ms sys
The output is sorted!
[ 20 50 5 0 0 33 23 26 14 0 ]
[ 44 28 0 8 52 11 11 5 5 20 ]
[ 2 2 19 40 55 3 1 17 47 4 ]
[ 32 1 6 9 20 35 33 2 31 35 ]
[ 0 2 18 54 18 30 17 33 20 14 ]
[ 24 22 10 0 1 41 58 24 14 15 ]
[ 15 35 17 33 10 11 25 1 53 13 ]
[ 19 61 5 20 35 5 23 8 24 14 ]
[ 1 6 0 30 6 44 20 8 84 15 ]
[ 9 37 8 39 1 2 3 10 36 70 ]
[ 24 5 28 7 15 4 35 77 19 3 ]
[ 18 1 39 77 9 14 5 8 39 8 ]
[ 5 22 55 1 5 43 1 52 29 6 ]
[ 11 16 2 26 14 19 53 6 42 30 ]
[ 0 9 34 76 50 9 23 12 1 7 ]
[ 7 0 11 63 1 12 33 48 40 7 ]
[ 7 53 25 9 3 16 23 2 18 67 ]
[ 2 30 11 96 14 7 23 14 3 24 ]
[ 20 13 9 36 11 20 9 14 18 74 ]
[ 53 3 4 6 14 4 58 16 60 7 ]

Timer (generate): 5ms real	0ms user	0ms sys
[ 6 80 53 34 78 66 32 91 97 68 ]
[ 86 26 36 25 99 27 77 66 78 20 ]
[ 64 57 21 54 73 23 68 11 4 75 ]
[ 60 11 55 13 97 85 31 30 29 29 ]
[ 50 67 7 87 45 6 66 74 72 96 ]
[ 94 88 53 15 94 78 91 62 90 95 ]
[ 89 50 58 44 15 56 82 46 38 63 ]
[ 75 88 30 35 27 75 93 46 49 66 ]
[ 42 96 6 48 11 53 26 2 67 16 ]
[ 50 57 66 8 53 33 64 35 80 54 ]
[ 50 7 95 81 42 22 8 36 68 10 ]
[ 54 63 6 60 11 69 65 37 72 33 ]
[ 6 74 90 24 82 43 58 99 31 38 ]
[ 53 81 45 48 14 40 23 23 76 43 ]
[ 85 30 6 91 42 17 60 8 7 84 ]
[ 93 65 58 83 89 93 26 47 92 9 ]
[ 37 97 91 35 98 57 75 21 32 51 ]
[ 64 17 33 23 8 27 92 21 87 99 ]
[ 57 80 16 68 63 6 61 42 5 5 ]
[ 51 95 2 94 30 0 52 5 73 84 ]

Running insertion sort algorithm: 
Timer (sort): 6414ms real	6420ms user	0ms sys
The output is sorted!
[ 30 2 22 9 1 29 35 18 2 2 ]
[ 5 16 1 4 24 2 17 19 4 86 ]
[ 32 12 12 13 5 16 12 58 3 16 ]
[ 14 12 2 1 22 55 15 20 29 15 ]
[ 0 11 45 47 12 8 17 16 26 6 ]
[ 12 9 4 41 14 28 18 5 45 15 ]
[ 6 15 21 46 14 2 51 12 15 11 ]
[ 31 59 3 5 37 33 0 17 4 5 ]
[ 6 28 82 8 25 3 13 7 23 1 ]
[ 11 3 37 4 8 10 39 20 47 22 ]
[ 31 34 34 30 8 5 19 7 1 33 ]
[ 10 34 19 79 1 4 8 27 6 17 ]
[ 4 3 11 61 4 28 3 4 50 37 ]
[ 32 5 23 2 73 21 9 3 30 9 ]
[ 51 8 47 25 0 6 25 28 4 14 ]
[ 9 41 13 13 49 15 37 1 22 8 ]
[ 56 19 13 25 17 25 46 3 5 0 ]
[ 0 9 7 18 1 4 11 27 50 82 ]
[ 16 20 45 8 20 31 7 42 13 9 ]
[ 37 7 6 79 2 28 8 7 29 8 ]

Timer (generate): 5ms real	0ms user	0ms sys
[ 25 72 42 23 27 61 5 26 44 87 ]
[ 34 21 24 13 9 20 41 91 5 49 ]
[ 94 53 34 25 10 94 85 47 9 15 ]
[ 90 34 40 85 9 67 46 66 94 90 ]
[ 53 28 11 29 93 73 2 34 16 59 ]
[ 83 10 12 17 87 75 64 72 74 25 ]
[ 88 17 11 80 2 20 47 48 39 93 ]
[ 91 44 74 54 74 67 27 76 2 43 ]
[ 35 85 5 0 55 93 75 71 65 1 ]
[ 96 5 18 7 85 72 79 85 73 18 ]
[ 78 64 15 52 18 89 20 98 17 22 ]
[ 93 52 59 99 52 66 44 79 37 61 ]
[ 81 33 67 51 92 4 24 72 89 49 ]
[ 42 68 13 57 72 83 46 92 81 15 ]
[ 66 27 68 78 78 72 44 22 4 34 ]
[ 83 37 19 2 40 12 59 16 84 0 ]
[ 65 78 68 30 36 41 14 34 85 47 ]
[ 50 52 74 18 82 4 42 26 26 98 ]
[ 12 62 35 32 16 28 96 75 44 80 ]
[ 76 10 10 96 40 46 89 54 81 27 ]

Running insertion sort algorithm: 
Timer (sort): 6185ms real	6190ms user	0ms sys
The output is sorted!
[ 3 36 5 2 62 3 5 6 17 4 ]
[ 13 22 1 0 1 2 16 73 29 2 ]
[ 34 13 54 12 8 12 4 14 9 9 ]
[ 12 22 35 10 14 9 18 29 16 6 ]
[ 22 12 12 7 12 41 4 14 29 19 ]
[ 1 11 60 4 0 32 12 7 46 7 ]
[ 33 22 8 2 1 5 8 64 6 34 ]
[ 22 44 7 13 5 2 0 43 41 8 ]
[ 2 3 68 8 2 5 2 11 82 4 ]
[ 8 3 31 6 9 65 28 4 30 3 ]
[ 48 3 38 21 5 12 11 5 46 1 ]
[ 3 1 10 38 1 4 38 68 15 24 ]
[ 20 5 26 38 59 1 21 18 8 9 ]
[ 13 33 24 4 18 26 6 17 19 45 ]
[ 14 19 5 49 37 1 18 0 6 59 ]
[ 21 41 7 13 87 13 6 3 6 11 ]
[ 0 6 0 46 12 30 38 7 44 28 ]
[ 45 54 20 24 17 14 26 5 6 0 ]
[ 13 8 28 18 15 25 23 65 6 10 ]
[ 37 0 11 20 5 11 50 55 8 18 ]

Timer (generate): 7ms real	0ms user	0ms sys
[ 54 98 41 57 80 35 71 94 82 92 ]
[ 68 86 31 80 61 13 66 69 46 47 ]
[ 81 25 73 45 39 66 21 54 45 6 ]
[ 89 99 4 82 8 85 17 32 31 99 ]
[ 24 51 86 55 31 47 68 98 69 66 ]
[ 97 50 92 22 96 83 89 69 37 86 ]
[ 76 26 37 80 60 97 17 78 29 1 ]
[ 77 5 52 63 12 84 63 33 34 32 ]
[ 99 83 34 43 6 82 26 47 52 63 ]
[ 85 28 41 22 60 2 71 78 80 53 ]
[ 79 9 58 83 73 23 67 88 56 53 ]
[ 72 7 37 6 51 43 89 29 42 93 ]
[ 45 27 21 38 1 81 40 24 11 72 ]
[ 77 42 82 88 26 7 11 93 95 19 ]
[ 47 19 26 36 25 77 31 66 59 73 ]
[ 59 4 52 32 42 5 66 35 29 77 ]
[ 59 59 20 41 47 46 0 10 91 47 ]
[ 29 90 66 55 26 44 85 57 10 44 ]
[ 30 22 0 34 6 42 39 72 29 21 ]
[ 50 89 80 22 30 79 68 83 89 11 ]

Running insertion sort algorithm: 
Timer (sort): 6290ms real	6290ms user	0ms sys
The output is sorted!
[ 8 0 20 10 35 30 18 9 21 13 ]
[ 13 6 0 23 13 47 4 16 30 14 ]
[ 0 13 0 5 0 45 28 2 56 38 ]
[ 10 27 30 0 6 25 7 26 48 9 ]
[ 9 17 14 0 41 62 5 2 12 28 ]
[ 8 30 13 5 17 52 1 25 38 3 ]
[ 3 32 25 7 16 39 35 8 2 25 ]
[ 64 11 31 2 17 14 6 3 34 12 ]
[ 8 3 3 10 39 59 34 25 0 14 ]
[ 2 74 2 16 19 47 25 4 2 5 ]
[ 5 0 12 39 3 27 47 26 11 27 ]
[ 37 5 73 7 10 38 16 5 9 0 ]
[ 15 37 11 10 41 20 19 21 16 15 ]
[ 1 34 27 7 37 1 2 14 77 6 ]
[ 30 3 5 38 1 30 18 1 38 43 ]
[ 37 6 23 17 3 21 17 14 16 54 ]
[ 15 4 10 14 8 93 11 23 16 15 ]
[ 33 41 44 4 6 4 1 51 7 20 ]
[ 19 21 26 45 5 43 3 14 1 36 ]
[ 6 37 26 72 19 0 34 0 1 19 ]

Timer (generate): 5ms real	0ms user	0ms sys
[ 43 21 19 77 5 38 80 74 86 49 ]
[ 13 19 43 77 96 80 92 41 31 50 ]
[ 20 65 90 37 96 76 1 36 74 37 ]
[ 12 17 10 31 47 67 21 27 41 7 ]
[ 28 6 27 71 84 75 3 28 68 34 ]
[ 78 89 52 20 78 48 96 31 85 23 ]
[ 21 97 40 31 80 39 99 2 19 92 ]
[ 9 47 99 88 71 35 15 26 63 36 ]
[ 61 41 77 13 14 7 13 10 90 50 ]
[ 33 11 99 26 95 80 17 46 82 36 ]
[ 38 43 36 37 84 59 24 51 85 87 ]
[ 87 46 81 64 11 95 71 25 57 14 ]
[ 27 91 25 27 69 20 7 86 66 89 ]
[ 75 57 84 63 46 68 22 71 72 7 ]
[ 10 59 6 91 76 69 86 99 46 44 ]
[ 13 74 87 39 1 56 11 8 94 30 ]
[ 49 21 39 85 84 85 6 58 8 78 ]
[ 18 19 37 76 10 13 45 49 65 92 ]
[ 93 78 18 80 69 19 88 81 79 34 ]
[ 63 80 8 54 65 92 39 71 3 48 ]

Running insertion sort algorithm: 
Timer (sort): 5668ms real	5670ms user	0ms sys
The output is sorted!
[ 34 30 9 12 49 17 3 23 1 4 ]
[ 6 9 11 11 55 18 17 48 8 2 ]
[ 1 0 23 11 71 36 16 4 16 9 ]
[ 22 1 23 31 16 25 14 18 28 11 ]
[ 5 55 39 5 8 4 19 23 30 1 ]
[ 63 24 13 0 0 18 48 16 13 0 ]
[ 9 13 38 11 0 14 2 82 11 16 ]
[ 50 3 21 17 4 43 22 3 18 16 ]
[ 22 22 13 36 32 40 22 10 2 0 ]
[ 13 20 6 17 11 16 41 22 22 38 ]
[ 15 11 8 34 3 27 21 91 0 0 ]
[ 31 5 46 4 17 28 1 21 16 42 ]
[ 5 29 3 39 58 12 3 4 59 0 ]
[ 1 12 36 5 2 25 7 54 43 29 ]
[ 10 4 19 17 20 24 0 20 81 21 ]
[ 28 70 52 0 9 17 25 10 3 3 ]
[ 86 11 24 25 0 17 5 9 43 1 ]
[ 34 3 14 37 1 7 22 26 65 12 ]
[ 38 52 38 8 11 5 8 28 26 7 ]
[ 9 16 11 15 23 51 32 19 45 0 ]

Timer (generate): 4ms real	0ms user	0ms sys
[ 48 1 24 28 8 82 17 44 50 87 ]
[ 0 12 96 83 63 97 98 89 89 84 ]
[ 36 83 79 54 61 89 77 66 31 8 ]
[ 74 80 9 50 60 17 33 30 14 35 ]
[ 17 14 47 65 49 10 62 47 51 3 ]
[ 84 88 87 63 94 0 4 24 66 36 ]
[ 84 92 68 94 43 80 63 76 10 29 ]
[ 11 27 95 58 45 96 20 7 44 24 ]
[ 63 80 64 50 95 10 50 99 34 68 ]
[ 87 19 60 7 65 55 88 80 31 98 ]
[ 62 94 78 57 4 23 6 77 82 50 ]
[ 1 45 82 17 47 77 27 97 28 62 ]
[ 65 16 33 78 23 50 33 63 82 17 ]
[ 62 44 63 40 54 20 15 60 97 97 ]
[ 62 50 95 44 67 42 73 94 92 1 ]
[ 8 9 69 93 87 45 43 73 8 78 ]
[ 90 70 74 5 62 28 25 77 40 74 ]
[ 27 2 76 22 98 43 16 23 90 8 ]
[ 25 50 18 46 44 57 91 39 30 0 ]
[ 17 72 70 92 78 33 72 55 62 13 ]

Running insertion sort algorithm: 
Timer (sort): 5279ms real	5280ms user	0ms sys
The output is sorted!
[ 7 6 2 1 19 26 20 2 2 7 ]
[ 0 2 31 34 26 15 27 1 8 28 ]
[ 20 7 25 30 1 15 17 2 9 52 ]
[ 44 29 8 6 11 13 0 6 64 5 ]
[ 6 11 2 5 10 21 35 74 15 14 ]
[ 5 4 33 23 15 0 19 25 11 67 ]
[ 5 2 48 24 23 42 17 18 6 20 ]
[ 10 21 76 18 14 6 9 14 19 19 ]
[ 0 21 15 21 7 6 23 81 19 14 ]
[ 9 33 40 5 10 17 14 23 50 9 ]
[ 0 16 31 12 90 24 7 12 1 17 ]
[ 0 7 6 18 63 13 25 0 4 75 ]
[ 28 14 4 5 11 69 14 31 15 20 ]
[ 54 27 16 7 6 25 2 52 22 0 ]
[ 25 32 31 10 15 13 21 16 20 29 ]
[ 39 7 21 5 2 11 23 33 70 2 ]
[ 20 21 9 40 5 4 19 1 92 4 ]
[ 0 18 34 30 36 17 2 16 56 7 ]
[ 45 14 1 22 10 7 52 7 28 34 ]
[ 13 87 30 15 1 8 42 5 13 8 ]

Timer (generate): 4ms real	0ms user	0ms sys
[ 37 43 22 77 15 41 56 28 70 96 ]
[ 73 97 14 58 44 41 52 39 68 66 ]
[ 87 23 15 12 62 4 52 91 3 63 ]
[ 29 40 58 51 70 73 44 26 53 66 ]
[ 75 78 63 89 89 60 82 41 99 50 ]
[ 8 86 26 23 50 88 79 55 31 82 ]
[ 18 60 75 28 63 45 53 8 23 7 ]
[ 74 98 37 90 39 26 50 21 20 1 ]
[ 24 28 40 50 3 90 90 82 45 21 ]
[ 16 15 81 43 95 96 40 49 4 64 ]
[ 8 31 14 45 73 54 24 75 27 44 ]
[ 76 51 72 16 1 27 59 43 61 56 ]
[ 64 29 24 97 73 19 94 13 68 50 ]
[ 29 76 81 44 74 6 50 98 81 77 ]
[ 42 58 81 66 26 34 45 85 78 6 ]
[ 42 94 35 66 92 8 37 38 74 6 ]
[ 88 3 34 22 47 60 28 49 58 10 ]
[ 79 52 20 12 70 46 46 67 84 24 ]
[ 73 78 71 61 96 63 69 33 53 95 ]
[ 91 41 99 78 15 98 38 96 0 49 ]

Running insertion sort algorithm: 
Timer (sort): 5416ms real	5420ms user	0ms sys
The output is sorted!
[ 13 11 17 3 16 2 0 59 15 23 ]
[ 2 26 26 2 26 9 8 51 2 8 ]
[ 86 25 2 15 10 4 17 4 26 10 ]
[ 0 23 14 13 9 4 17 50 29 42 ]
[ 8 38 13 16 11 20 40 31 23 5 ]
[ 7 2 48 35 14 42 17 2 2 37 ]
[ 9 52 45 16 13 20 18 3 17 15 ]
[ 11 7 3 60 3 25 33 16 0 56 ]
[ 5 8 71 18 17 59 8 15 2 11 ]
[ 88 6 5 18 2 5 13 12 39 28 ]
[ 14 7 85 25 11 15 10 42 6 2 ]
[ 7 20 19 11 45 24 50 25 5 11 ]
[ 30 3 15 20 69 23 7 2 37 12 ]
[ 6 0 12 66 5 24 5 54 12 34 ]
[ 10 22 2 19 31 66 3 38 17 11 ]
[ 3 7 21 17 41 27 12 68 12 13 ]
[ 20 55 27 26 16 32 18 12 6 9 ]
[ 37 27 2 3 10 7 35 35 52 15 ]
[ 12 1 19 9 68 81 15 1 11 7 ]
[ 13 4 55 33 19 1 19 56 20 4 ]

Timer (generate): 4ms real	0ms user	0ms sys
[ 89 59 75 65 95 0 64 85 72 1 ]
[ 26 13 28 76 54 39 55 58 85 87 ]
[ 37 89 20 35 39 83 8 85 61 27 ]
[ 22 2 86 49 67 34 50 83 71 22 ]
[ 36 97 87 17 25 93 56 32 51 93 ]
[ 19 89 82 39 76 73 75 85 58 88 ]
[ 12 33 91 50 82 10 36 84 46 7 ]
[ 7 82 4 46 99 29 40 55 62 91 ]
[ 48 33 80 82 73 9 55 48 94 14 ]
[ 88 58 47 79 60 29 42 97 14 88 ]
[ 4 73 70 61 19 22 42 59 29 56 ]
[ 3 30 90 35 12 15 44 68 15 90 ]
[ 82 3 48 29 35 61 10 77 58 76 ]
[ 65 14 49 87 27 21 61 70 32 91 ]
[ 78 35 21 20 71 33 35 15 53 2 ]
[ 58 87 58 6 16 93 19 79 22 77 ]
[ 55 39 44 57 26 71 78 88 93 10 ]
[ 31 72 98 4 92 69 89 80 36 43 ]
[ 82 94 30 40 53 99 85 72 30 7 ]
[ 2 85 46 98 94 25 21 24 65 15 ]

Running insertion sort algorithm: 
Timer (sort): 5187ms real	5190ms user	0ms sys
The output is sorted!
[ 14 19 27 20 14 5 0 4 10 56 ]
[ 14 29 4 17 19 24 4 17 9 35 ]
[ 20 5 46 16 0 46 29 1 0 19 ]
[ 77 12 10 2 3 31 0 9 35 4 ]
[ 36 13 36 9 3 10 0 21 22 40 ]
[ 15 0 26 14 22 2 21 57 13 31 ]
[ 38 2 34 24 43 15 4 9 31 4 ]
[ 60 6 28 11 23 4 12 10 35 20 ]
[ 12 12 21 40 69 13 6 19 8 10 ]
[ 74 2 11 15 32 3 24 9 31 9 ]
[ 38 12 20 2 26 28 22 23 1 39 ]
[ 1 46 7 50 2 44 35 13 13 0 ]
[ 32 27 34 54 14 14 20 0 0 17 ]
[ 44 8 1 20 9 15 9 42 54 10 ]
[ 9 20 39 52 22 13 2 0 29 27 ]
[ 2 22 45 5 77 13 6 38 3 3 ]
[ 5 26 21 1 18 75 13 3 12 41 ]
[ 7 21 7 11 30 20 68 0 42 9 ]
[ 2 21 5 3 0 14 13 69 25 63 ]
[ 33 21 19 18 2 61 4 7 31 19 ]

Timer (generate): 8ms real	0ms user	0ms sys
[ 82 69 12 93 94 41 12 4 24 74 ]
[ 63 42 90 23 6 97 96 43 65 42 ]
[ 4 26 84 63 93 31 56 26 13 84 ]
[ 66 47 5 30 40 0 71 4 4 47 ]
[ 30 19 41 72 43 47 70 91 90 87 ]
[ 33 46 13 17 10 58 0 66 84 14 ]
[ 50 2 13 56 84 6 8 55 10 64 ]
[ 54 41 83 95 13 78 42 35 69 85 ]
[ 22 3 83 87 72 93 45 73 12 81 ]
[ 39 14 35 4 22 19 10 30 26 21 ]
[ 94 80 14 78 75 27 56 70 15 26 ]
[ 7 89 81 90 77 53 84 74 78 48 ]
[ 56 69 62 43 74 85 63 84 67 89 ]
[ 57 62 22 71 92 97 51 0 19 66 ]
[ 26 26 55 59 69 84 13 5 59 43 ]
[ 53 67 13 15 10 39 52 25 75 20 ]
[ 15 33 34 37 4 26 86 55 26 58 ]
[ 73 5 84 81 64 5 65 29 10 76 ]
[ 73 63 43 38 31 6 29 83 31 4 ]
[ 55 46 37 89 35 42 67 74 49 46 ]

Running insertion sort algorithm: 
Timer (sort): 5186ms real	5180ms user	0ms sys
The output is sorted!
[ 17 8 2 8 7 29 8 6 38 17 ]
[ 25 3 3 11 2 1 27 0 20 57 ]
[ 45 24 36 13 4 2 8 1 11 18 ]
[ 27 2 2 1 90 29 11 2 0 14 ]
[ 8 43 10 32 4 10 12 24 21 21 ]
[ 16 13 7 30 38 2 24 10 12 37 ]
[ 10 38 9 16 42 3 25 43 5 2 ]
[ 1 73 4 7 3 37 11 8 45 8 ]
[ 12 0 17 44 76 15 14 7 17 0 ]
[ 15 5 3 15 80 12 34 14 2 27 ]
[ 0 6 2 55 50 2 36 34 18 4 ]
[ 2 1 28 2 34 30 49 28 1 33 ]
[ 6 1 8 15 73 39 4 14 20 29 ]
[ 56 1 2 6 29 16 1 57 8 34 ]
[ 8 43 22 29 1 27 17 22 38 5 ]
[ 3 53 89 0 10 21 9 24 3 0 ]
[ 10 9 6 27 26 17 29 20 55 13 ]
[ 10 9 3 51 2 3 10 33 6 85 ]
[ 4 7 1 67 2 12 44 7 47 21 ]
[ 0 3 22 23 16 72 1 31 46 1 ]

Timer (generate): 5ms real	0ms user	0ms sys
[ 33 93 72 99 19 58 30 0 44 88 ]
[ 67 18 63 97 62 71 55 71 93 21 ]
[ 50 22 54 14 77 4 39 59 38 52 ]
[ 31 23 97 4 22 16 14 4 16 59 ]
[ 92 36 29 56 33 91 79 88 14 24 ]
[ 62 64 47 16 79 24 72 70 35 62 ]
[ 74 66 85 71 22 60 88 37 64 56 ]
[ 48 9 44 77 17 78 20 96 18 35 ]
[ 20 80 51 19 96 82 95 20 53 30 ]
[ 82 79 49 68 51 71 80 91 60 44 ]
[ 99 8 5 44 37 22 22 58 18 92 ]
[ 45 91 73 96 62 21 31 58 42 36 ]
[ 88 24 15 37 44 66 61 24 9 21 ]
[ 21 9 82 78 5 19 1 27 29 71 ]
[ 71 26 62 44 23 77 66 6 35 60 ]
[ 42 75 36 57 65 33 76 26 9 85 ]
[ 99 82 94 81 61 99 53 62 78 34 ]
[ 33 2 61 48 46 36 25 64 42 60 ]
[ 24 84 35 13 93 0 46 69 78 55 ]
[ 55 78 38 1 11 99 53 16 13 83 ]

Running insertion sort algorithm: 
Timer (sort): 6190ms real	6190ms user	0ms sys
The output is sorted!
[ 68 14 17 30 2 0 26 13 8 1 ]
[ 24 35 4 26 38 14 25 10 0 9 ]
[ 4 33 7 19 67 3 2 8 36 8 ]
[ 7 3 53 41 5 18 1 34 6 19 ]
[ 51 53 16 8 6 16 6 10 8 17 ]
[ 17 48 39 5 7 15 1 23 6 30 ]
[ 6 0 41 18 10 25 42 11 33 6 ]
[ 25 11 1 5 2 34 33 45 16 22 ]
[ 30 11 15 51 8 2 20 29 5 26 ]
[ 34 41 19 3 14 32 13 30 3 10 ]
[ 25 14 2 4 2 29 90 10 2 22 ]
[ 0 55 8 8 32 17 8 22 7 47 ]
[ 2 56 20 21 45 7 18 10 3 22 ]
[ 8 22 9 9 26 13 55 13 31 23 ]
[ 61 24 8 1 10 14 19 49 12 11 ]
[ 99 1 0 37 31 8 4 23 2 5 ]
[ 3 9 18 5 0 58 34 20 37 28 ]
[ 34 17 4 44 0 21 10 74 7 1 ]
[ 44 71 23 22 6 1 18 7 11 10 ]
[ 11 20 4 50 12 26 9 6 48 27 ]

Timer (generate): 5ms real	0ms user	0ms sys
[ 35 6 24 2 97 11 11 41 34 21 ]
[ 39 88 32 17 45 26 20 17 96 24 ]
[ 20 2 22 98 47 11 31 39 55 16 ]
[ 99 90 22 24 45 71 87 56 64 74 ]
[ 29 4 62 61 21 59 88 41 28 84 ]
[ 18 48 38 92 98 85 3 81 25 58 ]
[ 97 24 1 71 0 46 43 40 2 59 ]
[ 14 83 15 28 45 88 39 85 30 67 ]
[ 21 0 68 59 92 18 97 48 0 74 ]
[ 58 49 50 59 21 3 57 16 43 11 ]
[ 75 9 95 91 37 92 79 28 77 61 ]
[ 95 98 13 15 9 58 34 58 6 86 ]
[ 32 16 35 35 28 56 38 85 72 81 ]
[ 97 0 42 44 43 31 36 22 59 65 ]
[ 36 6 63 49 22 24 7 8 35 65 ]
[ 46 67 82 81 54 10 90 92 47 14 ]
[ 25 96 66 19 40 9 50 28 84 9 ]
[ 93 20 16 8 21 90 33 81 50 68 ]
[ 98 96 87 32 29 94 94 71 86 42 ]
[ 38 64 90 4 83 31 14 34 11 50 ]

Running insertion sort algorithm: 
Timer (sort): 6270ms real	6270ms user	0ms sys
The output is sorted!
[ 4 7 30 2 2 37 31 1 6 59 ]
[ 5 12 52 18 32 10 20 3 21 7 ]
[ 2 0 19 18 33 30 28 14 16 23 ]
[ 10 15 70 35 0 5 3 26 5 21 ]
[ 9 11 59 8 6 13 39 36 1 11 ]
[ 24 25 8 0 24 28 19 5 33 28 ]
[ 41 0 32 8 39 1 5 34 29 7 ]
[ 5 10 24 26 28 40 16 19 21 7 ]
[ 16 12 22 1 49 22 37 34 4 1 ]
[ 17 0 21 14 12 14 86 4 28 8 ]
[ 56 9 11 11 1 37 27 24 27 3 ]
[ 10 17 70 6 5 3 23 23 33 19 ]
[ 24 8 23 65 17 9 6 7 26 24 ]
[ 9 13 1 35 25 54 6 29 1 44 ]
[ 10 32 51 3 37 14 16 16 20 19 ]
[ 3 55 27 15 19 21 14 23 24 18 ]
[ 15 8 2 61 4 28 3 63 29 6 ]
[ 18 2 19 34 1 69 29 26 6 15 ]
[ 16 16 12 35 11 38 8 28 31 27 ]
[ 76 0 0 31 4 1 46 8 24 32 ]

Timer (generate): 5ms real	0ms user	0ms sys
[ 5 95 63 54 83 1 74 11 95 2 ]
[ 22 15 30 62 5 96 87 71 44 88 ]
[ 64 30 9 76 69 63 67 81 55 61 ]
[ 14 60 56 77 66 39 31 40 50 78 ]
[ 42 24 93 72 86 99 21 74 70 17 ]
[ 14 34 48 23 63 17 38 82 50 45 ]
[ 43 65 5 51 94 23 43 25 63 45 ]
[ 4 57 70 97 82 56 48 3 30 71 ]
[ 20 97 57 68 72 72 38 11 55 88 ]
[ 56 50 5 14 2 0 89 45 25 5 ]
[ 90 81 62 60 31 96 69 31 99 51 ]
[ 2 72 48 12 92 21 84 82 84 91 ]
[ 23 92 42 28 58 44 28 48 41 6 ]
[ 53 83 39 67 44 22 64 65 54 15 ]
[ 16 8 87 17 72 32 38 57 14 74 ]
[ 0 89 66 42 18 25 38 98 25 79 ]
[ 56 78 63 48 45 59 70 61 24 76 ]
[ 77 92 85 16 9 57 48 99 66 15 ]
[ 25 67 4 92 61 74 69 0 25 94 ]
[ 79 81 24 94 81 21 53 52 83 29 ]

Running insertion sort algorithm: 
Timer (sort): 6222ms real	6220ms user	0ms sys
The output is sorted!
[ 26 6 1 8 12 14 63 3 14 30 ]
[ 18 4 30 40 51 13 15 8 0 9 ]
[ 21 67 39 6 22 4 8 1 5 15 ]
[ 34 2 11 15 50 40 14 9 3 17 ]
[ 1 67 25 11 5 10 57 8 10 2 ]
[ 34 13 12 42 4 14 25 6 4 44 ]
[ 0 17 20 5 21 20 10 64 26 17 ]
[ 0 4 17 34 46 74 4 0 17 6 ]
[ 41 15 30 0 25 7 2 27 1 56 ]
[ 10 39 4 3 13 12 6 41 5 72 ]
[ 9 9 1 34 10 20 20 32 1 69 ]
[ 5 30 35 8 52 11 4 14 39 9 ]
[ 3 41 25 5 35 40 24 5 6 25 ]
[ 6 16 50 37 0 20 11 12 48 14 ]
[ 11 33 27 19 11 23 7 12 28 45 ]
[ 31 9 43 51 3 6 6 48 0 19 ]
[ 54 44 53 10 1 14 0 14 8 20 ]
[ 0 81 32 46 8 19 20 7 1 4 ]
[ 8 47 22 8 31 6 20 29 7 42 ]
[ 1 51 25 30 17 0 10 18 48 20 ]

Timer (generate): 6ms real	0ms user	0ms sys
[ 79 13 34 57 93 74 80 20 54 63 ]
[ 68 69 70 64 68 47 94 16 74 12 ]
[ 63 30 90 97 94 10 35 57 8 28 ]
[ 11 39 41 45 49 87 71 29 7 77 ]
[ 93 75 46 63 91 15 11 85 83 37 ]
[ 50 99 67 40 48 13 51 83 70 11 ]
[ 64 81 50 57 78 99 44 49 29 51 ]
[ 78 74 79 24 37 70 91 0 56 27 ]
[ 37 6 26 4 98 74 17 49 10 87 ]
[ 12 74 20 63 31 98 14 28 99 95 ]
[ 31 77 69 10 54 7 33 97 7 89 ]
[ 24 97 47 2 1 45 29 19 47 39 ]
[ 58 11 65 79 26 48 77 41 28 29 ]
[ 36 60 6 58 70 60 65 55 58 24 ]
[ 96 34 21 95 37 75 93 18 94 92 ]
[ 9 52 3 74 83 30 74 13 71 3 ]
[ 42 59 15 0 17 37 61 34 93 71 ]
[ 11 89 57 84 85 94 59 78 64 5 ]
[ 70 73 10 25 99 93 55 26 58 78 ]
[ 29 0 90 44 1 59 81 14 94 26 ]

Running insertion sort algorithm: 
Timer (sort): 6070ms real	6070ms user	0ms sys
The output is sorted!
[ 30 5 30 2 0 13 50 23 4 9 ]
[ 0 1 12 21 67 14 12 5 0 41 ]
[ 30 32 7 28 12 9 17 0 27 16 ]
[ 16 18 23 4 20 27 10 22 5 36 ]
[ 34 10 22 20 38 2 18 0 9 29 ]
[ 10 15 5 30 64 8 40 1 13 1 ]
[ 1 18 58 0 4 71 0 7 3 25 ]
[ 12 11 13 58 9 10 3 7 18 55 ]
[ 10 2 30 6 2 64 38 0 31 13 ]
[ 16 2 35 2 14 38 18 39 3 30 ]
[ 33 19 31 14 43 17 17 7 1 16 ]
[ 2 35 16 40 18 29 6 22 22 9 ]
[ 6 20 8 68 21 14 1 22 23 17 ]
[ 69 29 6 34 16 10 12 1 20 3 ]
[ 68 10 9 28 19 3 13 33 5 14 ]
[ 0 5 89 31 13 10 53 0 4 0 ]
[ 5 53 7 28 20 31 4 52 3 3 ]
[ 21 6 2 27 23 7 28 22 9 62 ]
[ 76 10 15 3 36 6 11 29 19 2 ]
[ 8 25 18 22 11 10 3 63 27 20 ]

Timer (generate): 4ms real	0ms user	0ms sys
[ 44 33 5 32 38 0 85 85 27 61 ]
[ 74 87 68 3 59 35 66 38 48 91 ]
[ 48 22 95 54 98 1 86 30 18 81 ]
[ 88 62 67 45 94 5 45 32 42 73 ]
[ 93 68 12 13 71 71 49 89 61 49 ]
[ 81 9 71 28 15 69 81 1 51 0 ]
[ 35 91 62 54 36 9 59 82 41 53 ]
[ 7 86 22 19 0 93 42 1 83 55 ]
[ 50 16 16 21 96 83 42 78 36 45 ]
[ 78 71 37 92 25 73 53 36 7 94 ]
[ 90 66 33 64 37 85 9 31 86 92 ]
[ 86 88 60 2 61 57 85 3 87 22 ]
[ 0 65 45 37 9 23 63 63 11 70 ]
[ 9 1 89 42 17 26 79 27 58 17 ]
[ 71 44 5 84 99 66 41 36 21 80 ]
[ 58 22 97 56 11 6 79 74 21 90 ]
[ 45 31 44 86 25 13 12 5 40 22 ]
[ 22 12 67 80 96 18 46 89 54 20 ]
[ 21 65 94 18 21 5 24 52 80 46 ]
[ 94 77 29 90 63 54 4 27 11 96 ]

Running insertion sort algorithm: 
Timer (sort): 5614ms real	5610ms user	0ms sys
The output is sorted!
[ 12 10 11 17 6 3 7 70 4 42 ]
[ 3 20 26 42 10 51 1 12 13 8 ]
[ 12 3 36 6 5 4 49 30 28 14 ]
[ 3 6 30 24 44 35 23 21 3 2 ]
[ 28 24 25 12 4 15 20 25 23 17 ]
[ 10 22 27 40 9 34 11 2 21 25 ]
[ 58 20 4 57 4 24 9 23 4 0 ]
[ 28 12 9 1 6 35 41 7 25 44 ]
[ 2 50 27 9 24 21 4 13 41 18 ]
[ 17 14 4 9 58 16 22 20 40 11 ]
[ 5 14 15 4 35 35 17 0 44 42 ]
[ 37 10 31 0 49 18 3 2 4 57 ]
[ 2 25 7 22 28 2 6 93 21 6 ]
[ 18 20 36 14 35 19 15 61 0 0 ]
[ 16 49 3 11 20 26 0 27 6 61 ]
[ 30 45 10 10 6 3 6 47 60 3 ]
[ 82 9 19 15 1 25 43 6 13 8 ]
[ 15 32 45 3 6 16 1 31 24 49 ]
[ 86 26 3 10 6 38 19 26 5 5 ]
[ 3 11 12 23 0 80 70 9 7 11 ]

Timer (generate): 5ms real	0ms user	0ms sys
[ 11 73 57 27 7 90 9 91 86 45 ]
[ 2 88 72 49 56 22 61 33 6 72 ]
[ 3 8 26 71 17 6 98 8 38 8 ]
[ 71 49 34 80 28 41 22 38 32 9 ]
[ 83 86 49 7 87 6 82 49 39 88 ]
[ 21 95 49 99 66 66 6 16 26 44 ]
[ 77 50 46 11 30 74 52 53 12 36 ]
[ 14 48 75 63 55 62 21 89 63 61 ]
[ 78 36 8 79 36 26 45 42 42 23 ]
[ 38 71 73 36 82 56 63 86 61 75 ]
[ 75 75 75 50 38 83 64 60 72 28 ]
[ 73 2 64 33 81 52 11 78 46 5 ]
[ 2 85 77 27 73 59 83 36 46 44 ]
[ 64 73 71 39 23 62 22 87 74 95 ]
[ 67 99 49 84 32 31 36 43 9 83 ]
[ 48 63 20 77 91 45 37 26 82 35 ]
[ 23 46 8 46 37 83 8 60 22 82 ]
[ 7 90 81 56 26 65 39 14 60 1 ]
[ 97 61 64 69 38 7 15 27 86 49 ]
[ 62 61 47 22 7 36 5 68 48 28 ]

Running insertion sort algorithm: 
Timer (sort): 5601ms real	5600ms user	0ms sys
The output is sorted!
[ 12 3 37 10 25 52 5 26 11 1 ]
[ 98 0 4 2 25 4 21 0 27 6 ]
[ 21 10 22 26 3 0 8 34 42 21 ]
[ 57 32 5 4 15 27 17 19 0 14 ]
[ 12 1 21 25 11 45 17 10 40 8 ]
[ 62 1 3 8 57 2 24 3 19 15 ]
[ 0 19 0 22 6 21 67 1 7 67 ]
[ 10 29 0 4 70 55 28 0 16 1 ]
[ 46 0 3 77 37 15 17 3 2 14 ]
[ 42 9 8 0 5 15 84 8 15 30 ]
[ 32 9 9 8 65 36 17 36 0 6 ]
[ 15 40 9 10 7 7 44 29 14 46 ]
[ 18 23 14 1 22 30 82 6 5 21 ]
[ 11 7 12 37 1 91 7 42 0 14 ]
[ 33 10 12 26 12 15 34 40 0 42 ]
[ 27 63 10 1 5 62 24 17 5 12 ]
[ 0 53 46 19 7 27 23 36 12 5 ]
[ 14 15 11 55 74 12 11 25 6 7 ]
[ 4 0 80 5 5 25 17 41 41 12 ]
[ 21 19 9 4 1 52 20 28 29 48 ]

Timer (generate): 6ms real	0ms user	0ms sys
[ 52 73 59 2 19 51 48 3 16 85 ]
[ 79 68 6 55 18 9 83 46 86 3 ]
[ 11 34 57 33 13 20 22 46 55 11 ]
[ 92 7 36 52 61 7 55 10 11 71 ]
[ 47 90 92 5 46 10 14 81 56 0 ]
[ 84 67 87 41 53 0 13 27 98 68 ]
[ 90 91 28 27 95 89 34 50 51 97 ]
[ 74 50 88 66 55 86 76 21 19 84 ]
[ 74 3 3 61 97 56 61 62 83 12 ]
[ 83 74 55 11 53 50 52 39 52 56 ]
[ 37 26 58 77 44 66 63 72 87 82 ]
[ 56 61 37 12 74 86 68 88 49 4 ]
[ 0 32 30 55 95 35 57 99 74 9 ]
[ 7 63 88 66 40 84 32 3 57 71 ]
[ 37 65 33 75 77 7 13 98 95 62 ]
[ 54 47 46 84 54 93 19 11 93 45 ]
[ 73 0 9 13 18 49 97 50 5 6 ]
[ 74 42 72 7 69 1 66 83 99 14 ]
[ 97 5 13 96 41 68 89 12 79 34 ]
[ 58 52 87 19 65 5 68 15 8 25 ]

Running insertion sort algorithm: 
Timer (sort): 5640ms real	5640ms user	0ms sys
The output is sorted!
[ 28 5 11 8 24 9 17 33 3 1 ]
[ 21 0 18 15 16 16 1 15 16 35 ]
[ 66 33 3 2 2 17 10 3 14 8 ]
[ 10 21 25 21 2 14 7 21 32 16 ]
[ 5 7 19 49 8 18 12 26 15 14 ]
[ 11 32 35 1 2 17 15 9 24 32 ]
[ 3 28 17 19 2 22 28 1 53 5 ]
[ 8 8 19 2 8 27 55 14 18 21 ]
[ 18 46 25 9 9 1 4 21 14 49 ]
[ 18 3 24 31 2 15 12 32 52 9 ]
[ 29 20 35 12 7 24 28 33 9 2 ]
[ 21 50 45 14 14 30 12 5 14 0 ]
[ 26 13 80 39 0 0 2 21 2 22 ]
[ 48 3 9 28 30 1 1 59 9 18 ]
[ 47 16 18 7 19 50 11 2 18 20 ]
[ 12 17 11 16 33 26 42 12 22 18 ]
[ 7 18 16 30 61 0 12 21 45 0 ]
[ 5 25 33 15 1 48 11 3 63 6 ]
[ 4 2 17 11 50 19 26 34 35 14 ]
[ 20 24 11 32 0 19 59 6 27 14 ]

Timer (generate): 5ms real	0ms user	0ms sys
[ 30 94 42 58 77 60 58 21 65 44 ]
[ 52 2 6 22 60 12 81 74 97 82 ]
[ 93 43 38 55 32 25 97 3 91 52 ]
[ 8 73 47 2 32 76 15 90 98 80 ]
[ 86 50 82 45 24 95 57 58 69 54 ]
[ 40 15 49 31 70 34 8 67 37 51 ]
[ 20 97 25 19 52 57 95 67 99 45 ]
[ 47 37 48 82 82 24 29 92 82 98 ]
[ 98 75 13 48 6 36 34 66 55 23 ]
[ 17 27 21 42 98 25 51 94 92 50 ]
[ 91 91 88 91 25 22 16 54 14 50 ]
[ 53 13 25 18 13 83 54 47 49 62 ]
[ 70 19 89 43 61 88 68 13 34 12 ]
[ 15 77 56 55 69 81 78 37 36 44 ]
[ 39 41 9 17 59 22 0 66 21 2 ]
[ 80 44 21 69 39 34 9 60 99 43 ]
[ 24 15 21 80 22 42 62 0 31 50 ]
[ 97 22 91 6 39 2 29 92 20 2 ]
[ 94 0 98 67 70 38 53 79 50 53 ]
[ 75 74 20 48 55 42 42 69 95 73 ]

Running insertion sort algorithm: 
Timer (sort): 5659ms real	5660ms user	0ms sys
The output is sorted!
[ 8 32 20 19 7 10 12 3 5 32 ]
[ 19 17 12 2 2 45 0 92 1 5 ]
[ 25 49 25 11 1 21 12 40 13 0 ]
[ 26 3 15 26 10 60 7 31 1 20 ]
[ 85 0 0 1 15 29 22 4 32 13 ]
[ 6 14 41 3 46 10 32 22 0 30 ]
[ 12 2 27 1 3 76 46 2 18 19 ]
[ 17 24 11 10 61 8 11 43 21 0 ]
[ 7 23 15 39 8 13 18 28 20 36 ]
[ 58 10 15 14 14 3 65 15 10 5 ]
[ 2 89 15 9 18 31 25 7 8 5 ]
[ 30 26 3 5 1 66 14 34 4 26 ]
[ 2 13 31 6 13 37 74 26 7 5 ]
[ 53 37 10 40 26 12 4 17 7 10 ]
[ 30 39 17 21 5 29 3 24 36 12 ]
[ 14 1 18 17 24 24 60 27 16 16 ]
[ 56 6 3 57 7 24 9 23 31 1 ]
[ 35 21 33 28 8 7 1 21 42 23 ]
[ 30 41 5 18 51 43 6 7 4 14 ]
[ 5 49 5 14 9 27 5 9 70 27 ]

Timer (generate): 5ms real	0ms user	0ms sys
[ 96 52 67 77 88 10 20 41 74 13 ]
[ 44 90 93 1 38 51 44 16 90 57 ]
[ 88 81 75 58 62 83 83 43 29 21 ]
[ 76 25 25 43 2 13 53 74 6 79 ]
[ 87 50 21 33 51 11 84 47 28 27 ]
[ 5 68 8 32 26 22 67 62 65 97 ]
[ 83 93 74 60 37 77 26 42 3 32 ]
[ 74 91 83 47 24 86 11 60 86 39 ]
[ 87 43 7 47 75 86 21 95 48 87 ]
[ 92 83 32 66 43 21 95 69 64 99 ]
[ 54 90 42 89 89 18 75 0 78 61 ]
[ 91 18 56 51 65 32 37 39 79 37 ]
[ 26 71 20 10 89 15 32 37 37 48 ]
[ 36 91 38 30 80 79 48 7 80 78 ]
[ 21 23 96 77 74 14 61 11 53 40 ]
[ 0 31 63 72 41 5 88 73 42 77 ]
[ 73 30 68 11 60 0 43 8 7 23 ]
[ 38 28 98 35 6 73 1 67 36 6 ]
[ 60 37 37 23 9 30 28 49 56 70 ]
[ 26 29 52 46 93 12 46 36 72 6 ]

Running insertion sort algorithm: 
Timer (sort): 5856ms real	5860ms user	0ms sys
The output is sorted!
[ 17 42 23 13 22 14 13 24 9 9 ]
[ 0 49 5 24 17 26 30 20 13 9 ]
[ 7 30 27 1 36 17 18 14 10 34 ]
[ 8 44 6 9 18 18 28 3 46 15 ]
[ 16 18 4 28 59 26 34 0 11 4 ]
[ 7 10 21 14 52 39 4 0 5 50 ]
[ 6 23 24 0 1 18 68 16 4 44 ]
[ 22 44 1 29 53 19 1 5 11 20 ]
[ 56 0 47 1 22 3 53 0 17 8 ]
[ 38 37 31 23 3 12 10 8 32 14 ]
[ 97 42 8 4 4 5 9 1 21 17 ]
[ 13 4 13 25 13 6 6 63 36 30 ]
[ 38 17 31 33 3 31 17 32 4 3 ]
[ 5 18 68 18 4 11 0 73 12 1 ]
[ 1 11 6 32 10 53 10 35 22 30 ]
[ 3 6 47 1 62 3 20 17 19 33 ]
[ 4 4 0 0 10 33 8 30 46 79 ]
[ 3 47 48 3 36 8 21 9 3 36 ]
[ 3 5 99 18 5 0 21 37 5 22 ]
[ 22 10 1 14 84 10 1 41 10 23 ]

Timer (generate): 5ms real	0ms user	0ms sys
[ 68 60 96 73 67 76 75 61 67 52 ]
[ 90 50 94 34 33 40 22 81 37 53 ]
[ 90 63 3 50 37 17 23 49 79 82 ]
[ 77 99 95 73 72 62 49 99 75 68 ]
[ 4 66 18 50 52 52 90 74 85 79 ]
[ 27 76 42 82 78 31 51 53 80 30 ]
[ 36 57 29 83 30 54 45 79 5 21 ]
[ 48 9 39 18 12 91 70 54 65 8 ]
[ 34 45 36 28 79 14 60 31 68 92 ]
[ 61 56 50 43 39 80 49 84 12 54 ]
[ 57 12 16 48 30 28 39 53 82 57 ]
[ 61 68 54 97 97 33 63 9 16 31 ]
[ 1 78 39 3 73 78 36 22 15 48 ]
[ 76 24 12 92 73 94 72 64 99 7 ]
[ 21 60 75 27 9 24 13 73 85 29 ]
[ 56 39 59 96 42 32 26 78 54 41 ]
[ 78 31 66 42 75 91 37 0 55 88 ]
[ 7 29 49 82 8 10 59 21 35 44 ]
[ 51 92 83 62 40 26 95 66 56 49 ]
[ 60 87 32 26 29 60 69 18 60 24 ]

Running insertion sort algorithm: 
Timer (sort): 5848ms real	5850ms user	0ms sys
The output is sorted!
[ 3 2 18 35 33 0 1 0 2 33 ]
[ 15 9 29 4 10 9 37 13 4 43 ]
[ 5 16 33 18 55 8 1 1 1 38 ]
[ 46 12 24 1 6 59 3 18 4 12 ]
[ 5 0 6 7 24 45 4 57 3 37 ]
[ 31 8 21 20 2 8 52 45 2 1 ]
[ 22 14 12 18 1 0 12 8 33 71 ]
[ 20 14 6 38 2 8 17 56 1 30 ]
[ 36 1 16 61 22 19 2 15 21 2 ]
[ 13 1 10 27 4 29 60 12 25 21 ]
[ 39 8 46 18 50 9 8 13 2 10 ]
[ 60 32 22 23 27 1 3 20 11 8 ]
[ 16 82 0 6 2 8 12 9 53 22 ]
[ 21 4 0 8 7 73 17 30 20 34 ]
[ 13 15 15 35 40 19 30 0 8 40 ]
[ 69 12 15 55 27 7 0 12 14 10 ]
[ 40 11 0 25 29 42 29 19 1 27 ]
[ 5 67 4 26 8 15 54 10 5 29 ]
[ 2 31 27 67 1 15 22 4 41 15 ]
[ 23 1 5 22 36 20 71 12 29 7 ]

