Timer (generate): 24ms real	20ms user	0ms sys
[ 41 88 1 34 85 73 81 35 19 66 ]
[ 1 42 65 52 56 95 47 33 97 80 ]
[ 41 30 57 22 15 88 66 41 78 37 ]
[ 49 19 25 50 54 62 75 87 49 47 ]
[ 6 50 89 71 2 97 18 1 83 15 ]
[ 34 24 98 91 99 13 80 17 54 10 ]
[ 54 3 82 31 5 88 94 81 75 43 ]
[ 80 81 46 21 5 0 71 75 54 54 ]
[ 91 88 78 89 31 29 54 63 46 9 ]
[ 74 52 64 56 84 70 44 78 3 71 ]
[ 73 83 5 71 4 10 72 75 85 26 ]
[ 29 28 66 60 69 97 41 24 13 40 ]
[ 85 87 92 49 95 76 19 39 6 74 ]
[ 62 32 57 67 3 14 77 27 41 15 ]
[ 53 23 95 71 35 17 21 76 93 34 ]
[ 16 78 73 61 27 68 89 47 59 48 ]
[ 21 21 80 31 89 35 45 18 63 86 ]
[ 85 16 61 33 40 96 50 61 73 43 ]
[ 47 41 73 20 2 0 88 92 99 99 ]
[ 40 73 20 72 4 61 7 1 80 70 ]

Running insertion sort algorithm: 
Timer (sort): 110643ms real	110640ms user	0ms sys
The output is sorted!
[ 17 1 3 2 17 16 18 23 2 16 ]
[ 26 10 10 9 22 19 31 9 3 3 ]
[ 1 20 20 0 5 17 1 3 69 16 ]
[ 5 11 15 4 10 18 5 52 34 4 ]
[ 5 20 2 9 77 32 1 2 1 13 ]
[ 36 48 17 1 6 11 5 1 10 33 ]
[ 4 4 2 11 14 26 61 14 33 1 ]
[ 5 0 5 7 16 99 0 20 17 2 ]
[ 25 8 18 42 45 1 10 0 20 5 ]
[ 40 25 31 10 6 0 11 4 4 45 ]
[ 14 46 8 4 2 44 1 5 1 51 ]
[ 11 3 32 32 11 4 0 4 20 60 ]
[ 3 10 32 2 16 36 36 13 7 22 ]
[ 10 14 0 5 14 39 11 7 10 68 ]
[ 7 11 17 36 23 3 1 16 11 53 ]
[ 18 15 15 5 29 11 27 2 9 48 ]
[ 48 5 10 44 2 2 24 5 16 24 ]
[ 9 39 10 1 44 19 32 17 6 3 ]
[ 9 17 5 12 63 9 5 35 4 23 ]
[ 49 31 24 40 11 3 7 7 10 3 ]

Timer (generate): 21ms real	20ms user	0ms sys
[ 99 80 37 30 12 58 58 46 2 17 ]
[ 25 37 10 95 24 60 6 63 88 47 ]
[ 25 79 40 94 87 21 62 37 15 24 ]
[ 54 67 56 91 49 20 50 7 66 4 ]
[ 77 91 93 87 86 18 48 92 81 36 ]
[ 92 58 67 32 4 54 5 66 91 72 ]
[ 42 97 91 50 41 40 70 43 48 88 ]
[ 99 25 79 93 64 17 11 12 62 44 ]
[ 1 54 2 68 38 58 23 43 24 66 ]
[ 67 19 16 59 21 57 99 44 0 99 ]
[ 32 99 24 64 44 89 81 55 53 43 ]
[ 99 54 49 53 23 87 11 98 82 88 ]
[ 16 50 59 32 61 32 89 60 76 41 ]
[ 60 61 93 36 25 37 77 6 45 83 ]
[ 2 96 37 51 2 12 91 65 10 25 ]
[ 5 27 75 16 11 36 49 53 49 25 ]
[ 94 61 86 39 49 63 29 79 22 26 ]
[ 62 24 22 99 27 76 12 70 42 74 ]
[ 96 47 53 23 64 65 12 13 18 61 ]
[ 90 64 74 29 56 75 92 85 54 66 ]

Running insertion sort algorithm: 
Timer (sort): 109376ms real	109370ms user	0ms sys
The output is sorted!
[ 18 21 2 19 7 1 14 25 36 7 ]
[ 0 13 14 4 20 55 37 0 10 3 ]
[ 4 11 6 2 7 37 27 17 1 44 ]
[ 4 17 12 17 1 43 1 2 18 44 ]
[ 21 25 1 8 8 5 53 3 29 7 ]
[ 20 5 8 32 18 10 23 34 7 3 ]
[ 36 3 1 30 2 9 36 1 23 27 ]
[ 5 3 9 13 3 2 25 2 52 54 ]
[ 38 18 31 16 0 28 8 1 6 23 ]
[ 16 3 17 18 2 3 47 15 38 12 ]
[ 39 1 52 30 19 12 2 5 7 5 ]
[ 20 26 18 29 12 12 42 1 9 8 ]
[ 8 3 16 1 2 11 20 25 28 63 ]
[ 5 23 11 15 8 43 2 38 12 22 ]
[ 60 6 32 11 15 14 6 12 16 7 ]
[ 5 7 25 3 30 3 15 17 30 45 ]
[ 30 11 16 17 1 3 5 4 70 24 ]
[ 16 22 11 32 0 3 3 12 73 10 ]
[ 4 11 2 68 6 15 0 6 46 24 ]
[ 4 14 2 92 11 25 11 18 1 4 ]

Timer (generate): 21ms real	20ms user	0ms sys
[ 17 2 49 4 74 12 70 27 63 95 ]
[ 2 15 67 66 40 66 51 35 5 12 ]
[ 13 52 97 27 86 88 28 23 82 31 ]
[ 27 51 33 28 8 60 41 78 87 56 ]
[ 73 89 24 92 8 64 11 11 99 16 ]
[ 75 13 20 73 40 7 13 20 30 47 ]
[ 51 57 98 37 38 6 97 31 37 36 ]
[ 87 62 78 11 7 38 75 18 49 27 ]
[ 86 77 40 6 50 32 65 63 4 96 ]
[ 62 7 5 60 44 43 19 93 74 56 ]
[ 82 14 70 12 77 77 50 53 47 51 ]
[ 32 33 28 24 92 78 56 57 93 60 ]
[ 5 55 67 63 68 64 58 87 9 85 ]
[ 95 91 99 65 3 76 95 5 81 42 ]
[ 57 65 28 85 89 20 16 45 29 9 ]
[ 57 87 17 77 2 85 41 60 24 2 ]
[ 45 19 46 96 36 1 25 31 7 58 ]
[ 26 64 24 54 1 13 26 17 11 7 ]
[ 79 68 94 96 45 48 33 38 9 9 ]
[ 93 6 80 39 3 16 40 80 0 99 ]

Running insertion sort algorithm: 
Timer (sort): 107820ms real	107820ms user	0ms sys
The output is sorted!
[ 15 23 6 1 18 19 24 4 2 3 ]
[ 18 13 3 3 11 25 25 3 14 3 ]
[ 3 7 1 32 27 4 38 20 1 15 ]
[ 14 38 15 26 6 17 2 1 15 19 ]
[ 23 19 12 46 11 8 10 7 16 12 ]
[ 34 6 66 1 23 10 12 2 0 15 ]
[ 12 28 7 8 45 1 7 39 7 15 ]
[ 8 3 10 12 63 11 29 30 3 2 ]
[ 85 7 10 1 5 5 32 1 18 7 ]
[ 22 6 3 12 7 33 0 42 45 2 ]
[ 10 1 21 9 10 58 4 30 10 20 ]
[ 54 4 15 1 3 30 12 31 22 1 ]
[ 3 34 7 2 8 38 27 42 12 1 ]
[ 7 1 14 40 3 18 13 46 23 11 ]
[ 3 8 20 2 21 25 64 1 21 11 ]
[ 10 2 20 4 3 59 20 7 39 13 ]
[ 17 28 37 17 4 13 6 2 43 10 ]
[ 0 0 7 2 3 5 56 44 14 47 ]
[ 18 6 21 26 14 12 21 38 6 18 ]
[ 15 6 7 3 29 55 4 14 14 33 ]

Timer (generate): 21ms real	20ms user	0ms sys
[ 28 22 52 68 93 25 23 25 9 93 ]
[ 30 68 3 6 44 25 19 11 81 7 ]
[ 6 51 91 18 90 29 64 99 15 15 ]
[ 16 95 89 20 16 34 45 39 59 6 ]
[ 84 89 74 39 48 19 16 67 30 98 ]
[ 26 88 1 69 58 91 98 75 90 65 ]
[ 90 6 13 79 26 29 13 23 20 73 ]
[ 29 56 14 56 95 14 27 12 33 9 ]
[ 62 59 97 63 29 56 6 79 83 48 ]
[ 97 73 54 10 52 32 91 17 7 63 ]
[ 42 88 19 9 44 66 23 23 30 57 ]
[ 32 92 68 82 7 49 90 13 81 73 ]
[ 61 78 46 67 40 50 51 83 19 58 ]
[ 98 62 99 69 71 95 35 46 19 66 ]
[ 3 51 10 24 85 18 73 75 83 6 ]
[ 48 97 36 46 64 76 48 68 11 68 ]
[ 78 9 30 77 78 53 73 66 99 92 ]
[ 32 55 95 94 79 81 12 4 8 48 ]
[ 63 57 45 99 55 9 76 4 29 39 ]
[ 72 8 1 54 85 31 7 10 97 58 ]

Running insertion sort algorithm: 
Timer (sort): 106170ms real	106170ms user	0ms sys
The output is sorted!
[ 9 3 29 3 16 18 0 1 12 59 ]
[ 2 0 13 19 13 13 38 13 44 0 ]
[ 5 2 63 17 3 20 0 3 20 26 ]
[ 11 13 19 9 10 26 35 9 22 5 ]
[ 14 2 30 20 1 6 0 56 15 20 ]
[ 27 3 26 5 39 10 16 13 10 17 ]
[ 6 29 2 3 24 73 6 7 6 10 ]
[ 5 4 1 21 26 70 22 10 8 0 ]
[ 2 9 23 37 6 27 25 14 28 3 ]
[ 25 23 55 17 4 2 38 3 0 11 ]
[ 5 6 6 54 31 14 4 45 6 9 ]
[ 2 40 16 5 26 40 11 6 2 34 ]
[ 24 5 48 14 28 17 19 10 0 17 ]
[ 53 28 4 16 35 0 0 31 1 16 ]
[ 27 13 1 17 18 22 44 9 29 4 ]
[ 7 32 18 2 26 30 23 45 0 3 ]
[ 2 23 10 37 11 12 10 17 33 31 ]
[ 9 37 4 12 13 60 6 30 12 3 ]
[ 50 0 17 16 42 1 27 14 3 16 ]
[ 11 15 0 5 50 21 13 0 42 29 ]

Timer (generate): 20ms real	20ms user	0ms sys
[ 93 64 64 24 7 90 17 10 7 95 ]
[ 90 87 49 78 49 92 68 95 77 40 ]
[ 0 84 84 11 21 79 42 7 76 97 ]
[ 60 70 61 76 94 20 67 63 30 74 ]
[ 58 73 13 60 3 62 4 71 57 82 ]
[ 64 58 18 0 21 92 79 15 51 56 ]
[ 12 11 78 26 88 24 46 55 88 29 ]
[ 81 98 2 94 10 5 57 67 29 14 ]
[ 1 45 24 71 97 45 63 28 12 15 ]
[ 36 25 26 14 3 66 91 1 73 31 ]
[ 30 54 81 84 49 92 42 58 11 23 ]
[ 24 12 68 1 83 65 98 99 45 11 ]
[ 14 82 88 92 96 91 59 39 92 32 ]
[ 70 75 39 52 59 88 96 53 98 7 ]
[ 76 22 19 96 23 54 13 22 53 59 ]
[ 33 19 41 21 12 89 64 23 29 56 ]
[ 7 99 83 46 3 95 34 99 48 84 ]
[ 6 77 7 77 73 82 32 39 4 37 ]
[ 98 89 57 91 62 21 80 26 44 61 ]
[ 35 51 13 70 98 16 65 84 16 66 ]

Running insertion sort algorithm: 
Timer (sort): 104293ms real	104290ms user	0ms sys
The output is sorted!
[ 6 1 13 33 2 14 10 13 20 2 ]
[ 9 12 18 12 1 20 22 12 15 6 ]
[ 6 11 18 1 4 27 7 6 38 12 ]
[ 32 20 5 4 20 5 0 36 7 4 ]
[ 22 40 1 19 11 10 12 12 4 5 ]
[ 4 33 14 18 10 4 19 2 8 29 ]
[ 36 6 8 15 7 14 12 39 0 12 ]
[ 20 34 4 7 44 4 15 10 7 8 ]
[ 0 3 27 38 11 8 26 14 42 1 ]
[ 41 20 7 1 1 22 9 37 7 26 ]
[ 10 13 12 4 2 65 2 10 18 36 ]
[ 13 8 50 7 13 50 14 8 1 12 ]
[ 25 9 38 10 6 27 26 7 11 19 ]
[ 18 20 18 50 28 19 3 14 8 1 ]
[ 53 6 30 9 1 14 27 0 24 16 ]
[ 3 14 39 21 4 46 35 11 6 7 ]
[ 40 32 16 30 3 49 1 3 10 3 ]
[ 19 71 29 16 16 4 16 11 5 0 ]
[ 12 2 9 5 14 16 9 59 21 42 ]
[ 7 4 61 14 14 14 34 1 12 28 ]

Timer (generate): 22ms real	10ms user	10ms sys
[ 36 26 20 96 64 77 54 63 2 41 ]
[ 12 70 15 15 84 0 43 2 27 76 ]
[ 24 39 5 35 30 99 98 38 52 71 ]
[ 24 89 97 96 85 14 25 92 77 79 ]
[ 85 41 50 1 8 34 1 3 36 28 ]
[ 32 13 68 89 48 50 88 46 89 41 ]
[ 70 13 82 67 61 19 81 86 11 10 ]
[ 65 97 4 15 50 64 49 3 68 38 ]
[ 84 0 51 4 89 99 54 29 98 43 ]
[ 22 68 8 4 87 69 24 21 55 87 ]
[ 83 73 36 87 88 86 52 90 42 72 ]
[ 28 26 24 79 30 13 30 84 94 80 ]
[ 28 17 48 88 21 88 58 97 9 65 ]
[ 85 44 38 21 84 27 60 88 69 2 ]
[ 60 97 28 84 28 58 49 10 94 43 ]
[ 91 74 60 91 63 34 79 73 31 40 ]
[ 38 16 37 29 90 21 8 50 9 77 ]
[ 52 69 26 32 5 54 42 54 64 36 ]
[ 49 7 11 10 51 26 44 30 99 75 ]
[ 23 37 44 12 66 86 33 26 36 42 ]

Running insertion sort algorithm: 
Timer (sort): 94892ms real	94890ms user	0ms sys
The output is sorted!
[ 9 9 0 7 10 27 1 7 45 0 ]
[ 25 1 8 23 2 48 1 10 3 12 ]
[ 41 7 2 19 13 18 20 6 0 11 ]
[ 2 9 1 16 49 7 29 1 1 42 ]
[ 1 24 2 15 9 5 1 65 15 25 ]
[ 9 29 32 24 1 13 2 0 30 25 ]
[ 10 3 11 48 4 41 23 2 7 17 ]
[ 9 10 2 29 3 3 21 3 46 40 ]
[ 13 27 26 9 13 26 28 0 2 25 ]
[ 3 35 21 5 13 19 19 33 15 7 ]
[ 5 0 32 3 20 1 24 54 13 19 ]
[ 40 3 0 8 27 2 43 12 30 8 ]
[ 5 34 17 42 1 5 12 11 21 29 ]
[ 8 0 8 83 1 17 16 41 6 4 ]
[ 8 9 5 7 1 53 21 33 20 28 ]
[ 7 5 7 58 21 11 3 12 41 20 ]
[ 8 9 6 79 17 7 18 4 15 23 ]
[ 36 20 16 1 33 18 2 22 30 8 ]
[ 2 12 28 17 95 21 4 4 0 4 ]
[ 7 25 6 22 37 11 3 14 50 14 ]

Timer (generate): 17ms real	0ms user	0ms sys
[ 77 0 40 1 41 25 47 96 98 53 ]
[ 64 28 68 54 64 48 94 73 65 16 ]
[ 0 81 91 90 41 28 32 59 33 11 ]
[ 45 11 11 85 64 5 11 63 1 61 ]
[ 16 17 41 36 71 5 36 65 79 1 ]
[ 81 31 34 72 73 28 1 6 87 86 ]
[ 17 32 49 81 69 65 38 80 28 39 ]
[ 41 96 8 83 33 80 40 21 97 71 ]
[ 23 79 55 57 3 28 37 56 34 24 ]
[ 43 4 8 44 85 78 10 75 10 90 ]
[ 14 4 87 22 39 72 54 31 93 52 ]
[ 3 16 83 58 26 86 38 63 95 73 ]
[ 40 90 77 0 34 14 30 96 89 93 ]
[ 87 55 97 74 29 36 98 84 67 91 ]
[ 88 22 8 71 32 86 9 71 1 56 ]
[ 96 93 46 73 46 33 39 28 29 28 ]
[ 21 16 35 18 42 64 6 40 0 26 ]
[ 32 88 0 92 11 33 30 21 56 83 ]
[ 77 52 77 76 77 75 9 16 3 38 ]
[ 96 25 7 31 95 49 95 2 42 96 ]

Running insertion sort algorithm: 
Timer (sort): 93535ms real	93540ms user	10ms sys
The output is sorted!
[ 47 7 4 8 7 0 13 9 20 19 ]
[ 8 2 24 11 37 1 29 13 11 7 ]
[ 24 12 35 20 37 8 6 3 8 0 ]
[ 21 5 5 28 3 15 30 2 5 43 ]
[ 38 2 1 25 29 11 19 5 15 16 ]
[ 2 44 3 13 13 9 23 30 4 24 ]
[ 27 1 31 17 10 10 24 7 31 7 ]
[ 18 21 26 33 4 3 0 8 0 54 ]
[ 66 7 17 8 15 36 2 8 2 8 ]
[ 2 26 76 14 20 2 13 1 8 12 ]
[ 27 3 7 20 21 31 29 3 18 15 ]
[ 4 18 18 16 2 17 12 57 15 18 ]
[ 1 7 32 3 55 1 37 13 27 2 ]
[ 38 11 10 0 2 6 36 33 1 42 ]
[ 4 53 0 0 16 3 84 5 10 6 ]
[ 79 11 5 23 11 0 15 11 0 28 ]
[ 6 9 19 6 11 15 38 0 67 12 ]
[ 0 20 57 2 6 17 10 25 31 16 ]
[ 32 13 8 2 57 25 24 7 3 15 ]
[ 31 20 11 0 31 33 23 11 24 2 ]

Timer (generate): 17ms real	10ms user	0ms sys
[ 33 11 11 80 23 58 30 13 50 72 ]
[ 78 89 93 53 0 76 87 85 85 9 ]
[ 47 98 92 45 35 24 68 49 14 5 ]
[ 82 47 16 45 79 91 3 62 5 53 ]
[ 34 83 94 79 36 47 56 23 32 93 ]
[ 84 31 43 77 76 78 53 96 80 67 ]
[ 1 14 66 69 59 98 13 14 60 18 ]
[ 20 46 53 14 25 41 13 33 17 98 ]
[ 78 1 29 22 78 58 52 84 54 32 ]
[ 3 8 46 70 29 57 68 42 72 80 ]
[ 60 92 26 65 58 51 7 72 37 24 ]
[ 70 67 25 99 89 56 57 42 92 64 ]
[ 26 95 24 73 17 53 30 37 96 54 ]
[ 17 56 46 43 22 5 47 81 77 84 ]
[ 5 99 51 30 98 93 38 8 87 30 ]
[ 24 13 26 48 86 43 1 69 81 97 ]
[ 23 98 6 70 94 80 27 41 61 56 ]
[ 77 66 55 80 48 5 73 87 65 12 ]
[ 69 89 26 95 89 12 91 91 33 72 ]
[ 40 57 22 46 79 16 26 58 9 39 ]

Running insertion sort algorithm: 
Timer (sort): 94911ms real	94910ms user	10ms sys
The output is sorted!
[ 3 6 9 1 30 18 5 28 23 13 ]
[ 11 15 42 7 4 8 25 1 1 26 ]
[ 2 0 36 25 13 20 5 6 23 19 ]
[ 6 17 17 23 17 11 30 18 22 3 ]
[ 6 23 13 1 7 10 36 1 24 45 ]
[ 15 5 10 19 22 0 56 24 2 13 ]
[ 37 16 45 0 2 51 5 0 2 9 ]
[ 16 5 27 3 10 4 44 19 11 28 ]
[ 3 53 16 5 20 0 7 8 39 16 ]
[ 56 7 16 5 48 9 3 1 12 11 ]
[ 10 9 15 49 14 37 6 17 2 12 ]
[ 10 74 23 13 4 10 2 15 13 9 ]
[ 21 4 8 21 10 6 8 93 3 0 ]
[ 16 45 8 11 6 20 37 17 3 11 ]
[ 59 12 26 22 10 8 9 7 7 16 ]
[ 0 86 10 18 24 2 1 5 16 15 ]
[ 0 0 22 43 20 8 27 34 2 22 ]
[ 2 0 12 17 20 3 46 21 47 11 ]
[ 10 22 21 14 21 23 23 23 6 18 ]
[ 8 18 2 65 43 0 4 0 24 18 ]

Timer (generate): 17ms real	10ms user	0ms sys
[ 76 92 13 73 44 10 72 90 60 64 ]
[ 18 63 43 8 31 97 55 47 70 83 ]
[ 63 98 40 85 70 41 94 37 72 16 ]
[ 75 0 61 40 73 5 2 46 47 15 ]
[ 62 65 78 5 25 61 54 80 8 24 ]
[ 63 23 23 55 8 45 49 54 83 21 ]
[ 71 10 74 84 2 47 41 56 45 88 ]
[ 71 8 5 2 65 82 63 20 63 24 ]
[ 96 78 99 19 86 60 17 35 14 0 ]
[ 8 37 62 82 21 64 82 62 72 27 ]
[ 2 44 35 7 98 53 90 13 25 5 ]
[ 89 21 35 89 93 21 49 10 8 63 ]
[ 62 17 1 24 51 74 40 33 89 12 ]
[ 13 91 8 48 99 58 53 41 72 78 ]
[ 98 61 52 33 2 45 7 51 7 67 ]
[ 67 69 84 68 45 88 94 85 73 83 ]
[ 49 86 75 10 87 26 68 40 19 92 ]
[ 71 17 54 23 50 8 68 9 60 75 ]
[ 77 27 96 13 47 41 53 41 78 27 ]
[ 77 79 13 52 89 0 78 10 41 49 ]

Running insertion sort algorithm: 
Timer (sort): 96656ms real	96660ms user	0ms sys
The output is sorted!
[ 0 6 1 22 12 4 2 32 28 18 ]
[ 7 7 14 16 15 21 19 16 16 1 ]
[ 12 18 3 9 3 5 39 5 39 7 ]
[ 5 26 5 5 8 8 43 5 4 37 ]
[ 0 1 13 10 0 9 39 10 61 13 ]
[ 3 18 9 72 9 8 14 9 12 3 ]
[ 0 33 20 19 18 2 21 25 15 6 ]
[ 13 14 8 37 10 6 9 11 16 38 ]
[ 5 31 18 0 4 4 41 9 47 4 ]
[ 2 14 64 20 11 15 18 4 16 0 ]
[ 12 18 3 15 14 20 10 24 38 15 ]
[ 21 5 2 3 44 5 29 10 28 27 ]
[ 16 31 25 15 7 41 2 3 9 27 ]
[ 2 18 48 22 9 0 31 15 11 22 ]
[ 6 20 57 1 16 26 19 12 4 17 ]
[ 3 12 26 15 32 29 2 37 13 11 ]
[ 25 12 6 45 19 5 4 0 11 53 ]
[ 51 0 8 3 4 28 4 50 4 31 ]
[ 5 58 4 16 0 18 62 2 2 17 ]
[ 19 33 14 2 17 8 2 21 22 46 ]

Timer (generate): 18ms real	10ms user	0ms sys
[ 16 10 99 3 56 78 77 3 31 16 ]
[ 33 30 31 25 25 57 20 41 47 90 ]
[ 73 99 24 5 19 89 39 0 80 72 ]
[ 63 96 83 62 51 91 93 80 46 76 ]
[ 48 31 6 80 57 31 37 77 25 36 ]
[ 19 98 35 96 55 6 85 95 59 65 ]
[ 19 22 14 2 37 65 45 30 98 92 ]
[ 6 46 23 13 78 32 96 15 61 21 ]
[ 3 33 71 38 29 27 97 14 22 56 ]
[ 80 41 78 94 96 15 11 93 97 9 ]
[ 85 4 8 61 69 86 45 65 54 7 ]
[ 87 57 40 10 48 69 37 45 35 11 ]
[ 1 67 5 31 61 53 99 25 46 96 ]
[ 86 84 52 94 97 21 33 42 39 87 ]
[ 1 78 96 93 88 44 14 78 41 50 ]
[ 89 94 17 46 78 31 99 77 8 98 ]
[ 25 94 82 30 41 79 3 74 73 42 ]
[ 13 75 20 61 68 61 58 83 39 99 ]
[ 85 80 94 2 27 24 85 78 1 93 ]
[ 28 78 88 10 60 81 41 64 7 15 ]

Running insertion sort algorithm: 
Timer (sort): 103174ms real	103170ms user	0ms sys
The output is sorted!
[ 28 5 28 23 11 16 3 3 27 7 ]
[ 3 11 12 16 21 23 11 2 2 51 ]
[ 19 45 31 15 7 0 32 0 3 2 ]
[ 29 16 7 13 21 1 46 8 7 9 ]
[ 0 0 13 10 0 97 0 13 11 23 ]
[ 44 19 4 2 3 18 7 20 0 53 ]
[ 9 50 30 6 0 24 10 25 9 10 ]
[ 39 6 23 27 12 16 11 27 0 13 ]
[ 0 63 28 33 0 29 2 2 18 1 ]
[ 0 45 77 2 0 3 12 19 5 16 ]
[ 11 14 10 4 33 13 9 12 34 40 ]
[ 5 9 23 36 39 8 8 30 10 12 ]
[ 10 10 47 1 23 23 12 54 0 1 ]
[ 48 7 23 1 12 0 15 46 15 15 ]
[ 19 7 12 30 21 0 21 35 29 9 ]
[ 20 19 17 6 7 8 7 71 21 7 ]
[ 22 38 2 62 7 4 26 8 6 9 ]
[ 0 36 55 6 27 5 1 12 18 25 ]
[ 11 6 17 23 44 44 1 2 31 7 ]
[ 47 14 54 12 14 0 26 4 9 8 ]

Timer (generate): 17ms real	10ms user	0ms sys
[ 52 69 34 99 68 9 64 23 0 78 ]
[ 4 62 18 30 55 87 63 70 34 14 ]
[ 65 6 63 24 85 44 79 32 74 33 ]
[ 38 26 2 72 78 22 34 42 98 86 ]
[ 72 54 48 90 84 56 29 0 26 63 ]
[ 14 44 22 29 20 7 74 99 39 48 ]
[ 33 29 26 87 54 4 62 40 98 60 ]
[ 26 70 66 26 12 50 34 41 2 13 ]
[ 57 68 57 79 98 77 38 72 77 29 ]
[ 72 62 58 50 49 64 7 11 4 5 ]
[ 23 82 28 89 9 40 92 43 34 94 ]
[ 56 43 63 65 22 61 43 12 85 72 ]
[ 41 9 86 51 59 35 16 66 99 20 ]
[ 24 74 55 52 16 64 44 60 59 78 ]
[ 6 68 73 69 33 47 82 28 59 19 ]
[ 52 0 28 38 4 40 26 20 6 77 ]
[ 92 82 51 47 34 19 63 31 79 23 ]
[ 61 86 43 35 7 76 82 42 57 42 ]
[ 13 9 94 42 48 98 34 26 70 92 ]
[ 3 15 75 54 14 61 74 78 92 5 ]

Running insertion sort algorithm: 
Timer (sort): 90161ms real	90160ms user	0ms sys
The output is sorted!
[ 0 1 5 73 10 14 9 6 11 2 ]
[ 4 23 36 4 1 8 0 6 8 54 ]
[ 13 11 2 17 3 31 0 47 22 2 ]
[ 1 12 29 16 3 21 5 47 20 7 ]
[ 58 17 26 4 11 21 9 16 2 6 ]
[ 9 13 26 10 11 23 32 33 3 10 ]
[ 6 12 13 14 15 6 41 6 12 51 ]
[ 1 24 14 0 13 7 52 9 41 16 ]
[ 1 23 9 0 22 72 8 38 3 4 ]
[ 5 30 27 13 8 7 29 47 5 10 ]
[ 7 5 1 7 7 10 32 7 32 76 ]
[ 9 18 16 15 28 16 13 32 20 17 ]
[ 17 21 15 9 9 0 2 30 81 2 ]
[ 11 23 2 11 4 40 12 49 11 24 ]
[ 19 17 2 44 33 3 32 2 21 15 ]
[ 51 32 27 6 12 20 18 2 4 16 ]
[ 5 74 13 11 28 13 6 4 33 1 ]
[ 4 12 16 42 19 41 18 0 23 13 ]
[ 5 49 15 61 2 5 11 32 1 8 ]
[ 13 9 69 29 22 1 7 19 8 12 ]

Timer (generate): 20ms real	20ms user	0ms sys
[ 32 56 39 11 66 71 60 25 19 82 ]
[ 38 96 34 42 11 32 35 81 84 72 ]
[ 38 11 64 52 65 22 84 72 67 91 ]
[ 25 0 99 64 63 65 36 75 91 7 ]
[ 57 81 3 91 23 14 24 10 95 60 ]
[ 34 34 71 99 38 88 73 75 12 40 ]
[ 66 38 92 18 2 8 83 90 83 26 ]
[ 97 41 8 0 84 83 15 8 94 62 ]
[ 68 28 96 91 79 35 31 4 10 44 ]
[ 97 28 34 89 46 36 49 82 79 33 ]
[ 8 76 26 68 77 10 4 44 71 50 ]
[ 6 91 30 55 83 62 90 14 66 52 ]
[ 10 15 80 44 57 79 33 6 61 12 ]
[ 91 21 40 17 42 69 80 98 13 51 ]
[ 48 72 94 30 27 77 92 69 44 11 ]
[ 21 6 26 53 3 83 32 88 42 45 ]
[ 52 33 67 92 51 9 62 83 7 27 ]
[ 34 7 51 28 89 30 58 34 99 54 ]
[ 45 72 12 23 26 15 59 10 3 1 ]
[ 56 7 34 23 0 37 84 14 20 43 ]

Running insertion sort algorithm: 
Timer (sort): 79805ms real	79800ms user	0ms sys
The output is sorted!
[ 10 4 22 27 12 5 6 35 5 10 ]
[ 2 7 0 45 30 9 0 19 12 20 ]
[ 20 87 0 3 3 3 6 17 3 3 ]
[ 42 5 19 31 1 7 1 12 32 5 ]
[ 22 8 4 27 18 8 17 0 2 51 ]
[ 28 18 6 13 8 50 7 16 6 6 ]
[ 17 12 31 5 2 15 1 2 34 40 ]
[ 3 50 2 16 26 2 30 31 5 2 ]
[ 40 0 10 15 15 17 17 29 7 19 ]
[ 35 24 1 15 11 9 42 8 5 22 ]
[ 6 7 38 18 7 6 5 26 60 1 ]
[ 6 43 2 16 13 22 38 16 21 1 ]
[ 10 3 11 3 2 35 52 53 8 4 ]
[ 19 17 22 7 12 94 7 4 1 0 ]
[ 4 44 37 5 7 2 11 8 14 52 ]
[ 30 21 66 17 18 1 12 5 3 13 ]
[ 42 42 28 4 6 42 14 5 0 5 ]
[ 79 9 30 3 2 1 29 19 15 1 ]
[ 25 5 17 25 43 0 39 9 20 6 ]
[ 9 1 55 0 27 15 32 12 1 38 ]

Timer (generate): 16ms real	10ms user	0ms sys
[ 64 71 91 7 64 8 35 87 90 53 ]
[ 93 52 26 5 35 9 83 64 94 37 ]
[ 73 9 99 59 47 28 13 25 69 31 ]
[ 82 33 54 25 40 18 33 28 5 75 ]
[ 81 98 28 59 4 63 69 39 27 63 ]
[ 28 0 24 79 12 72 7 25 49 29 ]
[ 8 83 62 62 8 3 80 93 83 85 ]
[ 69 64 36 97 76 92 60 45 31 40 ]
[ 60 12 92 85 91 4 9 51 81 58 ]
[ 80 89 41 42 3 1 97 35 94 80 ]
[ 21 63 97 9 12 25 1 25 70 84 ]
[ 65 82 96 9 67 88 66 28 91 47 ]
[ 86 71 89 79 13 44 80 63 80 27 ]
[ 95 53 90 92 62 55 69 15 80 39 ]
[ 99 97 22 48 6 41 88 72 70 79 ]
[ 72 8 2 61 88 15 57 20 30 37 ]
[ 47 26 90 90 70 52 45 40 67 25 ]
[ 79 19 22 53 19 80 95 59 53 17 ]
[ 90 77 25 92 90 13 7 47 86 90 ]
[ 85 33 16 75 23 86 28 20 78 47 ]

Running insertion sort algorithm: 
Timer (sort): 79432ms real	79440ms user	0ms sys
The output is sorted!
[ 11 3 2 6 44 2 17 19 21 8 ]
[ 27 23 0 15 29 10 2 11 6 11 ]
[ 29 2 22 3 1 1 15 48 11 6 ]
[ 9 6 2 20 7 45 13 0 14 22 ]
[ 18 5 7 8 23 9 22 19 20 20 ]
[ 9 22 5 20 5 11 7 68 3 2 ]
[ 21 19 27 8 15 8 14 12 21 8 ]
[ 3 17 11 6 2 16 63 22 20 0 ]
[ 8 27 16 20 8 36 22 25 1 1 ]
[ 52 12 12 40 2 5 2 21 5 14 ]
[ 3 2 38 4 5 12 81 19 0 8 ]
[ 33 23 14 32 12 2 22 31 1 6 ]
[ 6 17 3 25 21 14 47 14 10 20 ]
[ 28 36 16 11 4 6 11 11 34 23 ]
[ 5 11 5 39 21 50 38 0 13 0 ]
[ 12 10 5 16 1 29 7 18 40 44 ]
[ 4 30 29 7 8 14 20 23 2 46 ]
[ 39 33 46 26 2 0 2 0 13 22 ]
[ 37 3 23 35 15 7 42 1 1 20 ]
[ 3 12 5 0 12 91 3 14 19 26 ]

Timer (generate): 19ms real	10ms user	0ms sys
[ 89 56 33 40 12 6 60 56 73 90 ]
[ 82 6 19 30 59 25 87 77 60 98 ]
[ 17 7 40 43 89 55 35 17 54 30 ]
[ 53 43 86 87 35 99 45 96 7 19 ]
[ 86 89 77 57 71 36 83 59 65 95 ]
[ 9 82 2 49 78 43 4 13 60 58 ]
[ 44 66 53 30 5 88 81 50 36 89 ]
[ 69 74 30 46 84 2 35 67 61 0 ]
[ 62 22 35 16 71 13 59 27 26 71 ]
[ 85 22 37 90 5 94 30 86 45 67 ]
[ 27 66 93 58 65 77 60 0 44 73 ]
[ 52 58 47 39 26 18 4 37 97 31 ]
[ 9 34 5 98 24 10 93 54 49 90 ]
[ 73 76 56 67 34 21 44 46 73 41 ]
[ 71 26 51 18 17 78 88 22 15 85 ]
[ 5 76 19 10 27 95 73 72 50 22 ]
[ 62 23 98 70 42 33 92 87 31 17 ]
[ 80 55 43 31 25 13 9 14 35 77 ]
[ 51 40 5 23 2 32 70 75 56 20 ]
[ 97 18 96 96 41 90 81 33 77 64 ]

Running insertion sort algorithm: 
Timer (sort): 87910ms real	87910ms user	0ms sys
The output is sorted!
[ 5 10 1 15 9 17 1 5 15 23 ]
[ 8 20 14 18 15 20 16 1 2 23 ]
[ 19 1 4 12 31 1 40 3 6 36 ]
[ 15 7 40 25 0 9 13 21 5 23 ]
[ 7 0 11 29 10 36 32 21 4 16 ]
[ 7 59 11 0 5 33 17 3 30 2 ]
[ 15 21 18 8 19 38 4 6 34 9 ]
[ 13 34 1 15 34 24 4 6 43 6 ]
[ 22 21 3 14 8 14 45 37 1 16 ]
[ 4 27 25 6 14 23 9 7 11 56 ]
[ 25 21 0 30 2 49 36 17 4 1 ]
[ 3 24 21 12 2 15 20 1 55 33 ]
[ 5 42 4 5 6 29 59 35 1 1 ]
[ 19 5 5 71 6 29 8 4 9 31 ]
[ 16 1 11 0 0 14 50 78 15 3 ]
[ 1 8 22 18 12 12 3 42 59 11 ]
[ 13 22 7 20 53 0 51 9 8 6 ]
[ 7 28 40 3 3 23 17 43 3 22 ]
[ 22 17 13 17 37 10 8 5 38 24 ]
[ 1 6 8 29 3 5 2 51 33 53 ]

Timer (generate): 19ms real	10ms user	0ms sys
[ 66 60 62 16 21 87 73 93 71 15 ]
[ 23 82 1 83 7 28 83 62 41 82 ]
[ 78 37 26 30 6 51 68 31 86 33 ]
[ 29 5 94 43 73 67 30 46 12 1 ]
[ 13 87 84 14 71 43 95 54 57 88 ]
[ 88 35 25 14 18 31 17 86 15 56 ]
[ 19 96 61 65 39 34 84 69 32 96 ]
[ 70 98 84 6 64 55 2 59 9 59 ]
[ 0 49 95 25 15 65 9 32 51 24 ]
[ 88 22 20 1 40 59 87 24 28 72 ]
[ 21 50 70 57 9 34 12 11 46 73 ]
[ 70 46 22 17 23 37 82 32 21 85 ]
[ 8 62 8 28 15 48 39 3 72 19 ]
[ 75 45 70 97 2 31 83 14 42 29 ]
[ 39 64 27 13 82 51 2 16 35 76 ]
[ 2 44 38 10 24 53 10 64 8 82 ]
[ 83 83 28 5 32 82 88 16 49 30 ]
[ 97 88 47 25 2 81 28 56 97 15 ]
[ 32 99 59 70 61 84 76 71 0 84 ]
[ 6 35 20 34 41 52 68 81 68 17 ]

Running insertion sort algorithm: 
Timer (sort): 78879ms real	78870ms user	0ms sys
The output is sorted!
[ 21 5 13 24 6 42 33 1 1 11 ]
[ 35 8 11 8 4 26 15 7 28 16 ]
[ 48 16 24 3 6 16 9 20 1 19 ]
[ 10 54 10 3 5 17 7 12 28 24 ]
[ 17 20 13 20 48 29 7 2 13 6 ]
[ 4 11 10 13 46 4 37 34 7 11 ]
[ 4 52 13 16 23 3 2 6 40 18 ]
[ 3 40 6 40 26 13 8 23 10 8 ]
[ 15 23 6 14 28 27 7 16 3 41 ]
[ 32 1 12 39 1 12 19 1 2 61 ]
[ 14 23 46 21 8 26 8 27 4 5 ]
[ 35 10 18 3 63 17 9 4 17 8 ]
[ 89 4 0 4 15 18 29 0 25 0 ]
[ 4 19 14 24 4 3 39 62 0 17 ]
[ 23 3 5 6 9 4 6 84 11 36 ]
[ 16 42 11 8 9 8 7 44 39 3 ]
[ 3 21 32 2 57 13 0 8 31 21 ]
[ 32 32 12 3 4 8 7 50 20 23 ]
[ 10 13 84 0 15 6 10 2 22 29 ]
[ 4 24 16 3 30 10 23 21 41 20 ]

Timer (generate): 16ms real	10ms user	0ms sys
[ 30 41 59 19 38 75 12 6 83 66 ]
[ 57 8 4 96 47 66 1 62 47 38 ]
[ 5 29 72 53 73 4 87 64 78 27 ]
[ 49 60 69 61 79 59 36 44 65 71 ]
[ 10 74 31 15 70 78 81 71 93 80 ]
[ 61 98 61 86 4 87 90 91 51 20 ]
[ 19 52 80 40 13 12 51 1 56 69 ]
[ 72 66 43 4 81 14 34 15 37 27 ]
[ 47 51 78 9 37 82 48 27 25 99 ]
[ 0 96 51 80 88 17 92 40 18 0 ]
[ 9 91 67 52 95 0 18 81 67 56 ]
[ 61 15 7 39 24 44 73 72 23 98 ]
[ 23 23 95 26 56 83 43 0 75 62 ]
[ 1 84 53 20 89 0 20 7 33 88 ]
[ 15 94 55 74 33 79 70 6 3 94 ]
[ 57 78 69 4 4 77 39 48 78 15 ]
[ 62 31 51 15 51 92 67 23 0 0 ]
[ 63 67 95 18 42 80 49 12 39 4 ]
[ 58 48 82 28 52 39 5 91 87 35 ]
[ 58 49 66 10 16 17 2 35 93 54 ]

Running insertion sort algorithm: 
Timer (sort): 80313ms real	80320ms user	0ms sys
The output is sorted!
[ 3 10 0 18 18 41 14 2 0 23 ]
[ 9 26 1 5 31 25 6 14 18 13 ]
[ 21 23 12 38 0 6 27 11 5 11 ]
[ 13 9 12 17 19 10 32 11 24 8 ]
[ 9 27 26 10 9 7 12 2 55 1 ]
[ 22 12 20 2 15 3 25 6 8 46 ]
[ 3 45 32 36 9 3 6 5 14 10 ]
[ 4 20 4 40 6 1 53 28 7 4 ]
[ 58 37 12 10 6 18 2 3 5 20 ]
[ 3 23 19 48 16 5 15 9 32 1 ]
[ 4 22 26 4 40 1 18 30 22 5 ]
[ 30 8 9 11 51 34 0 4 5 22 ]
[ 11 12 1 13 20 38 18 57 7 0 ]
[ 3 24 13 43 7 2 2 59 4 23 ]
[ 23 0 47 5 27 12 20 7 25 15 ]
[ 0 14 10 23 12 19 5 5 18 76 ]
[ 24 15 9 11 1 23 53 0 0 47 ]
[ 50 13 5 9 0 55 11 13 18 10 ]
[ 22 16 0 66 39 17 7 6 0 11 ]
[ 34 5 25 25 12 21 29 5 18 11 ]

Timer (generate): 16ms real	10ms user	0ms sys
[ 45 15 89 37 59 21 63 0 34 8 ]
[ 41 34 39 97 90 60 22 68 48 72 ]
[ 62 41 54 16 3 44 46 15 74 56 ]
[ 24 19 71 13 56 82 87 19 82 21 ]
[ 80 24 8 19 73 50 80 95 18 80 ]
[ 19 32 73 74 0 77 70 98 44 44 ]
[ 54 68 63 78 34 71 12 21 90 47 ]
[ 94 22 23 54 42 96 4 74 44 74 ]
[ 54 63 6 28 89 6 57 11 56 1 ]
[ 55 11 70 70 41 4 41 53 77 84 ]
[ 52 71 6 75 26 0 24 30 74 68 ]
[ 5 81 83 63 9 25 22 18 36 78 ]
[ 19 44 41 41 66 82 45 8 88 22 ]
[ 44 40 46 2 68 72 3 92 54 29 ]
[ 12 11 10 47 27 71 72 49 89 61 ]
[ 79 9 5 21 50 23 3 48 31 43 ]
[ 22 27 36 20 82 56 44 37 0 99 ]
[ 66 12 62 29 11 41 0 84 90 90 ]
[ 97 70 51 54 43 53 77 98 53 61 ]
[ 42 76 40 78 96 22 34 93 59 86 ]

Running insertion sort algorithm: 
Timer (sort): 87767ms real	87770ms user	0ms sys
The output is sorted!
[ 1 29 52 29 2 6 5 2 10 3 ]
[ 12 2 37 24 5 11 4 6 36 18 ]
[ 16 14 2 62 9 2 29 29 0 2 ]
[ 1 1 51 2 18 6 7 17 50 16 ]
[ 5 44 25 11 16 8 25 1 27 8 ]
[ 47 15 1 36 8 15 3 4 35 6 ]
[ 2 12 9 16 22 56 8 28 5 14 ]
[ 3 25 19 12 11 10 17 0 33 43 ]
[ 5 2 66 2 9 1 13 28 39 10 ]
[ 8 11 6 14 48 1 3 12 64 13 ]
[ 16 24 13 38 48 5 19 0 12 7 ]
[ 35 9 1 22 11 26 22 42 9 7 ]
[ 13 37 0 37 3 10 4 38 7 35 ]
[ 8 55 33 24 19 6 14 14 6 6 ]
[ 5 6 29 44 43 17 8 3 22 8 ]
[ 5 28 26 16 38 4 50 11 9 0 ]
[ 12 13 83 18 4 12 4 23 19 0 ]
[ 25 61 6 21 9 4 7 2 46 9 ]
[ 32 11 2 6 6 24 30 10 0 69 ]
[ 33 21 33 7 5 4 6 30 18 34 ]

Timer (generate): 20ms real	20ms user	0ms sys
[ 22 78 47 2 43 67 69 8 91 77 ]
[ 18 86 26 13 46 4 18 48 13 26 ]
[ 28 48 95 91 12 45 20 46 85 98 ]
[ 26 7 76 26 9 71 93 31 31 36 ]
[ 60 49 23 86 15 21 42 85 69 7 ]
[ 11 97 8 6 40 20 4 60 18 41 ]
[ 58 44 48 86 70 9 57 15 40 41 ]
[ 4 0 42 79 39 57 0 33 43 69 ]
[ 93 54 18 53 13 58 73 17 71 91 ]
[ 58 81 87 58 68 10 19 77 77 60 ]
[ 18 33 12 61 12 3 70 12 89 13 ]
[ 33 82 20 3 35 33 62 60 2 33 ]
[ 3 12 14 90 70 34 52 89 64 30 ]
[ 1 34 63 66 95 28 69 66 40 58 ]
[ 31 26 92 51 29 79 36 43 39 38 ]
[ 76 94 50 43 85 72 29 89 62 93 ]
[ 19 15 28 35 81 75 63 51 93 55 ]
[ 61 25 81 6 28 63 85 17 6 25 ]
[ 55 35 71 58 78 56 30 59 98 44 ]
[ 53 17 60 33 4 41 8 67 44 2 ]

Running insertion sort algorithm: 
Timer (sort): 82432ms real	82430ms user	0ms sys
The output is sorted!
[ 3 29 51 25 7 20 1 5 4 2 ]
[ 22 5 4 20 9 12 6 47 23 1 ]
[ 11 3 2 37 2 38 24 2 8 27 ]
[ 3 27 5 38 21 0 2 18 29 20 ]
[ 17 12 10 18 17 20 41 10 18 6 ]
[ 2 21 8 5 4 31 61 37 5 0 ]
[ 5 7 10 9 35 2 12 85 5 4 ]
[ 19 6 8 9 14 30 0 71 11 6 ]
[ 16 17 27 13 0 0 8 70 0 28 ]
[ 4 15 10 24 37 24 5 1 43 19 ]
[ 22 28 3 17 0 57 5 21 15 14 ]
[ 14 22 33 20 7 7 8 8 8 55 ]
[ 5 1 20 12 49 7 16 26 40 8 ]
[ 13 0 29 27 4 0 6 74 29 2 ]
[ 31 1 52 0 2 3 22 45 7 22 ]
[ 16 19 45 16 5 22 14 2 28 18 ]
[ 6 2 3 52 14 13 5 28 45 18 ]
[ 23 32 3 10 45 26 3 17 22 5 ]
[ 27 43 27 35 12 1 17 3 6 15 ]
[ 23 26 25 26 16 14 8 0 2 47 ]

Timer (generate): 17ms real	0ms user	0ms sys
[ 79 77 64 2 22 75 73 39 58 1 ]
[ 43 94 76 96 52 57 71 59 24 69 ]
[ 48 70 21 55 51 19 11 45 87 44 ]
[ 85 18 73 1 20 95 76 46 34 34 ]
[ 99 29 29 75 78 33 84 49 92 8 ]
[ 18 93 31 92 48 34 11 12 79 50 ]
[ 56 16 69 29 17 89 24 94 87 10 ]
[ 80 87 39 61 14 69 95 99 19 39 ]
[ 59 89 32 90 81 33 25 44 45 56 ]
[ 95 53 73 16 34 90 57 58 36 45 ]
[ 20 17 32 11 30 46 81 25 97 0 ]
[ 65 57 89 49 47 23 82 24 67 27 ]
[ 81 14 80 6 30 66 96 40 24 33 ]
[ 85 96 2 69 8 32 15 89 10 65 ]
[ 41 27 22 30 76 21 5 59 98 25 ]
[ 38 31 39 71 37 22 37 33 62 14 ]
[ 18 99 10 20 68 70 5 35 59 15 ]
[ 0 52 42 22 83 70 44 88 29 42 ]
[ 65 20 25 5 91 62 79 80 47 93 ]
[ 94 66 92 57 38 60 27 43 95 39 ]

Running insertion sort algorithm: 
Timer (sort): 89239ms real	89240ms user	0ms sys
The output is sorted!
[ 25 3 5 13 6 11 6 29 15 13 ]
[ 1 9 5 3 4 16 17 31 19 27 ]
[ 11 46 5 5 14 25 9 1 0 27 ]
[ 29 12 18 27 6 8 3 5 23 12 ]
[ 11 32 5 13 9 35 2 42 5 3 ]
[ 9 13 9 22 46 23 12 9 3 12 ]
[ 6 8 4 32 5 22 54 2 17 13 ]
[ 12 33 3 34 30 17 16 5 7 6 ]
[ 11 22 17 22 7 6 35 5 37 3 ]
[ 27 11 14 3 45 39 10 4 15 11 ]
[ 24 22 30 1 0 31 41 2 11 19 ]
[ 23 5 25 4 19 12 3 6 4 81 ]
[ 25 0 31 12 8 5 2 29 64 8 ]
[ 14 14 20 4 2 13 22 17 69 11 ]
[ 0 2 34 31 7 20 13 30 12 37 ]
[ 10 4 30 44 1 22 17 15 9 34 ]
[ 6 6 22 21 66 20 15 19 7 6 ]
[ 1 10 4 78 20 11 16 28 12 8 ]
[ 14 37 5 18 6 8 69 30 0 4 ]
[ 9 13 34 14 2 37 33 33 13 4 ]

Timer (generate): 18ms real	10ms user	0ms sys
[ 19 57 26 91 23 1 11 90 72 38 ]
[ 40 21 25 93 65 40 37 81 45 9 ]
[ 2 27 19 24 29 14 54 75 44 87 ]
[ 38 64 97 64 7 72 18 19 62 90 ]
[ 57 2 64 34 96 29 74 85 10 20 ]
[ 94 65 99 65 41 28 32 95 55 76 ]
[ 83 93 92 80 10 52 4 28 71 67 ]
[ 70 80 69 34 15 17 16 41 55 78 ]
[ 13 1 43 12 67 85 93 51 80 48 ]
[ 27 15 94 72 47 56 24 52 36 47 ]
[ 19 58 27 40 93 94 58 61 36 65 ]
[ 39 49 66 83 14 85 20 7 36 0 ]
[ 7 16 68 1 40 15 9 64 67 45 ]
[ 11 38 4 90 79 49 85 89 10 21 ]
[ 54 1 22 20 36 36 58 56 43 46 ]
[ 9 51 62 77 4 2 44 14 18 12 ]
[ 11 29 2 15 20 81 16 57 22 78 ]
[ 78 76 80 52 49 68 89 7 25 84 ]
[ 5 34 87 68 63 44 22 7 58 41 ]
[ 71 21 22 74 89 94 7 5 51 30 ]

Running insertion sort algorithm: 
Timer (sort): 86986ms real	86980ms user	0ms sys
The output is sorted!
[ 6 1 28 9 6 19 0 22 4 32 ]
[ 4 2 18 31 36 13 27 3 2 7 ]
[ 12 12 1 10 20 4 48 4 35 3 ]
[ 4 65 3 11 16 2 18 12 9 9 ]
[ 1 50 26 2 4 2 1 10 42 12 ]
[ 46 11 5 0 25 25 5 10 10 16 ]
[ 39 33 8 17 3 0 6 31 15 1 ]
[ 16 5 0 25 23 7 10 36 21 15 ]
[ 2 12 37 0 27 6 21 15 15 23 ]
[ 6 36 7 10 0 9 14 38 22 18 ]
[ 0 1 11 12 4 9 5 27 88 8 ]
[ 1 76 17 26 2 2 8 19 8 6 ]
[ 5 3 5 5 4 3 24 76 5 36 ]
[ 26 40 35 38 7 8 2 0 7 4 ]
[ 9 1 51 34 10 10 4 15 35 3 ]
[ 26 2 3 0 13 12 10 62 41 4 ]
[ 18 43 3 8 3 7 8 49 10 24 ]
[ 1 10 2 5 19 6 51 40 0 46 ]
[ 42 43 13 11 5 1 12 2 25 26 ]
[ 56 13 4 2 10 6 7 20 56 7 ]

