Timer (generate): 42ms real	30ms user	0ms sys
[ 39 24 79 9 82 78 27 36 80 92 21 60 51 92 60 80 5 86 96 92 76 19 40 13 47 40 71 14 65 97 95 4 21 27 66 3 5 45 40 37 37 13 97 88 57 9 20 62 95 16 ]
[ 6 23 88 99 88 35 39 12 1 4 9 48 61 82 75 27 86 32 72 78 69 61 43 66 1 52 75 22 67 22 90 73 98 78 72 38 65 63 50 66 20 11 67 81 94 42 60 32 27 84 ]
[ 62 96 45 5 15 46 9 42 20 76 65 11 2 15 89 74 53 7 90 56 25 10 67 92 91 61 87 51 45 14 35 7 62 32 64 77 78 74 20 51 50 37 62 52 52 3 79 57 10 21 ]
[ 13 36 31 81 80 74 94 67 77 40 33 12 47 96 96 12 25 26 38 97 77 40 34 39 45 38 43 24 96 5 97 61 41 28 94 22 54 89 41 31 29 75 95 28 23 91 92 48 17 30 ]
[ 46 95 23 80 86 68 71 81 44 19 87 41 80 28 21 75 2 75 16 44 6 97 19 1 25 42 44 70 90 61 52 88 8 75 21 95 43 92 76 87 11 63 80 43 44 1 18 46 28 34 ]
[ 90 34 83 61 87 9 55 31 31 98 45 83 86 5 59 7 52 54 99 29 94 62 44 74 6 40 28 76 39 56 63 81 91 46 43 30 7 50 14 38 48 59 22 35 16 33 42 69 87 94 ]
[ 50 33 56 46 8 62 87 36 91 78 44 54 59 87 0 54 18 8 5 32 46 53 43 20 88 11 53 31 80 93 25 30 26 33 77 86 48 16 74 39 94 19 93 5 6 45 60 76 53 65 ]
[ 8 52 18 3 24 59 15 78 42 47 23 19 78 1 52 7 88 0 75 14 39 21 33 32 26 92 78 86 68 83 51 29 87 22 84 12 81 51 42 75 99 65 94 77 66 46 36 6 47 11 ]
[ 21 38 32 6 23 10 50 53 97 19 88 0 0 76 74 84 88 7 36 82 82 35 47 76 64 65 23 52 24 22 15 97 12 99 3 35 9 6 88 58 25 77 59 25 5 33 61 45 41 97 ]
[ 27 75 84 74 52 0 91 27 52 15 1 67 12 13 66 68 49 28 26 89 86 51 18 45 28 23 31 89 68 24 39 95 99 75 21 3 76 13 30 28 80 31 48 45 45 66 65 46 46 91 ]
[ 87 33 94 6 30 74 29 13 63 50 37 54 97 89 30 19 92 58 84 75 38 16 58 38 61 3 5 78 1 51 69 89 36 15 95 67 89 76 80 5 78 70 59 76 11 41 47 55 99 31 ]
[ 30 90 47 89 28 61 44 85 39 98 89 61 87 25 76 34 44 66 62 77 71 41 47 82 69 58 24 16 65 75 99 48 17 46 37 46 59 33 31 51 31 20 12 70 98 88 56 42 6 19 ]
[ 19 77 12 18 60 81 28 36 49 94 63 48 42 81 46 31 27 58 16 10 9 0 83 21 22 81 61 79 75 68 50 47 45 62 65 57 95 94 93 96 40 9 44 34 90 42 65 17 0 33 ]
[ 79 9 33 62 82 56 95 44 35 71 12 37 18 9 51 35 67 46 81 12 94 73 21 90 7 11 32 24 80 85 58 60 94 91 74 77 99 70 73 34 93 85 23 63 94 74 50 61 72 32 ]
[ 26 66 5 47 56 65 11 89 89 91 26 47 3 72 91 30 1 90 52 74 77 45 59 0 60 54 75 10 67 47 94 93 14 52 93 70 17 4 11 6 47 89 6 3 62 97 85 63 87 37 ]
[ 38 64 34 97 65 94 3 40 56 23 39 51 68 53 3 13 76 20 69 39 78 17 29 84 72 43 81 57 6 21 46 44 85 80 94 2 26 49 94 82 24 34 85 93 39 88 6 67 60 76 ]
[ 59 91 45 40 75 69 83 9 78 89 82 24 86 67 56 32 22 82 81 16 16 6 50 2 51 42 42 9 9 55 85 68 46 82 8 73 51 91 34 29 33 16 5 19 36 61 3 58 95 84 ]
[ 74 12 42 77 66 93 19 8 3 80 63 40 1 61 23 9 35 26 53 21 8 38 38 13 9 74 27 12 32 22 48 58 86 91 35 52 36 6 61 91 87 76 84 88 38 59 49 25 85 54 ]
[ 46 45 92 36 59 1 62 38 13 46 60 14 5 47 5 92 99 93 99 12 37 86 89 21 26 79 32 75 4 17 30 2 15 74 91 74 76 53 12 41 0 24 55 57 23 12 49 23 58 0 ]
[ 35 95 38 76 68 64 55 0 92 11 17 74 14 84 48 5 58 76 10 22 18 10 99 25 19 22 38 69 45 48 21 33 43 60 61 11 24 17 11 68 80 80 42 94 65 43 51 75 19 62 ]

Running insertion sort algorithm: 
Timer (sort): 133120ms real	133120ms user	0ms sys
The output is sorted!
[ 72 37 61 21 3 21 20 53 47 3 39 6 11 37 12 16 66 9 92 8 8 4 2 8 37 54 48 72 16 18 0 40 55 14 13 10 35 33 16 35 37 55 41 0 44 5 68 10 67 13 ]
[ 16 19 23 6 26 52 5 1 5 61 8 11 51 10 75 17 22 0 42 10 28 18 37 18 35 57 24 91 72 20 76 40 40 99 47 18 4 4 71 9 65 31 20 16 42 47 33 64 47 27 ]
[ 27 4 7 78 77 47 96 38 55 17 16 49 34 27 8 28 2 25 30 27 23 16 0 65 22 28 12 45 4 70 9 84 27 16 62 4 15 11 42 23 28 58 72 14 38 33 42 40 58 24 ]
[ 1 0 27 28 46 12 36 15 12 26 30 17 4 49 37 35 86 18 68 33 5 49 68 39 16 62 18 9 16 95 31 17 47 10 45 45 22 34 60 86 60 43 4 16 44 41 3 30 60 24 ]
[ 91 48 30 26 13 11 58 89 62 7 36 0 27 10 21 32 3 48 64 17 98 47 5 19 27 11 31 30 9 7 72 0 7 2 26 73 14 36 62 28 44 98 28 71 61 1 55 16 2 19 ]
[ 51 48 38 2 4 59 48 35 7 63 9 7 8 14 30 24 92 81 23 8 35 3 6 3 26 74 24 27 42 93 3 45 42 41 48 98 52 48 85 11 11 46 18 19 12 48 43 4 29 18 ]
[ 61 3 18 29 16 67 19 22 45 39 3 75 6 7 77 11 78 41 0 8 1 40 99 38 6 79 25 41 6 11 25 19 66 95 48 34 62 67 8 59 59 11 35 17 70 12 28 1 5 28 ]
[ 8 30 74 5 5 54 23 14 53 54 23 98 17 41 41 27 88 4 75 16 60 88 18 8 82 33 11 29 41 21 26 1 51 0 6 9 6 29 23 59 36 99 9 5 40 51 85 28 7 12 ]
[ 35 80 24 42 33 19 5 11 40 47 90 47 1 3 76 32 38 11 7 37 95 44 61 22 32 20 5 20 24 15 32 11 47 8 54 80 28 11 91 20 58 33 67 12 36 43 44 26 6 3 ]
[ 47 43 8 16 6 20 16 57 30 43 41 94 81 20 49 60 75 71 9 28 39 13 16 2 14 32 68 50 83 59 0 31 2 60 47 9 33 16 18 63 11 11 57 44 31 6 5 59 30 14 ]
[ 48 65 50 50 13 79 22 43 57 35 22 14 28 11 3 0 65 74 15 10 13 88 88 50 25 2 25 44 5 7 16 5 25 18 55 90 49 78 33 7 65 7 21 45 19 24 45 36 50 12 ]
[ 86 15 3 2 29 51 10 35 15 1 99 10 18 30 31 88 6 57 89 10 24 18 46 79 5 31 12 32 0 52 14 38 20 69 40 1 72 2 36 87 3 87 49 73 17 32 14 23 89 3 ]
[ 28 13 4 29 87 8 41 55 3 12 57 66 15 37 26 26 1 55 19 12 7 42 17 90 92 36 97 34 3 0 56 83 14 60 12 53 20 5 60 23 18 69 90 33 7 68 11 8 23 30 ]
[ 19 47 73 34 97 29 18 5 17 51 38 87 18 8 40 5 6 39 45 8 62 54 14 41 47 19 7 70 18 17 37 38 64 62 24 13 44 94 70 61 46 8 0 16 16 40 21 22 31 18 ]
[ 2 0 8 9 31 40 85 58 96 3 41 27 16 6 70 37 39 1 33 36 8 15 24 64 90 10 78 7 54 68 71 8 20 31 18 3 71 3 62 20 6 3 47 74 62 69 63 1 22 49 ]
[ 6 64 47 99 42 55 4 33 98 13 23 4 86 47 2 14 54 54 36 9 14 20 8 80 31 52 78 61 44 92 1 2 9 48 1 3 3 57 36 54 70 59 10 9 58 12 23 13 18 12 ]
[ 47 15 36 25 54 41 21 94 15 6 42 75 0 31 18 26 37 5 26 10 19 89 43 16 26 0 71 49 5 50 21 4 65 9 29 19 50 50 66 65 57 8 92 9 92 10 35 29 68 13 ]
[ 12 86 34 24 51 72 75 66 31 15 5 60 26 30 59 73 92 24 23 38 52 19 30 32 43 56 45 8 43 18 20 55 5 54 32 8 26 7 27 9 74 32 69 0 14 80 25 6 4 1 ]
[ 81 70 57 8 48 94 45 16 27 76 5 9 19 13 19 38 36 33 34 36 56 35 11 20 21 46 17 18 26 57 52 59 27 61 19 28 55 65 96 34 41 2 43 13 67 15 3 3 0 38 ]
[ 90 97 29 35 29 5 14 12 21 31 33 85 97 54 30 27 38 15 22 59 13 12 6 30 75 28 36 51 30 3 80 20 0 9 8 30 14 22 42 87 5 28 72 3 34 2 82 73 18 56 ]

Timer (generate): 44ms real	40ms user	0ms sys
[ 64 7 2 42 34 88 50 66 88 23 91 57 58 65 84 63 2 96 53 4 61 4 79 91 16 12 3 21 37 35 49 1 42 3 43 29 91 46 47 79 69 90 37 80 7 73 43 62 69 48 ]
[ 66 83 5 45 74 21 9 29 94 46 64 96 48 59 99 91 40 91 89 39 22 59 29 11 91 37 85 86 99 54 35 65 37 40 62 63 13 71 44 60 18 9 56 18 20 7 61 60 50 51 ]
[ 51 73 62 80 84 53 69 69 39 68 76 26 85 65 18 99 81 32 71 25 44 41 34 52 59 6 59 20 18 62 23 69 35 85 50 71 38 71 93 30 92 69 56 77 86 75 29 67 59 0 ]
[ 93 55 93 79 7 52 86 18 24 4 80 48 74 67 85 76 39 76 47 84 6 39 5 14 69 91 41 98 59 52 50 52 7 43 31 66 47 17 85 23 74 65 71 0 85 9 76 76 85 75 ]
[ 60 43 67 65 9 88 56 51 38 67 55 88 19 63 83 3 29 82 72 66 5 46 32 29 46 69 38 74 45 75 2 5 18 21 22 27 9 30 30 99 98 86 39 69 1 22 72 30 4 45 ]
[ 49 9 43 33 38 42 2 28 68 47 3 70 52 73 43 26 53 52 56 83 51 54 21 90 24 22 64 96 5 20 93 54 82 37 87 20 31 89 1 99 88 4 22 40 78 65 66 31 70 74 ]
[ 66 73 29 88 16 53 62 32 1 67 53 47 73 35 36 60 7 67 1 8 66 89 65 40 81 43 6 99 26 28 74 92 1 55 32 69 8 95 2 61 14 55 8 88 42 44 0 49 11 2 ]
[ 10 30 43 75 70 77 70 28 76 48 56 2 92 10 57 25 79 17 72 33 79 86 88 39 26 82 84 27 84 47 81 94 29 24 21 0 1 91 80 30 39 89 32 83 99 90 8 30 59 32 ]
[ 64 38 19 4 78 45 87 14 24 71 13 5 17 43 30 38 43 83 81 75 13 72 64 98 55 63 40 16 46 99 48 10 38 19 14 68 17 53 82 41 76 95 47 93 90 29 31 85 12 64 ]
[ 61 78 36 25 76 92 41 16 8 39 15 8 49 5 28 15 73 45 21 7 86 97 55 85 91 45 66 74 31 79 39 44 9 75 69 85 19 62 53 27 1 68 36 2 74 64 70 99 61 91 ]
[ 7 99 88 14 37 31 59 3 6 42 34 45 86 43 72 8 80 92 70 33 71 24 2 7 26 28 23 96 27 36 39 86 36 80 0 73 11 12 28 17 54 63 14 93 6 39 1 39 31 23 ]
[ 72 2 47 26 62 26 54 37 74 34 74 14 72 62 94 73 35 57 37 15 27 91 78 41 36 37 32 37 76 63 61 48 18 8 75 80 86 81 69 61 67 43 27 40 5 21 13 92 78 50 ]
[ 8 57 93 38 99 82 27 31 19 3 47 80 4 17 41 31 49 79 64 18 40 32 14 67 72 19 40 85 64 71 87 24 28 32 14 79 14 42 63 86 97 62 18 1 79 11 84 28 91 49 ]
[ 46 31 81 60 51 53 32 91 90 48 14 29 24 43 13 38 74 28 80 37 66 30 99 84 31 78 96 16 58 87 17 5 70 98 17 21 3 1 65 93 49 31 22 73 26 87 64 1 15 96 ]
[ 38 33 26 90 18 58 20 14 26 79 53 95 36 23 93 5 97 96 7 14 41 8 45 15 34 72 2 98 73 70 94 63 3 21 53 21 31 26 87 9 5 40 4 93 16 49 98 65 97 5 ]
[ 79 38 14 24 53 48 96 7 98 21 77 44 85 81 65 90 54 48 68 42 9 73 34 65 66 2 14 65 67 11 22 46 49 88 23 54 88 71 62 86 45 91 31 30 24 48 72 79 49 41 ]
[ 73 58 66 59 24 85 14 38 2 81 2 24 80 3 13 3 58 1 26 72 40 71 15 71 53 40 19 78 71 20 71 96 79 37 55 55 74 69 45 76 3 47 53 83 51 66 38 61 19 16 ]
[ 85 59 88 52 30 41 92 2 71 15 22 42 11 53 32 19 8 6 40 6 35 43 53 88 78 56 54 16 69 25 85 54 85 73 7 67 66 51 21 38 19 96 32 30 49 64 1 10 23 42 ]
[ 16 58 85 21 46 64 78 52 32 47 77 17 54 14 42 13 82 61 16 3 99 35 99 83 18 1 48 19 63 23 61 79 81 99 0 79 63 30 31 47 78 60 17 84 75 59 97 9 72 13 ]
[ 12 71 49 64 7 19 17 7 38 80 30 0 11 11 99 11 90 14 94 73 13 24 33 30 8 60 42 5 69 14 70 34 38 71 50 45 90 67 52 29 99 34 81 10 45 80 73 87 46 67 ]

Running insertion sort algorithm: 
Timer (sort): 129219ms real	129220ms user	0ms sys
The output is sorted!
[ 28 17 30 64 12 11 23 17 27 37 10 21 6 42 33 14 6 99 14 44 2 18 62 32 52 40 19 39 18 3 89 46 20 72 63 33 35 86 2 14 23 12 36 29 6 21 96 12 20 62 ]
[ 91 56 28 32 5 0 68 5 16 57 55 20 53 16 23 26 8 52 46 19 12 59 42 19 35 65 61 6 19 6 11 10 63 39 94 20 91 14 26 8 23 33 80 76 49 55 3 10 8 1 ]
[ 46 3 24 46 65 36 9 3 59 25 79 42 42 31 28 29 22 59 37 6 2 85 18 2 46 15 30 12 67 57 39 13 60 15 59 25 51 21 80 10 46 12 4 40 43 84 21 17 43 10 ]
[ 5 46 5 42 18 17 7 31 25 57 8 17 51 47 6 36 68 10 77 18 86 78 10 67 81 17 33 52 1 80 49 6 26 7 0 97 24 7 28 1 16 36 70 20 35 28 56 4 39 85 ]
[ 6 32 6 80 11 6 22 42 1 17 37 5 5 10 49 79 58 27 32 21 40 11 12 14 17 78 20 44 40 53 43 98 37 49 31 49 55 53 91 8 22 81 14 79 43 15 10 1 42 42 ]
[ 37 25 30 8 28 66 39 37 9 83 24 65 10 29 48 12 18 47 19 66 11 8 0 50 52 7 47 23 28 43 56 17 20 38 26 0 4 17 89 14 0 14 31 10 95 31 75 66 79 94 ]
[ 82 37 54 34 8 9 61 54 25 2 5 6 73 24 71 16 84 2 26 4 34 28 24 43 15 9 62 21 49 8 61 31 97 15 17 5 24 30 12 1 33 17 60 58 41 31 27 77 86 53 ]
[ 0 88 1 38 78 11 77 1 15 13 37 10 27 6 36 40 27 12 36 53 13 34 97 64 44 13 13 83 10 62 27 10 2 80 0 81 44 30 34 11 43 23 73 71 29 10 63 9 22 51 ]
[ 75 12 11 70 67 21 4 1 1 92 64 48 77 42 1 71 1 2 25 33 7 20 95 10 5 28 36 0 3 30 25 30 43 88 53 10 9 57 63 62 1 27 11 79 21 64 2 74 66 27 ]
[ 6 41 38 25 9 46 2 66 80 48 8 16 3 35 74 0 75 5 83 67 16 32 36 22 25 4 8 19 20 89 11 26 30 1 51 91 47 5 57 80 6 17 48 9 53 22 9 80 79 45 ]
[ 20 24 37 3 50 93 49 21 3 39 33 45 0 15 55 76 33 85 17 52 52 89 11 44 60 38 17 73 38 25 24 58 2 13 13 4 7 62 26 62 2 59 7 2 26 14 30 60 51 47 ]
[ 80 9 48 11 27 2 80 21 66 52 6 35 19 45 4 52 80 15 4 14 29 35 32 25 48 47 28 31 24 34 90 4 43 38 16 23 41 96 44 59 0 2 46 19 0 50 23 80 66 28 ]
[ 5 82 40 26 26 34 25 1 67 18 86 52 34 19 1 32 17 80 0 23 19 27 16 52 74 7 4 20 71 68 0 28 2 41 6 28 75 31 29 94 50 67 47 36 39 0 20 56 80 20 ]
[ 66 42 0 31 61 60 2 26 8 29 57 8 40 62 44 87 7 84 11 1 34 23 3 65 23 42 64 5 83 13 83 49 7 84 32 20 44 35 47 5 16 4 13 56 18 10 95 25 46 6 ]
[ 40 45 21 35 55 31 44 41 84 26 15 1 59 4 12 47 51 39 8 54 68 68 43 6 11 30 44 30 50 16 62 91 13 35 26 68 66 22 9 50 0 77 3 11 33 16 10 36 55 19 ]
[ 35 43 25 20 1 49 16 39 24 17 60 66 8 59 46 34 40 34 5 17 85 1 0 95 16 20 0 23 69 69 31 4 12 8 24 65 58 92 56 34 9 16 0 70 75 46 4 68 32 61 ]
[ 4 45 92 24 19 25 29 62 23 37 20 85 7 31 63 9 3 2 70 25 30 31 31 45 21 38 69 18 6 9 73 11 7 17 87 26 43 68 41 66 5 61 3 13 44 67 22 47 69 44 ]
[ 36 72 67 0 11 30 84 21 22 24 8 59 32 37 17 42 5 79 75 11 4 10 27 6 42 15 70 13 15 2 34 51 74 1 4 37 32 88 10 6 64 18 17 96 55 34 91 61 13 66 ]
[ 3 7 83 73 36 77 90 24 35 77 9 6 4 28 99 52 6 35 7 0 13 59 71 77 28 22 11 2 22 11 21 77 18 4 3 54 33 93 30 21 22 40 27 26 20 78 79 26 13 38 ]
[ 3 11 6 36 20 46 19 15 39 47 41 29 32 48 24 16 13 17 19 60 32 20 25 81 90 94 95 58 46 68 13 1 31 72 89 4 18 9 19 9 56 12 90 40 12 67 8 26 36 28 ]

Timer (generate): 47ms real	40ms user	0ms sys
[ 66 81 89 28 67 65 37 3 36 68 6 99 93 81 48 37 0 1 31 14 83 46 60 12 63 79 72 27 72 27 4 90 60 93 70 79 58 60 34 46 28 41 97 74 22 97 11 22 51 94 ]
[ 88 34 40 1 98 56 80 70 35 4 49 39 46 10 32 16 89 42 28 24 40 57 17 37 83 39 87 94 13 38 40 53 72 32 54 70 88 86 92 76 42 42 15 88 52 0 57 93 42 85 ]
[ 17 35 94 34 24 77 25 11 23 90 49 63 96 21 96 2 43 36 41 36 12 83 78 80 72 30 80 29 75 74 14 93 61 61 79 86 38 57 97 62 99 99 77 47 20 25 50 16 62 43 ]
[ 52 26 26 30 58 50 12 90 79 87 17 46 32 78 7 64 16 97 73 66 59 24 65 89 72 37 14 74 53 28 17 5 7 43 87 65 94 51 8 25 91 25 23 75 55 82 91 72 80 64 ]
[ 38 91 41 55 80 13 92 95 39 46 75 56 3 82 51 91 48 97 94 56 23 85 33 98 13 88 81 4 12 13 21 2 56 62 57 89 27 2 36 66 48 11 22 51 94 73 94 94 23 89 ]
[ 2 46 26 35 96 39 75 29 96 88 94 17 42 51 79 52 40 6 54 76 24 54 39 46 57 33 71 52 27 94 93 29 92 71 16 41 63 92 70 59 32 65 76 26 68 7 78 60 65 84 ]
[ 88 89 38 27 87 96 13 58 0 40 5 93 22 49 16 90 90 79 82 13 38 66 30 14 45 98 21 23 58 86 60 46 27 98 25 14 94 38 25 46 31 30 39 53 31 8 43 74 87 78 ]
[ 87 26 96 17 92 41 67 14 17 25 52 77 23 80 27 0 46 22 39 71 68 70 1 60 75 85 68 70 59 7 0 98 33 97 15 26 90 82 92 59 59 96 88 34 28 16 34 75 90 73 ]
[ 46 58 95 0 70 70 37 90 41 96 98 93 94 83 42 61 61 33 95 5 44 6 54 33 40 82 49 74 9 39 0 8 49 95 8 72 18 45 14 11 93 64 4 39 48 47 52 61 32 47 ]
[ 67 76 53 73 61 45 55 10 71 17 1 23 25 51 71 33 75 89 30 89 0 75 54 56 66 54 3 18 15 87 17 34 64 70 7 25 67 15 88 38 32 89 62 9 92 85 42 67 74 24 ]
[ 9 26 51 63 34 17 69 38 35 36 77 52 71 41 74 30 19 93 97 59 31 81 0 45 90 93 82 84 12 56 60 21 34 11 36 69 80 5 59 67 42 36 71 65 30 45 95 1 90 45 ]
[ 60 74 26 12 71 17 5 54 1 70 62 62 91 97 25 80 18 6 85 29 73 27 17 45 44 99 42 92 52 33 37 64 7 63 77 78 32 82 32 34 4 95 48 96 44 73 28 14 79 13 ]
[ 43 5 93 12 50 37 64 92 29 16 25 66 81 84 82 58 63 14 92 47 0 97 94 48 45 38 22 73 52 53 86 47 58 31 12 8 69 76 53 50 92 30 69 73 15 51 83 30 17 76 ]
[ 77 18 73 72 66 70 62 40 43 67 94 81 66 4 65 78 65 34 6 18 36 99 0 5 24 15 8 8 97 78 36 27 96 61 99 14 31 13 55 26 80 1 59 47 5 24 77 22 10 84 ]
[ 92 47 35 93 4 11 60 65 71 58 43 7 85 39 20 36 53 3 49 60 29 82 61 89 81 19 65 58 93 76 94 86 75 81 79 31 93 39 96 64 49 91 24 86 82 44 22 88 48 24 ]
[ 48 29 58 62 70 39 33 36 49 26 64 96 12 39 77 43 70 22 35 19 87 84 10 11 23 93 7 45 33 7 21 81 37 31 95 7 70 28 95 72 7 59 20 71 50 97 15 21 20 2 ]
[ 92 59 86 54 22 61 47 29 59 80 37 80 14 26 12 9 85 34 90 81 58 97 92 78 68 43 28 83 16 0 85 8 11 24 62 33 37 62 14 96 94 51 77 60 29 41 22 15 27 12 ]
[ 96 38 9 40 16 77 83 96 13 51 48 50 59 59 26 74 92 64 88 7 60 34 10 89 47 40 82 69 7 62 81 3 0 42 43 68 71 79 65 84 30 65 87 42 25 65 68 69 81 56 ]
[ 28 94 42 39 35 89 31 18 58 38 80 91 93 32 33 88 0 5 67 17 41 98 83 80 92 8 46 60 77 79 68 6 73 10 97 9 52 80 27 10 70 59 2 63 91 35 3 91 92 71 ]
[ 9 34 21 44 14 13 52 60 73 81 40 41 87 65 3 36 74 55 16 53 18 38 64 20 1 7 7 57 99 0 28 60 86 1 4 0 14 8 13 39 89 5 32 29 70 87 65 97 43 34 ]

Running insertion sort algorithm: 
Timer (sort): 127978ms real	127980ms user	0ms sys
The output is sorted!
[ 8 0 48 72 13 30 16 49 47 51 41 16 34 23 13 51 7 17 3 0 5 17 39 3 45 42 1 79 60 19 4 68 19 4 93 84 34 9 33 34 12 26 2 47 49 15 50 8 32 53 ]
[ 6 32 0 36 52 19 6 0 16 67 32 38 11 17 48 15 43 58 8 29 3 5 14 75 46 60 25 23 31 15 35 38 47 36 74 0 55 32 52 23 0 37 14 63 6 14 79 1 72 39 ]
[ 24 44 20 61 27 36 24 1 20 20 15 33 50 19 9 16 3 34 77 3 99 42 3 63 73 11 48 23 43 51 42 19 48 14 81 27 2 57 29 22 77 44 7 27 15 16 44 19 2 21 ]
[ 91 7 13 11 20 60 16 9 31 69 7 27 68 56 79 16 59 29 8 26 18 16 23 1 76 43 12 20 12 45 35 55 4 0 66 25 13 35 86 44 4 46 71 25 2 2 93 14 31 2 ]
[ 11 35 12 23 55 70 21 63 7 9 31 27 10 0 29 51 52 85 62 8 7 1 65 14 14 29 58 2 54 27 43 17 14 55 41 21 25 62 84 85 24 15 12 34 16 93 37 20 30 0 ]
[ 94 47 7 34 59 52 39 22 25 10 58 7 0 29 63 71 45 47 19 5 55 0 12 15 34 9 5 4 23 42 34 17 42 93 4 1 45 43 23 22 5 34 29 5 63 44 28 60 91 47 ]
[ 1 16 26 2 68 18 53 29 33 65 8 13 33 61 76 53 11 59 35 66 6 20 54 64 4 5 30 58 64 85 1 17 1 27 20 21 45 25 2 30 42 10 43 75 24 20 80 35 31 16 ]
[ 5 47 16 2 9 28 13 5 73 20 48 23 22 69 13 42 3 51 3 0 45 11 83 43 60 21 10 1 41 77 24 46 76 92 0 85 20 13 43 46 34 43 21 8 64 86 2 67 38 5 ]
[ 82 59 39 23 9 43 67 57 47 1 9 17 35 32 33 3 58 68 78 21 6 13 13 0 25 8 97 1 67 85 65 2 44 4 25 5 0 44 14 47 45 23 17 32 7 50 35 66 19 65 ]
[ 38 48 78 74 20 34 34 40 27 21 0 21 28 95 2 2 24 28 79 4 20 35 5 25 28 34 39 70 39 0 33 78 48 63 4 20 49 38 61 28 11 13 1 39 8 4 94 84 32 25 ]
[ 81 97 12 7 4 47 28 77 36 30 20 63 46 2 29 10 9 58 85 39 5 14 24 58 23 13 61 7 5 65 4 86 15 16 45 19 15 26 48 51 56 68 14 54 22 96 16 32 6 2 ]
[ 26 46 8 24 62 43 79 14 36 25 7 23 16 21 21 60 94 23 83 20 33 23 10 90 12 39 25 15 28 12 46 6 10 7 30 72 2 10 38 38 35 46 61 3 67 35 64 13 58 99 ]
[ 42 46 47 35 47 24 12 50 78 52 16 52 36 93 2 54 30 87 49 22 30 10 15 5 23 18 27 29 81 5 9 23 3 9 10 2 85 74 5 15 78 21 20 15 14 22 69 96 9 70 ]
[ 31 26 1 1 41 40 18 3 46 3 36 27 14 6 0 8 97 10 55 4 75 30 16 33 28 39 10 54 18 19 67 50 97 21 3 90 13 21 94 59 76 82 39 42 40 39 51 90 1 6 ]
[ 10 55 73 43 0 6 25 25 37 2 19 23 46 77 20 66 5 48 28 49 57 60 5 76 0 31 3 3 23 3 22 85 11 95 80 11 2 6 89 91 8 8 15 6 37 87 72 42 35 52 ]
[ 43 32 0 41 1 47 12 37 52 19 3 76 71 59 33 22 61 38 18 0 38 84 3 73 66 15 51 88 36 27 23 32 59 23 25 12 22 37 2 27 56 5 3 79 64 36 2 26 26 72 ]
[ 22 4 86 17 81 55 1 62 10 26 34 14 39 22 23 16 57 33 46 54 68 50 47 99 10 76 14 45 12 2 12 34 59 50 4 40 6 5 2 16 32 89 82 23 11 5 39 21 90 37 ]
[ 53 41 0 15 59 19 87 2 66 27 26 10 8 4 29 54 8 16 54 25 15 49 91 25 97 99 21 90 13 7 28 18 1 28 34 12 99 21 66 65 0 93 27 8 49 57 15 9 25 21 ]
[ 13 35 27 57 22 54 89 29 24 64 68 0 52 38 8 86 28 3 15 0 45 13 10 7 31 36 99 5 49 13 93 62 48 21 71 23 27 61 4 51 25 72 4 29 11 12 16 39 67 31 ]
[ 23 53 92 2 50 7 37 21 33 0 11 2 16 70 21 27 46 32 27 30 57 25 36 28 76 63 43 73 81 50 20 4 3 64 58 6 23 48 27 56 0 38 58 17 60 32 44 58 16 24 ]

Timer (generate): 44ms real	30ms user	0ms sys
[ 57 36 74 50 51 31 16 83 96 5 60 63 8 28 60 94 84 44 64 20 4 57 23 40 14 26 46 34 63 33 22 72 69 48 75 20 79 43 4 28 48 16 43 56 44 55 50 28 0 67 ]
[ 0 56 24 24 97 90 50 95 24 65 28 99 90 50 99 65 70 79 60 26 59 9 94 2 17 39 58 20 19 10 39 20 66 63 44 15 53 46 10 29 12 91 80 2 41 80 19 63 11 79 ]
[ 42 70 40 36 24 10 75 82 30 47 44 21 67 63 84 63 78 89 61 41 70 73 32 51 27 25 31 46 88 94 78 30 64 18 19 40 80 46 75 62 93 19 83 12 34 67 27 65 8 89 ]
[ 6 79 14 90 30 94 67 13 40 55 59 70 38 75 41 9 15 21 55 90 84 49 62 67 13 96 87 41 61 95 82 19 74 96 61 56 90 28 21 83 84 80 53 74 7 46 83 23 68 90 ]
[ 13 52 39 27 71 5 24 58 46 37 54 28 57 80 76 18 89 19 47 10 2 83 43 7 9 50 6 44 25 74 34 91 78 26 18 49 31 42 60 29 80 14 9 89 46 37 7 35 56 6 ]
[ 98 10 41 41 18 50 43 24 94 69 50 81 60 28 7 78 29 90 73 89 19 5 55 80 94 54 17 53 89 74 12 87 84 53 80 54 56 24 30 50 45 80 83 5 60 90 35 42 32 60 ]
[ 83 3 65 91 83 11 45 1 17 34 27 81 74 11 34 54 18 42 78 48 45 75 81 28 32 93 71 20 35 3 80 71 7 98 62 90 61 7 43 30 93 70 11 67 34 98 22 52 40 52 ]
[ 52 37 28 85 66 60 79 37 32 66 40 13 37 99 63 51 42 24 58 85 7 52 56 18 19 42 68 93 46 61 46 98 98 26 36 64 38 15 53 71 33 46 36 23 45 99 74 87 75 33 ]
[ 25 82 37 81 53 56 75 21 2 21 82 48 71 33 74 7 97 64 74 51 35 8 49 71 83 94 22 57 34 98 90 59 80 27 92 85 36 67 7 38 40 41 38 11 74 64 71 24 28 97 ]
[ 27 16 57 76 87 40 70 62 98 56 60 88 15 92 68 7 78 56 26 85 46 66 78 84 30 5 48 1 29 28 50 56 44 8 32 84 48 54 46 46 11 58 87 78 50 7 86 28 15 12 ]
[ 65 61 31 96 45 61 1 45 14 30 25 64 38 70 24 22 6 73 76 52 71 39 62 10 18 12 69 56 93 84 20 10 45 51 6 42 64 7 39 30 89 65 47 27 87 71 49 93 96 78 ]
[ 97 20 69 59 82 87 71 52 95 16 88 16 27 86 19 85 80 84 45 20 66 34 37 13 14 24 85 15 17 33 45 66 53 15 25 36 54 48 40 50 65 28 66 44 66 37 29 47 73 74 ]
[ 67 40 9 56 53 75 80 90 90 49 76 36 15 81 3 40 69 57 40 9 7 5 90 25 49 56 63 31 55 36 5 74 76 66 30 82 93 10 24 84 59 0 72 26 82 27 18 51 84 59 ]
[ 13 92 16 55 17 18 63 80 49 19 69 6 93 45 73 76 79 66 86 4 2 98 56 26 76 90 53 95 42 38 54 7 82 70 62 51 40 25 84 89 96 53 96 42 50 21 18 30 87 4 ]
[ 86 42 54 42 68 31 85 74 26 27 64 32 86 46 54 0 97 95 25 81 36 74 86 84 16 37 5 34 67 45 90 5 87 97 99 7 28 84 81 6 63 97 90 49 95 96 49 93 91 27 ]
[ 26 80 1 13 64 69 2 70 3 21 15 45 26 2 42 25 61 22 10 95 80 73 92 70 75 88 67 76 33 10 3 11 90 56 76 55 25 78 77 80 99 92 78 25 46 72 3 7 95 65 ]
[ 2 27 38 95 50 65 35 69 42 68 79 97 79 22 54 8 29 31 86 6 64 86 98 94 63 44 66 18 3 13 83 6 41 74 53 91 39 40 60 33 8 91 31 39 13 37 47 42 68 86 ]
[ 0 84 24 98 78 87 94 97 58 98 10 41 56 51 67 61 94 7 1 54 92 61 46 23 0 11 60 0 6 81 86 6 17 62 57 48 1 51 45 59 1 55 1 9 59 20 70 53 79 23 ]
[ 60 72 84 58 95 37 69 8 37 75 41 75 34 10 37 91 58 38 94 55 50 48 63 3 9 22 23 80 27 3 3 87 75 40 45 22 77 15 82 14 42 75 41 28 86 30 71 44 20 66 ]
[ 52 70 66 15 73 75 37 97 7 16 0 11 4 27 51 49 1 80 16 84 46 11 59 87 39 45 69 11 42 89 29 94 60 47 9 33 22 98 82 30 14 34 93 70 61 96 20 63 76 88 ]

Running insertion sort algorithm: 
Timer (sort): 123935ms real	123930ms user	0ms sys
The output is sorted!
[ 27 9 47 30 1 20 85 82 0 5 21 2 36 40 17 1 18 2 42 92 9 37 2 53 45 88 32 7 96 4 31 23 13 30 6 66 50 91 0 2 48 21 4 37 14 22 90 32 76 32 ]
[ 96 39 2 57 64 28 49 7 12 12 84 3 5 18 65 40 32 39 39 1 33 34 28 22 25 9 29 38 45 12 62 41 3 16 50 67 44 0 26 8 12 62 63 17 32 28 9 65 67 48 ]
[ 63 65 15 14 1 24 27 85 16 9 74 78 82 5 2 9 13 24 0 22 92 25 6 5 0 88 73 47 44 38 17 8 55 32 22 56 8 1 94 77 11 20 55 45 26 9 6 39 33 59 ]
[ 88 78 87 73 8 46 16 14 19 44 26 15 1 67 19 42 0 5 5 0 9 97 49 26 86 41 0 66 31 6 48 19 84 36 45 45 34 61 11 6 5 37 21 58 56 40 1 8 46 6 ]
[ 32 42 48 9 35 31 19 88 57 23 23 4 24 33 69 60 21 18 38 55 21 16 19 44 40 26 93 63 42 41 31 26 35 79 35 70 10 7 11 19 30 34 24 6 20 45 67 41 15 5 ]
[ 22 43 53 51 25 0 65 2 6 22 14 47 14 45 55 12 42 4 13 20 71 74 95 35 56 25 14 66 73 21 96 47 64 2 51 41 2 16 43 9 38 9 8 53 7 15 17 49 71 30 ]
[ 11 3 60 40 5 42 2 1 83 22 78 70 24 10 44 24 6 7 66 39 20 36 78 13 70 11 8 28 0 99 39 11 2 51 51 59 93 54 13 29 28 43 51 4 5 96 29 11 55 47 ]
[ 97 14 20 69 39 63 1 15 39 9 33 42 13 9 2 74 0 14 59 51 44 51 21 62 8 27 73 49 26 16 37 75 82 58 44 21 21 45 36 12 6 22 55 20 31 9 46 31 24 58 ]
[ 34 18 50 43 30 49 36 41 98 76 44 66 0 25 56 56 26 26 42 90 22 32 64 21 13 65 6 24 9 23 1 43 93 51 39 24 52 27 17 2 3 14 68 3 39 77 11 17 3 5 ]
[ 0 32 89 63 30 66 13 26 19 19 11 9 6 0 97 6 15 10 0 5 49 96 93 36 1 14 92 3 60 44 3 12 28 45 75 58 11 41 85 82 60 48 44 19 0 41 25 15 3 77 ]
[ 57 49 43 75 7 3 11 94 46 34 20 55 45 26 4 32 34 34 73 42 17 27 1 3 77 54 29 45 29 12 20 87 14 15 14 21 70 77 16 68 11 88 24 9 14 28 93 0 15 18 ]
[ 2 2 6 22 15 35 43 58 54 34 5 29 80 67 24 95 23 79 23 91 76 9 47 14 18 45 1 6 32 52 78 34 6 36 8 21 71 52 31 26 38 36 7 19 55 31 14 30 11 90 ]
[ 38 2 69 28 88 19 98 10 10 87 89 36 2 40 44 13 27 50 54 56 19 18 5 54 80 63 6 14 25 17 71 15 71 40 43 59 11 41 21 21 80 10 10 34 2 6 47 29 8 2 ]
[ 29 65 24 73 16 21 33 24 9 16 6 89 34 12 23 6 23 0 18 82 30 97 53 34 52 75 28 23 12 58 77 41 23 1 66 40 22 52 16 83 68 23 24 2 87 48 8 10 0 27 ]
[ 16 12 59 54 17 79 97 55 28 47 59 23 1 40 66 39 31 7 36 61 24 44 2 27 8 30 11 76 37 52 13 6 17 24 12 34 55 9 41 36 8 0 11 10 93 78 1 24 85 89 ]
[ 23 8 24 5 31 8 35 37 29 84 11 32 22 29 93 72 36 14 34 11 79 63 58 15 12 27 7 62 51 41 15 26 50 91 84 33 0 19 23 29 55 34 61 30 15 6 2 51 20 88 ]
[ 16 32 56 33 4 4 11 13 93 28 29 24 71 4 41 28 35 28 10 48 68 57 15 33 8 55 51 19 26 21 53 42 53 62 75 10 18 39 23 11 67 4 36 39 60 29 19 96 9 82 ]
[ 19 39 18 10 19 6 17 16 48 28 47 43 17 74 5 67 8 3 33 30 79 24 22 31 59 36 29 4 71 2 94 42 42 64 53 61 22 22 30 70 3 77 65 20 3 70 39 12 73 24 ]
[ 28 40 28 11 78 9 10 86 1 76 17 81 59 29 16 26 7 12 87 95 32 4 79 99 22 27 4 57 74 46 59 3 86 39 14 17 48 24 3 1 52 21 34 11 2 2 38 9 14 77 ]
[ 75 12 0 42 46 31 59 29 33 36 9 7 3 78 78 14 58 48 31 5 0 52 32 12 35 27 0 97 66 51 5 41 16 5 35 62 36 46 91 21 82 53 28 37 31 7 51 41 7 34 ]

Timer (generate): 45ms real	40ms user	0ms sys
[ 84 8 91 16 39 22 87 38 74 46 89 40 97 87 53 85 71 76 69 58 97 12 11 76 82 67 40 27 56 36 23 41 96 66 57 35 40 96 26 67 43 15 7 92 2 60 77 74 37 47 ]
[ 84 86 11 47 62 93 15 55 72 71 43 95 64 39 13 22 75 54 70 1 21 65 68 80 57 22 40 35 48 29 34 85 67 97 32 82 90 99 37 14 23 80 9 87 71 74 61 98 28 32 ]
[ 51 1 97 19 33 7 94 26 94 42 7 28 27 75 77 12 57 19 63 94 33 38 26 94 26 97 68 39 96 49 23 47 2 73 19 36 80 13 62 74 7 69 2 87 44 79 51 53 98 66 ]
[ 99 83 5 25 77 83 75 45 22 23 94 46 22 97 19 93 33 99 58 47 73 66 16 27 5 13 58 56 66 8 22 18 91 27 43 68 10 70 65 85 45 60 83 20 9 54 13 94 53 72 ]
[ 41 78 90 9 57 95 74 67 51 93 75 25 11 18 53 6 38 15 29 3 52 74 15 35 94 24 89 60 70 94 32 63 24 22 25 81 69 99 48 20 44 75 45 55 93 50 14 31 18 43 ]
[ 87 70 69 2 6 16 79 47 76 1 42 60 65 66 34 90 0 3 41 0 75 86 76 20 93 21 23 7 5 41 2 92 11 72 46 69 88 77 17 16 79 11 76 44 29 62 86 81 65 79 ]
[ 82 92 65 10 12 11 83 87 70 88 28 73 32 92 97 31 61 37 8 30 5 87 93 33 83 23 95 69 4 12 49 38 4 66 48 68 29 32 56 0 72 84 25 57 76 74 88 90 11 48 ]
[ 20 68 36 14 1 71 89 96 93 93 60 94 32 64 12 32 32 42 16 88 94 89 25 19 98 1 45 86 43 8 34 64 76 22 30 77 46 19 73 39 64 85 33 48 49 45 33 33 39 49 ]
[ 22 33 90 99 4 88 52 49 26 96 57 13 12 33 87 42 10 33 13 35 72 29 20 57 78 21 3 11 55 42 12 29 28 55 28 32 43 80 82 22 76 39 87 40 25 74 34 35 8 47 ]
[ 23 32 77 95 90 7 17 45 70 72 39 82 1 67 89 29 0 33 61 34 7 90 25 94 30 50 68 65 38 28 64 61 61 93 56 3 0 73 48 22 97 39 57 98 7 46 79 59 79 41 ]
[ 45 38 31 70 32 13 21 53 78 59 33 43 72 94 36 28 49 89 54 97 11 3 89 68 2 96 15 33 7 46 26 52 85 57 22 69 23 95 74 1 6 8 96 78 54 85 59 4 74 65 ]
[ 53 85 68 42 6 22 38 21 56 97 19 82 49 4 92 24 26 15 19 0 68 26 60 65 56 15 50 15 19 76 80 72 61 1 15 19 23 5 40 31 3 60 14 4 16 58 28 94 25 0 ]
[ 47 93 78 7 10 34 74 60 2 93 36 34 18 50 35 85 69 11 90 62 42 45 74 8 2 42 66 82 37 91 34 36 37 12 95 47 99 70 60 53 15 48 87 33 50 75 18 20 86 61 ]
[ 34 80 58 60 89 12 2 7 95 91 51 29 79 88 94 75 87 45 45 47 98 60 96 37 46 46 12 16 18 50 29 4 31 88 64 72 0 19 79 47 10 30 29 90 70 23 17 58 68 62 ]
[ 57 18 74 53 55 72 52 68 89 22 70 18 79 53 58 43 25 11 14 57 10 25 39 39 67 10 14 84 20 34 98 77 52 24 83 8 49 87 28 38 9 98 8 40 52 19 36 29 82 50 ]
[ 86 92 27 26 32 46 36 98 30 8 33 80 85 85 57 68 45 6 55 73 96 17 72 56 57 76 27 93 5 9 44 92 2 23 70 86 70 58 36 52 66 69 33 51 7 42 20 52 0 27 ]
[ 78 48 44 2 56 54 78 84 47 35 93 43 79 47 67 49 85 89 7 22 41 73 43 26 25 50 68 97 55 20 24 33 68 69 35 25 75 13 9 22 48 54 18 28 54 37 29 39 26 37 ]
[ 61 67 10 57 46 35 7 14 84 62 87 9 95 55 30 82 32 5 95 93 79 96 0 97 76 54 86 5 93 12 94 7 32 5 64 78 92 23 44 77 86 31 86 33 39 68 16 23 73 63 ]
[ 17 4 11 17 54 39 71 40 97 16 53 91 23 37 96 39 15 41 63 59 18 49 43 56 34 82 24 2 57 49 18 74 5 29 43 59 69 66 0 18 83 53 9 6 42 58 98 57 99 61 ]
[ 68 17 10 11 25 96 45 1 99 55 50 17 29 55 98 25 67 19 91 67 37 74 72 47 33 14 57 31 71 56 92 91 25 54 55 50 2 52 51 1 7 53 70 37 60 21 14 27 40 5 ]

Running insertion sort algorithm: 
Timer (sort): 121590ms real	121590ms user	0ms sys
The output is sorted!
[ 12 0 34 4 43 8 7 12 37 18 9 44 69 84 61 12 43 6 32 88 9 9 25 76 25 2 65 76 7 1 28 19 54 14 75 97 75 34 61 12 52 22 8 21 6 22 86 1 28 18 ]
[ 14 28 86 39 64 1 7 25 22 42 33 9 32 59 36 18 0 4 96 58 54 20 10 41 35 50 38 14 62 70 41 76 50 27 16 14 81 75 40 3 17 25 12 1 36 0 19 36 5 15 ]
[ 21 56 4 59 30 2 33 5 11 93 23 42 80 21 94 50 11 1 13 18 35 46 3 31 12 60 12 87 46 11 53 19 19 58 79 49 12 12 7 23 57 30 17 38 3 12 88 14 65 2 ]
[ 68 8 47 13 34 14 3 23 62 30 46 78 14 23 18 7 28 33 81 24 24 81 63 86 63 30 5 56 84 38 7 4 47 55 17 33 21 20 8 35 3 6 14 17 30 84 77 10 17 10 ]
[ 0 6 46 66 13 62 10 29 56 80 40 18 17 48 25 20 15 89 32 33 11 20 30 8 65 5 40 52 30 67 2 31 26 0 49 39 14 59 20 23 39 61 41 8 61 18 80 77 8 13 ]
[ 4 68 97 47 19 8 24 25 27 3 11 50 80 25 11 36 50 45 22 37 85 97 11 3 64 11 80 93 2 8 16 7 28 65 54 0 73 31 25 0 34 89 2 67 14 14 3 17 11 25 ]
[ 35 31 13 4 29 30 19 87 26 47 54 27 18 39 22 3 45 57 57 57 89 32 73 10 50 5 10 48 17 12 41 4 43 7 9 24 37 80 11 15 79 18 43 98 9 17 53 54 26 10 ]
[ 22 41 30 9 81 55 20 5 2 12 6 73 33 96 5 80 1 0 97 12 87 9 86 11 5 27 8 21 19 24 35 94 65 17 55 46 24 75 3 27 87 10 52 20 6 9 52 60 9 2 ]
[ 37 91 26 0 42 88 0 80 53 5 4 0 48 45 45 17 50 76 80 28 38 3 23 13 20 50 84 60 14 34 16 4 25 42 4 20 83 4 0 36 61 4 89 9 1 34 79 3 10 59 ]
[ 25 4 89 4 7 22 35 52 16 1 45 0 51 54 32 30 1 4 28 88 56 74 8 26 46 91 25 61 51 18 31 29 22 72 33 82 47 21 34 15 22 79 16 25 34 0 8 87 5 36 ]
[ 1 29 11 12 86 75 1 6 74 29 31 48 87 30 18 91 43 26 33 23 3 22 10 45 21 8 87 25 52 18 3 53 47 14 18 33 41 71 92 16 0 23 16 39 6 34 82 49 60 16 ]
[ 14 27 16 57 17 16 10 76 14 76 49 5 9 10 39 56 50 85 15 16 14 66 12 51 70 57 59 44 94 35 72 61 14 40 18 31 9 81 8 23 9 9 28 18 19 19 26 70 5 41 ]
[ 23 60 0 7 91 12 2 9 28 10 53 29 32 32 25 66 33 2 86 93 75 26 75 35 58 0 65 20 20 1 82 43 61 34 2 5 98 5 14 26 67 20 7 51 4 33 17 37 87 3 ]
[ 82 21 69 15 29 24 3 80 61 14 32 56 18 2 9 2 79 30 78 10 20 80 9 72 67 39 6 25 66 84 8 48 6 77 15 35 2 70 67 15 36 0 23 54 2 33 8 33 15 38 ]
[ 41 61 64 7 28 2 33 5 24 51 48 91 87 53 29 9 2 32 66 9 16 5 47 11 32 75 31 57 63 1 52 57 14 68 16 42 70 1 0 46 4 48 89 44 1 19 53 55 3 19 ]
[ 15 30 27 62 97 25 30 16 49 24 78 31 63 54 8 32 61 9 30 52 4 65 26 73 16 61 70 61 34 26 9 49 56 37 11 6 14 42 22 15 66 52 47 29 6 7 13 20 16 44 ]
[ 33 63 15 5 74 78 66 70 63 7 28 22 97 36 13 48 22 10 20 17 16 36 17 57 24 53 9 88 87 11 17 72 26 32 30 0 10 48 23 25 7 51 0 4 87 13 53 61 23 25 ]
[ 77 1 12 25 49 66 9 18 49 25 39 59 48 2 10 14 97 98 66 67 5 16 17 34 92 12 42 2 4 3 52 81 4 16 58 5 35 67 23 84 44 62 43 92 17 5 6 14 4 25 ]
[ 34 25 0 59 6 76 25 68 38 53 3 50 86 42 23 51 39 7 46 11 53 26 12 98 13 64 0 85 37 6 67 23 31 67 34 37 95 11 57 34 16 13 36 2 55 11 6 46 19 4 ]
[ 13 80 30 10 31 12 44 23 18 70 32 69 57 2 51 93 72 33 9 32 25 29 42 96 94 14 9 0 12 74 41 25 7 23 87 38 88 32 14 6 2 46 75 12 0 26 5 73 12 15 ]

Timer (generate): 41ms real	40ms user	0ms sys
[ 80 59 37 86 20 59 97 87 18 96 77 94 24 44 87 5 5 97 70 61 35 18 81 94 42 94 36 20 33 36 63 14 48 1 52 68 12 49 56 31 46 33 25 22 30 64 27 35 61 98 ]
[ 48 97 68 29 43 10 75 80 82 9 16 45 75 64 46 27 85 59 77 41 42 75 26 67 97 56 32 77 44 45 27 44 42 95 26 38 57 1 18 39 10 86 84 85 3 83 65 40 42 94 ]
[ 81 84 69 59 3 18 68 87 47 64 33 74 8 27 21 86 65 78 88 35 69 50 74 54 88 77 37 53 17 31 99 50 67 20 61 70 90 29 58 38 45 43 64 6 70 38 92 88 16 32 ]
[ 23 38 83 97 92 23 26 81 28 95 12 27 97 31 47 59 1 37 40 11 27 86 6 92 92 29 30 36 17 98 69 92 36 52 42 80 75 20 13 55 16 25 82 65 56 81 24 10 70 17 ]
[ 73 98 3 80 42 47 9 24 83 78 74 52 70 63 56 12 43 83 85 57 38 1 34 72 18 43 53 95 5 76 12 78 26 67 58 68 66 19 44 49 97 18 54 20 81 62 32 77 46 17 ]
[ 86 36 70 20 9 41 15 14 36 20 90 48 99 16 15 9 36 33 81 32 82 30 51 88 50 84 51 35 61 49 52 47 85 75 20 94 16 35 9 52 8 51 52 59 20 19 20 8 52 1 ]
[ 41 86 32 92 75 82 28 78 17 90 27 22 89 12 49 9 59 17 97 20 21 57 71 73 16 43 44 88 52 96 90 45 34 74 89 61 8 17 39 78 7 18 52 49 31 53 58 42 70 7 ]
[ 62 43 64 85 68 32 29 12 21 33 60 63 78 94 89 67 56 97 36 47 27 96 66 79 45 49 84 3 91 54 63 53 49 79 38 17 12 19 29 85 52 89 0 82 36 89 1 92 38 38 ]
[ 39 18 34 57 49 79 6 34 34 97 40 49 2 90 29 93 7 93 64 89 78 69 30 30 51 66 19 5 10 9 95 2 27 81 59 77 60 66 63 46 15 3 96 70 93 77 63 53 70 27 ]
[ 94 0 48 24 30 0 43 49 57 53 10 52 55 38 33 15 67 45 33 30 91 48 85 39 18 31 16 33 36 86 13 30 86 61 6 68 13 49 69 70 3 80 22 10 70 55 77 89 52 10 ]
[ 19 44 59 56 35 29 87 52 63 23 90 28 5 29 89 12 97 3 61 67 73 16 99 48 79 69 55 56 58 8 67 29 4 78 85 39 59 25 43 74 0 86 2 6 15 92 18 64 47 31 ]
[ 31 72 0 30 20 79 51 28 35 9 36 54 90 92 32 76 31 92 53 27 18 53 13 21 59 28 65 29 44 12 13 76 36 13 58 9 92 62 37 27 71 25 82 14 17 66 42 0 10 95 ]
[ 27 29 48 92 50 60 72 67 41 17 31 54 45 67 67 55 28 59 17 65 39 41 42 73 55 11 91 97 12 2 92 91 83 92 84 85 52 8 52 46 25 83 0 70 2 20 26 31 31 43 ]
[ 48 70 84 43 95 39 54 87 36 18 41 80 10 24 73 46 61 77 54 13 23 32 48 76 2 2 96 80 33 27 24 34 50 60 29 97 52 83 84 40 2 77 21 64 53 46 62 14 75 68 ]
[ 27 99 0 27 27 3 30 23 35 15 2 11 1 52 72 30 50 76 14 86 16 68 64 89 84 69 87 46 84 63 14 63 14 15 91 41 70 73 64 5 88 66 17 90 71 41 72 73 17 38 ]
[ 59 85 6 75 27 90 45 14 88 81 77 3 44 91 70 87 32 92 60 48 97 1 15 66 43 38 7 15 11 76 54 70 14 12 98 41 3 95 55 91 76 85 46 72 28 68 60 61 60 72 ]
[ 9 10 73 76 76 68 66 36 84 77 64 90 0 78 2 98 19 57 45 27 49 73 12 47 45 40 16 57 53 28 82 15 38 7 43 15 76 10 3 12 87 67 2 87 98 4 37 69 62 82 ]
[ 96 63 55 8 62 53 1 78 62 54 7 44 21 97 52 65 64 28 75 67 40 62 87 94 2 85 98 91 54 12 26 3 75 81 63 38 86 64 68 49 71 27 93 92 25 97 57 89 25 84 ]
[ 9 17 99 96 11 1 33 62 92 39 74 18 42 2 52 6 40 90 22 60 91 93 88 85 38 65 34 47 6 12 32 15 29 31 11 93 84 96 7 28 36 81 99 30 35 3 88 27 93 11 ]
[ 88 85 56 28 22 94 45 56 42 51 68 74 67 50 57 30 95 41 27 54 69 15 87 68 45 23 23 34 50 17 45 90 54 1 70 76 48 15 84 42 67 5 68 34 7 25 64 54 18 43 ]

Running insertion sort algorithm: 
Timer (sort): 110702ms real	110700ms user	0ms sys
The output is sorted!
[ 7 29 16 7 54 34 68 85 32 42 37 57 5 49 4 31 33 83 18 26 1 1 15 22 35 30 14 13 33 20 20 92 1 88 51 55 23 20 92 7 62 29 64 19 30 20 50 16 4 21 ]
[ 28 44 89 38 5 7 62 88 39 1 29 71 8 9 32 2 5 31 50 34 17 23 23 4 47 15 52 28 16 27 92 96 71 82 86 28 41 1 68 32 2 50 4 10 11 36 13 16 19 15 ]
[ 29 20 86 11 4 38 19 51 95 21 39 35 3 18 71 1 32 98 19 18 17 54 46 6 49 27 62 30 66 6 29 47 26 15 58 82 5 30 33 0 51 24 36 6 94 7 7 27 57 27 ]
[ 6 19 14 30 16 61 15 10 52 24 44 0 21 38 7 13 52 0 30 32 83 22 48 96 82 55 30 48 70 33 55 28 5 21 10 21 34 25 31 87 49 27 39 22 17 46 36 69 46 18 ]
[ 34 80 97 8 52 21 26 42 26 21 64 29 42 16 10 25 27 32 7 70 88 35 10 28 77 16 32 18 35 28 28 21 9 25 30 13 98 8 55 24 29 19 6 23 88 68 48 15 52 7 ]
[ 24 50 63 59 50 87 45 59 23 85 2 9 10 16 25 1 34 59 2 10 1 85 92 0 63 23 46 7 20 10 91 45 12 6 4 14 93 1 74 16 39 28 77 1 96 54 3 31 14 5 ]
[ 7 99 16 15 5 57 2 3 48 52 62 42 5 18 10 14 72 59 67 51 4 11 43 11 78 90 68 11 50 3 76 58 2 92 25 59 1 27 62 1 31 25 96 37 43 6 3 15 17 22 ]
[ 47 64 6 26 6 4 13 19 3 9 3 15 46 5 33 25 90 0 23 41 56 83 34 22 43 49 52 9 22 68 76 21 32 35 48 39 39 13 58 42 74 14 9 72 19 42 98 10 42 73 ]
[ 0 16 75 87 9 22 24 52 37 36 96 42 52 2 45 25 1 42 2 43 52 47 9 15 2 28 75 13 37 35 25 89 4 0 76 13 75 53 17 12 41 14 7 93 68 4 71 21 46 25 ]
[ 90 86 75 49 58 39 16 42 3 23 12 22 9 69 20 2 8 42 31 32 39 9 22 24 11 8 10 57 65 70 88 55 8 64 5 18 55 21 60 58 44 24 33 5 46 5 7 54 0 90 ]
[ 16 49 39 6 54 34 89 16 65 22 0 14 13 48 65 52 63 16 6 55 59 5 2 62 23 44 5 89 42 52 13 59 1 52 17 55 87 6 24 4 28 24 18 94 24 36 46 40 52 4 ]
[ 61 27 42 11 40 30 63 50 23 32 0 6 23 48 74 6 18 90 21 60 8 11 7 9 12 51 56 38 83 81 30 44 8 24 7 0 54 70 50 77 2 2 36 78 3 62 36 21 52 57 ]
[ 11 20 75 3 81 25 18 7 50 49 71 31 25 80 95 45 27 1 1 61 7 27 25 16 24 6 58 14 69 49 42 80 22 69 35 3 46 5 10 48 7 33 79 32 13 26 29 40 27 82 ]
[ 1 19 61 72 80 42 20 8 53 14 17 93 2 69 0 18 37 8 11 35 60 24 24 35 58 23 63 18 3 49 7 56 69 68 29 1 10 1 9 15 15 78 9 17 48 61 88 85 69 51 ]
[ 35 29 69 95 62 31 14 2 9 66 4 31 58 12 12 10 78 63 15 84 95 1 98 6 37 24 16 91 17 57 40 4 39 9 0 1 40 14 55 2 32 11 33 42 23 98 53 53 13 20 ]
[ 3 40 39 50 45 69 10 32 28 18 1 1 34 9 41 91 15 91 24 48 11 20 71 30 14 36 49 6 18 1 0 21 93 39 23 90 9 34 74 37 4 75 90 38 36 84 30 3 75 6 ]
[ 0 31 85 21 61 43 23 36 53 55 98 30 20 13 84 13 10 72 50 48 6 43 72 7 23 36 45 13 7 75 2 7 7 39 29 20 34 4 8 87 11 6 70 31 72 6 44 34 78 46 ]
[ 6 85 6 0 1 40 75 58 15 61 2 88 49 72 65 2 17 44 10 6 24 76 1 55 20 8 39 93 1 72 23 60 57 29 12 10 22 39 20 37 1 22 78 2 94 43 5 63 87 15 ]
[ 39 15 27 0 16 27 90 41 0 20 8 2 15 88 79 25 48 57 14 83 56 79 46 10 66 2 74 13 67 36 70 6 4 49 6 20 77 48 14 77 20 22 31 35 10 10 13 11 68 79 ]
[ 20 1 39 26 35 3 66 0 70 2 12 18 58 29 1 11 49 82 21 31 98 7 10 19 82 12 3 71 91 91 25 11 44 16 89 32 71 8 32 41 10 45 12 69 26 65 32 75 47 5 ]

Timer (generate): 42ms real	40ms user	0ms sys
[ 21 80 43 97 27 29 68 52 45 26 66 32 26 67 45 53 57 60 48 77 28 27 35 91 23 73 97 45 90 37 3 63 70 46 60 97 27 80 1 73 7 67 5 85 87 2 38 44 62 86 ]
[ 73 90 66 8 81 89 33 31 34 23 68 89 86 38 36 99 87 15 79 88 88 38 8 45 75 95 0 13 91 62 52 65 5 18 25 38 7 59 69 94 34 90 83 73 80 71 24 68 87 55 ]
[ 8 27 94 16 25 21 63 25 35 7 39 87 24 44 57 49 35 16 60 4 10 47 94 46 20 75 17 44 95 56 51 3 36 97 72 61 19 35 38 54 42 29 93 18 26 50 68 61 66 80 ]
[ 65 77 27 12 75 99 39 44 95 34 1 47 37 89 44 9 2 15 97 40 69 91 21 62 10 47 64 30 8 31 10 74 60 90 38 35 41 77 31 37 11 32 36 0 73 32 62 75 48 59 ]
[ 15 69 2 89 84 12 36 48 94 45 31 5 71 91 47 9 78 88 86 10 77 97 94 65 49 68 98 11 43 98 22 11 67 25 0 3 89 36 52 84 33 83 41 4 27 88 13 57 28 99 ]
[ 67 58 48 14 23 98 34 73 9 77 71 32 40 91 57 92 94 46 81 46 30 14 82 71 19 61 11 32 18 92 32 38 50 32 52 73 30 86 47 40 15 70 24 8 61 81 0 56 79 81 ]
[ 54 62 96 36 85 67 97 97 99 68 89 83 6 91 16 10 64 46 48 63 38 63 34 62 23 95 95 24 51 27 57 6 89 5 94 74 72 44 23 24 12 64 59 18 55 75 28 72 74 76 ]
[ 87 64 91 21 27 15 17 74 91 20 1 48 78 90 6 25 17 78 69 92 54 81 57 14 99 64 41 79 88 15 55 76 80 98 97 59 13 66 33 56 39 35 57 69 77 63 94 46 93 63 ]
[ 39 48 44 48 14 95 12 55 26 53 23 33 29 3 32 78 14 97 97 99 54 36 86 63 5 64 26 0 10 71 15 1 71 12 49 85 7 14 41 34 67 64 67 48 19 51 26 85 49 23 ]
[ 84 55 11 71 18 69 87 96 21 49 67 36 51 39 48 52 24 8 18 17 42 85 33 61 85 4 13 64 89 14 39 26 69 51 97 39 72 36 35 93 85 2 29 88 93 30 93 18 38 11 ]
[ 87 32 49 21 93 34 77 58 98 67 72 90 45 93 41 42 32 13 30 67 58 67 70 87 8 63 69 1 33 7 12 21 39 61 94 85 48 71 43 98 90 16 88 35 9 81 29 42 46 11 ]
[ 61 4 79 31 44 87 47 13 40 32 73 52 5 12 66 51 49 66 75 93 64 65 61 5 53 22 38 34 16 85 46 78 41 77 61 37 64 60 3 4 93 28 8 98 92 26 50 42 92 25 ]
[ 35 9 42 96 66 47 18 4 82 87 41 80 65 35 57 26 72 73 87 27 29 32 55 37 30 48 16 32 90 8 9 77 69 4 25 35 51 43 92 85 82 33 17 47 68 74 26 93 99 13 ]
[ 72 28 45 80 18 27 28 34 60 70 94 21 99 64 25 24 51 29 19 43 14 2 29 84 49 49 10 75 94 10 40 67 90 37 47 8 65 27 94 77 49 89 50 48 5 76 72 8 5 91 ]
[ 52 71 93 81 55 95 82 66 70 77 28 63 44 18 0 43 27 17 22 73 46 23 14 97 23 19 73 95 28 30 38 32 53 84 65 9 31 47 27 53 24 55 16 20 73 69 63 52 86 37 ]
[ 78 85 60 92 82 35 12 7 30 92 37 21 76 42 57 41 3 88 88 30 41 65 37 10 85 63 79 1 67 17 38 45 2 51 38 84 86 2 91 69 46 80 42 22 75 51 63 78 39 51 ]
[ 9 32 16 98 42 54 61 21 55 29 91 45 26 93 48 64 78 87 18 21 8 64 54 2 86 29 53 49 7 92 53 68 76 21 67 19 75 80 92 82 61 83 28 88 77 28 52 7 15 23 ]
[ 80 23 87 86 25 74 15 78 75 75 22 28 95 51 2 62 22 29 95 14 12 56 50 92 44 79 20 49 38 36 72 18 11 59 5 37 85 72 67 61 99 42 41 95 93 43 9 15 73 4 ]
[ 81 37 13 83 29 57 62 49 58 52 37 30 71 49 42 28 38 79 52 57 40 4 51 34 99 96 29 60 11 54 17 45 91 30 28 72 39 43 74 98 95 11 80 18 12 74 98 2 54 51 ]
[ 12 46 55 63 80 6 12 10 18 23 16 87 20 8 69 1 32 9 44 6 59 91 70 39 10 34 14 8 89 68 11 53 14 18 16 47 76 80 9 95 4 25 34 76 85 4 77 18 13 73 ]

Running insertion sort algorithm: 
Timer (sort): 119067ms real	119070ms user	0ms sys
The output is sorted!
[ 40 6 24 56 67 11 20 3 37 22 6 41 77 46 14 87 39 23 18 21 10 61 54 45 62 20 19 0 28 29 29 21 36 5 29 55 16 1 10 53 23 16 46 52 62 12 40 1 35 58 ]
[ 0 41 15 18 0 99 50 19 15 17 36 2 55 39 5 19 32 66 30 34 13 50 3 16 42 17 11 17 64 0 52 65 41 20 35 93 19 37 12 86 6 1 40 62 40 45 81 24 12 63 ]
[ 99 12 8 62 33 49 87 1 60 9 90 12 94 6 41 7 24 2 14 24 9 0 0 10 3 1 82 72 1 21 97 0 33 57 62 18 7 2 20 19 11 10 83 58 16 24 65 40 26 79 ]
[ 5 15 24 60 73 34 11 49 0 56 36 38 6 42 72 6 57 2 42 24 25 7 40 48 36 3 10 18 5 85 9 11 0 33 23 26 68 34 75 68 42 12 58 48 54 31 6 64 33 48 ]
[ 12 41 31 57 17 11 5 62 56 0 22 25 10 53 91 44 28 29 45 52 18 26 72 39 19 75 25 2 35 9 37 47 2 20 4 19 31 61 33 39 61 56 17 72 9 8 68 37 37 14 ]
[ 35 41 93 5 26 39 47 43 9 57 1 17 2 43 19 74 57 12 6 56 1 25 76 12 36 39 3 53 16 6 18 3 99 63 8 25 2 56 68 12 65 22 29 19 65 1 46 74 13 52 ]
[ 3 59 47 16 19 47 1 4 36 49 14 95 36 9 24 52 4 26 24 79 8 64 2 22 50 44 0 22 43 9 72 98 20 20 14 39 19 67 95 55 17 9 3 53 19 27 57 23 5 81 ]
[ 0 14 26 55 72 50 28 26 72 77 3 52 37 39 30 54 41 19 13 79 0 16 29 62 25 40 71 85 4 3 0 5 17 26 60 41 28 40 67 0 69 22 4 6 62 35 12 55 6 25 ]
[ 25 65 6 22 52 10 76 34 41 42 27 26 53 72 27 1 46 25 10 79 8 14 12 17 25 33 98 8 4 46 34 30 12 92 4 16 2 81 50 95 23 78 22 77 2 1 30 0 26 41 ]
[ 10 40 85 51 48 8 20 5 37 26 43 20 53 44 71 22 3 4 4 26 46 58 39 7 45 54 86 10 21 25 72 32 18 9 35 18 17 55 23 6 33 18 26 87 14 49 9 70 53 65 ]
[ 22 43 3 36 55 42 8 43 14 8 98 4 2 14 24 41 26 14 21 23 26 60 93 74 1 6 78 12 90 88 51 13 31 6 1 38 48 9 33 62 17 31 19 71 45 43 65 23 9 38 ]
[ 7 30 89 34 6 20 4 9 75 29 43 75 8 12 76 46 88 32 39 13 30 79 5 75 14 35 24 1 69 70 29 29 0 18 63 6 38 19 15 14 1 11 41 9 23 69 55 11 53 95 ]
[ 20 14 96 12 79 11 13 8 3 23 32 55 13 40 3 68 8 69 50 20 26 79 75 44 27 35 4 19 2 4 39 22 71 87 35 2 50 0 11 6 23 43 61 88 36 16 56 44 38 58 ]
[ 52 50 70 2 8 26 4 17 26 67 18 69 7 97 77 4 8 38 18 58 13 33 3 18 24 27 40 20 10 2 51 62 52 74 16 60 0 21 29 26 88 47 47 48 96 24 4 5 63 22 ]
[ 5 10 63 67 26 2 25 91 51 3 40 0 61 51 25 83 47 49 37 1 27 4 21 59 34 46 12 16 7 0 33 13 62 48 32 88 2 57 32 54 13 72 6 74 23 84 10 22 33 47 ]
[ 31 25 74 58 13 48 27 56 9 74 10 91 85 42 60 7 17 51 9 39 3 17 57 19 5 88 25 77 11 11 29 42 36 3 0 49 3 79 58 64 5 20 56 42 15 16 2 32 67 11 ]
[ 0 7 58 94 6 7 25 30 56 8 73 69 28 1 6 72 2 3 0 0 15 97 50 74 45 0 94 73 77 54 8 29 13 18 23 19 25 0 1 82 9 26 51 37 27 9 61 82 65 62 ]
[ 20 45 34 12 0 27 32 32 31 18 1 34 59 2 7 57 43 44 53 60 79 64 25 96 71 69 33 36 67 25 19 39 71 5 51 23 32 35 55 16 5 8 50 65 10 9 74 5 5 27 ]
[ 42 95 0 5 44 2 22 13 48 52 8 6 21 4 37 16 44 34 42 26 27 76 19 22 80 18 71 34 1 51 28 95 99 28 0 43 82 75 56 30 27 17 88 0 21 26 17 17 12 59 ]
[ 29 22 57 1 3 3 69 6 53 17 13 83 66 6 80 9 3 19 31 51 4 9 92 78 43 12 57 44 19 8 55 49 82 12 2 37 67 23 43 20 40 8 55 58 15 35 67 70 7 50 ]

Timer (generate): 41ms real	40ms user	0ms sys
[ 42 74 46 97 15 75 25 73 25 16 39 47 57 88 76 78 12 35 39 56 88 14 43 50 52 88 74 95 75 31 44 69 5 42 66 72 69 44 45 95 12 36 94 69 24 70 47 89 58 86 ]
[ 45 46 0 88 96 4 28 71 99 55 2 95 25 60 37 43 32 7 39 30 54 51 66 0 72 43 71 19 32 29 57 77 27 9 17 24 14 98 47 65 53 49 61 30 61 50 26 94 9 17 ]
[ 24 15 69 90 16 93 85 39 13 17 20 22 46 47 32 64 23 98 62 70 63 67 72 76 98 33 79 76 27 40 93 3 56 14 46 24 8 31 15 73 49 35 95 95 34 79 11 58 77 73 ]
[ 80 93 41 52 21 91 38 52 67 65 93 12 21 1 27 67 77 35 98 92 8 99 79 55 47 65 35 58 23 64 84 56 9 77 8 83 20 98 35 39 16 80 51 37 33 78 4 62 65 54 ]
[ 54 25 6 85 33 53 51 68 63 26 84 47 82 46 76 43 29 96 41 16 35 57 49 87 94 82 17 50 97 35 5 3 60 63 89 93 16 40 13 31 18 50 31 1 96 7 96 25 4 37 ]
[ 93 91 47 42 30 41 77 48 44 74 83 1 77 95 64 66 41 32 58 54 63 77 4 94 30 52 54 26 77 10 15 71 1 62 65 32 56 42 32 0 16 67 53 46 14 17 12 55 49 23 ]
[ 62 64 52 18 11 34 71 65 60 0 75 27 71 28 90 89 12 46 31 44 98 0 63 51 46 78 20 10 33 21 85 95 85 37 66 48 71 37 13 83 37 40 11 61 69 53 50 33 51 81 ]
[ 78 1 33 93 52 79 71 24 90 57 45 27 4 82 65 70 31 88 7 96 24 45 37 87 6 58 40 8 91 91 41 21 44 75 67 96 54 38 72 96 47 17 24 52 51 41 74 34 29 82 ]
[ 31 5 79 20 92 37 30 32 45 73 75 86 47 19 13 14 67 68 4 39 16 52 8 92 56 12 33 30 46 15 12 77 20 43 49 65 32 79 49 77 5 25 16 52 96 81 66 16 1 22 ]
[ 7 18 74 68 62 30 80 96 13 26 63 77 56 35 21 5 0 53 37 50 83 42 27 51 46 75 32 64 91 34 86 99 4 61 67 66 43 99 14 56 25 77 86 81 65 7 39 65 12 28 ]
[ 67 47 70 46 98 68 22 83 32 65 69 18 16 73 31 35 91 27 34 6 35 12 35 21 45 0 80 84 18 93 64 37 40 86 84 91 54 58 74 86 23 43 57 40 68 88 27 59 67 62 ]
[ 17 3 26 53 24 71 53 57 8 23 50 72 61 42 59 45 85 13 55 11 0 78 6 9 70 74 97 50 86 65 12 3 20 38 8 96 61 14 53 69 37 55 42 98 50 1 95 35 14 2 ]
[ 47 66 81 53 75 3 80 25 53 66 42 17 21 62 7 30 58 69 44 64 38 81 19 80 32 69 33 79 5 48 82 4 66 15 9 42 70 89 67 24 7 61 93 29 23 1 59 33 22 55 ]
[ 97 60 88 69 93 72 38 26 4 95 26 38 51 93 53 61 87 75 50 6 51 58 67 45 39 90 46 98 75 68 5 73 80 93 94 73 66 84 52 70 80 78 60 83 23 65 44 10 40 47 ]
[ 16 92 5 83 37 44 25 35 94 1 55 99 26 35 44 20 61 62 4 65 84 36 95 44 72 19 9 16 29 50 63 98 94 20 81 31 16 59 18 62 60 73 13 38 60 58 10 73 20 66 ]
[ 90 57 55 86 1 27 5 63 43 86 13 59 84 7 31 18 90 48 77 8 10 37 33 24 27 45 34 37 19 6 3 9 63 58 95 17 37 52 80 81 39 45 92 75 4 23 93 94 71 70 ]
[ 54 34 59 39 10 86 84 96 75 3 2 31 65 18 41 12 35 79 65 67 60 56 12 4 31 16 27 25 62 51 47 68 37 7 7 47 45 43 43 21 99 97 52 64 15 93 28 2 24 45 ]
[ 69 84 1 33 40 85 49 68 62 63 71 9 83 8 68 42 7 14 86 2 35 85 99 39 1 67 84 29 69 9 75 91 45 28 24 86 13 26 6 27 41 77 37 25 37 5 67 44 71 53 ]
[ 46 6 90 97 97 91 64 34 73 86 95 48 29 40 28 53 78 94 31 84 21 73 13 10 98 50 68 17 94 39 71 92 98 61 90 95 5 6 81 78 92 76 78 21 17 6 27 47 52 10 ]
[ 84 74 83 97 36 33 0 4 51 46 44 74 39 42 87 29 89 92 35 71 22 80 47 0 53 16 59 32 16 63 43 0 37 26 49 26 12 49 30 63 96 74 37 87 68 76 68 58 69 3 ]

Running insertion sort algorithm: 
Timer (sort): 115382ms real	115380ms user	0ms sys
The output is sorted!
[ 34 30 7 72 67 42 32 0 16 12 75 13 5 29 16 11 23 1 32 15 84 58 2 5 64 53 27 27 20 60 7 6 42 66 30 9 8 63 10 24 27 37 38 32 18 6 43 93 7 27 ]
[ 78 67 26 67 36 45 26 1 74 66 34 5 83 47 24 11 2 19 34 22 15 3 82 94 70 50 63 25 27 59 5 57 26 32 24 14 29 2 15 3 68 1 8 3 1 33 14 3 4 0 ]
[ 91 36 27 79 17 81 16 77 41 1 21 13 64 92 29 3 36 30 20 14 47 14 6 5 0 12 78 33 65 0 25 8 88 4 39 57 85 7 35 27 9 8 92 25 0 21 28 37 4 0 ]
[ 10 16 17 34 78 86 25 17 43 70 4 37 79 46 13 5 92 8 4 58 4 2 3 93 4 6 18 22 35 36 61 45 4 78 31 82 16 9 51 12 79 7 49 10 54 14 16 46 22 20 ]
[ 15 47 18 71 96 11 3 0 1 13 4 10 43 94 26 58 30 78 21 45 11 20 56 69 9 82 51 11 14 6 8 81 6 26 52 2 38 7 54 91 20 11 1 15 5 28 26 87 6 99 ]
[ 88 8 28 18 7 19 56 49 33 19 80 48 68 7 12 12 46 7 34 50 11 83 6 19 0 97 14 2 47 53 12 35 13 92 6 20 12 62 70 97 34 2 45 2 10 58 67 8 17 1 ]
[ 47 25 88 32 29 25 88 11 9 27 45 67 63 0 50 99 31 94 36 21 22 60 90 7 20 18 7 24 2 10 10 1 35 50 34 16 27 22 27 36 1 25 4 64 25 6 15 56 53 51 ]
[ 6 44 13 34 18 47 6 81 4 48 16 13 9 28 10 70 24 17 93 57 69 51 93 26 27 81 3 6 57 13 10 15 57 24 49 75 23 55 9 27 4 25 40 65 5 2 35 29 71 28 ]
[ 17 12 41 69 1 55 15 20 35 10 11 0 77 72 25 80 3 18 52 24 18 41 38 67 6 53 47 42 0 55 29 17 19 22 38 20 77 5 40 12 16 3 64 45 75 89 25 31 59 29 ]
[ 3 28 15 19 70 57 41 76 95 41 23 17 8 63 15 0 79 8 35 37 48 5 24 14 78 8 4 14 0 10 20 3 38 87 75 60 44 16 36 91 9 11 9 17 27 76 70 6 37 57 ]
[ 56 32 52 60 5 5 28 36 5 41 8 56 14 12 15 4 42 91 48 97 15 23 12 81 36 5 55 6 85 19 10 93 51 14 5 9 20 34 45 77 27 6 33 42 70 0 46 13 43 47 ]
[ 25 8 16 41 35 1 35 0 26 38 40 20 37 74 36 57 41 28 45 79 12 23 7 21 48 0 62 1 16 14 77 41 23 93 34 10 47 69 11 25 60 3 97 49 78 33 6 71 13 4 ]
[ 24 67 4 4 43 4 6 12 90 32 80 55 31 10 20 3 37 87 5 50 10 6 37 52 19 12 1 51 27 38 87 52 5 43 56 0 47 14 64 90 46 44 45 29 6 17 33 96 4 38 ]
[ 54 95 15 10 25 6 84 70 31 55 17 13 80 17 11 38 36 21 22 37 10 31 42 14 13 11 78 39 24 41 39 30 36 54 92 13 60 77 36 43 32 5 56 12 23 19 2 11 41 24 ]
[ 25 6 55 78 5 96 3 13 64 35 6 56 63 24 18 1 26 18 24 61 20 8 88 8 32 7 12 48 5 76 50 30 82 5 8 39 54 63 4 18 50 10 27 13 34 97 67 13 15 91 ]
[ 40 4 17 53 89 71 29 4 55 87 3 12 4 13 7 28 31 71 16 58 7 53 55 48 0 8 53 5 60 33 7 0 37 76 5 78 0 34 34 7 74 38 19 78 3 78 58 86 2 26 ]
[ 7 77 22 37 52 66 34 39 61 21 35 62 18 12 15 4 20 2 34 36 53 27 17 1 32 6 50 2 98 81 41 5 59 63 42 11 81 28 2 42 49 90 4 19 2 19 23 74 73 9 ]
[ 26 53 54 82 26 23 3 0 8 37 56 61 24 11 72 38 49 18 8 45 65 28 23 34 43 20 91 5 0 29 17 27 34 24 61 12 47 16 12 55 54 21 68 30 32 92 69 33 10 29 ]
[ 65 97 40 3 0 3 26 38 71 15 18 49 12 57 20 11 0 54 77 62 85 20 13 78 2 21 84 31 35 57 9 1 54 1 56 6 56 35 45 27 50 15 29 14 25 49 26 77 55 3 ]
[ 55 24 40 70 62 12 23 70 31 69 6 8 58 49 40 86 72 88 36 31 58 36 88 30 9 4 5 72 51 1 19 6 25 11 28 87 23 3 9 6 24 16 15 35 17 7 21 42 95 9 ]

Timer (generate): 43ms real	40ms user	0ms sys
[ 25 13 48 73 97 60 21 73 47 48 18 71 42 27 93 36 91 16 33 66 98 66 62 12 33 79 43 3 30 3 11 55 68 12 80 65 24 54 38 71 2 9 42 45 36 35 33 79 3 66 ]
[ 45 53 84 60 65 17 39 61 20 21 16 83 29 84 95 61 49 20 15 39 91 70 0 86 67 36 73 0 68 29 18 13 82 54 25 0 71 64 61 43 38 29 26 67 65 74 80 66 46 96 ]
[ 57 89 18 58 75 85 46 1 37 14 30 7 80 12 61 5 64 32 22 77 27 60 6 5 79 23 79 59 89 77 7 47 67 25 57 94 62 3 47 99 18 77 6 98 42 19 55 58 51 77 ]
[ 36 30 89 42 36 20 18 67 80 7 45 39 6 64 17 63 58 79 19 6 31 37 35 89 87 29 9 94 88 12 24 24 43 13 18 31 86 36 50 66 96 95 57 2 11 74 18 70 6 37 ]
[ 28 89 26 15 30 65 97 39 59 85 4 83 61 99 49 31 82 35 20 32 53 68 80 10 22 91 37 40 13 95 29 93 84 7 9 14 72 6 6 32 43 62 67 56 61 16 39 43 51 11 ]
[ 75 56 79 55 67 2 99 56 94 12 51 24 6 87 31 67 53 56 25 11 88 68 73 55 76 86 24 67 29 75 79 57 32 58 64 51 12 63 59 7 28 62 83 86 49 66 53 54 22 78 ]
[ 66 62 98 91 18 26 78 42 93 59 69 72 16 53 83 33 56 95 96 15 2 76 77 37 62 78 4 67 85 26 45 3 89 95 94 59 21 24 53 67 84 74 91 52 28 74 85 36 70 34 ]
[ 4 24 10 81 62 25 12 66 92 97 44 90 0 85 85 46 44 59 71 97 78 7 72 69 11 52 44 97 40 66 83 44 90 45 26 52 70 90 70 15 39 67 5 91 52 42 37 97 53 60 ]
[ 46 31 19 70 1 31 74 97 80 15 63 63 59 53 8 37 58 31 27 80 46 18 47 3 9 0 45 99 49 51 11 47 82 83 18 35 14 44 84 94 59 47 9 19 53 17 8 63 48 88 ]
[ 43 46 6 43 49 68 95 47 67 96 98 30 43 32 13 13 20 79 58 4 25 69 4 34 40 57 4 49 72 4 37 67 51 43 10 0 11 57 47 30 53 97 61 49 30 26 62 2 6 72 ]
[ 6 31 94 10 66 34 19 22 35 91 26 72 59 77 68 21 30 31 79 29 14 84 27 27 33 9 53 48 11 59 72 69 43 66 32 9 53 51 31 88 95 9 13 6 87 33 27 17 16 58 ]
[ 46 30 43 25 57 28 34 11 28 97 22 1 67 65 19 51 26 24 2 9 13 49 19 78 55 6 11 83 75 79 93 73 10 88 51 19 17 37 82 45 35 5 98 54 22 18 5 49 94 59 ]
[ 10 59 9 29 37 64 87 0 99 14 80 93 40 90 81 91 61 50 28 44 96 15 49 46 21 23 16 78 24 11 38 35 70 99 16 8 15 56 60 67 22 40 60 62 82 93 5 44 44 34 ]
[ 88 92 1 89 90 75 12 7 53 89 18 43 24 88 42 92 48 10 0 9 77 23 1 89 85 84 82 91 80 78 77 20 22 30 61 13 5 25 72 11 14 90 54 90 78 49 83 27 59 83 ]
[ 88 88 6 89 77 44 73 11 87 5 42 16 25 16 46 86 81 4 64 53 15 78 43 69 69 74 70 4 1 81 39 89 69 98 30 46 42 4 10 81 61 52 97 39 68 95 77 50 51 41 ]
[ 3 66 20 47 88 41 73 10 45 74 92 84 15 61 82 45 60 76 1 70 9 15 22 58 54 90 54 31 92 57 73 96 76 45 95 16 86 68 26 31 94 18 67 61 80 50 58 92 78 12 ]
[ 62 88 27 84 46 33 26 52 64 19 62 89 67 38 34 14 54 20 82 80 3 28 51 71 89 83 73 99 75 51 11 37 91 90 73 90 75 99 94 40 70 56 81 37 46 16 3 52 88 85 ]
[ 85 92 65 36 63 6 19 88 6 46 91 69 83 83 12 8 25 87 7 71 79 30 80 61 19 26 29 23 79 69 60 16 61 26 52 76 32 23 64 90 69 8 12 4 91 24 12 68 63 71 ]
[ 39 43 1 19 56 21 98 85 96 29 54 56 45 68 34 49 96 19 72 13 9 41 21 21 45 64 97 9 32 61 80 23 56 82 43 12 55 93 97 51 22 3 59 19 23 94 68 20 13 40 ]
[ 33 74 33 6 48 30 70 97 39 54 58 19 77 14 53 72 78 60 65 27 63 39 31 23 10 54 69 78 26 34 70 11 8 3 17 8 85 87 6 24 93 16 96 71 31 1 95 61 62 61 ]

Running insertion sort algorithm: 
Timer (sort): 118980ms real	118980ms user	0ms sys
The output is sorted!
[ 47 6 12 21 94 10 31 52 84 37 21 64 7 27 1 19 9 69 16 4 59 21 62 58 7 2 16 19 17 41 25 64 47 37 37 93 0 20 45 36 57 19 0 17 46 53 36 7 74 4 ]
[ 80 12 11 3 69 12 40 77 24 61 11 7 60 51 97 48 47 30 28 23 31 23 78 13 78 14 10 12 2 38 45 82 2 56 86 23 21 26 1 45 40 12 53 0 15 2 1 15 32 29 ]
[ 2 88 7 45 44 50 27 6 47 48 18 27 7 40 32 5 60 66 2 33 32 22 75 65 2 10 20 50 15 9 51 17 97 11 14 42 61 42 0 60 42 18 88 49 10 20 6 71 38 8 ]
[ 90 19 26 13 88 83 19 10 95 17 75 1 69 0 34 79 3 0 22 92 13 29 0 23 28 37 7 26 25 53 54 16 24 33 81 13 68 0 75 15 17 2 16 38 2 2 17 57 2 92 ]
[ 32 7 18 33 2 60 49 2 58 56 13 62 19 0 63 89 18 98 39 6 6 8 41 7 37 33 70 6 31 4 41 15 11 11 49 66 71 50 20 81 6 33 43 77 33 6 18 51 5 58 ]
[ 15 11 39 74 8 69 14 13 61 55 8 24 24 79 16 23 9 36 83 22 2 1 84 2 56 7 97 46 15 64 47 30 27 39 57 36 8 23 1 69 78 9 45 2 40 13 77 2 50 12 ]
[ 5 22 26 69 19 23 17 35 39 51 13 5 61 55 3 45 9 70 68 83 48 26 61 71 18 44 6 5 43 4 47 0 27 26 21 98 1 90 33 40 41 98 97 3 6 1 0 15 23 21 ]
[ 30 1 64 68 5 24 3 62 31 30 9 10 4 6 32 36 1 41 48 14 9 41 9 48 97 10 82 91 51 66 59 33 19 23 1 25 99 5 39 31 35 48 93 91 6 25 27 8 18 27 ]
[ 27 93 30 11 11 53 28 83 53 45 57 27 57 21 6 45 19 72 0 0 7 80 35 43 37 23 50 17 34 20 10 13 65 40 25 76 45 5 11 50 50 20 78 7 41 36 4 12 8 56 ]
[ 1 60 92 13 10 14 57 3 13 3 9 5 16 50 9 61 25 5 35 18 47 47 36 66 24 13 67 57 54 98 14 55 10 6 20 20 72 29 23 85 84 84 42 0 87 3 61 12 9 48 ]
[ 43 19 0 30 36 89 37 54 31 28 16 33 20 10 16 9 25 65 46 51 36 15 24 57 28 51 35 29 85 46 49 28 65 1 10 54 90 0 8 21 28 76 7 49 86 23 10 11 41 56 ]
[ 2 26 57 30 15 64 1 19 54 35 28 7 20 60 41 63 51 68 76 10 52 7 70 12 76 77 28 12 5 14 4 59 41 61 42 8 25 43 79 79 30 7 39 2 67 32 18 18 0 46 ]
[ 87 50 24 2 1 19 32 8 16 13 70 26 0 33 49 37 14 21 9 7 15 36 38 12 69 28 5 76 32 46 71 71 49 47 25 50 66 9 11 34 75 81 12 27 14 62 64 80 35 26 ]
[ 44 4 63 16 34 32 43 12 5 6 20 68 36 79 35 57 71 20 41 0 28 1 30 63 14 69 59 12 2 9 21 46 65 36 15 51 20 10 64 25 17 36 45 5 68 80 62 39 52 56 ]
[ 88 24 35 52 35 8 98 27 32 29 11 7 28 6 43 32 59 16 9 26 75 57 79 91 63 42 67 42 36 51 21 25 27 8 29 14 16 28 41 0 9 53 8 37 11 51 21 70 19 30 ]
[ 1 81 76 17 83 41 87 40 8 8 29 6 55 40 73 7 27 67 35 29 23 15 12 42 27 8 71 21 7 90 54 9 23 30 26 6 24 65 98 32 25 27 38 33 19 11 40 46 30 27 ]
[ 25 40 17 21 45 26 60 91 30 38 95 0 5 13 12 94 80 31 45 3 28 63 47 65 52 35 2 95 6 15 3 31 8 20 5 5 47 65 48 77 3 44 29 8 9 41 54 89 25 0 ]
[ 2 24 91 45 42 19 74 44 22 22 34 47 28 38 54 27 11 5 21 63 59 32 21 6 39 26 36 19 21 4 76 24 28 19 21 23 91 47 19 13 70 53 12 50 43 66 78 7 23 51 ]
[ 55 0 98 77 9 52 47 7 21 22 20 5 31 68 11 23 3 7 10 11 34 50 5 69 15 9 9 27 27 63 77 82 63 27 11 24 80 10 32 53 32 52 10 16 20 73 39 75 81 49 ]
[ 13 53 40 85 54 25 13 17 25 91 77 8 3 64 45 70 62 24 0 15 40 6 6 26 36 0 74 8 46 44 24 11 49 16 49 55 42 62 72 19 5 2 28 9 18 73 31 80 49 31 ]

Timer (generate): 39ms real	30ms user	0ms sys
[ 74 17 49 91 86 92 3 0 3 88 70 49 91 52 80 12 9 73 9 86 30 91 72 11 74 30 89 97 52 36 95 79 5 96 70 43 88 25 95 91 66 65 92 57 17 72 21 78 46 30 ]
[ 16 76 74 89 39 48 71 28 98 75 16 93 54 21 90 25 64 30 2 59 22 68 77 66 77 94 39 99 25 37 29 41 65 3 30 4 4 53 84 2 29 0 47 83 73 89 60 89 20 63 ]
[ 0 94 83 77 60 61 24 51 60 49 88 41 90 5 45 73 9 1 26 45 55 55 97 2 91 22 92 51 11 64 14 12 58 50 41 70 11 65 22 71 66 62 12 9 68 9 34 29 10 60 ]
[ 75 65 68 24 20 59 47 64 62 58 28 29 22 38 79 16 60 90 33 34 13 0 97 25 61 65 87 95 46 49 55 73 67 75 98 87 86 97 51 49 7 31 78 30 21 57 98 33 99 31 ]
[ 68 12 83 65 89 44 82 76 39 28 78 47 2 45 22 52 84 61 49 35 10 56 18 40 38 91 49 36 24 48 20 92 12 3 9 1 48 91 30 87 72 8 34 26 5 9 78 89 70 79 ]
[ 76 32 87 94 72 26 37 73 14 61 21 34 6 85 90 15 86 38 59 16 25 31 76 12 57 33 21 87 22 91 66 98 75 5 44 99 83 81 72 98 95 45 84 1 30 74 68 16 64 27 ]
[ 85 90 10 13 54 67 47 75 6 69 18 72 20 93 30 64 92 13 46 16 11 93 61 48 94 43 74 14 11 39 94 96 81 4 62 35 72 61 62 30 82 32 55 2 25 85 19 69 98 65 ]
[ 37 62 10 50 10 56 93 36 70 4 27 64 53 8 69 15 95 93 28 9 23 10 41 30 13 18 15 84 39 14 49 76 76 11 26 38 67 19 74 37 24 2 54 29 62 75 96 10 20 24 ]
[ 19 95 86 13 26 51 31 41 35 71 55 36 47 83 47 26 21 14 97 48 4 21 2 10 2 16 85 98 78 5 74 98 52 61 63 78 12 94 72 48 17 79 84 17 63 32 43 36 98 40 ]
[ 36 2 14 38 12 16 7 49 67 85 6 41 35 59 2 98 89 67 45 61 15 62 41 99 79 56 83 22 92 82 15 29 36 29 19 1 97 26 2 64 64 9 58 99 20 12 98 61 79 95 ]
[ 23 94 57 16 46 37 72 81 11 16 63 26 97 52 7 17 5 57 95 7 21 59 16 31 11 88 44 61 50 75 56 25 70 13 41 68 2 65 49 66 33 65 92 31 69 52 0 74 9 95 ]
[ 81 82 7 50 66 18 90 10 31 40 85 87 17 7 52 58 27 55 75 29 21 9 94 65 40 15 69 40 89 30 87 22 13 46 72 79 16 63 41 47 55 78 86 73 86 39 83 13 94 59 ]
[ 94 67 20 88 84 60 55 54 52 44 84 91 67 49 38 91 80 6 6 21 54 62 0 40 35 38 31 18 3 77 29 98 44 49 38 81 61 94 35 65 90 71 57 57 73 47 1 53 53 7 ]
[ 75 59 69 27 0 56 17 31 27 20 9 56 70 5 58 9 86 19 3 73 85 93 97 94 3 70 41 4 23 94 63 50 54 33 29 6 41 46 89 68 19 50 77 89 56 35 98 94 54 53 ]
[ 20 91 99 17 85 2 39 78 58 14 73 21 65 79 6 46 37 48 45 26 68 64 29 45 53 85 80 4 31 87 57 51 78 8 20 16 62 59 94 20 74 19 94 91 98 52 37 87 0 34 ]
[ 66 69 98 95 66 4 32 47 8 63 34 17 67 12 26 87 28 88 47 75 61 73 94 7 64 45 59 53 32 12 88 50 33 86 45 99 90 29 46 50 93 32 68 12 97 46 99 25 86 98 ]
[ 52 99 71 47 58 87 92 18 41 76 82 81 27 15 19 24 66 62 54 65 12 99 97 32 11 94 30 62 72 69 61 24 68 84 23 27 72 15 97 65 92 79 46 71 46 65 95 64 27 49 ]
[ 29 92 48 79 24 11 73 7 74 97 76 87 74 44 71 97 23 43 13 72 8 57 51 6 28 49 72 75 14 51 77 43 43 25 22 20 89 48 79 63 45 55 50 71 51 73 69 27 17 34 ]
[ 99 77 91 51 84 71 52 8 46 66 11 75 62 7 1 36 79 42 84 58 5 82 13 7 53 16 80 74 43 49 8 43 79 99 46 63 22 98 23 21 17 86 96 79 93 49 15 72 91 52 ]
[ 82 48 86 95 7 91 64 40 66 7 89 74 50 68 26 48 83 0 99 58 21 16 45 70 95 90 71 62 15 63 66 97 63 52 45 23 96 9 63 62 16 52 88 19 73 66 19 56 67 18 ]

Running insertion sort algorithm: 
Timer (sort): 108412ms real	108420ms user	0ms sys
The output is sorted!
[ 10 33 7 42 3 29 16 82 47 6 2 19 37 17 26 25 17 5 3 14 22 62 59 13 27 1 43 92 43 20 20 53 5 27 47 8 8 15 42 55 73 45 74 10 14 0 87 31 5 91 ]
[ 35 12 61 23 13 60 64 54 50 6 0 26 91 53 21 24 9 79 92 17 28 5 13 25 52 53 45 20 25 23 2 60 35 63 35 0 23 0 6 25 6 6 52 49 60 73 25 69 4 17 ]
[ 3 50 2 29 1 93 83 76 12 14 52 27 26 10 66 14 22 10 58 57 2 66 26 34 51 72 3 7 17 1 8 20 3 10 1 56 56 85 32 20 51 36 48 29 98 14 43 72 24 2 ]
[ 3 28 55 45 35 14 32 6 32 25 43 47 1 72 15 43 27 21 8 29 50 35 59 49 37 74 31 66 7 87 82 10 15 37 7 3 3 91 61 88 17 4 35 18 28 3 13 56 24 22 ]
[ 26 3 60 23 13 37 14 47 1 42 11 98 89 34 39 40 32 21 78 1 51 17 45 13 32 10 77 27 11 87 99 38 43 11 13 8 48 79 55 50 21 19 0 10 5 40 2 37 13 33 ]
[ 8 42 95 20 14 68 17 1 40 9 78 81 76 13 94 15 6 35 35 23 89 8 5 48 24 14 19 79 3 23 24 12 17 19 32 31 39 2 32 32 11 10 65 39 75 59 6 34 46 42 ]
[ 49 22 95 2 9 6 68 25 26 44 2 2 32 24 58 75 53 67 3 3 15 60 45 5 26 38 47 47 34 23 24 36 45 19 38 55 25 6 32 4 3 34 58 87 59 17 62 64 36 17 ]
[ 66 68 70 51 8 24 28 22 24 87 45 35 70 48 56 15 12 26 50 96 21 18 0 34 46 26 67 32 51 53 1 17 21 24 21 82 0 49 4 24 36 2 11 7 2 19 74 15 45 24 ]
[ 28 38 43 54 58 38 42 3 13 53 5 33 8 7 82 92 16 24 21 15 4 10 35 29 44 0 54 31 85 16 34 14 54 29 68 64 20 62 68 33 15 73 19 75 32 1 20 1 25 41 ]
[ 23 23 19 4 8 61 79 61 35 28 67 8 13 17 53 15 54 7 2 67 64 95 34 1 38 7 35 43 88 44 90 11 67 9 16 28 70 47 41 5 28 8 66 41 25 19 8 32 26 10 ]
[ 85 40 76 41 62 24 17 90 42 19 31 43 28 78 39 15 7 31 66 16 61 57 50 2 56 16 12 3 62 10 43 0 3 19 41 17 43 10 7 37 29 38 32 9 68 23 24 27 55 43 ]
[ 58 88 12 9 7 53 50 39 11 15 8 12 88 13 7 38 24 20 6 36 13 22 3 30 8 26 76 48 9 34 4 19 22 69 28 30 22 31 21 85 46 29 97 35 94 56 73 19 76 31 ]
[ 58 23 38 35 19 29 26 26 79 3 57 46 32 6 37 97 38 15 75 25 1 31 19 26 92 74 36 0 39 29 12 49 52 2 37 24 32 15 50 11 19 60 10 51 18 99 0 56 14 28 ]
[ 17 8 61 15 91 22 59 12 42 18 23 77 1 32 0 69 36 29 92 4 3 54 49 6 14 15 88 13 17 7 72 34 15 33 2 58 8 61 22 50 31 45 27 33 30 79 54 18 8 98 ]
[ 16 76 36 0 35 12 3 15 24 14 18 52 52 30 78 22 16 37 17 14 63 5 26 87 45 75 6 5 92 63 19 60 39 7 60 27 19 15 42 43 29 61 47 34 43 25 56 59 15 25 ]
[ 37 3 19 17 38 94 3 69 96 42 59 50 23 32 2 7 25 3 68 2 11 35 26 52 20 3 30 16 27 73 44 16 76 16 86 14 10 89 35 58 31 94 8 7 27 10 14 52 66 34 ]
[ 96 9 51 3 41 14 33 73 84 14 67 0 76 1 63 59 36 1 17 61 33 5 60 15 78 71 73 18 21 26 46 69 36 49 25 29 63 10 2 0 24 21 0 53 22 63 12 10 16 29 ]
[ 2 49 41 24 73 5 4 67 14 37 19 37 37 21 1 16 61 93 49 45 93 6 89 14 86 22 77 15 76 49 5 31 50 99 7 24 4 12 43 19 1 14 56 38 35 9 6 48 2 55 ]
[ 18 91 64 7 29 57 65 22 17 29 10 3 1 99 8 36 33 92 10 20 48 36 83 0 55 48 59 4 34 60 22 4 4 39 12 33 48 77 8 65 6 18 20 59 17 80 47 3 24 58 ]
[ 5 79 22 17 63 35 17 16 91 58 17 35 22 8 81 68 76 4 10 3 10 72 21 4 64 39 23 99 64 70 31 22 1 54 39 64 41 8 33 33 66 2 20 40 11 1 9 39 57 19 ]

